instanceName: bier127
n: 127
optFit: 118282

genTime, gen, eliteFit, percentError:
0.0001799000019673258, 0, 579012.0, 389.518
0.00778359999821987, 1, 122690.0, 3.727
0.006968400004552677, 2, 120161.0, 1.589
0.004840099994908087, 3, 119841.0, 1.318
0.006692299997666851, 4, 119342.0, 0.896
0.004131900001084432, 5, 119079.0, 0.674
0.0038078999932622537, 6, 118957.0, 0.571
0.0061144999926909804, 7, 118957.0, 0.571
0.0052687999996123835, 8, 118822.0, 0.457
0.004449000000022352, 9, 118790.0, 0.429
0.003630400009569712, 10, 118719.0, 0.369
0.0037601999938488007, 11, 118719.0, 0.369
0.002688799999305047, 12, 118719.0, 0.369
0.003049999999348074, 13, 118687.0, 0.342
0.003144300004350953, 14, 118687.0, 0.342
0.002825699993991293, 15, 118687.0, 0.342
0.002677700002095662, 16, 118656.0, 0.316
0.0029638999985763803, 17, 118656.0, 0.316
0.002363599996897392, 18, 118656.0, 0.316
0.003359399997862056, 19, 118656.0, 0.316
0.0017656999989412725, 20, 118656.0, 0.316
0.0015911999944364652, 21, 118656.0, 0.316
0.002071399998385459, 22, 118656.0, 0.316
0.0015433000080520287, 23, 118656.0, 0.316
0.0016786000051070005, 24, 118656.0, 0.316
0.0016401000029873103, 25, 118656.0, 0.316
0.0019773999956669286, 26, 118656.0, 0.316
0.002160599993658252, 27, 118656.0, 0.316
0.002054700002190657, 28, 118656.0, 0.316
0.002101400008541532, 29, 118656.0, 0.316
0.0021164000063436106, 30, 118656.0, 0.316
0.0019361000013304874, 31, 118656.0, 0.316
0.001368000012007542, 32, 118656.0, 0.316
0.0018106000061379746, 33, 118656.0, 0.316
0.0020419999927980825, 34, 118656.0, 0.316
0.0015668000123696402, 35, 118656.0, 0.316
0.001594500005012378, 36, 118656.0, 0.316
0.0024007000029087067, 37, 118656.0, 0.316
0.0017147000035038218, 38, 118656.0, 0.316
0.0017702999903121963, 39, 118656.0, 0.316
0.0020345999946584925, 40, 118656.0, 0.316
0.0014240000018617138, 41, 118656.0, 0.316
0.0013784000038867816, 42, 118656.0, 0.316
0.0022720000124536455, 43, 118656.0, 0.316
0.0014435999910347164, 44, 118656.0, 0.316
0.0013935000024503097, 45, 118656.0, 0.316
0.002436100010527298, 46, 118656.0, 0.316
0.0016475000011269003, 47, 118656.0, 0.316
0.0013111000007484108, 48, 118656.0, 0.316
0.002165700003388338, 49, 118656.0, 0.316
0.00161419999494683, 50, 118656.0, 0.316
0.0015182999923126772, 51, 118656.0, 0.316
0.0022163000103319064, 52, 118656.0, 0.316
0.001483400003053248, 53, 118656.0, 0.316
0.001354500011075288, 54, 118656.0, 0.316
0.0019240999972680584, 55, 118656.0, 0.316
0.0017971999914152548, 56, 118656.0, 0.316
0.0013552000018535182, 57, 118656.0, 0.316
0.0016108999989228323, 58, 118656.0, 0.316
0.002137499992386438, 59, 118656.0, 0.316
0.0014519999967887998, 60, 118656.0, 0.316
0.0013962999946670607, 61, 118656.0, 0.316
0.0021948000066913664, 62, 118656.0, 0.316
0.0015400999982375652, 63, 118656.0, 0.316
0.0015678000054322183, 64, 118656.0, 0.316
0.002179999995860271, 65, 118656.0, 0.316
0.0015242999943438917, 66, 118656.0, 0.316

tour:
[ 77 116  83  80 125  81  82 100 101  62 118  95 108  87  86  85  84 109
 103 124  88  91  98  64 112  65  54  46  48  52  47 117  45  93 111 110
 106 126  92  94 122  96  97  31  28  27 121  32  24  25  37  38  41  33
  42  29  40  35  36  34  39  43 102  44  53  56  55 123  51   4 120  50
   1  49 114  12 119   9  99  63  57  90  60  61  58  59 115  89   2   8
  10 113 104   6   0  15  13  11  30  26  79  78  76  17  20  16  19 107
  14 105   5  23  22   3  21  18  71   7  66  72  73  67  70  69  68  74
  75]

eliteFit: 118656.0
percentError: 0.31619350366074295
computationTime: 0.198s