instanceName: kroA200
n: 200
optFit: 29368

genTime, gen, eliteFit, percentError:
0.00019770000653807074, 0, 307087.0, 945.652
0.02141000000119675, 1, 30364.0, 3.391
0.01232190000882838, 2, 29894.0, 1.791
0.012382399989292026, 3, 29894.0, 1.791
0.010973500000545755, 4, 29841.0, 1.611
0.011512199998833239, 5, 29651.0, 0.964
0.010297599990735762, 6, 29638.0, 0.919
0.008837100001983345, 7, 29638.0, 0.919
0.005592999994405545, 8, 29622.0, 0.865
0.0061378999962471426, 9, 29622.0, 0.865
0.005224399996222928, 10, 29622.0, 0.865
0.0038327999936882406, 11, 29622.0, 0.865
0.004163899997365661, 12, 29622.0, 0.865
0.003832000002148561, 13, 29622.0, 0.865
0.0035171000054106116, 14, 29622.0, 0.865
0.004137700001592748, 15, 29622.0, 0.865
0.0040539000037824735, 16, 29622.0, 0.865
0.0038693999958923087, 17, 29622.0, 0.865
0.003479300008621067, 18, 29622.0, 0.865
0.0035693999961949885, 19, 29555.0, 0.637
0.004783600001246668, 20, 29555.0, 0.637
0.004801999995834194, 21, 29555.0, 0.637
0.0046679999941261485, 22, 29555.0, 0.637
0.0034632000024430454, 23, 29555.0, 0.637
0.004346100002294406, 24, 29555.0, 0.637
0.0033555999980308115, 25, 29555.0, 0.637
0.004039299994474277, 26, 29555.0, 0.637
0.0039843999984441325, 27, 29555.0, 0.637
0.0032931999885477126, 28, 29555.0, 0.637
0.0038182999996934086, 29, 29555.0, 0.637
0.0034032000112347305, 30, 29555.0, 0.637
0.004426800005603582, 31, 29555.0, 0.637
0.003214199998183176, 32, 29555.0, 0.637
0.003616900008637458, 33, 29555.0, 0.637
0.005285199993522838, 34, 29555.0, 0.637
0.0034545999951660633, 35, 29555.0, 0.637
0.003391999998711981, 36, 29555.0, 0.637
0.004551299993181601, 37, 29555.0, 0.637
0.003971700003603473, 38, 29454.0, 0.293
0.004336900005000643, 39, 29454.0, 0.293
0.0046494999987771735, 40, 29454.0, 0.293
0.00400400000216905, 41, 29454.0, 0.293
0.0035197999968659133, 42, 29454.0, 0.293
0.0039161000022431836, 43, 29454.0, 0.293
0.0036592999967979267, 44, 29454.0, 0.293
0.00426179998612497, 45, 29452.0, 0.286
0.005906700011109933, 46, 29452.0, 0.286
0.004749799991259351, 47, 29452.0, 0.286
0.0054758000042056665, 48, 29452.0, 0.286
0.008303499998874031, 49, 29452.0, 0.286
0.00785629999882076, 50, 29452.0, 0.286
0.010769499989692122, 51, 29442.0, 0.252
0.00624940000125207, 52, 29442.0, 0.252
0.006621699998504482, 53, 29442.0, 0.252
0.010928099989541806, 54, 29442.0, 0.252
0.008792799999355339, 55, 29442.0, 0.252
0.00780950000626035, 56, 29442.0, 0.252
0.005079700000351295, 57, 29442.0, 0.252
0.004291999997803941, 58, 29442.0, 0.252
0.00494339999568183, 59, 29442.0, 0.252
0.004864200003794394, 60, 29442.0, 0.252
0.0049307000008411705, 61, 29442.0, 0.252
0.004810100013855845, 62, 29442.0, 0.252
0.0041342000040458515, 63, 29442.0, 0.252
0.004108799999812618, 64, 29440.0, 0.245
0.004223999989335425, 65, 29440.0, 0.245
0.005392899998696521, 66, 29440.0, 0.245
0.004260799993062392, 67, 29440.0, 0.245
0.005113399995025247, 68, 29440.0, 0.245
0.004942200001096353, 69, 29440.0, 0.245
0.005903700002818368, 70, 29440.0, 0.245
0.0052177000034134835, 71, 29440.0, 0.245
0.005585799997788854, 72, 29440.0, 0.245
0.005454999991343357, 73, 29440.0, 0.245
0.00535160000436008, 74, 29440.0, 0.245
0.004162900004303083, 75, 29440.0, 0.245
0.003903999997419305, 76, 29440.0, 0.245
0.004159999996772967, 77, 29440.0, 0.245
0.00436930000432767, 78, 29440.0, 0.245
0.003586499995435588, 79, 29440.0, 0.245
0.0033235000009881333, 80, 29440.0, 0.245
0.003690500001539476, 81, 29440.0, 0.245
0.0035979999956907704, 82, 29440.0, 0.245
0.003858399999444373, 83, 29440.0, 0.245
0.003850399996736087, 84, 29440.0, 0.245
0.0034970999986398965, 85, 29440.0, 0.245
0.005357799993362278, 86, 29440.0, 0.245
0.0039524000021629035, 87, 29440.0, 0.245
0.0036860000109300017, 88, 29440.0, 0.245
0.004262000002199784, 89, 29440.0, 0.245
0.0038538999942829832, 90, 29440.0, 0.245
0.0031999000057112426, 91, 29440.0, 0.245
0.0035528000007616356, 92, 29440.0, 0.245
0.004570999997667968, 93, 29440.0, 0.245
0.004039900013594888, 94, 29440.0, 0.245
0.004064900000230409, 95, 29440.0, 0.245
0.004092499992111698, 96, 29440.0, 0.245
0.004231200000504032, 97, 29440.0, 0.245
0.0034989999985555187, 98, 29440.0, 0.245
0.0035457000049063936, 99, 29440.0, 0.245
0.004625100002158433, 100, 29440.0, 0.245
0.003202899999450892, 101, 29440.0, 0.245
0.0038788999954704195, 102, 29440.0, 0.245
0.004544800001895055, 103, 29440.0, 0.245
0.003867600011290051, 104, 29440.0, 0.245
0.004182799995760433, 105, 29440.0, 0.245
0.004000000000814907, 106, 29440.0, 0.245
0.004535100000794046, 107, 29440.0, 0.245
0.004400900012115017, 108, 29440.0, 0.245
0.00413000000116881, 109, 29440.0, 0.245
0.004786000004969537, 110, 29440.0, 0.245
0.0037683000118704513, 111, 29440.0, 0.245
0.0062101999938022345, 112, 29440.0, 0.245
0.004716099996585399, 113, 29440.0, 0.245
0.004189500003121793, 114, 29440.0, 0.245

tour:
[188 130 179 141  68 107  13 191  59 100   3 162  92 105 148 189  48  17
 109  28 183  36 178 152  65 118  18  98  91   9 174  35  56  73  99 155
  32  44 196  80  96 103 164 125  86  95 165  47  83  10  51 169 121 115
 187  43  62 193  50  15 117 123 137   8  77  81   6 198  25  60 135  31
  23 158 173 120 171  45  11 146  39 131 110 116 114  52   0  84 144 190
  26 197 122  14  12  78 159 161  63  19  54  41 134 185 126 111 119  46
  30  66 176  64 150 186 156 106 108   5  53  74 182 154   7  21 133 128
 145 102 142  16  24  89  33  57 140 170 199  97 113  87 147  27  38  37
  70 129  71  82  61 184 167  49 138  85 195  55 151 177   4 104  42 136
 132 175 112 194 181  93  94  90 149 172  22 143  69  75 101 153  20 139
 163  29  67 168  34   1 180 124 160  79  76 157 192 127 166  40  88  58
   2  72]

eliteFit: 29440.0
percentError: 0.2451648052301825
computationTime: 0.638s