instanceName: kroA200
n: 200
optFit: 29368

genTime, gen, eliteFit, percentError:
0.00024110000231303275, 0, 309652.0, 954.386
0.024139700006344356, 1, 30406.0, 3.534
0.011290399997960776, 2, 30406.0, 3.534
0.011462900001788512, 3, 30089.0, 2.455
0.012789800006430596, 4, 29922.0, 1.886
0.011036399999284185, 5, 29922.0, 1.886
0.011580000005778857, 6, 29863.0, 1.686
0.011501799992402084, 7, 29687.0, 1.086
0.01320339999801945, 8, 29687.0, 1.086
0.011912000001757406, 9, 29594.0, 0.770
0.009310000008554198, 10, 29582.0, 0.729
0.008807699996395968, 11, 29523.0, 0.528
0.009590599991497584, 12, 29508.0, 0.477
0.006858599997940473, 13, 29501.0, 0.453
0.004312700009904802, 14, 29472.0, 0.354
0.004542599999695085, 15, 29472.0, 0.354
0.003221899998607114, 16, 29472.0, 0.354
0.004116299998713657, 17, 29472.0, 0.354
0.0035910000005969778, 18, 29472.0, 0.354
0.003835700001218356, 19, 29472.0, 0.354
0.004306899994844571, 20, 29472.0, 0.354
0.003456899998127483, 21, 29472.0, 0.354
0.0040891999960877, 22, 29446.0, 0.266
0.004324199995608069, 23, 29446.0, 0.266
0.0039102999871829525, 24, 29446.0, 0.266
0.004014000005554408, 25, 29446.0, 0.266
0.003616099987993948, 26, 29446.0, 0.266
0.003378499997779727, 27, 29446.0, 0.266
0.004204299999400973, 28, 29420.0, 0.177
0.0037426000053528696, 29, 29420.0, 0.177
0.004356799996457994, 30, 29420.0, 0.177
0.004560300003504381, 31, 29420.0, 0.177
0.0036650000110967085, 32, 29420.0, 0.177
0.0034887999936472625, 33, 29420.0, 0.177
0.005032499990193173, 34, 29420.0, 0.177
0.004808699988643639, 35, 29420.0, 0.177
0.003406499992706813, 36, 29420.0, 0.177
0.004674600000726059, 37, 29420.0, 0.177
0.0036542000016197562, 38, 29420.0, 0.177
0.003881500000716187, 39, 29420.0, 0.177
0.0038228999910643324, 40, 29420.0, 0.177
0.005602799996268004, 41, 29420.0, 0.177
0.005143600006704219, 42, 29420.0, 0.177
0.004012100005638786, 43, 29420.0, 0.177
0.0036520000139717013, 44, 29420.0, 0.177
0.00350399999297224, 45, 29420.0, 0.177
0.004487400001380593, 46, 29420.0, 0.177
0.0045624999911524355, 47, 29420.0, 0.177
0.004136200004722923, 48, 29420.0, 0.177
0.003724900001543574, 49, 29420.0, 0.177
0.003833100010524504, 50, 29420.0, 0.177
0.0057201000017812476, 51, 29420.0, 0.177
0.0034604999964358285, 52, 29420.0, 0.177
0.00393959999200888, 53, 29420.0, 0.177
0.0037339999980758876, 54, 29420.0, 0.177
0.0037647999997716397, 55, 29420.0, 0.177
0.0039625000063097104, 56, 29420.0, 0.177
0.003384999989066273, 57, 29420.0, 0.177
0.005220100007136352, 58, 29420.0, 0.177
0.005062099997303449, 59, 29420.0, 0.177
0.0036708999978145584, 60, 29420.0, 0.177
0.004022199995233677, 61, 29420.0, 0.177
0.005596199989668094, 62, 29420.0, 0.177
0.003874400004860945, 63, 29420.0, 0.177
0.0060978000110480934, 64, 29420.0, 0.177
0.004048500006319955, 65, 29420.0, 0.177
0.0038163999997777864, 66, 29420.0, 0.177
0.003569499996956438, 67, 29420.0, 0.177
0.004954199990606867, 68, 29420.0, 0.177
0.0040388000052189454, 69, 29420.0, 0.177
0.003673800005344674, 70, 29420.0, 0.177
0.003941400005714968, 71, 29420.0, 0.177
0.0038467999984277412, 72, 29420.0, 0.177
0.004893599994829856, 73, 29420.0, 0.177
0.0049143999931402504, 74, 29420.0, 0.177
0.004661399987526238, 75, 29420.0, 0.177
0.00380330000189133, 76, 29420.0, 0.177
0.006090599999879487, 77, 29420.0, 0.177
0.0033915000094566494, 78, 29420.0, 0.177

tour:
[ 79  76 157 192 127 166  29  67 168  34   1 180 124 160 150 186 156 106
 108   5  53  74 182 154   7  21 133 128 145 102 142  16  24  89  33  57
 140 170 199  97 113  87 147  27  38 129  70  37  55 151 177 195   4 104
  42 136 132 175 112 194 181  75  69 101 143 149  90  93  94  85 138  49
  71  82  61 184 167 172  22 163 139  20 153  88  40  58   2  72 188 130
 179 141  68 107  13 191  59 100   3 162  92 105 148 189  48  17 109  28
 183  36 178 152  65 118  18  98  91   9 174  35  56  73  99 155  32  44
 196  80  96 103 164 125  86  95 165  47  83  10  51 169 121 115  43 187
 193  50  62  15 117 123 137   8  77  81   6 198  25  60 135  31  23 158
 173 120 171  45  11 146  39 131 110 116 114  52   0  84 144 190  26 197
 122  14  12  78 159 161  63  19  54  41 134 185 126 111 119  46  30  66
 176  64]

eliteFit: 29420.0
percentError: 0.1770634704440207
computationTime: 0.466s