instanceName: kroA200
n: 200
optFit: 29368

genTime, gen, eliteFit, percentError:
0.00018360000103712082, 0, 309974.0, 955.482
0.020967400007066317, 1, 30573.0, 4.103
0.011893399991095066, 2, 30058.0, 2.349
0.01155510000535287, 3, 29834.0, 1.587
0.011224500005482696, 4, 29834.0, 1.587
0.011232300006668083, 5, 29795.0, 1.454
0.012229899992235005, 6, 29587.0, 0.746
0.010032699996372685, 7, 29587.0, 0.746
0.009408700003405102, 8, 29587.0, 0.746
0.009359000003314577, 9, 29580.0, 0.722
0.00964380000368692, 10, 29564.0, 0.667
0.009856000004219823, 11, 29546.0, 0.606
0.009280400001443923, 12, 29546.0, 0.606
0.00739540001086425, 13, 29532.0, 0.558
0.007989799996721558, 14, 29532.0, 0.558
0.006989399989834055, 15, 29532.0, 0.558
0.004514800006290898, 16, 29532.0, 0.558
0.003998400003183633, 17, 29532.0, 0.558
0.003285600003437139, 18, 29532.0, 0.558
0.0046639999927720055, 19, 29532.0, 0.558
0.004052000003866851, 20, 29532.0, 0.558
0.003649599995696917, 21, 29532.0, 0.558
0.0047811999975237995, 22, 29532.0, 0.558
0.006091099989134818, 23, 29532.0, 0.558
0.004884599999058992, 24, 29532.0, 0.558
0.003955399995902553, 25, 29532.0, 0.558
0.003826799991657026, 26, 29532.0, 0.558
0.004158299998380244, 27, 29532.0, 0.558
0.004251599995768629, 28, 29532.0, 0.558
0.0040250000020023435, 29, 29532.0, 0.558
0.003920300005120225, 30, 29532.0, 0.558
0.0037376000109361485, 31, 29532.0, 0.558
0.0038157999952090904, 32, 29532.0, 0.558
0.003879600000800565, 33, 29531.0, 0.555
0.004996300005586818, 34, 29531.0, 0.555
0.0036222000053385273, 35, 29531.0, 0.555
0.0038271999947028235, 36, 29531.0, 0.555
0.003265899998950772, 37, 29531.0, 0.555
0.003801500002737157, 38, 29531.0, 0.555
0.003393500010133721, 39, 29531.0, 0.555
0.004349499999079853, 40, 29531.0, 0.555
0.00400999998964835, 41, 29531.0, 0.555
0.003334500011987984, 42, 29531.0, 0.555
0.004821700000320561, 43, 29531.0, 0.555
0.004198399998131208, 44, 29531.0, 0.555
0.0044901999935973436, 45, 29498.0, 0.443
0.004642999992938712, 46, 29498.0, 0.443
0.005185399990295991, 47, 29498.0, 0.443
0.005479100000229664, 48, 29498.0, 0.443
0.005314499998348765, 49, 29498.0, 0.443
0.006133999995654449, 50, 29498.0, 0.443
0.008008999997400679, 51, 29498.0, 0.443
0.004547799995634705, 52, 29498.0, 0.443
0.0033568000071682036, 53, 29498.0, 0.443
0.00382030000037048, 54, 29498.0, 0.443
0.004043199995066971, 55, 29498.0, 0.443
0.0043012000096496195, 56, 29498.0, 0.443
0.003493299998808652, 57, 29498.0, 0.443
0.0038191999919945374, 58, 29498.0, 0.443
0.00407739999354817, 59, 29498.0, 0.443
0.0035352000122657046, 60, 29498.0, 0.443
0.0036411000037332997, 61, 29498.0, 0.443
0.004070999988471158, 62, 29498.0, 0.443
0.0037029999948572367, 63, 29482.0, 0.388
0.004365000000689179, 64, 29482.0, 0.388
0.0056034000008367, 65, 29482.0, 0.388
0.006745499995304272, 66, 29482.0, 0.388
0.004173499997705221, 67, 29482.0, 0.388
0.0033029000042006373, 68, 29482.0, 0.388
0.003740000000107102, 69, 29482.0, 0.388
0.003544299994246103, 70, 29482.0, 0.388
0.004260899993823841, 71, 29482.0, 0.388
0.004217999987304211, 72, 29482.0, 0.388
0.003544399995007552, 73, 29475.0, 0.364
0.004460700001800433, 74, 29475.0, 0.364
0.0036649999965447932, 75, 29475.0, 0.364
0.003960499991080724, 76, 29475.0, 0.364
0.004298400002880953, 77, 29475.0, 0.364
0.003414100006921217, 78, 29475.0, 0.364
0.003935899992939085, 79, 29408.0, 0.136
0.0048712999996496364, 80, 29408.0, 0.136
0.0045412000035867095, 81, 29408.0, 0.136
0.006494900007965043, 82, 29382.0, 0.048
0.006370499992044643, 83, 29382.0, 0.048
0.007387599995126948, 84, 29382.0, 0.048
0.0040505000069970265, 85, 29382.0, 0.048
0.004075999997439794, 86, 29382.0, 0.048
0.004283199989004061, 87, 29382.0, 0.048
0.0036109000066062436, 88, 29382.0, 0.048
0.004171900000073947, 89, 29382.0, 0.048
0.003942600000300445, 90, 29382.0, 0.048
0.004095500000403263, 91, 29382.0, 0.048
0.003951599996071309, 92, 29382.0, 0.048
0.003925199998775497, 93, 29382.0, 0.048
0.0034657000069273636, 94, 29382.0, 0.048
0.0040428000065730885, 95, 29382.0, 0.048
0.004075000004377216, 96, 29382.0, 0.048
0.00401370000327006, 97, 29382.0, 0.048
0.004135800001677126, 98, 29382.0, 0.048
0.003412699996260926, 99, 29382.0, 0.048
0.004143900005146861, 100, 29382.0, 0.048
0.003694099999847822, 101, 29382.0, 0.048
0.0036250999983167276, 102, 29382.0, 0.048
0.004369000002043322, 103, 29382.0, 0.048
0.004302999994251877, 104, 29382.0, 0.048
0.003314800007501617, 105, 29382.0, 0.048
0.004161300006671809, 106, 29382.0, 0.048
0.003255799994803965, 107, 29382.0, 0.048
0.004436400005943142, 108, 29382.0, 0.048
0.00454479998734314, 109, 29382.0, 0.048
0.00508859999536071, 110, 29382.0, 0.048
0.0033915999956661835, 111, 29382.0, 0.048
0.004329200004576705, 112, 29382.0, 0.048
0.003811699993093498, 113, 29382.0, 0.048
0.0037866999919060618, 114, 29382.0, 0.048
0.0040926999936345965, 115, 29382.0, 0.048
0.0033250000124098733, 116, 29382.0, 0.048
0.0043012000096496195, 117, 29382.0, 0.048
0.0038376000011339784, 118, 29382.0, 0.048
0.0041486000118311495, 119, 29382.0, 0.048
0.004042000000481494, 120, 29382.0, 0.048
0.00393140000232961, 121, 29382.0, 0.048
0.003768599999602884, 122, 29382.0, 0.048
0.004311600001528859, 123, 29382.0, 0.048
0.003774700002395548, 124, 29382.0, 0.048
0.004126700005144812, 125, 29382.0, 0.048
0.0040059999882942066, 126, 29382.0, 0.048
0.003579399999580346, 127, 29382.0, 0.048
0.0038314999983413145, 128, 29382.0, 0.048
0.003993100006482564, 129, 29382.0, 0.048
0.004122699989238754, 130, 29382.0, 0.048
0.003632899999502115, 131, 29382.0, 0.048
0.0037850999942747876, 132, 29382.0, 0.048

tour:
[121 169  47  83  10  51  86 125  95 165 164 103  96  80 196  44  32 155
  99  73  56  35 174   9  91  98  18 118  65 152 178  36 183  28 109  17
  48 189 148 105  92 162   3 100  59 191  13 107  68 141 179 130 188  72
   2  58  40  88 153  20 139 163  22 172 167 184  61  82  71  49 138  85
  94  93  90 149 143 101  69  75 181 194 112 175 132 136  42 104   4 195
 177 151  55  37  70 129  38  27 147  87 113  97 199 170 140  57  33  89
  24  16 142 102 145 128 133  21   7 154 182  74  53   5 108 106 156 186
 150 160 124 180   1  34 168  67  29 166 127 192 157  76  79  64 176  66
  30  46 119 111 126 185 134  41  54  19  63 161 159  78  12  14 122 197
  26 190 144  84   0  52 114 116 110 131  39 146  11  45 171 120 173 158
  23  31 135  60  25 198   6  81  77   8 137 123 117  15  50 193  62  43
 187 115]

eliteFit: 29382.0
percentError: 0.04767093435031326
computationTime: 0.718s