instanceName: kroA200
n: 200
optFit: 29368

genTime, gen, eliteFit, percentError:
0.00020429999858606607, 0, 309354.0, 953.371
0.020218299992848188, 1, 30907.0, 5.240
0.014562199998181313, 2, 30198.0, 2.826
0.011193700003786944, 3, 30198.0, 2.826
0.013971899999887682, 4, 29970.0, 2.050
0.010057499996037222, 5, 29880.0, 1.743
0.01239289999648463, 6, 29811.0, 1.508
0.008757100004004315, 7, 29808.0, 1.498
0.007983500006957911, 8, 29792.0, 1.444
0.006441100005758926, 9, 29787.0, 1.427
0.005442800000309944, 10, 29772.0, 1.376
0.005180200008908287, 11, 29745.0, 1.284
0.005729500000597909, 12, 29643.0, 0.936
0.0059188000013818964, 13, 29643.0, 0.936
0.006601999994018115, 14, 29628.0, 0.885
0.007351100008236244, 15, 29550.0, 0.620
0.005914299996220507, 16, 29550.0, 0.620
0.006336199992801994, 17, 29550.0, 0.620
0.005940000002738088, 18, 29550.0, 0.620
0.004229500002111308, 19, 29550.0, 0.620
0.0038169999897945672, 20, 29550.0, 0.620
0.004216400004224852, 21, 29538.0, 0.579
0.0036082000005990267, 22, 29538.0, 0.579
0.0042471000051591545, 23, 29538.0, 0.579
0.0036425999860512093, 24, 29538.0, 0.579
0.004127899999730289, 25, 29538.0, 0.579
0.004465399993932806, 26, 29538.0, 0.579
0.003726700000697747, 27, 29538.0, 0.579
0.004639299993868917, 28, 29538.0, 0.579
0.0042747999978018925, 29, 29538.0, 0.579
0.005942399991909042, 30, 29538.0, 0.579
0.004010999997262843, 31, 29538.0, 0.579
0.005171400000108406, 32, 29538.0, 0.579
0.0038209999911487103, 33, 29538.0, 0.579
0.0034094000002369285, 34, 29538.0, 0.579
0.00454189999436494, 35, 29538.0, 0.579
0.004474200002732687, 36, 29538.0, 0.579
0.0038807999953860417, 37, 29538.0, 0.579
0.004982300000847317, 38, 29538.0, 0.579
0.0038692999951308593, 39, 29538.0, 0.579
0.0035687000054167584, 40, 29538.0, 0.579
0.003915900000720285, 41, 29538.0, 0.579
0.003472999989753589, 42, 29538.0, 0.579
0.003819000005023554, 43, 29538.0, 0.579
0.004137199997785501, 44, 29538.0, 0.579
0.003421899993554689, 45, 29538.0, 0.579
0.003942600000300445, 46, 29538.0, 0.579
0.005124999996041879, 47, 29538.0, 0.579
0.005191800009924918, 48, 29538.0, 0.579
0.0044565999996848404, 49, 29538.0, 0.579
0.00447590000112541, 50, 29538.0, 0.579
0.004287200004910119, 51, 29538.0, 0.579
0.003808900000876747, 52, 29538.0, 0.579
0.003553200003807433, 53, 29538.0, 0.579
0.004546700001810677, 54, 29538.0, 0.579
0.003480900006252341, 55, 29538.0, 0.579
0.0045842999970773235, 56, 29538.0, 0.579
0.0039032000058796257, 57, 29538.0, 0.579
0.003508299996610731, 58, 29538.0, 0.579
0.004211599996779114, 59, 29538.0, 0.579
0.0038945999986026436, 60, 29538.0, 0.579
0.0038333999982569367, 61, 29538.0, 0.579
0.0038803000061307102, 62, 29538.0, 0.579
0.004170400003204122, 63, 29538.0, 0.579
0.0034451999963494018, 64, 29538.0, 0.579
0.0044707999913953245, 65, 29538.0, 0.579
0.0040926999936345965, 66, 29538.0, 0.579
0.004252099999575876, 67, 29538.0, 0.579
0.0040280999965034425, 68, 29538.0, 0.579
0.005338499991921708, 69, 29538.0, 0.579
0.0038663999876007438, 70, 29538.0, 0.579
0.00443000000086613, 71, 29538.0, 0.579

tour:
[125  86  95 165  47  83  10  51 169 121 115 187  43  62 193  50  15 117
 123 137   8  77  81   6 198  25  60 135  31  23 158 173 120 171  45  11
 146  39 131 110 116 114  52   0  84 144 190  26 197 122  14  12  78 159
 161  63  19  54  41 134 185 126 111 154 182  74 133  21   7  16  24 142
  89  33 102 145 128 113  97  57 140 170 199  87 147  27  38 129  70  37
  55 151 177 195   4 104  42 136 132 175 112 194 181  75  69 101 143 149
  90  93  94  85 138  49  71  82  61 184 167 172  22 163 139  20 153  88
  72   2  58  40  29  67 168  34   1 180 124 160 150 186  53   5 108 106
 156 119  46  30  66 176  64  79  76 157 166 127 192  59 100   3 162  92
 105 148 189  48  17 109  28 183  36 178 152  65 118  18  98  91   9 174
  13 191 107 141  68 188 130 179  73  56  35  99 155  32  44 196  80  96
 103 164]

eliteFit: 29538.0
percentError: 0.5788613456823754
computationTime: 0.418s