instanceName: kroA200
n: 200
optFit: 29368

genTime, gen, eliteFit, percentError:
0.00024510000366717577, 0, 303259.0, 932.617
0.020466800007852726, 1, 30541.0, 3.994
0.01150019999477081, 2, 30216.0, 2.887
0.011899999997694977, 3, 29798.0, 1.464
0.011058500007493421, 4, 29798.0, 1.464
0.010918100000708364, 5, 29786.0, 1.423
0.011573100011446513, 6, 29724.0, 1.212
0.014436099998420104, 7, 29668.0, 1.022
0.010699600010411814, 8, 29668.0, 1.022
0.01140760000271257, 9, 29619.0, 0.855
0.011630300010438077, 10, 29619.0, 0.855
0.008184799997252412, 11, 29529.0, 0.548
0.007766399998217821, 12, 29529.0, 0.548
0.006544499992742203, 13, 29457.0, 0.303
0.004342500003986061, 14, 29457.0, 0.303
0.004334700002800673, 15, 29457.0, 0.303
0.003791900002397597, 16, 29457.0, 0.303
0.003839700002572499, 17, 29457.0, 0.303
0.00415590000920929, 18, 29457.0, 0.303
0.0036281000066082925, 19, 29457.0, 0.303
0.003924099990399554, 20, 29457.0, 0.303
0.003790699993260205, 21, 29457.0, 0.303
0.003948600002331659, 22, 29457.0, 0.303
0.0035502999962773174, 23, 29457.0, 0.303
0.004243900009896606, 24, 29457.0, 0.303
0.0048020999965956435, 25, 29457.0, 0.303
0.005551299997023307, 26, 29457.0, 0.303
0.0044867000106023625, 27, 29457.0, 0.303
0.004112399998120964, 28, 29457.0, 0.303
0.00389740000537131, 29, 29457.0, 0.303
0.004305399997974746, 30, 29457.0, 0.303
0.004032299999380484, 31, 29457.0, 0.303
0.004101400001673028, 32, 29410.0, 0.143
0.003931799990823492, 33, 29410.0, 0.143
0.003478500002529472, 34, 29410.0, 0.143
0.004695800002082251, 35, 29410.0, 0.143
0.0045987999910721555, 36, 29410.0, 0.143
0.0034939999895868823, 37, 29410.0, 0.143
0.0038739999872632325, 38, 29410.0, 0.143
0.003896299996995367, 39, 29410.0, 0.143
0.0038569999887840822, 40, 29410.0, 0.143
0.003998600004706532, 41, 29410.0, 0.143
0.0036540000000968575, 42, 29410.0, 0.143
0.0044323000038275495, 43, 29410.0, 0.143
0.004555400009849109, 44, 29410.0, 0.143
0.004376299999421462, 45, 29410.0, 0.143
0.0035184000007575378, 46, 29410.0, 0.143
0.010654800003976561, 47, 29410.0, 0.143
0.013187299991841428, 48, 29410.0, 0.143
0.007416100008413196, 49, 29410.0, 0.143
0.005013399990275502, 50, 29410.0, 0.143
0.004323899993323721, 51, 29410.0, 0.143
0.0035884999961126596, 52, 29410.0, 0.143
0.004481600000872277, 53, 29410.0, 0.143
0.004404499995871447, 54, 29410.0, 0.143
0.003792899995460175, 55, 29410.0, 0.143
0.0039874999929452315, 56, 29410.0, 0.143
0.0038923000101931393, 57, 29410.0, 0.143
0.003975300001911819, 58, 29398.0, 0.102
0.00406999999540858, 59, 29398.0, 0.102
0.0038059999933466315, 60, 29398.0, 0.102
0.0036903000000165775, 61, 29398.0, 0.102
0.0039450000040233135, 62, 29398.0, 0.102
0.0033835999929578975, 63, 29398.0, 0.102
0.0042326000111643225, 64, 29398.0, 0.102
0.004313599987654015, 65, 29398.0, 0.102
0.0050359000015305355, 66, 29398.0, 0.102
0.004509499995037913, 67, 29398.0, 0.102
0.004646600005798973, 68, 29398.0, 0.102
0.004394300005515106, 69, 29398.0, 0.102
0.003959399997256696, 70, 29398.0, 0.102
0.00469669999438338, 71, 29398.0, 0.102
0.004348200003732927, 72, 29398.0, 0.102
0.004964500010828488, 73, 29398.0, 0.102
0.005219200000283308, 74, 29398.0, 0.102
0.005016299997805618, 75, 29398.0, 0.102
0.005820899998070672, 76, 29398.0, 0.102
0.00473079999210313, 77, 29398.0, 0.102
0.0047916000039549544, 78, 29398.0, 0.102
0.004661700004362501, 79, 29398.0, 0.102
0.0053820000030100346, 80, 29398.0, 0.102
0.004638999991584569, 81, 29398.0, 0.102
0.005997900007059798, 82, 29398.0, 0.102
0.003529499997966923, 83, 29398.0, 0.102
0.003426499999477528, 84, 29398.0, 0.102
0.0043304999999236315, 85, 29398.0, 0.102
0.003883600002154708, 86, 29398.0, 0.102
0.00529449999157805, 87, 29398.0, 0.102
0.004790999999386258, 88, 29398.0, 0.102
0.005730100005166605, 89, 29398.0, 0.102
0.005924299999605864, 90, 29398.0, 0.102
0.005074000000604428, 91, 29398.0, 0.102
0.003939299989724532, 92, 29398.0, 0.102
0.003955599997425452, 93, 29398.0, 0.102
0.00402619999658782, 94, 29398.0, 0.102
0.004405100000440143, 95, 29398.0, 0.102
0.004230099992128089, 96, 29398.0, 0.102
0.004810499987797812, 97, 29398.0, 0.102
0.0034653999900911003, 98, 29398.0, 0.102
0.0038038999919081107, 99, 29398.0, 0.102
0.003986799987615086, 100, 29398.0, 0.102
0.003385899995919317, 101, 29398.0, 0.102
0.004036099999211729, 102, 29398.0, 0.102
0.0034824999893317, 103, 29398.0, 0.102
0.004590600001392886, 104, 29398.0, 0.102
0.0040951000119093806, 105, 29398.0, 0.102
0.004274399994756095, 106, 29398.0, 0.102
0.00391440000385046, 107, 29398.0, 0.102
0.004155799993895926, 108, 29398.0, 0.102

tour:
[ 60  25 198   6  81  77   8 137 123 117  15  50 193  62  43 187 115 121
 169  47  83  10  51  86 125  95 165 164 103  96  80 196  44  32 155  99
  73  56  35 174   9  91  98  18 118  65 152 178  36 183  28 109  17  48
 189 148 105  92 162   3 100  59 191  13 107  68 141 179 130 188  72   2
  58  40  88 153  20 139 163  22 172 167 184  61  82  71  49 138  85  94
  93  90 149 143 101  69  75 181 194 112 175 132 136  42 104   4 195 177
 151  55  37  70 129  38  27 147  87 113  97 199 170 140  57  33  89  24
  16 142 102 145 128 133  21   7 154 182  74 106 156 108   5  53 186 150
 160 124 180   1  34 168  67  29 166 127 192 157  76  79  64 176  66  30
  46 119 111 126 185 134  41  54  19  63 161 159  78  12  14 122 197  26
 190 144  84   0  52 114 116 110 131  39 146  11  45 171 120 173 158  23
  31 135]

eliteFit: 29398.0
percentError: 0.10215200217924272
computationTime: 0.633s