instanceName: fl1400
n: 1400
optFit: 20127

genTime, gen, eliteFit, percentError:
0.0014756000018678606, 0, 1622068.0, 7959.164
1.093475200003013, 1, 21020.0, 4.437
0.8218938000063645, 2, 20907.0, 3.875
0.7642214999941643, 3, 20742.0, 3.056
0.7975242999964394, 4, 20724.0, 2.966
0.742173399994499, 5, 20682.0, 2.757
0.7365649999992456, 6, 20652.0, 2.608
0.6886795000027632, 7, 20593.0, 2.315
0.7484518999990541, 8, 20591.0, 2.305
0.6958979000046384, 9, 20567.0, 2.186
0.5455472000030568, 10, 20540.0, 2.052
0.3787854999973206, 11, 20538.0, 2.042
0.38185979999252595, 12, 20510.0, 1.903
0.32196729999850504, 13, 20496.0, 1.833
0.315605299998424, 14, 20452.0, 1.615
0.3012346999894362, 15, 20438.0, 1.545
0.30969499998900574, 16, 20435.0, 1.530
0.31648039999709, 17, 20422.0, 1.466
0.2956309000001056, 18, 20417.0, 1.441
0.28382260000216775, 19, 20411.0, 1.411
0.2990611999994144, 20, 20399.0, 1.351
0.2535375000006752, 21, 20399.0, 1.351
0.25279670000600163, 22, 20394.0, 1.327
0.2415976999909617, 23, 20390.0, 1.307
0.22874700000102166, 24, 20390.0, 1.307
0.21229090000269935, 25, 20383.0, 1.272
0.22611390000383835, 26, 20379.0, 1.252
0.23138379999727476, 27, 20365.0, 1.182
0.2701630999945337, 28, 20361.0, 1.163
0.3118018000095617, 29, 20361.0, 1.163
0.23734130000229925, 30, 20353.0, 1.123
0.21244370000204071, 31, 20347.0, 1.093
0.209622299997136, 32, 20343.0, 1.073
0.22169489999942016, 33, 20340.0, 1.058
0.22655330000270624, 34, 20336.0, 1.038
0.20530490000965074, 35, 20336.0, 1.038
0.18997859999944922, 36, 20336.0, 1.038
0.20839780000096653, 37, 20334.0, 1.028
0.18436180001299363, 38, 20331.0, 1.014
0.176105299993651, 39, 20326.0, 0.989
0.21741720000864007, 40, 20321.0, 0.964
0.20866920000116806, 41, 20319.0, 0.954
0.2058716000028653, 42, 20319.0, 0.954
0.23942840000381693, 43, 20319.0, 0.954
0.1801077999989502, 44, 20319.0, 0.954
0.1985965999920154, 45, 20319.0, 0.954
0.19405650001135655, 46, 20319.0, 0.954
0.22094230000220705, 47, 20319.0, 0.954
0.1685055999987526, 48, 20315.0, 0.934
0.21129199999268167, 49, 20315.0, 0.934
0.20348549999471288, 50, 20315.0, 0.934
0.226976799996919, 51, 20311.0, 0.914
0.21318460001202766, 52, 20311.0, 0.914
0.1739994000090519, 53, 20311.0, 0.914
0.22254039999097586, 54, 20311.0, 0.914
0.20888159998867195, 55, 20311.0, 0.914
0.17711750000307802, 56, 20311.0, 0.914
0.18726809999498073, 57, 20311.0, 0.914
0.16762029999517836, 58, 20311.0, 0.914
0.2008372000127565, 59, 20311.0, 0.914
0.2010794999951031, 60, 20311.0, 0.914
0.17726570001104847, 61, 20311.0, 0.914
0.21867030000430532, 62, 20311.0, 0.914
0.19678659999044612, 63, 20311.0, 0.914
0.18464539998967666, 64, 20311.0, 0.914
0.224175200011814, 65, 20311.0, 0.914
0.1996895000047516, 66, 20311.0, 0.914
0.17585759999928996, 67, 20311.0, 0.914
0.20893169999180827, 68, 20311.0, 0.914
0.1966685000079451, 69, 20311.0, 0.914
0.22762620000867173, 70, 20311.0, 0.914
0.2002438999916194, 71, 20311.0, 0.914
0.21247700000822078, 72, 20311.0, 0.914
0.17539509999915026, 73, 20311.0, 0.914
0.1886503999994602, 74, 20311.0, 0.914
0.21355420000327285, 75, 20311.0, 0.914
0.20816520000516903, 76, 20311.0, 0.914
0.20295789999363478, 77, 20311.0, 0.914
0.21422449999954551, 78, 20311.0, 0.914
0.19156189999193884, 79, 20311.0, 0.914
0.20960159999958705, 80, 20311.0, 0.914
0.19232070000725798, 81, 20311.0, 0.914
0.20021269998687785, 82, 20311.0, 0.914
0.19333670000196435, 83, 20311.0, 0.914
0.16800979999243282, 84, 20308.0, 0.899
0.21545730000070762, 85, 20308.0, 0.899
0.19159980000404175, 86, 20302.0, 0.869
0.1990086000005249, 87, 20302.0, 0.869
0.16655619999801274, 88, 20302.0, 0.869
0.20030989999941085, 89, 20302.0, 0.869
0.16964639999787323, 90, 20298.0, 0.850
0.179153100005351, 91, 20298.0, 0.850
0.1971196999948006, 92, 20298.0, 0.850
0.16128939999907743, 93, 20298.0, 0.850
0.19030760000168812, 94, 20298.0, 0.850
0.19514630000048783, 95, 20298.0, 0.850
0.2027471999899717, 96, 20298.0, 0.850
0.17888790000870358, 97, 20298.0, 0.850
0.21821379999164492, 98, 20298.0, 0.850
0.19863709999481216, 99, 20298.0, 0.850
0.1956449999997858, 100, 20298.0, 0.850
0.1925665000017034, 101, 20298.0, 0.850
0.20423339999979362, 102, 20296.0, 0.840
0.1689775999984704, 103, 20296.0, 0.840
0.20923599999514408, 104, 20296.0, 0.840
0.19158700000843965, 105, 20296.0, 0.840
0.18764719998580404, 106, 20296.0, 0.840
0.21781580000242684, 107, 20296.0, 0.840
0.19044200000644196, 108, 20296.0, 0.840
0.19419599999673665, 109, 20296.0, 0.840
0.1790566999989096, 110, 20296.0, 0.840
0.18224140000529587, 111, 20296.0, 0.840
0.20613910000247415, 112, 20296.0, 0.840
0.20414059999166057, 113, 20296.0, 0.840
0.18730000000505242, 114, 20296.0, 0.840
0.19561560000875033, 115, 20296.0, 0.840
0.21351510001113638, 116, 20296.0, 0.840
0.1797523999994155, 117, 20296.0, 0.840
0.20016920000489336, 118, 20296.0, 0.840
0.18965220000245608, 119, 20295.0, 0.835
0.1765506999945501, 120, 20292.0, 0.820
0.2269047000008868, 121, 20292.0, 0.820
0.18025379999016877, 122, 20292.0, 0.820
0.1978397000057157, 123, 20292.0, 0.820
0.20215450000250712, 124, 20292.0, 0.820
0.21216379999532364, 125, 20288.0, 0.800
0.18087119999108836, 126, 20288.0, 0.800
0.22149419999914244, 127, 20288.0, 0.800
0.1969190000090748, 128, 20288.0, 0.800
0.207924100002856, 129, 20288.0, 0.800
0.19353430000774097, 130, 20288.0, 0.800
0.17312890000175685, 131, 20288.0, 0.800
0.1838698000065051, 132, 20288.0, 0.800
0.20023620000574738, 133, 20288.0, 0.800
0.1986144999973476, 134, 20288.0, 0.800
0.2128389999998035, 135, 20288.0, 0.800
0.2179213999916101, 136, 20288.0, 0.800
0.19863370001257863, 137, 20288.0, 0.800
0.243502700002864, 138, 20288.0, 0.800
0.21704990000580437, 139, 20288.0, 0.800
0.1981184000032954, 140, 20288.0, 0.800
0.15585059998556972, 141, 20288.0, 0.800
0.1597710000060033, 142, 20288.0, 0.800
0.21295469999313354, 143, 20288.0, 0.800
0.19462499998917338, 144, 20288.0, 0.800
0.17043480000575073, 145, 20288.0, 0.800
0.18488790000264999, 146, 20288.0, 0.800
0.183036299989908, 147, 20288.0, 0.800
0.20304599999508355, 148, 20288.0, 0.800
0.19683320001058746, 149, 20288.0, 0.800
0.18162600000505336, 150, 20288.0, 0.800
0.2094634999957634, 151, 20288.0, 0.800
0.2065357999963453, 152, 20288.0, 0.800
0.2000968000065768, 153, 20288.0, 0.800
0.1764499999990221, 154, 20288.0, 0.800
0.19038600000203587, 155, 20288.0, 0.800
0.18009680000250228, 156, 20288.0, 0.800
0.1848718999972334, 157, 20288.0, 0.800
0.20247370000288356, 158, 20285.0, 0.785
0.18001050000020768, 159, 20285.0, 0.785
0.17102159999194555, 160, 20285.0, 0.785
0.16402620000008028, 161, 20285.0, 0.785
0.18203140000696294, 162, 20285.0, 0.785
0.20477130000654142, 163, 20285.0, 0.785
0.18521519999194425, 164, 20285.0, 0.785
0.16489620000356808, 165, 20285.0, 0.785
0.18422099998861086, 166, 20285.0, 0.785
0.1722382000007201, 167, 20285.0, 0.785
0.2110538999986602, 168, 20285.0, 0.785
0.2072011999989627, 169, 20281.0, 0.765
0.18544630000542384, 170, 20281.0, 0.765
0.1965248999913456, 171, 20281.0, 0.765
0.20712460001232103, 172, 20281.0, 0.765
0.17709979999926873, 173, 20277.0, 0.745
0.204339699994307, 174, 20277.0, 0.745
0.17317569999431726, 175, 20277.0, 0.745
0.1716075999866007, 176, 20277.0, 0.745
0.20247390000440646, 177, 20277.0, 0.745
0.22058120000292547, 178, 20277.0, 0.745
0.20184280000103172, 179, 20277.0, 0.745
0.20904099999461323, 180, 20277.0, 0.745
0.19755940001050476, 181, 20277.0, 0.745
0.18964300000516232, 182, 20277.0, 0.745
0.1911030000046594, 183, 20277.0, 0.745
0.18431280000368133, 184, 20277.0, 0.745
0.21345100000326056, 185, 20277.0, 0.745
0.22139140000217594, 186, 20277.0, 0.745
0.23274490000039805, 187, 20277.0, 0.745
0.18445120000978932, 188, 20277.0, 0.745
0.23437720000219997, 189, 20277.0, 0.745
0.20526069999323227, 190, 20277.0, 0.745
0.18138729999191128, 191, 20277.0, 0.745
0.2337621000042418, 192, 20277.0, 0.745
0.1899762999964878, 193, 20277.0, 0.745
0.2113905000005616, 194, 20277.0, 0.745
0.17394699998840224, 195, 20277.0, 0.745
0.18783439999970142, 196, 20277.0, 0.745
0.17188690000330098, 197, 20277.0, 0.745
0.20235300000058487, 198, 20277.0, 0.745
0.18224690000351984, 199, 20277.0, 0.745
0.165716399991652, 200, 20277.0, 0.745
0.20069660000444856, 201, 20269.0, 0.706
0.19384069999796338, 202, 20269.0, 0.706
0.20581579999998212, 203, 20269.0, 0.706
0.23095589999866206, 204, 20269.0, 0.706
0.19533149999915622, 205, 20265.0, 0.686
0.2021485000004759, 206, 20265.0, 0.686
0.1982486000051722, 207, 20265.0, 0.686
0.23215399999753572, 208, 20265.0, 0.686
0.22598509999806993, 209, 20265.0, 0.686
0.21103600000787992, 210, 20265.0, 0.686
0.18771129999367986, 211, 20265.0, 0.686
0.18707030000223313, 212, 20265.0, 0.686
0.17698350000136998, 213, 20265.0, 0.686
0.16231820000393782, 214, 20265.0, 0.686
0.20381439999619033, 215, 20265.0, 0.686
0.1639570000115782, 216, 20265.0, 0.686
0.2018993999954546, 217, 20265.0, 0.686
0.18653220000851434, 218, 20265.0, 0.686
0.16974800000025425, 219, 20265.0, 0.686
0.19000230000528973, 220, 20265.0, 0.686
0.1859517999982927, 221, 20265.0, 0.686
0.18925659998785704, 222, 20265.0, 0.686
0.20377199999347795, 223, 20265.0, 0.686
0.1961786000028951, 224, 20265.0, 0.686
0.18927919999987353, 225, 20265.0, 0.686
0.17270609999832232, 226, 20265.0, 0.686
0.17742630001157522, 227, 20265.0, 0.686
0.2188626999995904, 228, 20265.0, 0.686
0.18222000000241678, 229, 20265.0, 0.686
0.24270209998940118, 230, 20265.0, 0.686
0.17727190000005066, 231, 20265.0, 0.686
0.1708451000013156, 232, 20265.0, 0.686
0.21410810000088532, 233, 20265.0, 0.686
0.20704779999505263, 234, 20265.0, 0.686
0.1921029999939492, 235, 20265.0, 0.686
0.19875260000117123, 236, 20265.0, 0.686
0.21475859999191016, 237, 20265.0, 0.686
0.1768100999906892, 238, 20265.0, 0.686
0.16940810000232887, 239, 20265.0, 0.686
0.20812170000863262, 240, 20265.0, 0.686
0.16119329999492038, 241, 20265.0, 0.686
0.21455920000153128, 242, 20265.0, 0.686
0.20424560000537895, 243, 20265.0, 0.686
0.19679529999848455, 244, 20265.0, 0.686
0.20182850000855979, 245, 20265.0, 0.686
0.17792180000105873, 246, 20261.0, 0.666
0.18112929999188054, 247, 20261.0, 0.666
0.17944449999777135, 248, 20261.0, 0.666
0.2049436999950558, 249, 20257.0, 0.646
0.20612020000407938, 250, 20257.0, 0.646
0.1912068000092404, 251, 20257.0, 0.646
0.19265339999401476, 252, 20257.0, 0.646
0.2039297000010265, 253, 20257.0, 0.646
0.1828819999936968, 254, 20257.0, 0.646
0.16638399999646936, 255, 20257.0, 0.646
0.19821840000804514, 256, 20257.0, 0.646
0.20540139998774976, 257, 20257.0, 0.646
0.18730850001156796, 258, 20257.0, 0.646
0.19891020000795834, 259, 20257.0, 0.646
0.18556630000239238, 260, 20257.0, 0.646
0.2204498000064632, 261, 20257.0, 0.646
0.21508009999524802, 262, 20257.0, 0.646
0.19296179999946617, 263, 20257.0, 0.646
0.184941900006379, 264, 20257.0, 0.646
0.1967432999954326, 265, 20257.0, 0.646
0.18152240000199527, 266, 20257.0, 0.646
0.19940639998822007, 267, 20257.0, 0.646
0.22721430000092369, 268, 20257.0, 0.646
0.21455600000626873, 269, 20257.0, 0.646
0.1747999999934109, 270, 20257.0, 0.646
0.19131389999529347, 271, 20257.0, 0.646
0.1952034999994794, 272, 20257.0, 0.646
0.21317990000534337, 273, 20257.0, 0.646
0.18851760000688955, 274, 20257.0, 0.646
0.21257930000138003, 275, 20257.0, 0.646
0.19404329999815673, 276, 20257.0, 0.646
0.2265585999994073, 277, 20257.0, 0.646
0.1779884999996284, 278, 20257.0, 0.646
0.1937342000019271, 279, 20257.0, 0.646
0.19817379998858087, 280, 20257.0, 0.646
0.2503230000002077, 281, 20257.0, 0.646
0.20975629999884404, 282, 20253.0, 0.626
0.18641589999606367, 283, 20253.0, 0.626
0.2491048999945633, 284, 20253.0, 0.626
0.21250850000069477, 285, 20253.0, 0.626
0.22225570000591688, 286, 20253.0, 0.626
0.17018829999142326, 287, 20253.0, 0.626
0.24219360000279266, 288, 20253.0, 0.626
0.22701479999523144, 289, 20253.0, 0.626
0.1982002000004286, 290, 20253.0, 0.626
0.19763660000171512, 291, 20253.0, 0.626
0.1849528000020655, 292, 20253.0, 0.626
0.21797199999855366, 293, 20253.0, 0.626
0.21534810001321603, 294, 20253.0, 0.626
0.2241712999966694, 295, 20253.0, 0.626
0.19894420000491664, 296, 20253.0, 0.626
0.21891209999739658, 297, 20253.0, 0.626
0.22626590001164004, 298, 20253.0, 0.626
0.2077622000069823, 299, 20253.0, 0.626
0.19306429999414831, 300, 20253.0, 0.626
0.1941118000104325, 301, 20253.0, 0.626
0.2125196999986656, 302, 20253.0, 0.626
0.20112350000999868, 303, 20253.0, 0.626
0.22638020000886172, 304, 20253.0, 0.626
0.20816100000229198, 305, 20253.0, 0.626
0.1927278000075603, 306, 20253.0, 0.626
0.1988151999976253, 307, 20253.0, 0.626
0.18394400000397582, 308, 20253.0, 0.626
0.212284000008367, 309, 20253.0, 0.626
0.27331580000463873, 310, 20245.0, 0.586
0.19119830000272486, 311, 20245.0, 0.586
0.23319459999038372, 312, 20245.0, 0.586
0.19842939999944065, 313, 20241.0, 0.566
0.17187120000016876, 314, 20241.0, 0.566
0.22957080000196584, 315, 20241.0, 0.566
0.21858699999575038, 316, 20241.0, 0.566
0.1959841000061715, 317, 20241.0, 0.566
0.18235579998872709, 318, 20241.0, 0.566
0.19882990000769496, 319, 20241.0, 0.566
0.16629720000491943, 320, 20241.0, 0.566
0.19277860000147484, 321, 20241.0, 0.566
0.188882399990689, 322, 20241.0, 0.566
0.19732210000802297, 323, 20241.0, 0.566
0.14731980000215117, 324, 20241.0, 0.566
0.18287220000638627, 325, 20241.0, 0.566
0.20572420000098646, 326, 20241.0, 0.566
0.19923450000351295, 327, 20241.0, 0.566
0.1889534000074491, 328, 20241.0, 0.566
0.1766732999967644, 329, 20241.0, 0.566
0.19347199999901932, 330, 20241.0, 0.566
0.18575170000258368, 331, 20241.0, 0.566
0.1966198999871267, 332, 20241.0, 0.566
0.1675326000113273, 333, 20241.0, 0.566
0.1744816999998875, 334, 20241.0, 0.566
0.16923810000298545, 335, 20241.0, 0.566
0.19475820001389366, 336, 20241.0, 0.566
0.1834240000025602, 337, 20241.0, 0.566
0.19980409998970572, 338, 20241.0, 0.566
0.1635655999998562, 339, 20241.0, 0.566
0.22820659998978954, 340, 20235.0, 0.537
0.1861304000049131, 341, 20235.0, 0.537
0.20633770000131335, 342, 20235.0, 0.537
0.19816329999594018, 343, 20235.0, 0.537
0.24089079999248497, 344, 20235.0, 0.537
0.18033260000811424, 345, 20235.0, 0.537
0.22025090000533964, 346, 20235.0, 0.537
0.17066560000239406, 347, 20235.0, 0.537
0.18184979999205098, 348, 20235.0, 0.537
0.20745549999992363, 349, 20235.0, 0.537
0.18392039999889676, 350, 20235.0, 0.537
0.1771481999894604, 351, 20235.0, 0.537
0.22290579999389593, 352, 20235.0, 0.537
0.2017082000093069, 353, 20235.0, 0.537
0.21022329998959322, 354, 20235.0, 0.537
0.20289950000005774, 355, 20235.0, 0.537
0.23766949999844655, 356, 20235.0, 0.537
0.20339080000121612, 357, 20235.0, 0.537
0.20156829999177717, 358, 20235.0, 0.537
0.15696089999983087, 359, 20235.0, 0.537
0.18085469999641646, 360, 20235.0, 0.537
0.2004458000010345, 361, 20235.0, 0.537
0.2027209999941988, 362, 20235.0, 0.537
0.1821192999923369, 363, 20235.0, 0.537
0.1970813000079943, 364, 20233.0, 0.527
0.183115199994063, 365, 20233.0, 0.527
0.21855629999481607, 366, 20233.0, 0.527
0.2235077000077581, 367, 20232.0, 0.522
0.19076640000275802, 368, 20230.0, 0.512
0.20330889998876955, 369, 20229.0, 0.507
0.21997449999616947, 370, 20226.0, 0.492
0.26190860000497196, 371, 20226.0, 0.492
0.19885170001361985, 372, 20226.0, 0.492
0.1902183999918634, 373, 20226.0, 0.492
0.1874586000049021, 374, 20226.0, 0.492
0.2005189000046812, 375, 20226.0, 0.492
0.20755069999722764, 376, 20226.0, 0.492
0.18823989998782054, 377, 20226.0, 0.492
0.1855751999974018, 378, 20226.0, 0.492
0.18820300001243595, 379, 20226.0, 0.492
0.1831368000130169, 380, 20226.0, 0.492
0.1989529999991646, 381, 20226.0, 0.492
0.2084511000139173, 382, 20222.0, 0.472
0.20746520000102464, 383, 20222.0, 0.472
0.19981649999681395, 384, 20222.0, 0.472
0.18476180000288878, 385, 20222.0, 0.472
0.18044920000829734, 386, 20218.0, 0.452
0.20056490000570193, 387, 20218.0, 0.452
0.21808960000635125, 388, 20218.0, 0.452
0.1616102999978466, 389, 20218.0, 0.452
0.17058499999984633, 390, 20218.0, 0.452
0.1873595000070054, 391, 20218.0, 0.452
0.17863070000021253, 392, 20218.0, 0.452
0.16304339999624062, 393, 20218.0, 0.452
0.1867362999910256, 394, 20218.0, 0.452
0.2307308000017656, 395, 20218.0, 0.452
0.1753376999986358, 396, 20218.0, 0.452
0.15359290000924375, 397, 20218.0, 0.452
0.15674740000395104, 398, 20218.0, 0.452
0.17560519999824464, 399, 20218.0, 0.452
0.19068739999784157, 400, 20218.0, 0.452
0.19811889999255072, 401, 20218.0, 0.452
0.1893368000019109, 402, 20218.0, 0.452
0.17559259998961352, 403, 20218.0, 0.452
0.22009270000853576, 404, 20218.0, 0.452
0.17860600000130944, 405, 20218.0, 0.452
0.19349469999724533, 406, 20218.0, 0.452
0.22958930001186673, 407, 20218.0, 0.452
0.16414319998875726, 408, 20218.0, 0.452
0.2061251999984961, 409, 20218.0, 0.452
0.19289360000402667, 410, 20218.0, 0.452
0.22301420000439975, 411, 20218.0, 0.452
0.17926509999961127, 412, 20218.0, 0.452
0.2160818999982439, 413, 20218.0, 0.452
0.21806349999678787, 414, 20218.0, 0.452
0.18266550000407733, 415, 20218.0, 0.452
0.19715979999455158, 416, 20218.0, 0.452
0.19739959998696577, 417, 20218.0, 0.452
0.19030499999644235, 418, 20218.0, 0.452
0.19314699999813456, 419, 20218.0, 0.452
0.1811256999935722, 420, 20218.0, 0.452
0.21800419999635778, 421, 20218.0, 0.452
0.19857860000047367, 422, 20218.0, 0.452
0.16957220000040252, 423, 20218.0, 0.452
0.20616450000670739, 424, 20218.0, 0.452
0.1510500000003958, 425, 20218.0, 0.452
0.17911319999257103, 426, 20218.0, 0.452
0.19116640000720508, 427, 20218.0, 0.452
0.1988924000033876, 428, 20218.0, 0.452
0.23449129999789875, 429, 20218.0, 0.452
0.18309239999507554, 430, 20218.0, 0.452
0.1534869000024628, 431, 20218.0, 0.452
0.20442900000489317, 432, 20218.0, 0.452
0.18026190000819042, 433, 20218.0, 0.452
0.18271599999570753, 434, 20218.0, 0.452
0.1796390999952564, 435, 20218.0, 0.452
0.17877559999760706, 436, 20218.0, 0.452

tour:
[ 199  211    3 1399  996 1130 1056  993 1154 1020 1106 1080 1176 1052
 1127  992 1153 1079 1105 1019 1055 1178 1082  995 1129 1081 1177  994
 1054  991 1175 1051  988 1103 1017 1151 1077 1173 1048 1101  985 1045
 1099  982 1169 1042  979 1167 1039  976 1165 1036 1093  973 1033 1163
 1067 1115  974 1094 1008 1118 1070 1166 1037 1141 1007 1117 1069 1095
 1009 1143  977 1096 1010 1168 1040 1119  980 1145 1071 1097 1011 1121
 1073 1147 1046 1123 1013 1171 1075 1015 1125  989 1104 1018 1128 1053
 1152 1078 1174 1049 1149  986 1172 1076 1102 1016 1126  990 1050 1150
  987 1047 1124 1014 1148  984 1122 1074 1100  983 1170 1043 1098 1072
 1146 1012 1044  981 1120 1041 1144  978 1038  975 1142 1068 1116 1035
 1140 1066 1092 1006 1164 1034 1139 1005 1091  970 1030 1161 1065 1113
  971 1162 1031 1003 1137  968 1160 1064 1090 1004 1114  972 1032 1138
  969 1112 1002 1088 1062 1136 1029  966 1110 1026 1134  963 1023 1108
 1060  962 1107 1059 1133 1025 1086 1000 1158  965 1109 1061 1135 1028
 1111 1001 1063 1089  967 1159 1027 1087  964 1157  999 1085 1024  961
 1155 1021  958 1083  997 1022 1156  998 1132  960 1058 1084  959 1131
 1057 1260 1370 1362 1394 1356 1346 1259 1388 1355 1280 1369 1258 1257
 1279 1368 1354 1390 1256 1268 1278 1298 1297 1345 1255 1267 1296 1367
 1398 1295 1266 1344 1294 1293 1361 1353 1254 1396 1277 1253 1252 1343
 1276 1292 1291 1360 1275 1265 1251 1342 1250 1387 1341 1352 1393 1290
  775  835  933  772  907  832  931  769  905  857  953  795  881  828
  904  856  930  768  883  797  859  885  799  909  861  957  774  834
  932  771  955  831  796  906  858  798  908  860  773  956  833  884
  770  954  830  882  767  952  827  794  928  765  902  854  880  764
  950  792  824  878  761  852  926  825  951  855  929  829  766  903
  826  763  927  793  879  762  900  790  948  821  876  758  818  946
  850  898  788  922  848  874  755  944  815  786  896  756  875  819
  947  789  851  877  759  924  822  791  949  853  901  823  925  760
  899  820  923  757  897  849  945  787  816  920  753  873  847  921
  817  754  895  814  919  751  845  893  811  783  869  810  941  750
  871  785  943  813  918  784  894  846  872  752  942  812  870  749
  809  940  844  892  782  916  747  890  842  868  746  938  806  866
  780  840  914  807  939  843  917  748  891  808  915  745  889  841
  781  867  744  937  779  865  804  888  778  936  743  803  864  740
  800  934  838  912  741  886  801  935  839  913  805  742  887  802
  739  911  837  777  863  738  910  776  836  862  737 1249 1366 1359
 1392 1351 1340 1248 1386 1350 1274 1365 1273 1364 1272 1289 1288 1287
 1363 1397 1286 1285 1284 1358 1348 1395 1271 1270 1283 1282 1269 1357
 1281 1391 1347 1335    1 1385 1239 1336 1240 1261 1337 1241 1242 1243
 1338 1262 1244 1263 1339 1264 1245 1349 1389 1246 1247  106   75   63
  264  262  164  259  159  143  208    0 1221 1377 1311 1299 1371 1179
 1300 1180 1201 1209 1321 1222 1223 1210 1301 1181 1182 1211 1381 1183
 1312 1322 1224 1225 1302 1202 1226 1383 1327 1227 1203 1184 1303 1228
 1229 1212 1204 1185 1313 1375 1186 1187 1314 1372 1188 1304 1189  394
  420  295  358  492  334  468  359  493  397  471  337  495  302  399
  425  365  472  398  446  362  423  299  444  396  470  336  422  298
  361  494  301  364  424  338  448  305  497  339  449  401  427  341
  499  308  429  403  477  343  501  371  452  342  428  402  476  450
  368  474  400  496  304  367  426  340  498  307  370  500  310  430
  373  502  313  432  406  480  346  504  376  316  434  379  506  319
  436  382  322  508  350  383  509  323  460  412  438  352  486  386
  462  414  510  385  325  440  388  328  512  416  442  391  331  514
  418  332  515  419  333  467  393  491  330  465  390  327  463  415
  489  355  441  389  513  417  443  357  392  466  356  490  329  464
  354  488  326  511  353  439  413  487  387  324  461  384  321  459
  411  485  351  437  320  484  410  458  348  482  408  456  377  505
  317  380  507  349  435  409  483  381  318  457  378  315  455  375
  479  345  503  407  481  347  433  314  454  344  404  478  374  311
  431  405  453  312  372  309  451  369  475  306  366  473  303  447
  363  300  445  335  421  296  395  469  360  297 1330 1323 1315 1378
 1214 1329 1213 1328  215  114  241  141   36   38   43   40  134  236
  135  237   26  130   32   33  235  231  128  232  129   17  119  115
  216  116  217  221   18   14   12  200  120  202  123  124  228  126
  233   30  139  136  127  204   20  222   15    6    7  212    5  111
  112    9    8   10  109  213  113  214  110    4  218   11   13  220
  118   19  224   24  226  122  225  201  223  121   16   23  125  229
   31  238  140  133   34  206   29   21  227   22  205   27   35  132
  207  131  234   28  230   25  203 1230 1379 1316 1305 1373 1190 1306
 1191 1205 1215 1324 1231 1232 1216 1307 1192 1193 1217 1382 1194 1317
 1325 1233 1234 1308 1206 1235 1384 1331 1236 1207 1195 1309 1237 1238
 1208 1196 1218 1332  117  219 1333 1219 1318 1376 1197 1198 1319 1220
 1380 1326 1320 1374 1199 1310 1200 1334  616  690  518  581  521  666
  556  714  520  691  617  665  580  642  517  689  615  516  641  555
  713  579  519  582  643  557  715  522  645  585  525  647  588  719
  528  649  591  721  563  623  671  561  695  621  717  559  693  619
  667  583  644  618  692  584  668  524  587  694  620  558  716  523
  646  560  670  527  696  622  718  586  669  526  648  589  720  562
  590  672  530  624  650  529  697  592  722  564  698  593  674  533
  626  652  595  566  700  596  676  536  628  724  535  701  627  675
  565  699  532  673  625  531  651  594  723  534  653  597  725  537
  655  600  540  727  569  703  629  567  677  538  726  598  654  568
  702  599  678  630  656  601  679  631  657  603  729  571  705  541
  728  570  704  539  602  680  632  658  604  681  633  543  659  606
  546  609  733  549  612  552  735  639  687  577  663  637  685  575
  661  635  731  573  683  547  709  610  662  732  574  634  660  607
  707  544  730  572  706  542  605  682  545  708  608  684  636  548
  710  611  686  576  734  550  711  613  664  638  712  551  614  578
  736  553  640  688  554    2  240  138  239  137  242  142   37   39
   41  245  146   44   46  246  148  149  248  251  151   53  249   51
  152  150  250  155  157   57   58  258   60   55  254   54  154  253
   52   49   42  243  244  144  145  147   45   48   47  247   50  156
  257  153  252   56  255  256   59  161  158  160  162  260   61  263
  165  163  261   62   66   70  273   73  272   69  177  180  176  265
  171  170  278   81  286   86  182  281  188  285   85  275  179   90
  284   80  277   76  174  269  167  271  175   72  270   68   65  166
  185  197   96   92   93   97  198  108  107  105  294   98  289   94
  189   87   91  287  183  186  190  290   99  100  288  184  291  191
  192   88  279   77  266  168   67  172  267   82  282   89  193  187
  283   83   78  276  178  173   64  268  274   74  280   84  181   71
  169  209   79  210  293   95  292  194  196  195  103  101  104  102]

eliteFit: 20218.0
percentError: 0.4521289809708352
computationTime: 93.367s