instanceName: kroE100
n: 100
optFit: 22068

genTime, gen, eliteFit, percentError:
0.0001294999965466559, 0, 145715.0, 560.300
0.007303700011107139, 1, 22695.0, 2.841
0.0039428999880328774, 2, 22592.0, 2.374
0.004346800007624552, 3, 22176.0, 0.489
0.0037240000092424452, 4, 22176.0, 0.489
0.003848899999866262, 5, 22176.0, 0.489
0.0038234999956330284, 6, 22068.0, 0.000

tour:
[83 39 34 87 62 57 31 11 75  6 20 73  0 82 72 15 70 60 13 51 43 71 88 80
 78 25 45  2 46 68 50 97 58 94 35 27 22 63 61 55 14 19 48 49 59  9 79 56
  8 30 65 29 92 90 54 12 74 40 86 66 26 91 81  3  1 10 95 84 76 36 69  5
 33 52 77 99 28 23 17 93 18 85 42 38 21 32 37 67 47 89 41  4  7 64 96 24
 53 44 98 16]

eliteFit: 22068.0
percentError: 0.0
computationTime: 0.033s