instanceName: kroE100
n: 100
optFit: 22068

genTime, gen, eliteFit, percentError:
0.00017419998766854405, 0, 150598.0, 582.427
0.007722999987890944, 1, 22848.0, 3.535
0.00458039999648463, 2, 22438.0, 1.677
0.004578699998091906, 3, 22314.0, 1.115
0.003944600000977516, 4, 22314.0, 1.115
0.004135600000154227, 5, 22222.0, 0.698
0.003453500001342036, 6, 22222.0, 0.698
0.00293279999459628, 7, 22202.0, 0.607
0.004147200001170859, 8, 22164.0, 0.435
0.0031334999948740005, 9, 22084.0, 0.073
0.003674399995361455, 10, 22084.0, 0.073
0.0029950000025564805, 11, 22084.0, 0.073
0.003380399997695349, 12, 22084.0, 0.073
0.0029418000049190596, 13, 22079.0, 0.050
0.0024778999941190705, 14, 22079.0, 0.050
0.0019847000075969845, 15, 22079.0, 0.050
0.0025763000012375414, 16, 22073.0, 0.023
0.0022296999959507957, 17, 22068.0, 0.000

tour:
[92 29 65 30  8 56 79  9 59 49 48 19 14 55 61 63 22 27 35 94 58 97 50 68
 46  2 45 25 78 80 88 71 43 51 13 60 70 15 72 82  0 73 20  6 75 11 31 57
 62 87 34 39 83 16 98 44 53 24 96 64  7  4 41 89 47 67 37 32 21 38 42 85
 18 93 17 23 28 99 77 52 33  5 69 36 76 84 95 10  1  3 81 91 26 66 86 40
 74 12 54 90]

eliteFit: 22068.0
percentError: 0.0
computationTime: 0.072s