instanceName: fnl4461
n: 4461
optFit: 182566

genTime, gen, eliteFit, percentError:
0.0058179000043310225, 0, 8176431.0, 4378.617
34.4965107999742, 1, 204134.0, 11.814
21.486246199987363, 2, 202268.0, 10.792
22.302975500002503, 3, 201243.0, 10.230
21.559760099975392, 4, 200691.0, 9.928
20.169748199987225, 5, 200197.0, 9.657
21.117167500022333, 6, 199489.0, 9.270
20.63620790001005, 7, 198949.0, 8.974
20.47768909999286, 8, 198525.0, 8.741
20.846541000006255, 9, 198308.0, 8.623
20.853848200000357, 10, 197711.0, 8.296
21.021451599983266, 11, 197567.0, 8.217
19.692968000017572, 12, 197250.0, 8.043
20.5039060000272, 13, 197059.0, 7.938
18.73694040000555, 14, 196606.0, 7.690
18.999929399986286, 15, 196606.0, 7.690
19.790408800006844, 16, 196519.0, 7.643
18.75542009997298, 17, 196384.0, 7.569
19.030413600004977, 18, 196197.0, 7.466
17.18333880000864, 19, 196197.0, 7.466
17.843100599973695, 20, 196031.0, 7.375
19.61697830000776, 21, 195879.0, 7.292
19.03780759999063, 22, 195879.0, 7.292
19.75020229999791, 23, 195879.0, 7.292
18.801052000024356, 24, 195676.0, 7.181
18.69907709999825, 25, 195639.0, 7.161
18.23873929999536, 26, 195620.0, 7.150
17.22893089998979, 27, 195562.0, 7.119
16.836316999979317, 28, 195427.0, 7.045
16.791271499998402, 29, 195270.0, 6.959
15.315676599973813, 30, 195117.0, 6.875
15.868601199996192, 31, 194776.0, 6.688
15.6514645999996, 32, 194776.0, 6.688
14.963885100005427, 33, 194683.0, 6.637
15.811769699997967, 34, 194468.0, 6.519
14.128739600011613, 35, 194427.0, 6.497
12.760106100002304, 36, 194294.0, 6.424
12.42029460001504, 37, 194113.0, 6.325
12.206030400004238, 38, 193923.0, 6.221
12.45279009998194, 39, 193793.0, 6.150
12.587596700002905, 40, 193793.0, 6.150
10.235816100001102, 41, 193674.0, 6.084
8.44063689999166, 42, 193578.0, 6.032
8.996117900009267, 43, 193401.0, 5.935
9.375798699998995, 44, 193294.0, 5.876
8.57333360001212, 45, 193259.0, 5.857
8.53116479999153, 46, 193143.0, 5.794
6.847002700000303, 47, 193111.0, 5.776
6.50231260000146, 48, 193076.0, 5.757
5.8222064999863505, 49, 193049.0, 5.742
5.90125020002597, 50, 192973.0, 5.700
5.470550500001991, 51, 192899.0, 5.660
5.674710999999661, 52, 192884.0, 5.652
6.08855320001021, 53, 192782.0, 5.596
6.064198899985058, 54, 192743.0, 5.574
5.46701269998448, 55, 192696.0, 5.549
5.813594099978218, 56, 192620.0, 5.507
6.016214999981457, 57, 192611.0, 5.502
3.864259399997536, 58, 192611.0, 5.502
4.1616396000026725, 59, 192611.0, 5.502
4.484064199990826, 60, 192602.0, 5.497
3.7236563000187743, 61, 192601.0, 5.497
4.586922799993772, 62, 192578.0, 5.484
4.907392900000559, 63, 192567.0, 5.478
4.701109499990707, 64, 192543.0, 5.465
4.234181399981026, 65, 192543.0, 5.465
5.68979569998919, 66, 192525.0, 5.455
4.15821330001927, 67, 192525.0, 5.455
4.351629999990109, 68, 192525.0, 5.455
4.174283700005617, 69, 192512.0, 5.448
3.7779264000128023, 70, 192512.0, 5.448
4.783970500022406, 71, 192512.0, 5.448
3.7032270000199787, 72, 192479.0, 5.430
3.6996658999996725, 73, 192479.0, 5.430
4.484208900015801, 74, 192479.0, 5.430
4.301942899997812, 75, 192479.0, 5.430
4.563927700015483, 76, 192479.0, 5.430
3.9510256000212394, 77, 192479.0, 5.430
4.791953299980378, 78, 192479.0, 5.430
4.147728399984771, 79, 192479.0, 5.430
3.759570199996233, 80, 192479.0, 5.430
4.38545420000446, 81, 192479.0, 5.430
3.8994604999898, 82, 192479.0, 5.430
3.528356900002109, 83, 192479.0, 5.430
3.920625700004166, 84, 192479.0, 5.430
4.0377137000032235, 85, 192479.0, 5.430
4.188019900000654, 86, 192479.0, 5.430
3.907980999996653, 87, 192479.0, 5.430
4.184181200020248, 88, 192479.0, 5.430
4.4122108000156, 89, 192479.0, 5.430
3.884152399987215, 90, 192479.0, 5.430
4.269470800005365, 91, 192479.0, 5.430
3.8598237999831326, 92, 192479.0, 5.430
4.202197500009788, 93, 192471.0, 5.425
3.7290835000167135, 94, 192461.0, 5.420
5.187547999987146, 95, 192347.0, 5.358
4.832360800006427, 96, 192347.0, 5.358
5.533625899988692, 97, 192315.0, 5.340
5.758044699992752, 98, 192315.0, 5.340
4.341626100009307, 99, 192315.0, 5.340
4.452728600008413, 100, 192315.0, 5.340
3.6535163999942597, 101, 192315.0, 5.340
4.160562099976232, 102, 192315.0, 5.340
4.15147579999757, 103, 192315.0, 5.340
4.091682499973103, 104, 192315.0, 5.340
3.679455500008771, 105, 192293.0, 5.328
4.134722499991767, 106, 192293.0, 5.328
4.566427400015527, 107, 192249.0, 5.304
4.088063700008206, 108, 192249.0, 5.304
4.195232300000498, 109, 192249.0, 5.304
4.337479200010421, 110, 192227.0, 5.292
4.518274000001838, 111, 192227.0, 5.292
4.746997800015379, 112, 192227.0, 5.292
4.636386600002879, 113, 192184.0, 5.268
4.123528799973428, 114, 192184.0, 5.268
4.445384399994509, 115, 192156.0, 5.253
4.3551436999987345, 116, 192156.0, 5.253
4.573244800005341, 117, 192116.0, 5.231
4.672469400014961, 118, 192088.0, 5.216
4.5812833000090905, 119, 192088.0, 5.216
5.3082546000077855, 120, 192088.0, 5.216
4.358822099980898, 121, 192088.0, 5.216
3.6371784999792, 122, 192088.0, 5.216
3.940562999981921, 123, 192088.0, 5.216
3.8228174000105355, 124, 192088.0, 5.216
3.7886023999890313, 125, 192088.0, 5.216
4.27764709998155, 126, 192088.0, 5.216
4.7307926999928895, 127, 192088.0, 5.216
4.156823099998292, 128, 192088.0, 5.216
4.037333199987188, 129, 192019.0, 5.178
4.037267699983204, 130, 192019.0, 5.178
4.876227300002938, 131, 192019.0, 5.178
4.226062599977013, 132, 192019.0, 5.178
3.5151726999902166, 133, 192019.0, 5.178
4.698484299995471, 134, 192019.0, 5.178
4.281259900017176, 135, 192019.0, 5.178
3.6667125999811105, 136, 192019.0, 5.178
3.904619500011904, 137, 192019.0, 5.178
4.329083099990385, 138, 192019.0, 5.178
3.7783421000058297, 139, 192019.0, 5.178
3.68902610000805, 140, 192019.0, 5.178
3.8578782999829855, 141, 192019.0, 5.178
3.8120635999948718, 142, 192005.0, 5.170
4.505516400007764, 143, 192005.0, 5.170
4.119207899988396, 144, 191989.0, 5.161
4.363445599999977, 145, 191989.0, 5.161
3.509658399998443, 146, 191989.0, 5.161
4.294525999983307, 147, 191989.0, 5.161
4.388331800000742, 148, 191989.0, 5.161
5.05012379999971, 149, 191989.0, 5.161
3.437498899991624, 150, 191989.0, 5.161
3.6666526999906637, 151, 191989.0, 5.161
4.237001200002851, 152, 191989.0, 5.161
4.591703000012785, 153, 191989.0, 5.161
4.242217300023185, 154, 191965.0, 5.148
3.7441171999962535, 155, 191965.0, 5.148
4.7962846999871545, 156, 191886.0, 5.105
3.9851807999948505, 157, 191886.0, 5.105
4.93269070002134, 158, 191886.0, 5.105
4.678910400019959, 159, 191886.0, 5.105
4.528685800003586, 160, 191886.0, 5.105
3.851845700002741, 161, 191886.0, 5.105
3.715352700004587, 162, 191886.0, 5.105
4.347149999986868, 163, 191886.0, 5.105
4.707417199999327, 164, 191886.0, 5.105
3.781410199997481, 165, 191886.0, 5.105
4.104933000024175, 166, 191886.0, 5.105
4.800275499990676, 167, 191886.0, 5.105
3.877035999990767, 168, 191886.0, 5.105
4.725252900010673, 169, 191886.0, 5.105
3.8662826000072528, 170, 191886.0, 5.105
4.419593099999474, 171, 191886.0, 5.105
4.885256399982609, 172, 191886.0, 5.105
3.546518599992851, 173, 191886.0, 5.105
4.036240999994334, 174, 191886.0, 5.105
4.322519300010754, 175, 191886.0, 5.105
4.206525599991437, 176, 191886.0, 5.105
4.851231000007829, 177, 191886.0, 5.105
4.7240065000078175, 178, 191886.0, 5.105
3.9827825999818742, 179, 191886.0, 5.105
4.095594400016125, 180, 191886.0, 5.105
3.6574013000063132, 181, 191886.0, 5.105
4.591722500015749, 182, 191886.0, 5.105
4.468352500000037, 183, 191886.0, 5.105
3.991290999983903, 184, 191886.0, 5.105
3.5829260000027716, 185, 191886.0, 5.105
4.174415200017393, 186, 191886.0, 5.105
4.14993179999874, 187, 191886.0, 5.105
4.533716800011462, 188, 191886.0, 5.105
4.016420200001448, 189, 191886.0, 5.105
4.369116999994731, 190, 191886.0, 5.105
4.012819600000512, 191, 191886.0, 5.105
3.8781738999823574, 192, 191886.0, 5.105
3.657462300005136, 193, 191886.0, 5.105
3.921369899995625, 194, 191873.0, 5.098
4.003077199973632, 195, 191873.0, 5.098
3.6477259999956004, 196, 191873.0, 5.098
4.123890099988785, 197, 191802.0, 5.059
4.938797799986787, 198, 191802.0, 5.059
7.082219399977475, 199, 191786.0, 5.050
8.359856900002342, 200, 191786.0, 5.050
11.28183849999914, 201, 191786.0, 5.050
10.957710799993947, 202, 191669.0, 4.986
5.582361300010234, 203, 191669.0, 4.986
6.080502199998591, 204, 191669.0, 4.986
5.01446180001949, 205, 191669.0, 4.986
3.654070699994918, 206, 191669.0, 4.986
4.3872279999777675, 207, 191669.0, 4.986
4.319372300000396, 208, 191669.0, 4.986
3.8505667000135873, 209, 191669.0, 4.986
3.9399215999874286, 210, 191669.0, 4.986
3.5641685999871697, 211, 191669.0, 4.986
3.8834456000186037, 212, 191614.0, 4.956
6.144156400026986, 213, 191608.0, 4.953
7.666166900016833, 214, 191608.0, 4.953
8.58347490002052, 215, 191608.0, 4.953
10.239059099985752, 216, 191608.0, 4.953
13.204785399982939, 217, 191445.0, 4.863
13.275564100011252, 218, 191445.0, 4.863
12.838686000002781, 219, 191445.0, 4.863
14.227670299995225, 220, 191445.0, 4.863
8.313057899998967, 221, 191435.0, 4.858
4.484824199986178, 222, 191435.0, 4.858
5.239827299985336, 223, 191386.0, 4.831
5.405584499996621, 224, 191386.0, 4.831
5.279192499991041, 225, 191386.0, 4.831
4.517067399981897, 226, 191378.0, 4.827
4.700864999991609, 227, 191361.0, 4.817
7.670281300001079, 228, 191339.0, 4.805
9.150090800016187, 229, 191333.0, 4.802
8.210113300010562, 230, 191325.0, 4.798
8.21164759999374, 231, 191299.0, 4.783
8.062370400002692, 232, 191293.0, 4.780
8.065464300016174, 233, 191282.0, 4.774
6.587282699998468, 234, 191249.0, 4.756
5.067409899987979, 235, 191196.0, 4.727
4.846729499986395, 236, 191180.0, 4.718
7.060910500003956, 237, 191172.0, 4.714
5.386926299979677, 238, 191152.0, 4.703
4.968708700005664, 239, 191135.0, 4.694
5.436763100005919, 240, 191125.0, 4.688
5.434411500027636, 241, 191110.0, 4.680
5.139148200018099, 242, 191110.0, 4.680
6.409286100009922, 243, 191110.0, 4.680
8.57364780001808, 244, 191110.0, 4.680
7.1708929000014905, 245, 191110.0, 4.680
8.531104900001083, 246, 191110.0, 4.680
8.08050509999157, 247, 191101.0, 4.675
7.547278899990488, 248, 191101.0, 4.675
7.609861300006742, 249, 191101.0, 4.675
4.89867699999013, 250, 191101.0, 4.675
4.738190400006715, 251, 191101.0, 4.675
3.5322823000024073, 252, 191101.0, 4.675
3.9516599000198767, 253, 190995.0, 4.617
4.684211599989794, 254, 190995.0, 4.617
6.614263800001936, 255, 190995.0, 4.617
8.129620899999281, 256, 190995.0, 4.617
8.260323499998776, 257, 190995.0, 4.617
4.231346599990502, 258, 190995.0, 4.617
4.134338800009573, 259, 190995.0, 4.617
4.146269100019708, 260, 190995.0, 4.617
3.5155598999990616, 261, 190995.0, 4.617
4.608444099983899, 262, 190995.0, 4.617
4.068938000011258, 263, 190995.0, 4.617
3.7942667999886908, 264, 190995.0, 4.617
3.8407966000086162, 265, 190995.0, 4.617
3.6599734000046737, 266, 190995.0, 4.617
3.7504344999906607, 267, 190995.0, 4.617
4.2894532999780495, 268, 190995.0, 4.617
3.9174273000098765, 269, 190995.0, 4.617
4.234663199982606, 270, 190995.0, 4.617
4.508430999994744, 271, 190995.0, 4.617
4.008877299987944, 272, 190995.0, 4.617
3.7415170000167564, 273, 190995.0, 4.617
3.9370559999952093, 274, 190995.0, 4.617
4.053034099983051, 275, 190995.0, 4.617
4.35003429997596, 276, 190995.0, 4.617
4.32846150000114, 277, 190995.0, 4.617
4.455967599991709, 278, 190995.0, 4.617
4.487381699989783, 279, 190995.0, 4.617
3.9625642000173684, 280, 190995.0, 4.617
3.5154103999957442, 281, 190995.0, 4.617
4.730177700024797, 282, 190995.0, 4.617
4.71236730000237, 283, 190995.0, 4.617
5.0922875000105705, 284, 190995.0, 4.617
4.9331033999915235, 285, 190995.0, 4.617
5.119386200007284, 286, 190995.0, 4.617
3.3987608999887016, 287, 190995.0, 4.617
3.873874600016279, 288, 190995.0, 4.617
4.119996199995512, 289, 190995.0, 4.617
4.299559400009457, 290, 190995.0, 4.617
3.7379468999861274, 291, 190981.0, 4.609
4.2247560000105295, 292, 190981.0, 4.609
5.857500399986748, 293, 190981.0, 4.609
6.842289699998219, 294, 190981.0, 4.609
7.656830299994908, 295, 190981.0, 4.609
10.639221799996449, 296, 190833.0, 4.528
11.895950500009349, 297, 190833.0, 4.528
8.549207800009754, 298, 190817.0, 4.519
8.250142100005178, 299, 190816.0, 4.519
9.832534100016346, 300, 190780.0, 4.499
9.960275299992645, 301, 190714.0, 4.463
10.854371299996274, 302, 190714.0, 4.463
9.803292600001441, 303, 190711.0, 4.461
8.488228900008835, 304, 190671.0, 4.439
9.238081500021508, 305, 190671.0, 4.439
6.469773999997415, 306, 190652.0, 4.429
5.357288100000005, 307, 190652.0, 4.429
5.497479600016959, 308, 190642.0, 4.424
4.882543099985924, 309, 190592.0, 4.396
6.457938999985345, 310, 190590.0, 4.395
7.059573700011242, 311, 190587.0, 4.393
4.989498999988427, 312, 190564.0, 4.381
5.592550499975914, 313, 190564.0, 4.381
6.700103000010131, 314, 190561.0, 4.379
4.4193994999805, 315, 190561.0, 4.379
5.7442100000043865, 316, 190559.0, 4.378
4.98381619999418, 317, 190559.0, 4.378
4.555083500017645, 318, 190540.0, 4.368
4.348936499998672, 319, 190540.0, 4.368
4.047583100007614, 320, 190540.0, 4.368
3.8695133999863174, 321, 190540.0, 4.368
4.2170562999963295, 322, 190540.0, 4.368
4.530228099989472, 323, 190540.0, 4.368
3.9687984000192955, 324, 190540.0, 4.368
4.31233919999795, 325, 190540.0, 4.368
3.938593700004276, 326, 190540.0, 4.368
5.50867839998682, 327, 190540.0, 4.368
4.03148279999732, 328, 190540.0, 4.368
4.111367800011067, 329, 190497.0, 4.344
5.0662089999823365, 330, 190497.0, 4.344
5.813154000003124, 331, 190470.0, 4.329
4.854027900000801, 332, 190470.0, 4.329
4.169094700017013, 333, 190470.0, 4.329
4.217773599986685, 334, 190470.0, 4.329
4.538020399981178, 335, 190470.0, 4.329
3.7580129000125453, 336, 190470.0, 4.329
3.9556226000131574, 337, 190470.0, 4.329
4.649949800019385, 338, 190470.0, 4.329
4.14025599998422, 339, 190470.0, 4.329
4.055959099991014, 340, 190470.0, 4.329
4.2448741999978665, 341, 190470.0, 4.329
4.184114200004842, 342, 190452.0, 4.320
4.347571699996479, 343, 190452.0, 4.320
5.0414421999885235, 344, 190452.0, 4.320
4.599427800014382, 345, 190452.0, 4.320
3.9306489000155125, 346, 190452.0, 4.320
4.298336499981815, 347, 190452.0, 4.320
4.0988543999847025, 348, 190452.0, 4.320
4.771080100006657, 349, 190451.0, 4.319
4.500455200002762, 350, 190451.0, 4.319
4.967088699981105, 351, 190451.0, 4.319
4.139872700005071, 352, 190451.0, 4.319
3.789769900002284, 353, 190451.0, 4.319
4.416176800004905, 354, 190451.0, 4.319
4.248941400001058, 355, 190451.0, 4.319
4.329517099977238, 356, 190451.0, 4.319
3.9263878999918234, 357, 190451.0, 4.319
4.325885400001425, 358, 190451.0, 4.319
3.869396800000686, 359, 190451.0, 4.319
4.246446100005414, 360, 190451.0, 4.319
3.7677864000143018, 361, 190451.0, 4.319
4.214944800012745, 362, 190451.0, 4.319
4.476005600008648, 363, 190450.0, 4.318
4.078166999999667, 364, 190450.0, 4.318
4.223217999999179, 365, 190450.0, 4.318
4.446369700017385, 366, 190450.0, 4.318
4.260039499989944, 367, 190450.0, 4.318
4.345277099986561, 368, 190450.0, 4.318
4.22104610002134, 369, 190450.0, 4.318
4.663378899975214, 370, 190450.0, 4.318
3.7322055000113323, 371, 190450.0, 4.318
4.907772699982161, 372, 190450.0, 4.318
4.478276900015771, 373, 190437.0, 4.311
5.323807700013276, 374, 190437.0, 4.311
6.293213900004048, 375, 190437.0, 4.311
5.814307199994801, 376, 190410.0, 4.297
8.524714300001506, 377, 190387.0, 4.284
9.150660200015409, 378, 190387.0, 4.284
11.915305599977728, 379, 190387.0, 4.284
8.295037199975923, 380, 190387.0, 4.284
4.188821700023254, 381, 190360.0, 4.269
3.9678623000218067, 382, 190360.0, 4.269
4.67176450000261, 383, 190357.0, 4.267
4.343655200005742, 384, 190357.0, 4.267
4.268849500018405, 385, 190357.0, 4.267
3.7133781999873463, 386, 190357.0, 4.267
4.469520399987232, 387, 190357.0, 4.267
4.403545299981488, 388, 190357.0, 4.267
4.0001720000000205, 389, 190357.0, 4.267
4.051862199994503, 390, 190357.0, 4.267
4.137747800006764, 391, 190357.0, 4.267
4.717253999988316, 392, 190357.0, 4.267
4.98605080001289, 393, 190357.0, 4.267
3.9968139000120573, 394, 190357.0, 4.267
3.958288199995877, 395, 190333.0, 4.254
4.4612933000025805, 396, 190333.0, 4.254
4.501560100005008, 397, 190333.0, 4.254
4.014113400015049, 398, 190333.0, 4.254
4.191892300004838, 399, 190333.0, 4.254
5.295180799992522, 400, 190333.0, 4.254
4.053750699997181, 401, 190333.0, 4.254
4.53644890000578, 402, 190333.0, 4.254
4.575351800012868, 403, 190333.0, 4.254
5.558716200001072, 404, 190333.0, 4.254
5.252214500011178, 405, 190333.0, 4.254
5.39221190000535, 406, 190333.0, 4.254
3.7334176000149455, 407, 190333.0, 4.254
3.9061804999946617, 408, 190333.0, 4.254
4.591910500021186, 409, 190333.0, 4.254
3.8881158999865875, 410, 190333.0, 4.254
4.501819400000386, 411, 190333.0, 4.254
4.66482070001075, 412, 190333.0, 4.254
4.470709599991096, 413, 190333.0, 4.254
4.349376700003631, 414, 190333.0, 4.254
4.492439400026342, 415, 190333.0, 4.254
4.262303100025747, 416, 190333.0, 4.254
4.268046899989713, 417, 190333.0, 4.254
4.049925600003917, 418, 190329.0, 4.252
4.9769562000001315, 419, 190329.0, 4.252
5.8648596000275575, 420, 190268.0, 4.219
7.901396700006444, 421, 190268.0, 4.219
8.66276619999553, 422, 190266.0, 4.218
4.290401300007943, 423, 190266.0, 4.218
4.1716835999977775, 424, 190266.0, 4.218
4.59368550000363, 425, 190266.0, 4.218
3.9416060999792535, 426, 190266.0, 4.218
4.430708900006721, 427, 190266.0, 4.218
4.326190199994016, 428, 190266.0, 4.218
3.7640594000113197, 429, 190266.0, 4.218
4.0064756000065245, 430, 190266.0, 4.218
4.452692999999272, 431, 190266.0, 4.218
5.104262100008782, 432, 190266.0, 4.218
4.377205099997809, 433, 190266.0, 4.218
3.4354517000028864, 434, 190266.0, 4.218
4.113257099990733, 435, 190266.0, 4.218
4.601453500014031, 436, 190266.0, 4.218
4.108819500019308, 437, 190266.0, 4.218
4.215901499992469, 438, 190266.0, 4.218
5.356136599992169, 439, 190266.0, 4.218
4.183766000001924, 440, 190266.0, 4.218
5.319036300003063, 441, 190243.0, 4.205
3.943396999995457, 442, 190243.0, 4.205
4.199372300005052, 443, 190243.0, 4.205
5.5617309999943245, 444, 190218.0, 4.191
4.3728843000135385, 445, 190218.0, 4.191
4.26930220000213, 446, 190218.0, 4.191
3.8693258999846876, 447, 190218.0, 4.191
4.111683399998583, 448, 190218.0, 4.191
3.9394527999975253, 449, 190218.0, 4.191
4.139634099992691, 450, 190218.0, 4.191
4.282365999999456, 451, 190218.0, 4.191
4.640647499996703, 452, 190218.0, 4.191
5.199999800010119, 453, 190218.0, 4.191
4.499232500005746, 454, 190218.0, 4.191
3.6738135000050534, 455, 190218.0, 4.191
4.6494933999783825, 456, 190218.0, 4.191
4.030586900014896, 457, 190218.0, 4.191
4.080158600001596, 458, 190218.0, 4.191
4.322361099999398, 459, 190218.0, 4.191
4.577637100010179, 460, 190218.0, 4.191
3.7108696999785025, 461, 190218.0, 4.191
4.294917899998836, 462, 190218.0, 4.191
3.937624299986055, 463, 190218.0, 4.191
3.1684699000034016, 464, 190218.0, 4.191
4.465117400017334, 465, 190218.0, 4.191
3.638862899999367, 466, 190218.0, 4.191
4.219708199991146, 467, 190218.0, 4.191
4.411145299993223, 468, 190218.0, 4.191
3.8705142000108026, 469, 190218.0, 4.191
4.198721299995668, 470, 190218.0, 4.191
4.378362099989317, 471, 190218.0, 4.191
4.082332399993902, 472, 190218.0, 4.191
3.5875979000120424, 473, 190218.0, 4.191
5.168680899980245, 474, 190218.0, 4.191
4.176467899989802, 475, 190218.0, 4.191
4.141433100012364, 476, 190218.0, 4.191
4.156744699983392, 477, 190218.0, 4.191
5.012645899987547, 478, 190218.0, 4.191
4.530320699996082, 479, 190218.0, 4.191
4.782311000017216, 480, 190218.0, 4.191
4.510126799985301, 481, 190218.0, 4.191
4.263521100016078, 482, 190218.0, 4.191
3.845136799995089, 483, 190218.0, 4.191
4.003477299993392, 484, 190218.0, 4.191
4.045286800013855, 485, 190196.0, 4.179
3.882357199996477, 486, 190196.0, 4.179
4.360858100000769, 487, 190196.0, 4.179
4.156749199988553, 488, 190196.0, 4.179
3.5891349999874365, 489, 190196.0, 4.179
4.302149700000882, 490, 190196.0, 4.179
4.549441499984823, 491, 190196.0, 4.179
4.499627400015015, 492, 190196.0, 4.179
4.615902399993502, 493, 190196.0, 4.179
3.9277055999846198, 494, 190196.0, 4.179
4.118362200009869, 495, 190196.0, 4.179
4.033519599994179, 496, 190196.0, 4.179
3.5772353000065777, 497, 190196.0, 4.179
4.5774955000088084, 498, 190196.0, 4.179
4.44133289999445, 499, 190196.0, 4.179
4.228816399991047, 500, 190196.0, 4.179
4.214030400005868, 501, 190196.0, 4.179
4.157594399992377, 502, 190196.0, 4.179
4.817827400023816, 503, 190196.0, 4.179
4.082170400011819, 504, 190196.0, 4.179
4.160443000000669, 505, 190196.0, 4.179
3.793546699977014, 506, 190196.0, 4.179
4.099312799982727, 507, 190196.0, 4.179
4.451805000018794, 508, 190196.0, 4.179
4.218571200006409, 509, 190196.0, 4.179
4.5280242000008, 510, 190161.0, 4.160
4.624922899994999, 511, 190161.0, 4.160
5.235737000009976, 512, 190161.0, 4.160
5.010661499982234, 513, 190161.0, 4.160
4.240852899994934, 514, 190161.0, 4.160
4.571262800018303, 515, 190161.0, 4.160
4.10858709999593, 516, 190161.0, 4.160
5.0503395999839995, 517, 190115.0, 4.135
4.423306800017599, 518, 190115.0, 4.135
4.4403976000030525, 519, 190115.0, 4.135
5.566190999990795, 520, 190115.0, 4.135
4.524010299996007, 521, 190115.0, 4.135
4.578926400019554, 522, 190115.0, 4.135
4.224693500000285, 523, 190115.0, 4.135
4.584899400011636, 524, 190115.0, 4.135
4.524092699983157, 525, 190115.0, 4.135
4.53288590000011, 526, 190115.0, 4.135
5.141126900009112, 527, 190115.0, 4.135
4.0324763000244275, 528, 190115.0, 4.135
3.6230688000214286, 529, 190115.0, 4.135
4.483218899986241, 530, 190109.0, 4.132
3.8432605999987572, 531, 190090.0, 4.121
4.433511500013992, 532, 190090.0, 4.121
4.47580129999551, 533, 190090.0, 4.121
4.645599399984349, 534, 190090.0, 4.121
4.347678299993277, 535, 190090.0, 4.121
4.426878300000681, 536, 190090.0, 4.121
4.49893480000901, 537, 190090.0, 4.121
4.042303599999286, 538, 190090.0, 4.121
4.118493699992541, 539, 190090.0, 4.121
4.0772562000202015, 540, 190090.0, 4.121
3.881291300000157, 541, 190090.0, 4.121
4.575046599988127, 542, 190090.0, 4.121
4.286912400013534, 543, 190090.0, 4.121
4.163725599995814, 544, 190090.0, 4.121
4.122999000013806, 545, 190090.0, 4.121
4.081670599989593, 546, 190090.0, 4.121
3.682827400014503, 547, 190050.0, 4.099
3.830847300007008, 548, 190050.0, 4.099
4.109750800009351, 549, 190050.0, 4.099
3.846085099998163, 550, 190050.0, 4.099
5.1192436999990605, 551, 190050.0, 4.099
3.709176900010789, 552, 190050.0, 4.099
4.607353100000182, 553, 190050.0, 4.099
4.498115299997153, 554, 190050.0, 4.099
3.997363700007554, 555, 190050.0, 4.099
4.246185800002422, 556, 190050.0, 4.099
4.391432200005511, 557, 190050.0, 4.099
4.15834399999585, 558, 190050.0, 4.099
3.905959800002165, 559, 190050.0, 4.099
3.5923519999778364, 560, 190050.0, 4.099
4.227421599993249, 561, 190050.0, 4.099
4.358664300001692, 562, 190050.0, 4.099
4.273457700008294, 563, 190050.0, 4.099
3.93191330000991, 564, 190050.0, 4.099
3.6427425000001676, 565, 190050.0, 4.099
4.466485799988732, 566, 190049.0, 4.099
3.7132226999965496, 567, 190049.0, 4.099
4.595378199999686, 568, 190049.0, 4.099
4.6023315000056755, 569, 190045.0, 4.097
4.69729229999939, 570, 190045.0, 4.097
4.14212440000847, 571, 190045.0, 4.097
4.057039800012717, 572, 190037.0, 4.092
4.194082399975741, 573, 190037.0, 4.092
3.7491121999919415, 574, 190031.0, 4.089
4.4978066999756265, 575, 190031.0, 4.089
3.7743407000089064, 576, 190031.0, 4.089
4.216966600011801, 577, 189999.0, 4.071
4.287660900008632, 578, 189993.0, 4.068
4.857565700018313, 579, 189932.0, 4.035
6.16876780000166, 580, 189885.0, 4.009
5.942980699997861, 581, 189859.0, 3.995
6.226997199992184, 582, 189836.0, 3.982
6.363824100000784, 583, 189836.0, 3.982
5.234319199982565, 584, 189814.0, 3.970
7.342439900006866, 585, 189814.0, 3.970
3.7324917999794707, 586, 189779.0, 3.951
5.508554399973946, 587, 189779.0, 3.951
5.997097899991786, 588, 189774.0, 3.948
4.598213399993256, 589, 189747.0, 3.933
5.37825320000411, 590, 189720.0, 3.919
5.2273813000065275, 591, 189719.0, 3.918
4.976016700005857, 592, 189719.0, 3.918
4.153318900003796, 593, 189719.0, 3.918
4.138820399995893, 594, 189719.0, 3.918
4.141305199998897, 595, 189719.0, 3.918
4.360526600008598, 596, 189719.0, 3.918
3.900685499975225, 597, 189719.0, 3.918
3.6612067999958526, 598, 189719.0, 3.918
4.384595800016541, 599, 189719.0, 3.918
4.517528600001242, 600, 189719.0, 3.918
4.492131099977996, 601, 189719.0, 3.918
4.609788800007664, 602, 189719.0, 3.918
4.0935726999887265, 603, 189719.0, 3.918
4.624950800003717, 604, 189719.0, 3.918
4.205246099998476, 605, 189719.0, 3.918
3.7699277000210714, 606, 189719.0, 3.918
3.654359200008912, 607, 189719.0, 3.918
4.900363099994138, 608, 189719.0, 3.918
4.318703199998708, 609, 189719.0, 3.918
4.241574399988167, 610, 189719.0, 3.918
4.230958800006192, 611, 189719.0, 3.918
4.240035399998305, 612, 189719.0, 3.918
4.758381199993892, 613, 189719.0, 3.918
4.734740800020518, 614, 189719.0, 3.918
4.581384599994635, 615, 189719.0, 3.918
3.7037393000209704, 616, 189719.0, 3.918
3.8623558999970555, 617, 189719.0, 3.918
4.6992126000113785, 618, 189710.0, 3.913
4.955040200002259, 619, 189710.0, 3.913
5.852110100007849, 620, 189710.0, 3.913
9.194231699977536, 621, 189694.0, 3.904
11.028093000000808, 622, 189694.0, 3.904
9.6811061000044, 623, 189675.0, 3.894
9.083680099982303, 624, 189675.0, 3.894
7.4837539000145625, 625, 189675.0, 3.894
5.748109600011958, 626, 189600.0, 3.853
4.953980999998748, 627, 189536.0, 3.818
5.651878300006501, 628, 189536.0, 3.818
5.781714000011561, 629, 189516.0, 3.807
4.368730900023365, 630, 189516.0, 3.807
4.876043599972036, 631, 189516.0, 3.807
4.770431399985682, 632, 189512.0, 3.805
3.576233500003582, 633, 189512.0, 3.805
4.29462689999491, 634, 189479.0, 3.787
3.849368199997116, 635, 189479.0, 3.787
4.447286500013433, 636, 189479.0, 3.787
4.201591999997618, 637, 189479.0, 3.787
4.84370269998908, 638, 189479.0, 3.787
3.6599796000227798, 639, 189479.0, 3.787
3.9050289999868255, 640, 189479.0, 3.787
4.0897555999981705, 641, 189479.0, 3.787
4.074396100011654, 642, 189479.0, 3.787
3.975462399976095, 643, 189479.0, 3.787
4.1524274999974295, 644, 189479.0, 3.787
4.752737099974183, 645, 189450.0, 3.771
4.437540000013541, 646, 189450.0, 3.771
4.429567899991525, 647, 189450.0, 3.771
3.782963400008157, 648, 189450.0, 3.771
4.088741100014886, 649, 189450.0, 3.771
4.218920399987837, 650, 189450.0, 3.771
4.177737099991646, 651, 189450.0, 3.771
4.524984999996377, 652, 189450.0, 3.771
4.037101800000528, 653, 189450.0, 3.771
4.5394377000047825, 654, 189450.0, 3.771
5.578946399997221, 655, 189450.0, 3.771
4.331134999985807, 656, 189450.0, 3.771
4.154445599997416, 657, 189450.0, 3.771
4.012833700020565, 658, 189450.0, 3.771
4.095842699985951, 659, 189450.0, 3.771
3.965284799982328, 660, 189450.0, 3.771
3.9986631000065245, 661, 189450.0, 3.771
3.925034300016705, 662, 189450.0, 3.771
3.6677714999823365, 663, 189450.0, 3.771
4.1315740999998525, 664, 189450.0, 3.771
3.79595739999786, 665, 189450.0, 3.771
4.273583499976667, 666, 189450.0, 3.771
3.942864099983126, 667, 189450.0, 3.771
4.119926099985605, 668, 189450.0, 3.771
4.688121499988483, 669, 189450.0, 3.771
3.6822441999975126, 670, 189450.0, 3.771
3.875230100005865, 671, 189450.0, 3.771
4.516777400014689, 672, 189450.0, 3.771
4.407854999997653, 673, 189450.0, 3.771
4.722146299987799, 674, 189450.0, 3.771
4.419035500002792, 675, 189450.0, 3.771
3.6689025000086986, 676, 189450.0, 3.771
4.463816399977077, 677, 189450.0, 3.771
4.550591800012626, 678, 189450.0, 3.771
4.446980299981078, 679, 189450.0, 3.771
5.094933300017146, 680, 189398.0, 3.742
4.266660299996147, 681, 189398.0, 3.742
4.357147000002442, 682, 189398.0, 3.742
4.970557900000131, 683, 189377.0, 3.731
3.6679376999964006, 684, 189377.0, 3.731
3.7740124999836553, 685, 189377.0, 3.731
3.41574969998328, 686, 189377.0, 3.731
3.762895699997898, 687, 189377.0, 3.731
4.536711499997182, 688, 189377.0, 3.731
3.6967268000007607, 689, 189377.0, 3.731
4.168906799983233, 690, 189377.0, 3.731
3.788271099998383, 691, 189377.0, 3.731
4.101384000008693, 692, 189377.0, 3.731
4.336557500006165, 693, 189377.0, 3.731
4.294107900001109, 694, 189377.0, 3.731
4.298018300003605, 695, 189377.0, 3.731
3.977690200001234, 696, 189377.0, 3.731
4.609254600014538, 697, 189377.0, 3.731
3.8697008000162896, 698, 189377.0, 3.731
3.711773599992739, 699, 189377.0, 3.731
4.350799299980281, 700, 189377.0, 3.731
3.7048969000170473, 701, 189377.0, 3.731
4.0138414000102784, 702, 189377.0, 3.731
4.695590599993011, 703, 189377.0, 3.731
4.200385100004496, 704, 189377.0, 3.731
4.696906400000444, 705, 189377.0, 3.731
4.9391005000215955, 706, 189377.0, 3.731
4.224994700023672, 707, 189377.0, 3.731
3.9012120999977924, 708, 189377.0, 3.731
4.587935799994739, 709, 189377.0, 3.731
4.130619800009299, 710, 189377.0, 3.731
4.683930900006089, 711, 189377.0, 3.731
4.280368699983228, 712, 189357.0, 3.720
4.372664700000314, 713, 189350.0, 3.716
6.357587500009686, 714, 189350.0, 3.716
4.615477899991674, 715, 189350.0, 3.716
3.6818513000034727, 716, 189350.0, 3.716
4.420356199989328, 717, 189350.0, 3.716
3.800621999980649, 718, 189350.0, 3.716
4.466872799996054, 719, 189350.0, 3.716
4.149789999995846, 720, 189350.0, 3.716
4.468890099989949, 721, 189350.0, 3.716
3.830183800018858, 722, 189350.0, 3.716
4.619561100000283, 723, 189336.0, 3.708
3.913741000025766, 724, 189336.0, 3.708
5.16404160001548, 725, 189333.0, 3.707
3.758165100007318, 726, 189333.0, 3.707
3.7897693999984767, 727, 189333.0, 3.707
4.629672199982451, 728, 189333.0, 3.707
4.055611799994949, 729, 189333.0, 3.707
4.598970099992584, 730, 189333.0, 3.707
4.164941499999259, 731, 189333.0, 3.707
4.162939400004689, 732, 189333.0, 3.707
4.770830199995544, 733, 189333.0, 3.707
4.214035200013313, 734, 189333.0, 3.707
4.102615799987689, 735, 189333.0, 3.707
4.141600200004177, 736, 189333.0, 3.707
4.3288276999956, 737, 189333.0, 3.707
4.755614299996523, 738, 189333.0, 3.707
5.363656800007448, 739, 189333.0, 3.707
4.200067600002512, 740, 189333.0, 3.707
4.36451029998716, 741, 189333.0, 3.707
4.02669810000225, 742, 189333.0, 3.707
4.317186500004027, 743, 189333.0, 3.707
4.8427636999986134, 744, 189333.0, 3.707
4.042178400006378, 745, 189333.0, 3.707
3.9201241999980994, 746, 189333.0, 3.707
5.058815500000492, 747, 189333.0, 3.707
4.130664800002705, 748, 189333.0, 3.707
4.459250699990662, 749, 189333.0, 3.707
5.729917200020282, 750, 189333.0, 3.707
4.292512300016824, 751, 189333.0, 3.707
3.8864671000046656, 752, 189327.0, 3.703
4.038362999999663, 753, 189286.0, 3.681
5.292997300013667, 754, 189286.0, 3.681
4.611341200012248, 755, 189286.0, 3.681
3.9926315000047907, 756, 189286.0, 3.681
3.875538799999049, 757, 189286.0, 3.681
4.575647000019671, 758, 189286.0, 3.681
4.424727500008885, 759, 189286.0, 3.681
3.8460953000176232, 760, 189286.0, 3.681
3.649073300010059, 761, 189286.0, 3.681
4.79870930002653, 762, 189286.0, 3.681
4.006033199984813, 763, 189286.0, 3.681
4.451140599994687, 764, 189286.0, 3.681
4.186006600008113, 765, 189286.0, 3.681
4.626483400003053, 766, 189286.0, 3.681
4.025212500011548, 767, 189286.0, 3.681
5.017828699987149, 768, 189286.0, 3.681
4.686425099993357, 769, 189286.0, 3.681
4.438685700006317, 770, 189286.0, 3.681
3.735378999990644, 771, 189286.0, 3.681
4.85204359999625, 772, 189286.0, 3.681
4.470085200009635, 773, 189286.0, 3.681
4.187890000001062, 774, 189286.0, 3.681
3.855521300021792, 775, 189286.0, 3.681
4.734159899991937, 776, 189286.0, 3.681
4.613378899986856, 777, 189286.0, 3.681
4.29126629998791, 778, 189286.0, 3.681
4.390943499980494, 779, 189286.0, 3.681
4.0450090000231285, 780, 189286.0, 3.681
4.021319099992979, 781, 189286.0, 3.681
3.4453052999742795, 782, 189286.0, 3.681
3.7064053999783937, 783, 189286.0, 3.681
4.276332300010836, 784, 189286.0, 3.681
4.148672900017118, 785, 189286.0, 3.681
4.494850400020368, 786, 189286.0, 3.681
4.2494917000003625, 787, 189286.0, 3.681
4.313112000003457, 788, 189286.0, 3.681
4.252665999985766, 789, 189286.0, 3.681
3.570690199994715, 790, 189286.0, 3.681
4.451791200001026, 791, 189286.0, 3.681
4.875608900008956, 792, 189286.0, 3.681
4.109222900005989, 793, 189286.0, 3.681
3.82475020000129, 794, 189286.0, 3.681
4.187014099996304, 795, 189266.0, 3.670
4.443019500002265, 796, 189266.0, 3.670
4.7464522999944165, 797, 189266.0, 3.670
4.218100400001276, 798, 189266.0, 3.670
4.174683000019286, 799, 189266.0, 3.670
4.439981200004695, 800, 189266.0, 3.670
3.7076154999958817, 801, 189266.0, 3.670
3.968341599975247, 802, 189266.0, 3.670
4.243147400004091, 803, 189266.0, 3.670
4.1479724000091664, 804, 189266.0, 3.670
3.8590893000073265, 805, 189266.0, 3.670
3.9860303000023123, 806, 189266.0, 3.670
4.503063899988774, 807, 189266.0, 3.670
4.262403200002154, 808, 189266.0, 3.670
3.7011661999858916, 809, 189266.0, 3.670
4.451702600024873, 810, 189266.0, 3.670
4.129426100000273, 811, 189266.0, 3.670
3.588305700017372, 812, 189266.0, 3.670
4.166717200016137, 813, 189266.0, 3.670
4.207506000006106, 814, 189266.0, 3.670
3.9055447000137065, 815, 189266.0, 3.670
4.171251199994003, 816, 189266.0, 3.670
4.392875700024888, 817, 189266.0, 3.670
3.6055613000062294, 818, 189266.0, 3.670
4.280778900021687, 819, 189252.0, 3.662
3.8430593000084627, 820, 189252.0, 3.662
4.354877100005979, 821, 189252.0, 3.662
4.145971299993107, 822, 189252.0, 3.662
3.8354275000165217, 823, 189252.0, 3.662
4.443748999998206, 824, 189252.0, 3.662
4.655574400007026, 825, 189252.0, 3.662
4.276643099990906, 826, 189252.0, 3.662
4.122698199993465, 827, 189252.0, 3.662
4.459857899986673, 828, 189252.0, 3.662
4.259190800017677, 829, 189252.0, 3.662
4.451706899999408, 830, 189252.0, 3.662
4.723012100002961, 831, 189252.0, 3.662
3.525989700021455, 832, 189252.0, 3.662
4.733950699999696, 833, 189252.0, 3.662
4.515075400006026, 834, 189252.0, 3.662
4.264114499994321, 835, 189252.0, 3.662
4.314116900000954, 836, 189252.0, 3.662
4.692138700018404, 837, 189252.0, 3.662
4.7304671999881975, 838, 189252.0, 3.662
4.44907949998742, 839, 189252.0, 3.662
4.798240100004477, 840, 189252.0, 3.662
3.858527199976379, 841, 189252.0, 3.662
4.401728400000138, 842, 189252.0, 3.662
4.129613800003426, 843, 189252.0, 3.662
4.216855000006035, 844, 189252.0, 3.662
4.106844800000545, 845, 189252.0, 3.662
4.031868099991698, 846, 189252.0, 3.662
3.639409600000363, 847, 189252.0, 3.662
3.8587298000056762, 848, 189252.0, 3.662
3.667349600000307, 849, 189252.0, 3.662
4.617812699987553, 850, 189252.0, 3.662
4.156708599999547, 851, 189252.0, 3.662
4.248780299996724, 852, 189252.0, 3.662
4.053495500003919, 853, 189252.0, 3.662
4.336214199982351, 854, 189252.0, 3.662
4.068104400008451, 855, 189252.0, 3.662
3.8428936999989673, 856, 189242.0, 3.657
4.624409500014735, 857, 189242.0, 3.657
4.9601425000000745, 858, 189242.0, 3.657
4.579760300024645, 859, 189242.0, 3.657
4.03734519999125, 860, 189242.0, 3.657
4.085667799983639, 861, 189242.0, 3.657
4.105845699989004, 862, 189242.0, 3.657
4.010197199997492, 863, 189242.0, 3.657
4.3788213999941945, 864, 189242.0, 3.657
3.9066995000175666, 865, 189242.0, 3.657
4.045301800011657, 866, 189242.0, 3.657
3.940568899997743, 867, 189242.0, 3.657
4.475258999998914, 868, 189242.0, 3.657
5.440573500003666, 869, 189242.0, 3.657
3.952183799992781, 870, 189242.0, 3.657
3.9196557000104804, 871, 189242.0, 3.657
4.304318699985743, 872, 189242.0, 3.657
4.449077799974475, 873, 189242.0, 3.657
4.594604099984281, 874, 189242.0, 3.657
4.445558400009759, 875, 189242.0, 3.657
4.1858451000007335, 876, 189242.0, 3.657
4.320019999984652, 877, 189242.0, 3.657
4.9675029999925755, 878, 189242.0, 3.657
4.1187299999874085, 879, 189242.0, 3.657
4.358429499989143, 880, 189242.0, 3.657
3.885832500003744, 881, 189242.0, 3.657
4.396099400008097, 882, 189242.0, 3.657
5.171987200010335, 883, 189242.0, 3.657
4.750021999992896, 884, 189242.0, 3.657
4.284397799987346, 885, 189242.0, 3.657
4.4399283999809995, 886, 189242.0, 3.657
4.3684337999729905, 887, 189242.0, 3.657
3.8012059000029694, 888, 189242.0, 3.657
3.8237290999968536, 889, 189242.0, 3.657
4.806515600008424, 890, 189242.0, 3.657
4.191856200020993, 891, 189242.0, 3.657
5.138009899994358, 892, 189242.0, 3.657
3.7661454000044614, 893, 189242.0, 3.657
4.750334299984388, 894, 189242.0, 3.657
4.330444499995792, 895, 189242.0, 3.657
3.760897300002398, 896, 189242.0, 3.657
4.157023100007791, 897, 189242.0, 3.657
4.3051734999753535, 898, 189242.0, 3.657
4.454222900007153, 899, 189242.0, 3.657
4.232190799986711, 900, 189242.0, 3.657
4.0622772999922745, 901, 189242.0, 3.657
4.522105000010924, 902, 189242.0, 3.657
4.314447499986272, 903, 189242.0, 3.657
4.575158299994655, 904, 189242.0, 3.657
4.104380800010404, 905, 189242.0, 3.657
4.765873600001214, 906, 189242.0, 3.657

tour:
[4179 4200 4265 4248 4215 4198 4175 4155 4185 4183 4168 4145 4180 4218
 4227 4236 4241 4287 4312 4328 4344 4357 4363 4356 4360 4372 4386 4391
 4382 4370 4371 4387 4395 4407 4414 4432 4422 4419 4416 4393 4394 4408
 4420 4428 4426 4439 4442 4448 4444 4451 4441 4429 4424 4406 4412 4405
 4404 4389 4380 4385 4396 4397 4415 4418 4403 4410 4409 4421 4431 4437
 4447 4438 4435 4445 4446 4436 4423 4430 4443 4455 4457 4456 4458 4459
 4460 4440 4427 4411 4417 4413 4425 4433 4454 4449 4453 4452 4450 4434
 4400 4399 4398 4384 4392 4375 4402 4390 4367 4362 4345 4355 4339 4359
 4342 4368 4353 4378 4338 4314 4315 4350 4361 4373 4383 4388 4401 4369
 4374 4376 4366 4358 4340 4337 4347 4352 4332 4318 4320 4293 4285 4290
 4268 4251 4258 4253 4280 4323 4327 4331 4319 4297 4284 4283 4267 4282
 4266 4255 4247 4216 4208 4156 4122 4115 4088 4058 4033 4002 3927 3971
 3955 4011 4043 4099 4097 4071 4092 4070 4022 3969 3911 3878 3868 3880
 3820 3815 3802 3873 3841 3776 3716 3683 3684 3657 3675 3667 3710 3727
 3783 3794 3789 3748 3699 3642 3658 3579 3583 3626 3668 3648 3614 3555
 3537 3488 3518 3463 3500 3528 3571 3619 3674 3733 3773 3826 3798 3769
 3728 3742 3753 3792 3763 3719 3685 3680 3641 3593 3575 3543 3562 3610
 3503 3525 3492 3450 3414 3403 3387 3364 3345 3284 3353 3360 3311 3368
 3367 3294 3268 3225 3253 3177 3119 2979 2996 3062 3068 3092 3095 3157
 3159 3146 3178 3301 3289 3307 3261 3232 3202 3168 3139 3032 2965 2895
 2849 2830 2720 2668 2569 2622 2592 2527 2559 2471 2443 2498 2532 2548
 2604 2637 2651 2649 2696 2665 2681 2683 2745 2820 2836 2865 2913 2890
 2845 2785 2753 2714 2690 2749 2685 2746 2789 2838 2907 3025 3020 3094
 3099 3131 3217 3229 3184 3165 3133 3083 3049 2961 2982 2934 2971 3034
 3067 3093 3143 3158 3075 3024 3009 2952 2906 2778 2728 2674 2615 2631
 2563 2566 2482 2428 2403 2422 2418 2387 2355 2341 2304 2263 2264 2285
 2228 2158 2086 2050 2031 1932 1974 2079 2076 2092 2148 2222 2333 2316
 2326 2269 2209 2191 2131 2090 2012 2018 1965 1927 1887 1847 1880 1910
 1958 1993 1977 2026 2063 2062 2081 2002 2041 2153 2255 2240 2225 2173
 2205 2244 2265 2305 2390 2405 2436 2466 2526 2593 2536 2505 2484 2452
 2368 2347 2344 2311 2308 2416 2431 2411 2449 2444 2479 2495 2458 2437
 2487 2571 2572 2528 2575 2616 2659 2715 2782 2825 2839 2882 2885 2938
 2911 2942 3013 3124 3116 3100 3026 2972 2987 2915 2878 2873 2846 2831
 2784 2758 2786 2790 2686 2708 2666 2662 2618 2545 2543 2577 2516 2462
 2473 2555 2626 2660 2727 2763 2857 2779 2754 2862 2870 2973 2968 3037
 3056 3033 2963 2932 2879 2833 2847 2924 2909 2908 2859 2780 2767 2770
 2747 2687 2624 2609 2621 2652 2702 2630 2661 2645 2711 2709 2761 2815
 2864 2837 2935 3004 3010 3043 3081 3017 3142 3188 3204 3230 3198 3147
 3076 3096 3088 3209 3276 3267 3222 3290 3325 3302 3285 3218 3192 3172
 3170 3140 3084 3136 3186 3244 3265 3277 3369 3347 3433 3354 3422 3484
 3496 3557 3538 3506 3487 3475 3461 3408 3355 3317 3271 3214 3227 3182
 3117 3040 2953 2958 2875 2848 2866 2867 2936 2984 3079 3102 3030 2997
 2978 2926 2874 2920 2860 2803 2766 2794 2688 2721 2760 2804 2800 2732
 2717 2653 2619 2623 2573 2612 2675 2738 2667 2567 2517 2448 2409 2426
 2414 2521 2584 2587 2509 2456 2459 2343 2289 2300 2336 2223 2187 2150
 2071 2034 2054 1997 2067 2147 2101 2084 2151 2253 2219 2201 2232 2268
 2210 2215 2279 2331 2381 2361 2323 2318 2370 2427 2485 2501 2401 2383
 2345 2378 2359 2432 2438 2496 2564 2600 2627 2643 2606 2535 2578 2542
 2594 2663 2635 2705 2723 2816 2891 2886 2828 2826 2822 2729 2656 2672
 2706 2703 2677 2691 2629 2556 2530 2512 2522 2433 2392 2337 2386 2284
 2280 2314 2183 2184 2275 2306 2233 2189 2229 2170 2171 2096 2139 2193
 2324 2330 2351 2297 2356 2375 2395 2472 2477 2540 2601 2544 2502 2451
 2546 2588 2640 2669 2707 2774 2741 2772 2718 2678 2647 2646 2611 2524
 2468 2506 2412 2421 2408 2481 2557 2598 2617 2581 2682 2671 2742 2812
 2748 2821 2792 2730 2752 2781 2841 2869 2892 2950 2948 2916 2944 2980
 2871 2843 2805 2733 2731 2795 2853 2901 3005 3058 3038 2989 2991 3060
 3180 3148 3144 3128 3109 3086 3126 3169 3233 3250 3296 3319 3322 3240
 3269 3326 3401 3341 3342 3264 3279 3313 3297 3251 3226 3259 3318 3348
 3395 3431 3434 3466 3469 3497 3499 3546 3591 3643 3670 3703 3774 3839
 3875 3833 3849 3781 3665 3633 3744 3714 3759 3803 3853 3831 3777 3702
 3692 3669 3627 3548 3623 3572 3513 3457 3508 3556 3490 3449 3383 3376
 3333 3254 3258 3161 3193 3156 3246 3278 3329 3385 3357 3327 3291 3219
 3179 3115 3120 3134 3137 3103 3029 3044 2990 3006 3074 3129 3174 3189
 3166 3150 3104 3085 3054 3089 3057 2966 2930 2900 2858 2902 2921 2829
 2771 2809 2773 2868 2899 2898 2969 2928 3002 3069 3127 3073 3077 3028
 2954 2994 2962 2927 2946 3019 3070 3063 3105 3155 3205 3275 3263 3308
 3365 3411 3391 3394 3526 3599 3587 3635 3622 3681 3717 3761 3690 3646
 3596 3649 3615 3707 3729 3784 3811 3851 3888 3891 3829 3846 3869 3860
 3883 3928 3887 3961 3948 4007 4044 4054 4015 3988 3999 3923 3897 3894
 3934 3994 4045 4061 4063 4111 4149 4186 4177 4135 4086 4161 4172 4146
 4140 4148 4173 4192 4230 4222 4228 4249 4226 4217 4214 4263 4261 4242
 4257 4294 4316 4326 4301 4308 4321 4298 4311 4305 4291 4269 4256 4221
 4235 4271 4278 4259 4238 4190 4162 4187 4223 4264 4288 4250 4234 4203
 4171 4169 4116 4142 4134 4083 4094 4062 4038 4010 3980 4026 4065 4013
 3962 3905 3857 3914 3864 3842 3889 3812 3836 3865 3920 3956 3944 3919
 3964 4005 4055 4105 4137 4143 4181 4219 4199 4224 4245 4273 4252 4229
 4205 4176 4132 4100 4120 4107 4078 4037 3977 3949 3965 3929 4004 4003
 3925 3902 3940 3979 4027 4064 4098 4081 4126 4130 4131 4136 4188 4209
 4231 4260 4239 4243 4299 4313 4336 4354 4348 4325 4302 4324 4310 4286
 4306 4307 4309 4349 4335 4364 4343 4351 4341 4379 4377 4381 4365 4334
 4330 4317 4289 4329 4333 4346 4322 4303 4281 4246 4279 4300 4295 4277
 4275 4233 4232 4262 4244 4272 4292 4304 4296 4274 4276 4270 4237 4207
 4193 4158 4150 4163 4196 4154 4118 4079 4128 4073 4102 4113 4159 4194
 4184 4170 4124 4085 4057 4032 3986 3915 3848 3795 3813 3745 3734 3775
 3840 3843 3866 3893 3950 3978 4095 4127 4174 4197 4206 4157 4133 4123
 4166 4178 4210 4211 4220 4204 4195 4147 4117 4091 4069 4034 4039 3995
 3952 3932 3975 4056 4084 4075 4041 4012 3985 3957 3953 3938 3921 3879
 3834 3838 3799 3757 3695 3708 3706 3738 3767 3689 3647 3613 3569 3527
 3564 3584 3524 3489 3504 3519 3533 3514 3471 3441 3512 3592 3603 3636
 3653 3711 3652 3663 3585 3563 3521 3516 3472 3473 3409 3421 3436 3416
 3464 3479 3498 3573 3558 3616 3672 3655 3624 3660 3720 3704 3661 3739
 3751 3790 3830 3898 3924 3981 4023 3951 3946 3918 3852 3787 3758 3861
 3858 3899 3970 3997 4049 4030 3982 3987 3990 4046 4089 4087 4152 4167
 4189 4201 4240 4254 4225 4213 4212 4191 4164 4114 4066 4076 4129 4093
 4060 4035 4018 3992 3963 3935 3892 3863 3884 3930 3958 3972 3903 3867
 3845 3828 3805 3827 3816 3850 3885 3917 3926 4000 3973 3966 3936 3939
 4036 4067 4074 4040 4047 4048 4138 4151 4101 4050 4121 4080 4110 4108
 4068 4104 4051 4042 4024 3976 3991 3984 3916 3904 3900 3906 3837 3870
 3847 3832 3793 3766 3735 3679 3638 3589 3494 3448 3418 3380 3286 3373
 3400 3356 3352 3419 3374 3375 3335 3300 3281 3171 3176 3160 3145 3078
 3036 3091 3141 3185 3220 3242 3303 3337 3252 3114 3048 2888 2975 2951
 2986 3053 3000 2967 2897 2856 2713 2716 2698 2808 2814 2818 2835 2894
 2941 2999 2947 2937 2840 2863 2923 3011 3015 2995 3018 2929 2817 2855
 2880 2970 3027 3046 3162 3228 3200 3151 3031 3108 3154 3237 3173 3194
 3113 3039 3042 3047 3122 3181 3223 3216 3256 3314 3389 3361 3427 3458
 3532 3560 3609 3671 3654 3712 3678 3605 3483 3426 3452 3510 3552 3502
 3447 3435 3336 3338 3344 3393 3446 3486 3522 3536 3480 3399 3305 3358
 3425 3429 3388 3331 3270 3190 3208 3245 3164 3121 3080 3098 3197 3191
 3248 3234 3167 3153 3072 3023 2977 2884 2904 2877 2939 3066 2993 2922
 2919 2949 2905 2933 2940 2887 2861 2736 2807 2810 2852 2793 2824 2827
 2751 2710 2670 2664 2689 2673 2725 2719 2756 2695 2644 2523 2558 2560
 2514 2447 2534 2582 2591 2553 2492 2470 2539 2465 2547 2550 2490 2486
 2429 2457 2379 2328 2248 2287 2207 2178 2162 2127 2049 1922 1918 1941
 1968 1903 1930 1896 1825 1733 1753 1675 1618 1556 1479 1499 1573 1681
 1739 1794 1846 1909 1956 1926 1995 2103 2112 2114 2040 2167 2257 2241
 2261 2339 2335 2346 2310 2195 2176 2100 2023 2059 2056 2137 2227 2282
 2369 2372 2435 2549 2602 2562 2500 2442 2513 2597 2648 2697 2701 2744
 2765 2712 2642 2590 2552 2494 2461 2419 2464 2574 2580 2533 2504 2454
 2511 2585 2605 2655 2639 2641 2596 2614 2693 2735 2694 2650 2638 2589
 2469 2425 2446 2518 2474 2440 2394 2237 2277 2332 2260 2206 2144 2025
 1929 1857 1936 2015 2039 2130 2030 2099 2045 1949 1912 1831 1843 1810
 1701 1635 1637 1691 1731 1771 1789 1760 1842 1902 1924 1998 2010 2088
 2133 2111 2115 2117 2038 1967 1946 1907 1933 1961 1962 1892 1855 1786
 1783 1819 1869 1798 1741 1706 1674 1735 1621 1568 1523 1536 1579 1592
 1646 1759 1756 1754 1838 1856 1833 1770 1672 1723 1684 1575 1588 1678
 1616 1566 1455 1409 1424 1486 1515 1648 1697 1773 1784 1728 1685 1595
 1577 1503 1452 1456 1458 1442 1338 1332 1329 1275 1302 1395 1391 1333
 1308 1264 1240 1303 1342 1347 1372 1495 1540 1600 1692 1709 1743 1781
 1778 1807 1906 1950 1942 2060 2116 2224 2353 2399 2292 2213 2249 2307
 2377 2404 2340 2320 2317 2315 2258 2197 2254 2252 2267 2128 2134 2073
 1940 1920 1879 1973 2024 2078 2141 2172 2243 2177 2146 2069 2005 1957
 1882 1742 1816 1750 1787 1698 1625 1633 1550 1500 1498 1440 1465 1450
 1360 1288 1187 1117 1059 1018 1045 1123 1202 1167 1252 1209 1154 1175
 1242 1201 1220 1222 1129 1127 1068 1094 1056 1074  994  878  877  836
  924  960  945 1019  949  856  772  693  664  634  538  510  437  399
  442  530  529  619  594  669  685  791  816  835  841  904  920  971
 1007 1051 1011 1031  982 1067 1142 1098 1146 1199 1232 1276 1352 1380
 1482 1488 1471 1551 1569 1602 1528 1478 1439 1385 1292 1251 1206 1132
 1054  997 1001 1002 1063 1173 1214 1215 1249 1311 1287 1337 1341 1426
 1432 1436 1374 1306 1295 1255 1192 1143 1100 1070  990 1022  932  871
  788  806  840  903  923 1010 1000 1082 1119 1189 1186 1166 1163 1086
 1006  935  862  794  858  914  942  907  870  786  784  708  674  601
  583  625  661  609  742  733  767  895  888  906  854  823  771  740
  675  630  602  541  540  468  423  357  358  323  286  303  343  379
  414  440  431  430  495  533  549  481  502  483  452  413  362  353
  317  276  258  228  260  326  281  332  386  402  364  457  454  407
  385  348  383  465  444  496  493  527  574  558  618  680  728  761
  789  766  671  581  569  632  571  509  577  636  697  700  622  592
  591  513  462  433  405  451  464  491  551  573  612  580  645  689
  705  765  833  818  754  867  891  941  959 1013 1039 1113 1089 1105
 1091 1137 1141 1213 1241 1274 1305 1230 1144 1102 1040 1076 1118 1062
 1043  999  958  940  884  929  890  812  778  810  775  713  701  720
  704  662  735  780  797  863  952  984 1047 1097 1121 1157 1195 1246
 1349 1389 1346 1262 1259 1271 1318 1250 1309 1355 1390 1411 1370 1343
 1325 1323 1237 1205 1219 1284 1336 1441 1422 1485 1546 1608 1650 1594
 1652 1542 1558 1587 1695 1658 1727 1745 1738 1809 1867 1886 1890 1803
 1804 1861 1864 1972 1966 2016 1987 2072 2110 2053 2007 1955 1908 1970
 2017 2136 2194 2107 2048 2083 2155 2199 2217 2251 2325 2397 2366 2281
 2259 2319 2338 2247 2303 2309 2276 2296 2226 2142 2082 2087 2190 2360
 2415 2376 2396 2441 2463 2538 2599 2565 2568 2636 2634 2632 2676 2613
 2610 2483 2570 2654 2633 2561 2478 2497 2460 2595 2625 2551 2537 2489
 2434 2402 2503 2499 2603 2579 2576 2628 2692 2734 2777 2823 2806 2759
 2679 2684 2724 2775 2854 2917 2931 2912 2910 2959 2955 2883 2918 2985
 3071 3111 3090 3055 3052 3012 2956 2998 2964 2893 2851 2832 2740 2737
 2802 2799 2791 2788 2743 2700 2783 2876 2889 2960 3014 3065 3107 3112
 3007 3059 3123 3187 3183 3132 3196 3260 3304 3340 3293 3247 3210 3238
 3213 3255 3320 3349 3405 3478 3468 3509 3534 3443 3424 3417 3351 3334
 3392 3412 3465 3535 3547 3581 3620 3637 3677 3694 3586 3630 3644 3705
 3765 3779 3780 3822 3772 3747 3701 3598 3553 3507 3632 3588 3574 3544
 3549 3608 3686 3764 3817 3874 3876 3855 3913 3937 3947 3907 3890 3872
 3814 3785 3760 3697 3743 3754 3709 3737 3791 3835 3877 3941 3983 3960
 4006 4019 4028 4001 3943 3871 3931 4014 3989 3933 3993 3968 3912 3819
 3782 3770 3732 3715 3750 3778 3808 3810 3821 3800 3786 3762 3718 3722
 3749 3807 3768 3723 3629 3567 3597 3595 3580 3501 3505 3442 3343 3423
 3453 3379 3420 3396 3491 3540 3590 3601 3676 3730 3725 3664 3565 3594
 3607 3656 3617 3541 3531 3439 3467 3493 3568 3550 3611 3662 3724 3700
 3688 3625 3639 3682 3731 3746 3788 3844 3804 3824 3797 3796 3726 3740
 3650 3631 3634 3604 3529 3485 3462 3476 3445 3370 3295 3299 3241 3195
 3175 3236 3292 3362 3384 3440 3451 3398 3323 3273 3239 3215 3118 3163
 3087 3003 3022 3041 2976 2872 2881 2798 2801 2768 2834 2722 2819 2764
 2797 2796 2750 2755 2842 2903 2896 2914 2945 2981 3050 3082 3101 3106
 3064 3110 3152 3207 3203 3309 3312 3366 3315 3298 3287 3199 3130 3097
 3021 3008 2974 3045 2992 3051 2943 2850 2813 2762 2657 2608 2525 2491
 2453 2410 2357 2367 2298 2221 2291 2212 2196 2154 2098 2143 2230 2160
 2085 1978 2052 2029 2109 2011 1984 1939 1928 1889 1894 1919 1945 2019
 2047 1952 1901 1982 2009 2033 1999 2055 2094 2058 2022 2140 2122 2066
 2027 1931 1923 2089 2113 2182 2220 2350 2364 2365 2420 2480 2519 2583
 2607 2510 2467 2388 2374 2493 2515 2476 2424 2384 2352 2295 2313 2327
 2302 2204 2102 2157 2044 2057 2075 2014 1943 1854 1815 1726 1730 1694
 1640 1598 1611 1563 1520 1467 1447 1404 1481 1354 1335 1315 1321 1273
 1211 1058  963  966  855  866  839  755  699  696  707  752  724  688
  649  623  593  532  667  717  814  893  917  956 1071 1101 1005 1021
  968 1015 1108 1181 1245 1345 1388 1435 1454 1508 1541 1557 1584 1624
 1572 1574 1627 1682 1808 1839 1878 1944 1874 1925 1850 1767 1711 1785
 1715 1661 1655 1578 1668 1630 1683 1716 1713 1620 1644 1657 1708 1769
 1818 1885 1848 1845 1780 1671 1700 1649 1610 1590 1531 1449 1364 1429
 1521 1539 1510 1475 1402 1463 1559 1516 1492 1448 1362 1322 1268 1294
 1229 1239 1188 1134 1112 1053 1036  993 1008  961  926  883  843  801
  753  654  629  600  588  555  508  473  428  408  467  566  567  627
  624  557  518  497  463  404  382  335  361  417  460  443  480  522
  504  568  576  516  531  545  610  660  644  684  746  762  845  860
  783  690  695  570  599  607  639  668  719  809  829  847  782  749
  672  648  611  587  651  694  665  606  477  381  346  283  285  267
  288  322  325  271  293  308  329  354  351  377  398  426  375  371
  435  482  521  565  547  578  621  643  722  764  828  790  822  759
  739  819  879  882  913  944  974  957  970  919  934  988  948  911
 1003  981  908  805  865  899  938 1024  973  978 1079 1106 1156 1120
 1095 1083 1099 1111 1035 1038 1055 1042 1032 1020 1069 1109 1198 1247
 1330 1377 1437 1410 1518 1533 1501 1544 1462 1497 1567 1613 1656 1690
 1768 1813 1704 1626 1549 1494 1487 1446 1405 1369 1413 1416 1353 1359
 1396 1368 1367 1327 1304 1272 1191 1155 1153 1208 1253 1244 1180 1178
 1228 1320 1269 1223 1233 1204 1150 1182 1283 1310 1357 1348 1328 1431
 1496 1477 1555 1606 1645 1699 1793 1863 1877 1899 1980 2028 2135 2208
 2211 2216 2152 2202 2156 2125 2126 2180 2106 2068 1991 2003 1948 2021
 2037 1964 1917 1853 1893 1824 1734 1732 1604 1619 1607 1647 1609 1562
 1632 1703 1724 1812 1881 1884 1983 1938 2000 1971 1873 1820 1776 1795
 1758 1722 1688 1689 1714 1643 1570 1525 1529 1502 1483 1403 1419 1461
 1394 1331 1373 1344 1265 1243 1258 1226 1270 1324 1407 1493 1434 1504
 1565 1537 1560 1623 1617 1660 1749 1639 1580 1554 1514 1484 1444 1382
 1301 1236 1170 1183 1103 1073 1037 1078 1017 1096 1162 1087 1050 1052
  998  905  910  894  825  744  732  758  633  575  589  656  658  681
  703  748  727  710  679  730  638  608  528  492  438  397  384  394
  449  470  525  552  586  650  628  563  546  489  456  374  406  450
  501  523  564  562  596  659  745  683  647  726  750  781  850  898
  916  969  987  930  965  977  881  808  853  902  992  933  834  769
  711  706  653  590  512  539  503  485  439  459  461  388  356  301
  313  339  344  319  299  312  291  277  248  243  226  201  169  155
  171  141  157  176  188  179  189  173  166  149  150  158  127  117
   98   87   78  104  125  135  133  122  120   97   84   67   57   36
   37   15    4    3    0    9   12   24   22   11    6   13   33   34
   46   40   52   74  103  107  121  102   82   60   49   71   94  110
  111  145  170  162  163  164  181  165  152  154  156  129  119  109
   93   79   80   76   95   72   62   83   92   68   58   56   35   23
   20    8   17   21   31   41   43   32   25   19   14    7   16    5
    1    2   10   18   30   38   28   39   47   53   42   50   51   44
   26   27   29   54   48   63   55   73   85   91  108  116  130  123
   96   89  112  100   99   81   65   69   64   86   90   77   66   45
   61   59   70   75   88  105  126  115  143  148  151  153  160  159
  140  118  101  113  114  106  124  142  134  136  132  144  137  128
  139  146  131  147  167  205  196  214  252  282  315  279  305  359
  410  475  484  469  448  434  403  420  419  355  366  341  307  280
  294  278  239  253  265  269  237  238  250  230  194  177  184  183
  200  207  211  199  198  197  174  180  185  213  227  247  246  235
  224  212  217  241  216  206  203  215  187  193  191  223  219  225
  259  290  257  256  298  266  222  204  195  220  244  240  263  331
  352  327  306  292  270  236  209  190  182  210  233  221  251  272
  273  245  275  311  334  324  360  396  401  390  370  347  376  338
  342  330  295  262  264  309  284  310  318  336  337  395  411  424
  393  392  380  415  412  455  425  422  466  445  519  561  641  655
  731  718  777  824  874  846  851  864  803  807  760  714  741  736
  692  635  605  631  584  524  507  526  543  488  479  490  550  535
  505  472  458  511  554  585  604  615  666  620  716  712  757  821
  827  889  939  979  964 1004  915  876  921  954  991 1025  975  869
  802  820  798  770  737  792  747  670  642  579  517  520  499  537
  598  597  663  673  678  614  613  637  702  715  774  773  826  779
  817  795  837  785  725  686  646  676  603  572  536  534  498  548
  559  478  432  418  446  421  436  427  373  369  321  300  255  242
  268  289  302  378  363  340  328  297  296  261  249  229  208  218
  192  178  168  138  175  161  172  186  202  231  232  234  254  274
  287  304  349  409  471  453  372  320  333  367  389  387  400  441
  486  506  542  556  617  657  698  729  756  844  811  831  830  873
  931  943  868  900  861  918  859  857  912  967  983 1014 1077 1080
 1061 1092 1135 1171 1116 1114 1128 1110 1085 1064 1090 1012 1009 1029
 1026  922  852  848  793  768  691  687  640  721  734  776  815  872
  896  936  950  946 1033 1065 1060  962  885  925  976  972  953  947
 1046 1048 1088 1130 1169 1248 1281 1279 1196 1107 1176 1260 1293 1366
 1387 1415 1392 1313 1267 1339 1383 1420 1466 1527 1476 1473 1538 1535
 1491 1451 1421 1384 1316 1379 1375 1474 1524 1552 1636 1654 1702 1725
 1748 1752 1788 1835 1872 1834 1800 1868 1915 1960 2008 2006 2065 2175
 2246 2271 2301 2373 2413 2371 2321 2242 2174 2120 2080 2046 1975 1954
 1911 1844 1811 1792 1841 1860 1775 1757 1693 1581 1583 1586 1571 1667
 1629 1576 1547 1519 1469 1398 1425 1445 1417 1480 1513 1509 1457 1400
 1376 1393 1358 1317 1314 1285 1235 1185 1207 1172 1177 1227 1278 1159
 1084  985  951  937  989  995 1023 1049 1027 1075 1104 1200 1217 1184
 1210 1133 1081 1044 1041 1030  980  928  886  787  880  838  796  751
  738  709  677  652  616  544  514  494  474  487  553  500  447  391
  368  345  316  314  350  365  416  429  476  515  560  595  582  626
  682  723  763  743  813  832  875  892  909  887  842  804  800  799
  849  897  901  927 1016 1057 1131 1115 1072 1028  996  955  986 1034
 1066 1093 1136 1152 1168 1221 1286 1290 1291 1225 1190 1140 1122 1125
 1145 1147 1165 1218 1197 1194 1261 1296 1397 1428 1470 1507 1564 1612
 1673 1651 1591 1605 1662 1665 1737 1763 1797 1830 1828 1898 1876 1904
 1836 1822 1801 1766 1883 1916 1935 1937 2001 2036 2077 2121 2097 2061
 2043 1976 1979 1914 1849 1888 1963 1989 2035 2032 2129 2149 2186 2239
 2272 2290 2278 2349 2400 2450 2445 2475 2531 2541 2520 2488 2508 2455
 2439 2417 2407 2329 2274 2238 2163 2166 2168 2169 2200 2159 2095 2013
 1969 1921 2004 2051 2145 2132 2179 2165 2185 2256 2294 2312 2273 2270
 2250 2266 2231 2262 2283 2348 2423 2389 2358 2342 2362 2380 2406 2382
 2334 2299 2354 2391 2322 2288 2245 2188 2192 2108 2070 1985 1994 1953
 1990 2064 2119 2020 2042 2093 2074 1986 1996 1992 1981 1959 1934 1871
 1852 1817 1782 1744 1765 1814 1829 1900 1862 1806 1777 1720 1680 1585
 1664 1631 1634 1638 1710 1676 1582 1622 1589 1628 1548 1517 1468 1408
 1427 1363 1326 1277 1212 1174 1139 1158 1124 1149 1151 1224 1193 1138
 1179 1161 1164 1231 1266 1282 1299 1297 1386 1430 1490 1406 1340 1319
 1289 1234 1300 1378 1381 1423 1459 1460 1399 1412 1433 1472 1506 1543
 1526 1530 1532 1534 1522 1614 1653 1593 1666 1718 1679 1696 1747 1642
 1615 1599 1597 1670 1687 1762 1719 1755 1823 1772 1802 1858 1891 1895
 1866 1913 1870 1859 1905 1840 1791 1721 1705 1779 1799 1746 1712 1677
 1641 1553 1512 1438 1351 1334 1356 1254 1256 1257 1263 1216 1160 1126
 1148 1203 1238 1312 1298 1280 1307 1350 1371 1365 1361 1464 1545 1489
 1453 1414 1401 1418 1443 1511 1505 1561 1596 1601 1603 1659 1729 1707
 1669 1686 1663 1717 1736 1774 1821 1826 1865 1827 1796 1740 1761 1764
 1832 1851 1837 1751 1790 1805 1875 1897 1951 1947 1988 2091 2105 2164
 2181 2235 2236 2293 2198 2138 2118 2123 2124 2104 2161 2218 2214 2234
 2203 2286 2385 2398 2363 2393 2430 2507 2529 2554 2658 2586 2620 2680
 2699 2739 2757 2769 2844 2811 2787 2704 2726 2776 2988 3035 2983 2925
 2957 3001 3016 3061 3125 3135 3149 3201 3243 3288 3377 3282 3211 3224
 3231 3266 3328 3306 3324 3272 3257 3212 3235 3280 3330 3386 3430 3474
 3444 3413 3371 3332 3350 3378 3359 3437 3454 3410 3470 3477 3390 3432
 3539 3520 3517 3576 3621 3618 3542 3511 3481 3523 3554 3600 3628 3691
 3809 3741 3696 3771 3825 3823 3862 3881 3859 3856 3922 3895 3854 3818
 3806 3752 3721 3736 3687 3582 3545 3577 3606 3640 3659 3698 3713 3673
 3666 3602 3570 3530 3459 3460 3455 3381 3397 3406 3482 3415 3346 3283
 3249 3206 3138 3221 3262 3274 3321 3316 3372 3404 3407 3438 3382 3339
 3310 3363 3402 3428 3456 3495 3559 3578 3515 3561 3645 3551 3566 3612
 3651 3693 3755 3756 3801 3908 3886 3882 3959 3974 4017 4008 3967 3996
 4025 4096 4077 4139 4182 4202 4160 4153 4144 4106 4059 4052 4053 4031
 4029 3998 3954 3942 3901 3896 3910 3909 3945 4016 4009 4020 4021 4072
 4109 4090 4125 4119 4082 4103 4112 4141 4165]

eliteFit: 189242.0
percentError: 3.6567597471599314
computationTime: 4800.431s