instanceName: eil51
n: 51
optFit: 426

genTime, gen, eliteFit, percentError:
9.499999578110874e-05, 0, 1388.0, 225.822
0.0012133999989600852, 1, 435.0, 2.113
0.0009658000053605065, 2, 432.0, 1.408
0.0010614000057103112, 3, 430.0, 0.939
0.0007849999965401366, 4, 428.0, 0.469
0.0006980000034673139, 5, 428.0, 0.469
0.0007035000016912818, 6, 428.0, 0.469
0.0006352000054903328, 7, 427.0, 0.235
0.0007448000105796382, 8, 427.0, 0.235
0.0006913999968674034, 9, 427.0, 0.235
0.0005742999928770587, 10, 427.0, 0.235
0.0004606000002240762, 11, 426.0, 0.000

tour:
[45 50 26  5 47 22  6 42 23 13 24 12 40 18 39 41 43 14 44 32 38  9 48  8
 29 33 49 15 20 28  1 19 34 35  2 27 30 25  7 21  0 31 10 37  4 36 16  3
 17 46 11]

eliteFit: 426.0
percentError: 0.0
computationTime: 0.015s