instanceName: d1655
n: 1655
optFit: 62128

genTime, gen, eliteFit, percentError:
0.0019050999981118366, 0, 2112039.0, 3299.496
1.92206540000916, 1, 69740.0, 12.252
1.1899829000030877, 2, 69113.0, 11.243
1.047039400000358, 3, 68406.0, 10.105
1.065419299993664, 4, 67759.0, 9.064
1.0987668000016129, 5, 67530.0, 8.695
1.1317640000052052, 6, 66969.0, 7.792
1.0606535999977496, 7, 66607.0, 7.209
1.1116229000035673, 8, 66542.0, 7.105
1.0495731999981217, 9, 66468.0, 6.986
1.0404397999955108, 10, 66149.0, 6.472
0.9247345000039786, 11, 65647.0, 5.664
0.8498349000001326, 12, 65647.0, 5.664
0.8942784999962896, 13, 65647.0, 5.664
0.7880549000110477, 14, 65555.0, 5.516
0.4841774000087753, 15, 65363.0, 5.207
0.46809289998782333, 16, 65341.0, 5.172
0.5075229000067338, 17, 65176.0, 4.906
0.4610189000086393, 18, 65164.0, 4.887
0.5055074999982025, 19, 65054.0, 4.710
0.5746999000111828, 20, 64991.0, 4.608
0.5009596000018064, 21, 64949.0, 4.541
0.506254700012505, 22, 64831.0, 4.351
0.4383861000096658, 23, 64736.0, 4.198
0.4829265000007581, 24, 64698.0, 4.137
0.5713588999933563, 25, 64644.0, 4.050
0.6870839000039268, 26, 64564.0, 3.921
0.7134698000008939, 27, 64499.0, 3.816
0.6386691000079736, 28, 64438.0, 3.718
0.6157776000036392, 29, 64343.0, 3.565
0.6081455000094138, 30, 64286.0, 3.473
0.5445632000046317, 31, 64231.0, 3.385
0.4248195999971358, 32, 64211.0, 3.353
0.413474100001622, 33, 64149.0, 3.253
0.3676321000093594, 34, 64033.0, 3.066
0.34777150000445545, 35, 63937.0, 2.912
0.45034389999636915, 36, 63910.0, 2.868
0.35095629999705125, 37, 63892.0, 2.839
0.3315691999887349, 38, 63861.0, 2.789
0.27710369999113027, 39, 63861.0, 2.789
0.27146319999883417, 40, 63828.0, 2.736
0.32310799999686424, 41, 63828.0, 2.736
0.3058210000017425, 42, 63828.0, 2.736
0.2919906000024639, 43, 63828.0, 2.736
0.2873441000119783, 44, 63828.0, 2.736
0.3001032999891322, 45, 63828.0, 2.736
0.3139931999903638, 46, 63828.0, 2.736
0.29075979998742696, 47, 63828.0, 2.736
0.256118699995568, 48, 63828.0, 2.736
0.2765722000040114, 49, 63817.0, 2.719
0.35626220000267494, 50, 63817.0, 2.719
0.43361569999251515, 51, 63814.0, 2.714
0.5567006000055699, 52, 63802.0, 2.694
0.6324246000003768, 53, 63791.0, 2.677
0.4005097999906866, 54, 63779.0, 2.657
0.29523849999532104, 55, 63776.0, 2.653
0.2938607999967644, 56, 63758.0, 2.624
0.3648978999990504, 57, 63755.0, 2.619
0.3214107000094373, 58, 63754.0, 2.617
0.3416086999932304, 59, 63754.0, 2.617
0.2435710999998264, 60, 63754.0, 2.617
0.2821008999890182, 61, 63754.0, 2.617
0.29791280000063125, 62, 63754.0, 2.617
0.3139752999995835, 63, 63754.0, 2.617
0.3038663999905111, 64, 63754.0, 2.617
0.32104619999881834, 65, 63754.0, 2.617
0.28036610000708606, 66, 63754.0, 2.617
0.3031979999941541, 67, 63754.0, 2.617
0.2798252000065986, 68, 63754.0, 2.617
0.2589594000019133, 69, 63754.0, 2.617
0.2774901999946451, 70, 63754.0, 2.617
0.313887700001942, 71, 63754.0, 2.617
0.294645899994066, 72, 63754.0, 2.617
0.3217803000006825, 73, 63754.0, 2.617
0.29369420000875834, 74, 63754.0, 2.617
0.28764319999027066, 75, 63754.0, 2.617
0.2853527999977814, 76, 63754.0, 2.617
0.2888764000090305, 77, 63754.0, 2.617
0.28504099999554455, 78, 63754.0, 2.617
0.2612393000017619, 79, 63718.0, 2.559
0.3046884999930626, 80, 63718.0, 2.559
0.3030724999989616, 81, 63681.0, 2.500
0.3062506999995094, 82, 63645.0, 2.442
0.3192759999947157, 83, 63645.0, 2.442
0.2909046999993734, 84, 63645.0, 2.442
0.2847897999890847, 85, 63645.0, 2.442
0.2559383999905549, 86, 63645.0, 2.442
0.2640271999989636, 87, 63645.0, 2.442
0.295069700005115, 88, 63642.0, 2.437
0.3359972000034759, 89, 63642.0, 2.437
0.47603560000425205, 90, 63642.0, 2.437
0.429058099995018, 91, 63642.0, 2.437
0.5424112000036985, 92, 63629.0, 2.416
0.5976811000000453, 93, 63629.0, 2.416
0.4817061000067042, 94, 63543.0, 2.278
0.5912348000128986, 95, 63530.0, 2.257
0.7036005999980262, 96, 63449.0, 2.126
0.7107346999982838, 97, 63418.0, 2.076
0.6543887000007089, 98, 63418.0, 2.076
0.6699809999990975, 99, 63411.0, 2.065
0.64773779999814, 100, 63411.0, 2.065
0.3904785000049742, 101, 63395.0, 2.039
0.2556000999902608, 102, 63375.0, 2.007
0.26684019999811426, 103, 63353.0, 1.972
0.28885880000598263, 104, 63353.0, 1.972
0.28588710000622086, 105, 63353.0, 1.972
0.29299420000461396, 106, 63353.0, 1.972
0.28590959998837207, 107, 63353.0, 1.972
0.30450630000268575, 108, 63353.0, 1.972
0.254119899997022, 109, 63353.0, 1.972
0.29870449998998083, 110, 63353.0, 1.972
0.29352550000476185, 111, 63353.0, 1.972
0.30122490000212565, 112, 63353.0, 1.972
0.3231369999994058, 113, 63353.0, 1.972
0.3033537000010256, 114, 63353.0, 1.972
0.34483829999226145, 115, 63353.0, 1.972
0.28593919999548234, 116, 63353.0, 1.972
0.2763596000004327, 117, 63342.0, 1.954
0.3730590999912238, 118, 63342.0, 1.954
0.2519860000029439, 119, 63340.0, 1.951
0.25469249999150634, 120, 63330.0, 1.935
0.26701239999965765, 121, 63317.0, 1.914
0.28035680000903085, 122, 63317.0, 1.914
0.2719753999990644, 123, 63317.0, 1.914
0.3179392000020016, 124, 63317.0, 1.914
0.3048186999949394, 125, 63317.0, 1.914
0.27126700000371784, 126, 63317.0, 1.914
0.3511156000022311, 127, 63317.0, 1.914
0.28120500000659376, 128, 63317.0, 1.914
0.28394969999499153, 129, 63276.0, 1.848
0.2759419999929378, 130, 63236.0, 1.783
0.33121879999816883, 131, 63236.0, 1.783
0.3272317000082694, 132, 63215.0, 1.750
0.24821830001019407, 133, 63215.0, 1.750
0.26897980000649113, 134, 63215.0, 1.750
0.2721987000113586, 135, 63213.0, 1.746
0.26391540000622626, 136, 63213.0, 1.746
0.3187554999894928, 137, 63213.0, 1.746
0.31670239999948535, 138, 63213.0, 1.746
0.2898293000034755, 139, 63213.0, 1.746
0.2887392999982694, 140, 63213.0, 1.746
0.2886478000000352, 141, 63213.0, 1.746
0.27519280000706203, 142, 63213.0, 1.746
0.28376390000630636, 143, 63213.0, 1.746
0.27401320000353735, 144, 63205.0, 1.734
0.2924792999983765, 145, 63194.0, 1.716
0.2861823999992339, 146, 63194.0, 1.716
0.3443831000040518, 147, 63194.0, 1.716
0.26109980000182986, 148, 63194.0, 1.716
0.27994870000111405, 149, 63194.0, 1.716
0.34199010000156704, 150, 63194.0, 1.716
0.32027369999559596, 151, 63194.0, 1.716
0.2669804000033764, 152, 63194.0, 1.716
0.25543339998694137, 153, 63194.0, 1.716
0.30131719999189954, 154, 63194.0, 1.716
0.3406154999975115, 155, 63194.0, 1.716
0.27281439999933355, 156, 63194.0, 1.716
0.26029649999691173, 157, 63194.0, 1.716
0.2729641000041738, 158, 63194.0, 1.716
0.283214199997019, 159, 63194.0, 1.716
0.25993190000008326, 160, 63194.0, 1.716
0.3095700999983819, 161, 63194.0, 1.716
0.3068331000104081, 162, 63194.0, 1.716
0.31237280000641476, 163, 63194.0, 1.716
0.28787200000078883, 164, 63194.0, 1.716
0.27814629999920726, 165, 63194.0, 1.716
0.30551910000212956, 166, 63194.0, 1.716
0.315758900003857, 167, 63194.0, 1.716
0.2978832000080729, 168, 63194.0, 1.716
0.24692589999176562, 169, 63194.0, 1.716
0.28489179999451153, 170, 63194.0, 1.716
0.2548783999955049, 171, 63194.0, 1.716
0.2578956999932416, 172, 63194.0, 1.716
0.30847869999706745, 173, 63194.0, 1.716
0.24938980001024902, 174, 63194.0, 1.716
0.27356879999570083, 175, 63194.0, 1.716
0.28909410000778735, 176, 63194.0, 1.716
0.26636760000837967, 177, 63194.0, 1.716
0.3012159000063548, 178, 63194.0, 1.716
0.31250420000287704, 179, 63194.0, 1.716
0.278729999990901, 180, 63194.0, 1.716
0.2399827000044752, 181, 63194.0, 1.716
0.2858790000027511, 182, 63194.0, 1.716
0.29703519999748096, 183, 63194.0, 1.716
0.266032700004871, 184, 63194.0, 1.716
0.33355709999159444, 185, 63194.0, 1.716
0.3169934000034118, 186, 63194.0, 1.716
0.2723546999914106, 187, 63194.0, 1.716
0.3176822999957949, 188, 63194.0, 1.716
0.32620809999934863, 189, 63194.0, 1.716
0.290276100000483, 190, 63194.0, 1.716
0.2658075999934226, 191, 63194.0, 1.716
0.25026980000257026, 192, 63194.0, 1.716
0.27013640000950545, 193, 63194.0, 1.716
0.2506773999921279, 194, 63194.0, 1.716
0.29520799999590963, 195, 63194.0, 1.716

tour:
[ 320  344  343  342  341  340  339  338  337  336  335  351  355  354
  359  369  377  384  388  399  407  411  416  424  425  438  446  453
  460  459  452  439  440  441  442  443  444  423  415  410  408  398
  387  385  378  368  358  353  357  352  367  379  386  397  409  414
  422  445  450  451  458  457  131  132  135  136  139  140  143  144
  147  148  151  152  155  156  159  160  163  169  172  173  176  177
  180  181  183  188  189  192  193  194  191  190  187  184  182  185
  186  170  167  166  165  179  178  175  174  171  168  164  162  161
  158  157  154  153  150  149  146  145  142  141  138  137  134  133
  130  128  129  126  125  122  121  118  117  114  113  110  107  103
  101  100   97   91   93   87   86   79   76   85   80   81   84   89
   88   94  104  109  106  105   95   96   90   83   82   73   72   66
   60   54   48   42   36   30   24   18    0   12   11   17   23   29
   35   41   47   53   59   65   71   74   75   70   64   58   52   46
   40   34   28   22   16   10    9   15   21   27   33   39   45   51
   57   63   69   67   61   55   49   43   37   31   25   19   13    8
    5    4    1    2    3    6    7   14   20   26   32   38   44   50
   56   62   68   77   78   92   98   99  102  108  111  112  115  116
  119  120  123  124  127  483  482  481  480  479  478  477  476  475
  474  473  472  471  470  469  491  498  508  513  514  515  505  504
  503  484  485  486  487  490  496  506  516  519  526  538  543  546
  555  563  573  576  577  572  571  578  579  570  549  548  547  537
  536  535  524  534  533  532  523  509  499  492  495  502  512  520
  527  531  542  550  554  559  567  582  583  584  585  586  566  558
  553  551  541  530  528  521  511  501  494  500  493  510  522  529
  540  552  557  565  587  588  591  592  599  598  620  619  618  617
  616  615  614  613  612  611  600  593  601  594  589  581  568  560
  561  562  569  580  590  595  602  603  604  605  623  624  627  633
  643  653  656  663  675  680  683  684  685  686  672  673  674  651
  652  642  641  640  650  645  661  671  670  669  660  646  635  628
  622  621  606  607  608  609  610  629  636  632  639  649  657  664
  668  679  687  691  696  704  719  720  721  722  723  703  695  690
  688  678  667  665  658  648  638  631  637  630  647  659  666  677
  689  694  702  724  725  728  733  734  729  730  735  736  731  726
  718  705  697  698  699  706  717  727  732  737  738  739  740  714
  715  716  707  708  709  692  700  710  713  712  711  701  693  682
  681  676  662  655  654  644  634  626  625  596  597  575  574  564
  556  545  544  539  525  518  517  507  497  489  488 1290 1289 1288
 1287 1286 1285 1284 1283 1282 1281 1280 1279 1278 1277 1276 1291 1292
 1293 1294 1301 1311 1316 1306 1307 1308 1318 1317 1340 1339 1338 1327
 1337 1336 1335 1326 1312 1302 1295 1298 1305 1315 1323 1329 1334 1343
 1345 1351 1355 1361 1362 1371 1379 1385 1390 1389 1384 1372 1373 1374
 1375 1376 1377 1360 1354 1350 1344 1342 1333 1328 1324 1314 1304 1297
 1303 1296 1313 1325 1332 1341 1349 1353 1359 1378 1382 1383 1388 1387
 1409 1408 1407 1406 1405 1404 1403 1402 1401 1400 1399 1398 1397 1396
 1391 1386 1380 1370 1363 1356 1357 1358 1346 1347 1348 1352 1381 1366
 1365 1364 1369 1368 1367 1392 1393 1394 1412 1411 1410 1395 1413 1419
 1426 1423 1424 1425 1433 1432 1431 1438 1447 1448 1449 1459 1460 1461
 1446 1445 1444 1437 1427 1418 1414 1417 1422 1430 1434 1439 1443 1452
 1462 1472 1481 1489 1500 1501 1502 1503 1504 1488 1480 1471 1463 1451
 1442 1440 1435 1429 1421 1416 1420 1415 1428 1436 1441 1450 1470 1479
 1487 1505 1506 1509 1514 1515 1510 1511 1516 1517 1512 1507 1499 1490
 1482 1483 1484 1491 1498 1508 1513 1518 1519 1520 1521 1496 1497 1492
 1493 1495 1494 1485 1473 1464 1453 1454 1465 1474 1486 1475 1466 1455
 1456 1467 1476 1477 1468 1457 1458 1469 1478 1531 1530 1529 1528 1527
 1526 1525 1524 1523 1522 1541 1540 1542 1539 1538 1537 1543 1536 1535
 1534 1533 1532 1544 1545 1546 1547 1548 1549 1550 1555 1556 1561 1562
 1567 1568 1573 1574 1579 1580 1585 1590 1591 1592 1593 1588 1589 1584
 1581 1578 1575 1572 1569 1566 1563 1560 1557 1554 1551 1552 1553 1558
 1559 1564 1565 1570 1571 1576 1577 1582 1583 1586 1587 1601 1600 1602
 1607 1608 1613 1614 1619 1620 1625 1626 1631 1630 1627 1624 1621 1618
 1615 1612 1609 1606 1603 1598 1599 1594 1595 1596 1597 1604 1605 1610
 1611 1616 1617 1622 1623 1628 1629 1636 1637 1642 1643 1646 1647 1648
 1645 1644 1641 1640 1639 1638 1635 1634 1632 1633 1649 1652 1653 1654
 1651 1650 1300 1310 1320 1321 1331 1330 1322 1319 1309 1299 1275 1274
 1273 1269 1268 1267 1266 1255 1254 1253 1252  765  764  763  762  761
 1256 1265 1264 1257 1258 1263 1262 1261 1260  757 1259  758  759  760
  796  795  819  818  817  797  798  816  815  799  800  801  802  803
  811  814  833  832  831  830  845  846  847  848  865  866  867  849
  834  813  810  804  779  778  777  776  775  774  773  772  756  755
  754  753  752  751  750  749  748  747  746  745  744  743  742  741
  787  786  785  784  783  782  781  780  805  809  806  808  812  807
  823  840  852  870  875  899  912  927  949  972  963  968  962  948
  933  926  911  898  890  874  869  851  839  838  837  836  835  850
  868  873  889  897  910  925  932  947  961  969  978  967  950  928
  909  908  907  929  951  946  960  959  945  944  958  943  924  904
  905  906  888  887  886  885  864  863  862  861  882  883  884  923
  942  941  922  921  940  939  920  881  860  880  859  858  879  878
  857  853  824  822  821  820  794  793  792  791  790  788  766  767
 1250 1251 1270 1271 1272 1249  771  770  769  768  789  826  825  854
  844  827  843  894  902  955  971 1020 1033 1089 1100 1149 1159 1157
 1150 1127 1122 1107 1098 1090 1068 1055 1042 1031 1021 1007  987  975
  964  956  934  930  915  900  895  876  871  855  841  828  829  842
  856  872  877  896  901  916  931  935  957  965  976  988 1008 1022
 1032 1043 1056 1069 1091 1099 1108 1123 1128 1151 1158 1166 1184 1165
 1183 1191 1192 1211 1215 1214 1210 1209 1216 1248 1247 1246 1217 1237
 1207 1208 1164 1160 1148 1147 1106 1101 1088 1087 1041 1034 1019 1018
  974  970  954  953  914  903  893  892  891  913  917  918  919  938
  937  936  952  973  986  985 1010 1009 1017 1040 1044 1070 1086 1105
 1109 1110 1111 1131 1130 1129 1146 1163 1167 1168 1203 1204 1206 1236
 1238 1239 1240 1202 1169 1132 1112 1113 1133 1134 1135 1115 1114 1076
 1050 1075 1049 1048 1074 1073 1047 1046 1072 1071 1045 1011  984  983
 1012 1013  982  981 1014 1015  980  979 1016 1051 1077 1078 1067 1066
 1079 1065 1080 1092 1093 1094 1081 1064 1052 1035 1026 1025 1024 1023
  989  990  991  966  977 1006 1005 1004 1003 1002 1001 1000  999  998
  997  996  995  994  993  992 1030 1029 1038 1039 1054 1085 1097 1104
 1126 1145 1154 1180 1205 1190 1195 1189 1179 1162 1153 1144 1125 1121
 1103 1096 1084 1060 1061 1062 1059 1058 1057 1037 1028 1027 1036 1053
 1063 1082 1083 1095 1102 1120 1124 1143 1152 1161 1178 1188 1196 1213
 1194 1181 1155 1142 1141 1140 1119 1118 1117 1116 1136 1137 1138 1139
 1156 1182 1193 1212 1187 1177 1186 1176 1175 1185 1197 1174 1173 1198
 1199 1172 1171 1200 1170 1201 1241 1242 1243 1244 1245 1218 1219 1220
 1235 1234 1233 1232 1231 1230 1229 1228 1227 1226 1225 1224 1223 1222
 1221  227  237  238  245  259  264  265  276  284  294  295  312  319
  329  348  349  364  374  375  382  396  401  402  413  421  431  432
  449  456  466  468  467  465  455  448  433  430  420  412  403  400
  395  383  376  373  363  362  372  371  361  360  370  365  381  392
  393  394  404  405  406  427  428  429  434  435  436  464  463  462
  461  454  447  437  426  419  418  417  391  390  389  380  366  356
  350  331  332  333  334  323  322  315  316  309  301  288  280  281
  282  289  300  310  317  324  330  345  346  347  325  326  327  328
  318  311  296  293  297  298  299  290  291  292  283  275  266  267
  268  269  255  256  257  263  258  246  239  236  226  235  234  233
  223  224  225  212  211  210  209  208  207  213  219  228  244  254
  253  252  243  229  218  214  206  205  204  203  202  201  200  199
  198  197  196  195  215  220  230  242  249  260  272  277  285  308
  307  306  286  278  273  271  261  250  248  241  231  221  216  217
  222  232  240  247  251  262  270  274  279  287  302  303  304  305
  314  321  313]

eliteFit: 63194.0
percentError: 1.7158125160958022
computationTime: 77.309s