instanceName: d1655
n: 1655
optFit: 62128

genTime, gen, eliteFit, percentError:
0.0018263999954797328, 0, 2109522.0, 3295.445
1.9566444999945816, 1, 69158.0, 11.315
1.1904305000061868, 2, 68472.0, 10.211
1.107439700004761, 3, 68267.0, 9.881
1.1252865999995265, 4, 67801.0, 9.131
1.0698752000025706, 5, 67585.0, 8.783
1.1515123000135645, 6, 67217.0, 8.191
1.1005029000079958, 7, 67022.0, 7.877
1.0982203999883495, 8, 66878.0, 7.646
1.1545631000044523, 9, 66397.0, 6.871
0.9807331999909366, 10, 66397.0, 6.871
1.0962260000087554, 11, 66265.0, 6.659
1.0543699999980163, 12, 65957.0, 6.163
1.0029088000010233, 13, 65933.0, 6.124
1.056769799994072, 14, 65763.0, 5.851
1.065341299996362, 15, 65667.0, 5.696
1.1227194000093732, 16, 65345.0, 5.178
1.0422642000048654, 17, 65345.0, 5.178
1.0382373000029474, 18, 65214.0, 4.967
1.0225962000113213, 19, 65128.0, 4.829
0.9494318999932148, 20, 65109.0, 4.798
0.9826007999945432, 21, 64803.0, 4.306
0.8968540000059875, 22, 64783.0, 4.273
0.8922729000041727, 23, 64706.0, 4.149
0.8187423999916064, 24, 64516.0, 3.844
0.7208894999930635, 25, 64516.0, 3.844
0.7124996999918949, 26, 64484.0, 3.792
0.4401226000045426, 27, 64384.0, 3.631
0.4273001999972621, 28, 64363.0, 3.597
0.46172540000407025, 29, 64317.0, 3.523
0.4248557999962941, 30, 64317.0, 3.523
0.31597579999652226, 31, 64311.0, 3.514
0.2715275999944424, 32, 64311.0, 3.514
0.2717581000033533, 33, 64304.0, 3.502
0.25849349999043625, 34, 64304.0, 3.502
0.26304379999055527, 35, 64299.0, 3.494
0.311833799991291, 36, 64299.0, 3.494
0.3454460999928415, 37, 64299.0, 3.494
0.25830209998821374, 38, 64299.0, 3.494
0.2912955000065267, 39, 64299.0, 3.494
0.2611851999972714, 40, 64299.0, 3.494
0.2969201000087196, 41, 64299.0, 3.494
0.2921325000061188, 42, 64299.0, 3.494
0.27261700000963174, 43, 64299.0, 3.494
0.292416600001161, 44, 64299.0, 3.494
0.31169790000421926, 45, 64299.0, 3.494
0.3094213000003947, 46, 64299.0, 3.494
0.29373770000529476, 47, 64291.0, 3.482
0.30532239998865407, 48, 64263.0, 3.436
0.33257279999088496, 49, 64250.0, 3.416
0.36087780000525527, 50, 64220.0, 3.367
0.3126972000027308, 51, 64215.0, 3.359
0.3152579000015976, 52, 64202.0, 3.338
0.34536770000704564, 53, 64202.0, 3.338
0.38684390000707936, 54, 64185.0, 3.311
0.296893499995349, 55, 64185.0, 3.311
0.29053890000795946, 56, 64158.0, 3.267
0.3277142000006279, 57, 64158.0, 3.267
0.2667950000031851, 58, 64158.0, 3.267
0.248081199999433, 59, 64158.0, 3.267
0.2816705000004731, 60, 64158.0, 3.267
0.2504716000112239, 61, 64075.0, 3.134
0.29698449998977594, 62, 64075.0, 3.134
0.29948570000124164, 63, 64075.0, 3.134
0.2559249999903841, 64, 64042.0, 3.081
0.28335949999745935, 65, 64042.0, 3.081
0.25689689999853726, 66, 64042.0, 3.081
0.2923099000036018, 67, 64042.0, 3.081
0.2707475000061095, 68, 64042.0, 3.081
0.3097340999956941, 69, 64042.0, 3.081
0.30078879999928176, 70, 64042.0, 3.081
0.2554015000059735, 71, 64042.0, 3.081
0.2992636999988463, 72, 64042.0, 3.081
0.28324039999279194, 73, 64042.0, 3.081
0.2752953000017442, 74, 64042.0, 3.081
0.28630530000373255, 75, 64042.0, 3.081
0.2544014999875799, 76, 64042.0, 3.081
0.30108869999821763, 77, 64042.0, 3.081
0.3377712999936193, 78, 64042.0, 3.081
0.25567129999399185, 79, 64042.0, 3.081
0.28643490000104066, 80, 64042.0, 3.081
0.2610145999933593, 81, 64042.0, 3.081
0.27128269999229815, 82, 64042.0, 3.081
0.31169419999059755, 83, 64042.0, 3.081
0.28008260000206064, 84, 64042.0, 3.081
0.2601641999935964, 85, 64033.0, 3.066
0.32403980000526644, 86, 64033.0, 3.066
0.2712399000010919, 87, 64033.0, 3.066
0.28924630000256, 88, 64033.0, 3.066
0.28036590000556316, 89, 64033.0, 3.066
0.32766070000070613, 90, 64033.0, 3.066
0.29910189998918213, 91, 64033.0, 3.066
0.2745636000036029, 92, 64033.0, 3.066
0.29576340000494383, 93, 63944.0, 2.923
0.2670922000106657, 94, 63944.0, 2.923
0.3316289000067627, 95, 63944.0, 2.923
0.313192200002959, 96, 63932.0, 2.904
0.35161269998934586, 97, 63889.0, 2.834
0.2745618999906583, 98, 63889.0, 2.834
0.33818320000136737, 99, 63874.0, 2.810
0.3421976999961771, 100, 63874.0, 2.810
0.3133949999901233, 101, 63874.0, 2.810
0.24499399999331217, 102, 63874.0, 2.810
0.2926502999907825, 103, 63728.0, 2.575
0.28637640000670217, 104, 63728.0, 2.575
0.2787226000073133, 105, 63728.0, 2.575
0.28200609999476, 106, 63728.0, 2.575
0.2894068000023253, 107, 63728.0, 2.575
0.2918725999916205, 108, 63728.0, 2.575
0.36658889999671374, 109, 63728.0, 2.575
0.2980180000013206, 110, 63705.0, 2.538
0.3037447000097018, 111, 63705.0, 2.538
0.3392218000080902, 112, 63705.0, 2.538
0.28570169999147765, 113, 63705.0, 2.538
0.29353330000594724, 114, 63705.0, 2.538
0.24202010000590235, 115, 63705.0, 2.538
0.2896311000076821, 116, 63705.0, 2.538
0.2609098999964772, 117, 63705.0, 2.538
0.2824910999916028, 118, 63705.0, 2.538
0.3306717999948887, 119, 63705.0, 2.538
0.2730215000046883, 120, 63705.0, 2.538
0.33322270000644494, 121, 63705.0, 2.538
0.32242529999348335, 122, 63705.0, 2.538
0.268334499996854, 123, 63705.0, 2.538
0.2608546999981627, 124, 63691.0, 2.516
0.2609558000112884, 125, 63689.0, 2.513
0.329484500005492, 126, 63679.0, 2.496
0.325731499993708, 127, 63663.0, 2.471
0.2833725999953458, 128, 63663.0, 2.471
0.27833720001217443, 129, 63663.0, 2.471
0.32773579999047797, 130, 63663.0, 2.471
0.2912666000047466, 131, 63663.0, 2.471
0.26136720000067726, 132, 63663.0, 2.471
0.2812767999857897, 133, 63663.0, 2.471
0.231330299997353, 134, 63663.0, 2.471
0.2606880999956047, 135, 63663.0, 2.471
0.3014034000079846, 136, 63663.0, 2.471
0.30161239999870304, 137, 63663.0, 2.471
0.2674249999981839, 138, 63663.0, 2.471
0.2815764999977546, 139, 63663.0, 2.471
0.28095980000216514, 140, 63663.0, 2.471
0.30119009999907576, 141, 63663.0, 2.471
0.247678800005815, 142, 63663.0, 2.471
0.26793600000382867, 143, 63663.0, 2.471
0.2718380000005709, 144, 63663.0, 2.471
0.3077728000062052, 145, 63663.0, 2.471
0.2698188000067603, 146, 63663.0, 2.471
0.26820829999633133, 147, 63663.0, 2.471
0.2558352000050945, 148, 63663.0, 2.471
0.28565650001110043, 149, 63663.0, 2.471
0.32954679999966174, 150, 63646.0, 2.443
0.25323269999353215, 151, 63646.0, 2.443
0.2737755999987712, 152, 63631.0, 2.419
0.2575114999926882, 153, 63631.0, 2.419
0.2774432000005618, 154, 63626.0, 2.411
0.2972771000058856, 155, 63626.0, 2.411
0.3138468999968609, 156, 63607.0, 2.381
0.3127452000044286, 157, 63602.0, 2.373
0.39751999999862164, 158, 63585.0, 2.345
0.369691400002921, 159, 63585.0, 2.345
0.2936399999889545, 160, 63585.0, 2.345
0.3156923999922583, 161, 63585.0, 2.345
0.25499840000702534, 162, 63585.0, 2.345
0.3054741000087233, 163, 63585.0, 2.345
0.3260091999982251, 164, 63585.0, 2.345
0.30779539998911787, 165, 63585.0, 2.345
0.29235119999793824, 166, 63585.0, 2.345
0.29856729999301024, 167, 63571.0, 2.323
0.28086139999504667, 168, 63571.0, 2.323
0.26785010000457987, 169, 63571.0, 2.323
0.2853942000074312, 170, 63571.0, 2.323
0.2929452999960631, 171, 63571.0, 2.323
0.26661150000290945, 172, 63571.0, 2.323
0.28154199999698903, 173, 63571.0, 2.323
0.27045490000455175, 174, 63565.0, 2.313
0.26130929999635555, 175, 63565.0, 2.313
0.2991785000049276, 176, 63565.0, 2.313
0.29600510001182556, 177, 63565.0, 2.313
0.2779205999977421, 178, 63565.0, 2.313
0.2927789999957895, 179, 63565.0, 2.313
0.2807794000109425, 180, 63565.0, 2.313
0.27600310000707395, 181, 63565.0, 2.313
0.2946676999999909, 182, 63565.0, 2.313
0.3077641000127187, 183, 63565.0, 2.313
0.29239219998999033, 184, 63565.0, 2.313
0.3151497999933781, 185, 63565.0, 2.313
0.27427280000119936, 186, 63565.0, 2.313
0.27185459999600425, 187, 63514.0, 2.231
0.35892539999622386, 188, 63514.0, 2.231
0.4662992000085069, 189, 63514.0, 2.231
0.6044012000056682, 190, 63502.0, 2.212
0.6161132999986876, 191, 63502.0, 2.212
0.45539370000187773, 192, 63502.0, 2.212
0.49864429999433924, 193, 63502.0, 2.212
0.45674580000923015, 194, 63478.0, 2.173
0.6609467000089353, 195, 63467.0, 2.155
0.63518660000409, 196, 63467.0, 2.155
0.3615202999935718, 197, 63462.0, 2.147
0.2608648000023095, 198, 63462.0, 2.147
0.2668091999948956, 199, 63462.0, 2.147
0.2589857999992091, 200, 63462.0, 2.147
0.292071500007296, 201, 63462.0, 2.147
0.27752329999930225, 202, 63462.0, 2.147
0.2960090999986278, 203, 63462.0, 2.147
0.2553671000059694, 204, 63462.0, 2.147
0.2850771999947028, 205, 63462.0, 2.147
0.27275420000660233, 206, 63448.0, 2.125
0.2933958000066923, 207, 63448.0, 2.125
0.26937989999714773, 208, 63448.0, 2.125
0.27610860001004767, 209, 63434.0, 2.102
0.23163860000204295, 210, 63434.0, 2.102
0.2760656999889761, 211, 63434.0, 2.102
0.2324063000123715, 212, 63434.0, 2.102
0.24538799999572802, 213, 63434.0, 2.102
0.25261190001037903, 214, 63434.0, 2.102
0.3321786000014981, 215, 63434.0, 2.102
0.3347300999885192, 216, 63434.0, 2.102
0.2533144000044558, 217, 63434.0, 2.102
0.3096842000086326, 218, 63434.0, 2.102
0.2620351999939885, 219, 63434.0, 2.102
0.2918625000020256, 220, 63434.0, 2.102
0.28991360000509303, 221, 63434.0, 2.102
0.30098799998813774, 222, 63434.0, 2.102
0.2846426999894902, 223, 63434.0, 2.102
0.34909020000486635, 224, 63434.0, 2.102
0.26677709999785293, 225, 63434.0, 2.102
0.2786676000105217, 226, 63434.0, 2.102
0.27850250000483356, 227, 63434.0, 2.102
0.3052463999920292, 228, 63434.0, 2.102
0.3138124999968568, 229, 63434.0, 2.102
0.27028149999387097, 230, 63434.0, 2.102
0.26799799999571405, 231, 63434.0, 2.102
0.24514449998969212, 232, 63434.0, 2.102
0.3132999999943422, 233, 63434.0, 2.102
0.2840022000018507, 234, 63434.0, 2.102
0.29972700000507757, 235, 63434.0, 2.102
0.2859617999929469, 236, 63434.0, 2.102
0.32038430000829976, 237, 63434.0, 2.102
0.24624439999752212, 238, 63434.0, 2.102
0.2818798000080278, 239, 63434.0, 2.102
0.2731541999964975, 240, 63434.0, 2.102
0.2786218999972334, 241, 63434.0, 2.102
0.24786109999695327, 242, 63434.0, 2.102
0.28966950000904035, 243, 63434.0, 2.102
0.2654569000005722, 244, 63434.0, 2.102
0.2638876000128221, 245, 63434.0, 2.102
0.2572795000014594, 246, 63434.0, 2.102
0.2528446999931475, 247, 63434.0, 2.102
0.29575250000925735, 248, 63434.0, 2.102
0.2972635000041919, 249, 63434.0, 2.102
0.30258589998993557, 250, 63434.0, 2.102
0.3102165000018431, 251, 63434.0, 2.102
0.291405299998587, 252, 63434.0, 2.102
0.33262690000992734, 253, 63434.0, 2.102
0.2686169000080554, 254, 63434.0, 2.102
0.31816260000050534, 255, 63434.0, 2.102
0.31529220000084024, 256, 63434.0, 2.102
0.3206303999904776, 257, 63434.0, 2.102
0.317900499998359, 258, 63434.0, 2.102
0.24946139998792205, 259, 63434.0, 2.102

tour:
[ 484  485  486  487  490  496  506  516  519  526  538  543  546  555
  563  573  576  572  571  577  578  579  570  549  548  547  537  536
  535  524  534  533  532  523  509  499  492  495  502  512  520  527
  531  542  550  554  559  567  582  583  584  585  586  587  566  558
  553  551  541  530  528  521  511  501  494  500  493  510  522  529
  540  552  557  565  588  598  591  592  599  616  617  618  619  620
  630  637  647  659  666  677  689  694  702  725  728  733  734  729
  730  735  736  731  726  718  705  697  698  699  706  717  727  732
  737  738  739  740  714  715  716  707  708  709  684  685  686  672
  673  674  652  642  641  651  650  640  645  661  671  670  669  660
  646  635  628  606  607  608  609  610  629  636  632  639  649  657
  664  668  679  687  691  696  704  719  720  721  722  723  724  703
  695  690  688  678  667  665  658  648  638  631  615  614  613  612
  611  600  593  601  594  589  581  568  560  561  562  569  580  590
  595  602  603  604  605  621  622  623  624  627  633  643  653  656
  663  675  680  683  692  700  710  713  712  711  701  693  682  681
  676  662  655  654  644  634  626  625  596  597  575  574  564  556
  545  544  539  525  518  517  507  497  489  488  467  468  741  742
  743  744  745  746  747  748  749  750  751  752  753  754  755  756
 1260 1261 1293 1292 1291 1276 1277 1278 1279 1280 1281 1282 1283 1284
 1285 1286 1287 1288 1289 1290 1296 1313 1303 1297 1304 1314 1324 1328
 1325 1341 1332 1333 1342 1344 1350 1353 1349 1359 1354 1360 1376 1377
 1378 1382 1387 1409 1408 1407 1406 1405 1404 1388 1383 1375 1374 1373
 1372 1361 1355 1351 1345 1343 1334 1329 1323 1315 1305 1298 1295 1302
 1312 1326 1335 1336 1337 1327 1311 1301 1294 1306 1307 1308 1318 1317
 1316 1338 1339 1340 1348 1347 1346 1365 1364 1369 1368 1367 1366 1352
 1381 1394 1393 1392 1412 1411 1410 1395 1391 1386 1380 1370 1363 1358
 1357 1356 1362 1371 1379 1385 1390 1384 1389 1403 1402 1401 1400 1399
 1398 1397 1396 1413 1419 1426 1423 1424 1425 1433 1432 1431 1438 1447
 1448 1449 1459 1460 1461 1446 1445 1444 1437 1427 1418 1414 1417 1422
 1430 1434 1439 1443 1452 1462 1472 1481 1489 1500 1501 1502 1503 1504
 1505 1488 1480 1471 1463 1451 1442 1440 1435 1429 1421 1416 1420 1415
 1428 1436 1441 1450 1470 1479 1487 1506 1509 1514 1515 1510 1511 1516
 1517 1512 1507 1499 1490 1482 1483 1484 1491 1498 1508 1513 1518 1519
 1520 1521 1495 1496 1497 1492 1493 1494 1485 1473 1464 1453 1486 1474
 1465 1454 1455 1466 1475 1522 1523 1524 1476 1467 1456 1457 1468 1477
 1458 1469 1478 1531 1530 1529 1528 1527 1526 1525 1541 1542 1540 1539
 1538 1537 1543 1536 1535 1534 1533 1532 1544 1545 1546 1547 1548 1552
 1553 1558 1559 1564 1565 1570 1571 1576 1577 1582 1583 1586 1587 1601
 1600 1602 1607 1608 1613 1614 1619 1620 1625 1626 1631 1632 1633 1634
 1639 1640 1645 1644 1641 1638 1635 1630 1627 1624 1621 1618 1615 1612
 1609 1606 1603 1598 1595 1599 1594 1593 1588 1592 1589 1584 1581 1578
 1575 1572 1569 1566 1563 1560 1557 1554 1551 1549 1550 1555 1556 1561
 1562 1567 1568 1573 1574 1579 1580 1585 1590 1591 1596 1597 1604 1605
 1610 1611 1616 1617 1622 1623 1628 1629 1636 1637 1642 1643 1646 1647
 1648 1649 1652 1653 1650 1651 1654 1273 1274 1275 1300 1310 1320 1321
 1331 1330 1322 1319 1309 1299 1266 1267 1268 1269 1270 1271 1272 1249
 1250 1251 1252 1253 1254 1255 1265 1264 1263 1262 1259 1258 1257 1256
  761  762  763  764  765  791  792  793  794  820  821  822  824  853
  857  878  891  913  914  903  893  892  854  844  826  825  790  766
  767  788  789  768  769  770  771  829  842  856  872  877  896  901
  916  931  935  957  965  976  988 1008 1022 1032 1043 1056 1069 1091
 1099 1108 1123 1128 1151 1158 1166 1184 1192 1211 1215 1214 1210 1191
 1183 1165 1157 1150 1127 1122 1107 1098 1090 1068 1055 1042 1031 1021
 1007  987  975  964  956  934  930  915  900  895  876  871  855  841
  828  827  843  894  902  955  971 1020 1033 1089 1100 1149 1159 1209
 1216 1248 1247 1246 1217 1237 1207 1208 1164 1160 1148 1147 1106 1101
 1088 1087 1041 1034 1019 1018  974  970  954  953  952  973  986  985
  984  938  937  936  917  918  919  939  920  921  940  941  922  923
  942  981  982  983 1012 1013 1014 1015  980  979 1016 1051 1077 1076
 1050 1049 1075 1074 1048 1047 1073 1072 1071 1045 1046 1011 1010 1009
 1017 1040 1044 1070 1086 1105 1109 1110 1111 1131 1130 1129 1146 1163
 1167 1168 1203 1204 1206 1236 1238 1239 1240 1241 1242 1243 1244 1198
 1173 1172 1199 1200 1171 1201 1202 1169 1170 1132 1112 1113 1133 1134
 1114 1115 1135 1116 1136 1137 1138 1139 1119 1118 1117 1078 1067 1066
 1079 1080 1065 1025 1024 1023  989  990  991  977  966  950  928  909
  908  907  929  951  946  960  959  958  945  944  943  924  904  905
  906  888  887  886  885  864  863  884  883  862  861  882  881  880
  879  858  859  860  819  795  818  817  816  798  797  796  760  759
  758  757  799  815  830  845  846  831  832  847  848  865  866  867
  833  814  811  803  802  801  800  772  773  774  775  776  777  778
  779  780  781  782  783  784  785  786  787  807  806  808  812  823
  852  870  875  899  912  927  949  972  963  968  962  948  933  926
  911  898  890  874  869  851  840  839  838  837  836  835  809  805
  804  810  813  834  849  850  868  873  889  897  910  925  932  947
  961  969  967  978 1002 1003 1004 1005 1006 1026 1035 1052 1064 1081
 1092 1093 1094 1082 1063 1053 1036 1027 1037 1028 1001 1000  999  998
  997  996  995  994  993  992 1030 1029 1038 1039 1054 1085 1097 1104
 1126 1145 1154 1180 1205 1190 1195 1189 1179 1162 1153 1144 1125 1121
 1103 1096 1084 1060 1061 1062 1059 1058 1057 1083 1095 1102 1120 1124
 1143 1152 1161 1178 1188 1196 1213 1194 1181 1155 1142 1141 1140 1156
 1177 1176 1175 1185 1174 1197 1245 1218 1219 1220 1186 1187 1182 1193
 1212 1235 1234 1233 1232 1231 1230 1229 1228 1227 1226 1225 1224 1223
 1222 1221  227  237  238  245  259  264  265  276  284  294  295  312
  319  329  349  348  364  374  375  382  396  401  402  413  421  431
  432  449  456  466  455  465  464  463  462  461  454  447  437  417
  418  419  426  427  406  405  404  429  428  436  435  434  448  433
  430  420  412  403  400  395  383  376  373  363  362  361  360  365
  370  371  372  394  393  392  381  391  390  389  380  366  355  351
  354  359  369  377  384  388  399  407  411  416  424  425  438  446
  453  460  459  452  439  440  441  442  443  423  415  410  408  398
  387  385  378  368  358  353  341  340  339  338  337  336  322  315
  302  287  303  304  305  306  307  286  278  273  271  261  250  248
  241  231  221  216  217  214  218  222  232  240  247  251  262  270
  274  279  288  301  309  316  323  335  334  333  332  331  350  356
  345  346  347  327  326  325  330  324  317  310  300  289  280  281
  282  290  299  298  291  292  297  328  318  311  296  293  283  275
  266  263  267  268  269  255  244  254  253  252  243  229  213  219
  228  233  223  224  225  235  234  256  257  258  246  239  236  226
  212  211  210  209  208  207  206  205  204  203  202  201  200  199
  198  197  196  195  215  220  230  242  249  260  272  277  285  308
  313  314  321  320  342  343  344  352  357  367  379  386  397  409
  414  422  444  445  450  451  458  457  131  132  135  136  139  140
  143  144  147  148  151  152  155  156  160  163  169  172  173  176
  177  180  181  183  188  189  192  193  194  191  190  187  184  185
  186  182  179  178  175  174  171  168  164  170  167  166  165  162
  161  159  158  157  154  153  150  149  146  145  142  141  138  137
  134  133  130  129  128  126  125  122  121  118  117  114  113  110
  107  101  103  104  109  106  105   94   88   85   80   75   70   64
   58   52   46   40   34   28   22   16   10   11   17   23   29   35
   41   47   53   59   65   71   74   81   84   89   95   96   90   83
   82   73   72   66   60   54   48   42   36   30   24   18   12    0
    1    4    2    3    6    7   14   20   26   32   38   44   50   56
   62   68   67   61   55   49   43   37   31   25   19   13    8    5
    9   15   21   27   33   39   45   51   57   63   69   76   79   86
   87   93  100   97   91   78   77   92   98   99  102  108  111  112
  115  116  119  120  123  124  127  483  482  481  480  479  478  477
  476  475  474  473  472  471  470  469  491  498  508  513  514  515
  505  504  503]

eliteFit: 63434.0
percentError: 2.1021117692505795
computationTime: 97.873s