instanceName: fnl4461
n: 4461
optFit: 182566

genTime, gen, eliteFit, percentError:
0.18880779997562058, 0, 8177691.0, 4379.307
34.49744060001103, 1, 203633.0, 11.539
21.893842300021788, 2, 201909.0, 10.595
21.839790099998936, 3, 201188.0, 10.200
20.999571899999864, 4, 200230.0, 9.675
20.72970650001662, 5, 199886.0, 9.487
19.87037479999708, 6, 199086.0, 9.049
18.741754299990134, 7, 198952.0, 8.975
20.75334070000099, 8, 198331.0, 8.635
20.404647099989234, 9, 198095.0, 8.506
19.007703899987973, 10, 197528.0, 8.195
19.62716510001337, 11, 197528.0, 8.195
19.17360720000579, 12, 197316.0, 8.079
20.28955670000869, 13, 197158.0, 7.993
19.61078419999103, 14, 197096.0, 7.959
20.5378646000172, 15, 196883.0, 7.842
20.164331600011792, 16, 196586.0, 7.679
19.842234199983068, 17, 196496.0, 7.630
20.90169309999328, 18, 196115.0, 7.421
19.84431260000565, 19, 196115.0, 7.421
19.549989099992672, 20, 195987.0, 7.351
20.848195300000953, 21, 195883.0, 7.294
18.27385779999895, 22, 195883.0, 7.294
19.32022190000862, 23, 195692.0, 7.190
17.227553999982774, 24, 195692.0, 7.190
14.342437499988591, 25, 195546.0, 7.110
11.707047100004274, 26, 195490.0, 7.079
14.771732099994551, 27, 195388.0, 7.023
14.710285500012105, 28, 195269.0, 6.958
15.096629800013034, 29, 194955.0, 6.786
13.923482499987585, 30, 194666.0, 6.628
15.067098600004101, 31, 194666.0, 6.628
13.204266999993706, 32, 194644.0, 6.616
13.51584589999402, 33, 194525.0, 6.551
13.557034799974645, 34, 194525.0, 6.551
10.88392069999827, 35, 194387.0, 6.475
11.853794900001958, 36, 194206.0, 6.376
10.170412999985274, 37, 194176.0, 6.359
10.909728800004814, 38, 194135.0, 6.337
9.259143400005996, 39, 194090.0, 6.312
9.116152600006899, 40, 194050.0, 6.290
9.892064000014216, 41, 193932.0, 6.226
9.160919300018577, 42, 193885.0, 6.200
10.002428600011626, 43, 193798.0, 6.152
10.952955000015208, 44, 193690.0, 6.093
10.183792299998458, 45, 193629.0, 6.060
10.481180700007826, 46, 193499.0, 5.989
7.746425999997882, 47, 193499.0, 5.989
7.829205499991076, 48, 193458.0, 5.966
8.291925700003048, 49, 193312.0, 5.886
8.289350900013233, 50, 193312.0, 5.886
8.42788840000867, 51, 193289.0, 5.873
7.765027699992061, 52, 193230.0, 5.841
5.506284600007348, 53, 193089.0, 5.764
7.81962230001227, 54, 193043.0, 5.739
8.368309299985413, 55, 192931.0, 5.677
6.96977880000486, 56, 192767.0, 5.588
6.616768300009426, 57, 192767.0, 5.588
5.755309300002409, 58, 192767.0, 5.588
4.433071500010556, 59, 192767.0, 5.588
4.356089600012638, 60, 192767.0, 5.588
4.3466735999973025, 61, 192767.0, 5.588
3.9904689000104554, 62, 192722.0, 5.563
4.7155242000008, 63, 192722.0, 5.563
9.588791200018022, 64, 192673.0, 5.536
10.059086099994602, 65, 192640.0, 5.518
7.184989300003508, 66, 192629.0, 5.512
10.222877200023504, 67, 192589.0, 5.490
9.482609799975762, 68, 192589.0, 5.490
8.599979599996004, 69, 192589.0, 5.490
11.04009570000926, 70, 192582.0, 5.486
10.185528100002557, 71, 192555.0, 5.471
6.749339599977247, 72, 192555.0, 5.471
7.002108000015141, 73, 192555.0, 5.471
7.282007700006943, 74, 192548.0, 5.468
4.523334199999226, 75, 192530.0, 5.458
4.510682600026485, 76, 192530.0, 5.458
4.712113399989903, 77, 192530.0, 5.458
3.780392300017411, 78, 192530.0, 5.458
4.441599299985683, 79, 192530.0, 5.458
3.996400599979097, 80, 192530.0, 5.458
3.7680038000107743, 81, 192530.0, 5.458
3.882079100003466, 82, 192530.0, 5.458
3.927372900012415, 83, 192530.0, 5.458
3.965562900004443, 84, 192530.0, 5.458
4.5622954000136815, 85, 192530.0, 5.458
4.424330299982103, 86, 192530.0, 5.458
4.541151100012939, 87, 192530.0, 5.458
3.969786599976942, 88, 192522.0, 5.453
4.441651600005571, 89, 192522.0, 5.453
3.9351624000119045, 90, 192517.0, 5.451
4.063103199994657, 91, 192517.0, 5.451
4.143807200016454, 92, 192517.0, 5.451
4.512148400011938, 93, 192517.0, 5.451
4.292774200002896, 94, 192517.0, 5.451
4.353325199976098, 95, 192517.0, 5.451
4.002224299998488, 96, 192505.0, 5.444
4.51523439999437, 97, 192494.0, 5.438
3.9792236000066623, 98, 192494.0, 5.438
4.326176000002306, 99, 192494.0, 5.438
3.8716208999976516, 100, 192494.0, 5.438
4.000644400017336, 101, 192494.0, 5.438
4.286097400006838, 102, 192494.0, 5.438
3.7787600999872666, 103, 192494.0, 5.438
3.768304099998204, 104, 192494.0, 5.438
4.342667799995979, 105, 192494.0, 5.438
3.405362499994226, 106, 192494.0, 5.438
3.949473400018178, 107, 192494.0, 5.438
4.329041200020583, 108, 192494.0, 5.438
3.8985213999985717, 109, 192494.0, 5.438
4.026166999974521, 110, 192406.0, 5.390
4.511032299982617, 111, 192406.0, 5.390
4.634557699988363, 112, 192356.0, 5.362
4.1736898999952246, 113, 192312.0, 5.338
3.8647146000002977, 114, 192312.0, 5.338
4.296615400002338, 115, 192312.0, 5.338
3.7732891000050586, 116, 192301.0, 5.332
3.900190099986503, 117, 192301.0, 5.332
4.400824000011198, 118, 192301.0, 5.332
3.929223399987677, 119, 192301.0, 5.332
3.7512101999891456, 120, 192301.0, 5.332
4.668797199992696, 121, 192301.0, 5.332
4.224068799987435, 122, 192301.0, 5.332
4.99586100000306, 123, 192301.0, 5.332
4.525799499999266, 124, 192301.0, 5.332
4.020802199986065, 125, 192301.0, 5.332
3.567712499992922, 126, 192301.0, 5.332
4.07566339999903, 127, 192301.0, 5.332
4.685412999999244, 128, 192301.0, 5.332
4.50276470000972, 129, 192301.0, 5.332
4.40587840002263, 130, 192301.0, 5.332
4.031683399982285, 131, 192301.0, 5.332
4.231454900000244, 132, 192301.0, 5.332
4.114611900004093, 133, 192290.0, 5.326
4.283840999996755, 134, 192290.0, 5.326
4.024480899999617, 135, 192290.0, 5.326
5.066259900020668, 136, 192290.0, 5.326
3.646730899985414, 137, 192290.0, 5.326
4.481853400007822, 138, 192290.0, 5.326
4.62691900000209, 139, 192290.0, 5.326
4.006423899991205, 140, 192290.0, 5.326
3.4800659000175074, 141, 192290.0, 5.326
4.447360100020887, 142, 192290.0, 5.326
4.237476099980995, 143, 192290.0, 5.326
4.250634399999399, 144, 192274.0, 5.318
4.439419599977555, 145, 192236.0, 5.297
6.219770099996822, 146, 192236.0, 5.297
8.185839600017061, 147, 192174.0, 5.263
4.216849099990213, 148, 192143.0, 5.246
4.472258299996611, 149, 192143.0, 5.246
5.947532400023192, 150, 192133.0, 5.240
4.665438800002448, 151, 192133.0, 5.240
4.152710499998648, 152, 192101.0, 5.223
4.2617633000190835, 153, 192091.0, 5.217
4.509985999990022, 154, 192091.0, 5.217
3.7841097000055015, 155, 192091.0, 5.217
4.736054200009676, 156, 192091.0, 5.217
4.0615761000080965, 157, 192091.0, 5.217
3.816094999987399, 158, 192091.0, 5.217
3.956478700012667, 159, 192091.0, 5.217
4.542894199985312, 160, 192091.0, 5.217
4.465028899983736, 161, 192091.0, 5.217
5.008809299994027, 162, 192091.0, 5.217
3.6830291000078432, 163, 192091.0, 5.217
3.6753540000063367, 164, 192091.0, 5.217
4.242461599991657, 165, 192091.0, 5.217
3.72245689999545, 166, 192091.0, 5.217
3.9537261000077706, 167, 192091.0, 5.217
4.053580000007059, 168, 192091.0, 5.217
4.101556500012521, 169, 192091.0, 5.217
4.239500099996803, 170, 192091.0, 5.217
4.320431200001622, 171, 192085.0, 5.214
4.546996699995361, 172, 192028.0, 5.183
6.060486700007459, 173, 192028.0, 5.183
6.358536599989748, 174, 191943.0, 5.136
6.729850100004114, 175, 191943.0, 5.136
5.843320999993011, 176, 191898.0, 5.112
8.661467300000368, 177, 191898.0, 5.112
7.246895100019174, 178, 191850.0, 5.085
5.140722600015579, 179, 191850.0, 5.085
5.662378900015028, 180, 191850.0, 5.085
4.575651199993445, 181, 191832.0, 5.075
4.99338080000598, 182, 191828.0, 5.073
4.902787300001364, 183, 191816.0, 5.067
4.719453300000168, 184, 191810.0, 5.063
5.405910800007405, 185, 191770.0, 5.041
5.051105499995174, 186, 191752.0, 5.032
5.102702200005297, 187, 191749.0, 5.030
5.712691399996402, 188, 191749.0, 5.030
4.495403599983547, 189, 191749.0, 5.030
5.194305499986513, 190, 191749.0, 5.030
3.800450299982913, 191, 191749.0, 5.030
4.077958400011994, 192, 191749.0, 5.030
4.502524099982111, 193, 191749.0, 5.030
4.108126799983438, 194, 191731.0, 5.020
5.1472708999936, 195, 191731.0, 5.020
5.649512800009688, 196, 191731.0, 5.020
6.483233300008578, 197, 191731.0, 5.020
10.34926980000455, 198, 191661.0, 4.982
9.121601599996211, 199, 191661.0, 4.982
7.427548700012267, 200, 191661.0, 4.982
8.146037999977125, 201, 191661.0, 4.982
10.886446100019384, 202, 191601.0, 4.949
11.303865800000494, 203, 191601.0, 4.949
10.00331470000674, 204, 191552.0, 4.922
9.593044899986126, 205, 191522.0, 4.906
4.220478200004436, 206, 191522.0, 4.906
3.478677900013281, 207, 191522.0, 4.906
4.479182799987029, 208, 191522.0, 4.906
5.103081999986898, 209, 191522.0, 4.906
5.566380100004608, 210, 191522.0, 4.906
4.046551499981433, 211, 191522.0, 4.906
3.872089299984509, 212, 191522.0, 4.906
4.41998869998497, 213, 191522.0, 4.906
4.4260856000182685, 214, 191522.0, 4.906
3.906076999992365, 215, 191522.0, 4.906
3.5897417000087444, 216, 191522.0, 4.906
3.748273800010793, 217, 191522.0, 4.906
4.153807199996663, 218, 191423.0, 4.851
4.619153400009964, 219, 191423.0, 4.851
4.017882999993162, 220, 191423.0, 4.851
3.719103199982783, 221, 191423.0, 4.851
4.55414049999672, 222, 191423.0, 4.851
4.482254100003047, 223, 191423.0, 4.851
3.8907663999998476, 224, 191423.0, 4.851
4.2284012000018265, 225, 191423.0, 4.851
3.8862361000210512, 226, 191350.0, 4.811
4.352459199988516, 227, 191350.0, 4.811
5.017558399995323, 228, 191350.0, 4.811
4.316831400006777, 229, 191350.0, 4.811
3.6273400000063702, 230, 191350.0, 4.811
4.295579999976326, 231, 191350.0, 4.811
3.9224197000148706, 232, 191350.0, 4.811
3.8174524000205565, 233, 191350.0, 4.811
4.149992299993755, 234, 191350.0, 4.811
4.072943400009535, 235, 191350.0, 4.811
3.984502200008137, 236, 191350.0, 4.811
4.485903499997221, 237, 191350.0, 4.811
4.027255399996648, 238, 191350.0, 4.811
3.6585146999859717, 239, 191350.0, 4.811
4.081815900019137, 240, 191350.0, 4.811
4.328180200012866, 241, 191350.0, 4.811
4.2003529999929015, 242, 191350.0, 4.811
3.7194677000225056, 243, 191350.0, 4.811
4.2907657000178006, 244, 191350.0, 4.811
3.6052169000031427, 245, 191350.0, 4.811
3.6460922000114806, 246, 191350.0, 4.811
4.0572757000045385, 247, 191350.0, 4.811
4.84516700002132, 248, 191350.0, 4.811
4.408619199995883, 249, 191350.0, 4.811
3.892040500009898, 250, 191350.0, 4.811
4.050761200021952, 251, 191350.0, 4.811
3.76820960000623, 252, 191350.0, 4.811
4.070620399987092, 253, 191350.0, 4.811
3.977714400010882, 254, 191350.0, 4.811
4.579277499986347, 255, 191321.0, 4.796
5.0401183999783825, 256, 191321.0, 4.796
6.021457499999087, 257, 191321.0, 4.796
5.034713600005489, 258, 191321.0, 4.796
6.640382199984742, 259, 191321.0, 4.796
7.016535500006285, 260, 191321.0, 4.796
8.445656999974744, 261, 191321.0, 4.796
8.25160240000696, 262, 191309.0, 4.789
11.7640684999933, 263, 191307.0, 4.788
13.22982150001917, 264, 191307.0, 4.788
13.33997719999752, 265, 191307.0, 4.788
12.114986400003545, 266, 191307.0, 4.788
11.985858600004576, 267, 191307.0, 4.788
13.585611300019082, 268, 191307.0, 4.788
11.330128400004469, 269, 191307.0, 4.788
5.530246000009356, 270, 191307.0, 4.788
3.8828489999868907, 271, 191307.0, 4.788
3.770389500015881, 272, 191307.0, 4.788
4.545349200023338, 273, 191307.0, 4.788
4.340764400025364, 274, 191307.0, 4.788
3.3306034000124782, 275, 191307.0, 4.788
4.751365600008285, 276, 191307.0, 4.788
3.951159199990798, 277, 191307.0, 4.788
3.6371591000061017, 278, 191307.0, 4.788
3.838804099999834, 279, 191307.0, 4.788
4.111404800001765, 280, 191222.0, 4.741
3.960437000001548, 281, 191222.0, 4.741
4.510846999997739, 282, 191134.0, 4.693
4.190857799985679, 283, 191115.0, 4.683
4.215735200006748, 284, 191101.0, 4.675
5.818627900007414, 285, 191100.0, 4.674
6.106672000023536, 286, 191100.0, 4.674
4.793695900007151, 287, 191100.0, 4.674
4.24749779998092, 288, 191100.0, 4.674
5.14248970002518, 289, 191100.0, 4.674
3.896728100022301, 290, 191100.0, 4.674
3.59893869998632, 291, 191100.0, 4.674
4.080974900018191, 292, 191100.0, 4.674
5.8512141999963205, 293, 191100.0, 4.674
3.569898799993098, 294, 191100.0, 4.674
4.438317199994344, 295, 191100.0, 4.674
4.633242900017649, 296, 191100.0, 4.674
4.291278199991211, 297, 191100.0, 4.674
3.811507000005804, 298, 191100.0, 4.674
4.131728100008331, 299, 191100.0, 4.674
4.42831180000212, 300, 191077.0, 4.662
4.22566620001453, 301, 191066.0, 4.656
4.034472999977879, 302, 191029.0, 4.636
4.638472999999067, 303, 191029.0, 4.636
4.754833699989831, 304, 190963.0, 4.599
4.335376500006532, 305, 190963.0, 4.599
5.557379400008358, 306, 190942.0, 4.588
4.964289199997438, 307, 190942.0, 4.588
4.836162399995374, 308, 190919.0, 4.575
5.0033594999986235, 309, 190899.0, 4.564
5.9766285000077914, 310, 190877.0, 4.552
5.863821899984032, 311, 190877.0, 4.552
4.81328349999967, 312, 190851.0, 4.538
4.454047499981243, 313, 190851.0, 4.538
4.234606899990467, 314, 190850.0, 4.538
4.262271100014914, 315, 190837.0, 4.530
4.321670400007861, 316, 190837.0, 4.530
5.226084199995967, 317, 190795.0, 4.507
4.9397459999891, 318, 190782.0, 4.500
3.8648478999966756, 319, 190782.0, 4.500
4.37618379999185, 320, 190782.0, 4.500
3.758430000016233, 321, 190782.0, 4.500
4.482161799998721, 322, 190782.0, 4.500
4.15477330001886, 323, 190782.0, 4.500
4.043673400010448, 324, 190782.0, 4.500
5.548373199999332, 325, 190782.0, 4.500
3.944391099998029, 326, 190782.0, 4.500
4.579748400021344, 327, 190782.0, 4.500
4.683836500014877, 328, 190782.0, 4.500
3.7806476000114344, 329, 190782.0, 4.500
5.072449500003131, 330, 190782.0, 4.500
3.980761899991194, 331, 190782.0, 4.500
3.21391500000027, 332, 190782.0, 4.500
3.750172300002305, 333, 190782.0, 4.500
4.246219699998619, 334, 190782.0, 4.500
4.048469400004251, 335, 190782.0, 4.500
3.9104642999882344, 336, 190782.0, 4.500
4.31903169999714, 337, 190782.0, 4.500
3.523463099991204, 338, 190782.0, 4.500
5.0769708000007086, 339, 190782.0, 4.500
4.182291899982374, 340, 190782.0, 4.500
3.8416220999788493, 341, 190782.0, 4.500
3.6191894999938086, 342, 190782.0, 4.500
4.35055669999565, 343, 190782.0, 4.500
4.323227000015322, 344, 190782.0, 4.500
4.050128300004872, 345, 190782.0, 4.500
4.530167200020514, 346, 190782.0, 4.500
3.6309027999814134, 347, 190782.0, 4.500
3.972115799988387, 348, 190782.0, 4.500
4.520998599997256, 349, 190770.0, 4.494
4.058688199991593, 350, 190770.0, 4.494
4.71303079999052, 351, 190727.0, 4.470
4.561149299988756, 352, 190727.0, 4.470
3.610805899981642, 353, 190727.0, 4.470
4.094221799983643, 354, 190727.0, 4.470
3.972733900009189, 355, 190727.0, 4.470
3.9768342999741435, 356, 190727.0, 4.470
3.5381346000067424, 357, 190727.0, 4.470
3.8800296999979764, 358, 190727.0, 4.470
3.99699790001614, 359, 190727.0, 4.470
4.8400390000024345, 360, 190727.0, 4.470
4.054253399983281, 361, 190727.0, 4.470
4.246986300015124, 362, 190727.0, 4.470
4.185243600019021, 363, 190727.0, 4.470
3.7459782999940217, 364, 190727.0, 4.470
3.840166500012856, 365, 190727.0, 4.470
3.906477399985306, 366, 190727.0, 4.470
4.656952399993315, 367, 190727.0, 4.470
3.951642300002277, 368, 190723.0, 4.468
4.196789100009482, 369, 190723.0, 4.468
3.8382619000039995, 370, 190723.0, 4.468
4.49139519999153, 371, 190723.0, 4.468
3.9269379999896046, 372, 190723.0, 4.468
3.8350113999913447, 373, 190723.0, 4.468
4.601252899999963, 374, 190723.0, 4.468
4.005666700017173, 375, 190723.0, 4.468
4.087766800017562, 376, 190723.0, 4.468
3.9432582999870647, 377, 190723.0, 4.468
4.762798299983842, 378, 190723.0, 4.468
4.2716387000109535, 379, 190723.0, 4.468
4.070818399981363, 380, 190723.0, 4.468
3.7875745999917854, 381, 190723.0, 4.468
4.125747500016587, 382, 190723.0, 4.468
4.090258599986555, 383, 190723.0, 4.468
3.90239339999971, 384, 190723.0, 4.468
4.104217300016899, 385, 190723.0, 4.468
3.804804800020065, 386, 190723.0, 4.468
4.161811900004977, 387, 190723.0, 4.468
4.2008396000019275, 388, 190723.0, 4.468
3.9757715000014286, 389, 190723.0, 4.468
4.468937700003153, 390, 190723.0, 4.468
3.9432263000053354, 391, 190723.0, 4.468
4.49211460002698, 392, 190723.0, 4.468
3.956985500000883, 393, 190723.0, 4.468
3.848221599997487, 394, 190723.0, 4.468
4.797179300017888, 395, 190723.0, 4.468
3.8753431999939494, 396, 190723.0, 4.468
4.10353349999059, 397, 190723.0, 4.468
4.528840699989814, 398, 190723.0, 4.468
3.9281275999965146, 399, 190723.0, 4.468
4.231035300006624, 400, 190723.0, 4.468
3.991548899997724, 401, 190723.0, 4.468
3.8802780999976676, 402, 190713.0, 4.462
3.9721886000188533, 403, 190713.0, 4.462
4.922595500014722, 404, 190713.0, 4.462
5.220713299990166, 405, 190713.0, 4.462
4.099571700004162, 406, 190691.0, 4.450
4.417863999988185, 407, 190691.0, 4.450
4.158329099998809, 408, 190691.0, 4.450
3.7915117999946233, 409, 190691.0, 4.450
4.076868000003742, 410, 190691.0, 4.450
4.089943700004369, 411, 190691.0, 4.450
4.283675699989544, 412, 190691.0, 4.450
4.360867499985034, 413, 190691.0, 4.450
4.432819699984975, 414, 190691.0, 4.450
3.65101119998144, 415, 190662.0, 4.435
4.656331200007116, 416, 190662.0, 4.435
5.974430600006599, 417, 190662.0, 4.435
5.393662999995286, 418, 190662.0, 4.435
4.161720500007505, 419, 190662.0, 4.435
4.373997599992435, 420, 190662.0, 4.435
4.039010600012261, 421, 190662.0, 4.435
3.799431299994467, 422, 190662.0, 4.435
3.879460600001039, 423, 190662.0, 4.435
3.835374200018123, 424, 190662.0, 4.435
4.3157520000240766, 425, 190662.0, 4.435
4.100392400025157, 426, 190662.0, 4.435
3.7687014999974053, 427, 190662.0, 4.435
4.836209900007816, 428, 190662.0, 4.435
3.8092665000003763, 429, 190662.0, 4.435
4.064575099997455, 430, 190662.0, 4.435
3.91691629998968, 431, 190662.0, 4.435
4.283034799998859, 432, 190662.0, 4.435
4.417742999998154, 433, 190662.0, 4.435
3.8361221000086516, 434, 190662.0, 4.435
3.6356004000117537, 435, 190662.0, 4.435
3.494449199992232, 436, 190662.0, 4.435
4.498489299992798, 437, 190662.0, 4.435
4.740420899994206, 438, 190662.0, 4.435
3.743803499994101, 439, 190662.0, 4.435
4.091446600010386, 440, 190662.0, 4.435
4.619077099981951, 441, 190662.0, 4.435
3.898028299998259, 442, 190662.0, 4.435
3.6485550999932457, 443, 190662.0, 4.435
4.461802100006025, 444, 190662.0, 4.435
4.114569299999857, 445, 190662.0, 4.435
4.434764200006612, 446, 190662.0, 4.435
4.578496500005713, 447, 190662.0, 4.435
4.779970800009323, 448, 190662.0, 4.435
3.817668200004846, 449, 190662.0, 4.435
4.063277999986894, 450, 190662.0, 4.435
4.488186299975496, 451, 190662.0, 4.435
3.768834299989976, 452, 190662.0, 4.435
3.909518200001912, 453, 190662.0, 4.435
3.7265521999797784, 454, 190662.0, 4.435
3.9707544000120834, 455, 190643.0, 4.424
4.368080299987923, 456, 190643.0, 4.424
6.787865599995712, 457, 190643.0, 4.424
8.997532799985493, 458, 190643.0, 4.424
9.134430399979465, 459, 190637.0, 4.421
5.095195200003218, 460, 190637.0, 4.421
5.106665300001623, 461, 190618.0, 4.410
6.4078896999999415, 462, 190618.0, 4.410
6.445478300011018, 463, 190618.0, 4.410
8.525227899983292, 464, 190604.0, 4.403
9.495862000010675, 465, 190604.0, 4.403
10.69014310001512, 466, 190601.0, 4.401
11.635097599995788, 467, 190568.0, 4.383
9.484683199989377, 468, 190568.0, 4.383
7.798817400005646, 469, 190568.0, 4.383
9.358252799982438, 470, 190533.0, 4.364
7.396348400012357, 471, 190528.0, 4.361
7.1315556000045035, 472, 190505.0, 4.349
8.221893899986753, 473, 190463.0, 4.326
6.305845599999884, 474, 190463.0, 4.326
5.753446300019277, 475, 190417.0, 4.300
5.032848599978024, 476, 190410.0, 4.297
5.595878899999661, 477, 190405.0, 4.294
4.703944699984277, 478, 190404.0, 4.293
5.148608699993929, 479, 190393.0, 4.287
6.639672699995572, 480, 190383.0, 4.282
4.135563199990429, 481, 190372.0, 4.276
4.959446399996523, 482, 190367.0, 4.273
4.20897999999579, 483, 190367.0, 4.273
3.6926322000217624, 484, 190367.0, 4.273
3.6461959000153, 485, 190367.0, 4.273
4.435154999984661, 486, 190367.0, 4.273
3.7485597000049893, 487, 190367.0, 4.273
4.028571100003319, 488, 190367.0, 4.273
3.9550400000007357, 489, 190367.0, 4.273
4.254350699979113, 490, 190367.0, 4.273
3.7317212999914773, 491, 190367.0, 4.273
4.174506100011058, 492, 190367.0, 4.273
4.109906500001671, 493, 190367.0, 4.273
4.447414299997035, 494, 190331.0, 4.253
4.446286000020336, 495, 190331.0, 4.253
5.828372499992838, 496, 190289.0, 4.230
7.770582800003467, 497, 190289.0, 4.230
8.885917300009169, 498, 190274.0, 4.222
7.055494500003988, 499, 190256.0, 4.212
4.400819500006037, 500, 190256.0, 4.212
5.770106400013901, 501, 190239.0, 4.203
8.072771599981934, 502, 190219.0, 4.192
6.770130399992922, 503, 190219.0, 4.192
6.550983699999051, 504, 190219.0, 4.192
4.852094000001671, 505, 190219.0, 4.192
3.7969008999934886, 506, 190219.0, 4.192
4.361736500024563, 507, 190219.0, 4.192
4.211951700010104, 508, 190219.0, 4.192
4.212515799998073, 509, 190219.0, 4.192
4.281778600008693, 510, 190219.0, 4.192
4.092060199996922, 511, 190219.0, 4.192
3.7739754999929573, 512, 190219.0, 4.192
3.7853639000095427, 513, 190219.0, 4.192
4.001125500013586, 514, 190219.0, 4.192
3.957708999980241, 515, 190219.0, 4.192
5.094469700008631, 516, 190219.0, 4.192
3.8167686000233516, 517, 190219.0, 4.192
4.178492400009418, 518, 190219.0, 4.192
3.9171270999941044, 519, 190219.0, 4.192
3.8594532999850344, 520, 190219.0, 4.192
3.8817534999980126, 521, 190219.0, 4.192
4.051013200019952, 522, 190216.0, 4.190
4.575166399998125, 523, 190216.0, 4.190
5.938575999985915, 524, 190187.0, 4.174
8.831992200022796, 525, 190187.0, 4.174
9.698191200004658, 526, 190172.0, 4.166
5.060804999986431, 527, 190160.0, 4.160
3.9854134999914095, 528, 190153.0, 4.156
3.597996600001352, 529, 190153.0, 4.156
3.5125479999987874, 530, 190153.0, 4.156
3.890164000011282, 531, 190153.0, 4.156
4.264630599995144, 532, 190153.0, 4.156
3.6992634999915026, 533, 190153.0, 4.156
3.8693383999925572, 534, 190153.0, 4.156
4.603929700009758, 535, 190153.0, 4.156
4.1138680999865755, 536, 190153.0, 4.156
3.3834643000154756, 537, 190153.0, 4.156
4.221684400021331, 538, 190153.0, 4.156
4.7410019999952056, 539, 190153.0, 4.156
3.830102199979592, 540, 190153.0, 4.156
3.623057399992831, 541, 190153.0, 4.156
3.586447500012582, 542, 190153.0, 4.156
4.194562299991958, 543, 190153.0, 4.156
3.4924892999988515, 544, 190153.0, 4.156
4.5017530000186525, 545, 190151.0, 4.155
3.9412416999985, 546, 190151.0, 4.155
3.655331899994053, 547, 190151.0, 4.155
4.34412130000419, 548, 190151.0, 4.155
3.9400697000091895, 549, 190151.0, 4.155
3.662465500005055, 550, 190151.0, 4.155
3.942532100016251, 551, 190151.0, 4.155
3.662229799985653, 552, 190151.0, 4.155
3.9608677999931388, 553, 190151.0, 4.155
4.905394800007343, 554, 190151.0, 4.155
4.967799100006232, 555, 190151.0, 4.155
3.646065000008093, 556, 190151.0, 4.155
4.238210599985905, 557, 190151.0, 4.155
3.98796540001058, 558, 190151.0, 4.155
4.194962800014764, 559, 190151.0, 4.155
4.053204099996947, 560, 190137.0, 4.147
3.8086213000060525, 561, 190137.0, 4.147
4.285199100006139, 562, 190137.0, 4.147
4.319462699990254, 563, 190112.0, 4.133
3.313099000020884, 564, 190112.0, 4.133
4.723825299995951, 565, 190112.0, 4.133
4.0922311000176705, 566, 190089.0, 4.121
3.8745247999904677, 567, 190089.0, 4.121
3.9444021999952383, 568, 190089.0, 4.121
3.944543900026474, 569, 190089.0, 4.121
4.15138530000695, 570, 190089.0, 4.121
4.047776099992916, 571, 190089.0, 4.121
3.742227999988245, 572, 190089.0, 4.121
4.653789999982109, 573, 190089.0, 4.121
3.7447803000104614, 574, 190072.0, 4.111
4.783639500004938, 575, 190072.0, 4.111
5.977557100006379, 576, 190019.0, 4.082
7.548419200000353, 577, 190003.0, 4.074
8.762310099991737, 578, 190003.0, 4.074
4.837476599990623, 579, 189995.0, 4.069
4.146883200010052, 580, 189995.0, 4.069
4.437354800000321, 581, 189995.0, 4.069
3.8312319999968167, 582, 189995.0, 4.069
3.9558496000245214, 583, 189995.0, 4.069
4.348323699989123, 584, 189995.0, 4.069
3.868351099983556, 585, 189995.0, 4.069
4.288828499993542, 586, 189995.0, 4.069
3.8354601000028197, 587, 189995.0, 4.069
4.2910333999898285, 588, 189995.0, 4.069
4.023500100011006, 589, 189995.0, 4.069
4.101542199990945, 590, 189995.0, 4.069
3.716898599988781, 591, 189995.0, 4.069
4.150920299987774, 592, 189995.0, 4.069
4.205077299993718, 593, 189995.0, 4.069
3.6341584000037983, 594, 189995.0, 4.069
3.8049367999774404, 595, 189995.0, 4.069
3.9413848999829497, 596, 189995.0, 4.069
3.73661289998563, 597, 189995.0, 4.069
3.9009622000157833, 598, 189995.0, 4.069
4.527454299997771, 599, 189995.0, 4.069
4.051611300004879, 600, 189995.0, 4.069
3.72078249999322, 601, 189995.0, 4.069
3.9030885999964084, 602, 189995.0, 4.069
4.623858300008578, 603, 189995.0, 4.069
3.9034058999968693, 604, 189995.0, 4.069
3.9829957999754697, 605, 189995.0, 4.069
4.237229199992726, 606, 189995.0, 4.069
3.8348820000246633, 607, 189995.0, 4.069
3.7253590999753214, 608, 189992.0, 4.068
3.7033579999988433, 609, 189992.0, 4.068
4.1907527999719605, 610, 189992.0, 4.068
3.9373223000147846, 611, 189992.0, 4.068
3.9641560000018217, 612, 189992.0, 4.068
4.062826499983203, 613, 189992.0, 4.068
4.415139299992006, 614, 189992.0, 4.068
3.7821391000179574, 615, 189992.0, 4.068
3.2673508999869227, 616, 189992.0, 4.068
4.216161499993177, 617, 189992.0, 4.068
4.4249399000254925, 618, 189992.0, 4.068
3.6985515000123996, 619, 189992.0, 4.068
3.640777499997057, 620, 189992.0, 4.068
3.9048287000041455, 621, 189992.0, 4.068
4.4983970999892335, 622, 189992.0, 4.068
4.110840500012273, 623, 189984.0, 4.063
3.7012390999880154, 624, 189984.0, 4.063
4.7682293000107165, 625, 189979.0, 4.060
4.119060099998023, 626, 189979.0, 4.060
4.777717299992219, 627, 189979.0, 4.060
3.627088500012178, 628, 189979.0, 4.060
4.47282379999524, 629, 189979.0, 4.060
3.8042923000175506, 630, 189979.0, 4.060
4.144484099990223, 631, 189979.0, 4.060
4.523959699989064, 632, 189979.0, 4.060
4.15204739998444, 633, 189979.0, 4.060
4.106185300013749, 634, 189979.0, 4.060
3.996855300007155, 635, 189979.0, 4.060
3.69178870000178, 636, 189979.0, 4.060
4.2041437000152655, 637, 189979.0, 4.060
4.414500299986685, 638, 189979.0, 4.060
4.220827700017253, 639, 189979.0, 4.060
4.170668600010686, 640, 189979.0, 4.060
4.497678500018083, 641, 189979.0, 4.060
3.978255599999102, 642, 189979.0, 4.060
4.1769206000026315, 643, 189979.0, 4.060
3.8380201999971177, 644, 189979.0, 4.060
4.018284699996002, 645, 189979.0, 4.060
3.938497399998596, 646, 189979.0, 4.060
3.7970579999964684, 647, 189979.0, 4.060
3.5171568999940064, 648, 189979.0, 4.060
3.6780034999828786, 649, 189979.0, 4.060
3.710212300007697, 650, 189979.0, 4.060
4.141859499999555, 651, 189979.0, 4.060
4.308645199984312, 652, 189979.0, 4.060
4.28715629997896, 653, 189979.0, 4.060
4.417189200001303, 654, 189979.0, 4.060
4.3581680999777745, 655, 189979.0, 4.060
3.7254177999857347, 656, 189979.0, 4.060
4.601663000008557, 657, 189979.0, 4.060
3.537587800004985, 658, 189979.0, 4.060
4.047868199995719, 659, 189979.0, 4.060
5.129378899990115, 660, 189979.0, 4.060
4.3136146000179, 661, 189979.0, 4.060
3.5866662000189535, 662, 189979.0, 4.060
3.644228599994676, 663, 189979.0, 4.060
4.138292399991769, 664, 189979.0, 4.060
4.5684433999995235, 665, 189979.0, 4.060
3.828874500002712, 666, 189979.0, 4.060
4.16582739999285, 667, 189979.0, 4.060
3.6719699000241235, 668, 189979.0, 4.060
4.439037300006021, 669, 189979.0, 4.060
4.3276683000149205, 670, 189979.0, 4.060
4.113859999983106, 671, 189979.0, 4.060
4.9428161999967415, 672, 189979.0, 4.060
4.108896399993682, 673, 189979.0, 4.060
3.798472299997229, 674, 189979.0, 4.060
4.049189599987585, 675, 189979.0, 4.060

tour:
[1026 1009 1012  939  979  964 1004 1064 1085 1110 1161 1164 1128 1114
 1116 1077 1014  975 1025  991  954  921  876  915  889  821  827  747
  663  597  642  670  716  757  712  666  620  579  517  520  499  537
  598  614  613  678  673  737  792  798  770  820  802  869  912  983
  967  918  861  900  868  943  931  873  830  831  811  844  756  729
  698  676  603  617  657  556  542  572  536  506  486  427  378  302
  249  268  289  300  321  373  369  421  436  446  498  534  548  646
  686  725  785  837  795  817  859  857  826  779  773  774  715  702
  637  559  478  432  418  315  282  252  255  242  218  205  214  196
  167  168  178  192  208  229  231  232  261  296  328  340  363  400
  441  387  389  367  333  297  320  372  453  471  409  349  304  287
  274  254  234  202  186  172  161  175  138  116  108  130  123   91
   85   96  112  131  147  146  139  177  194  184  183  200  207  211
  199  198  197  180  174  144  137  128   99  100   89   81   65   50
   51   44   73   55   63   48   54   29   27   26    2   10    1    5
    7   16   18   42   30   38   28   14   19   25   32   43   31   21
   17    8   20   23   41   35   56   58   68   92  115   83   62   72
   76   95  119  129  143  148  126  105   88   75   70   59   61   66
   45   39   47   53   64   69   86   77   90  106  124  132  136  134
  142  114  113  101  118  140  159  160  153  151  206  216  203  215
  187  193  156  154  152  165  164  181  204  222  191  223  219  225
  259  257  256  266  298  290  347  376  425  455  412  415  380  392
  393  424  411  395  337  336  318  310  284  309  330  342  338  295
  262  264  241  217  212  224  235  246  247  227  185  213  239  253
  265  269  237  238  230  250  279  305  359  410  475  484  469  448
  434  403  420  355  307  280  278  294  341  366  419  458  472  505
  585  511  554  604  615  691  687  721  734  776  815  793  768  852
  922  848  936  950  896  872  946 1033 1065 1060  962  885  925  976
  972  953  947  874  846  851  864  803  807  760  741  714  640  550
  535  490  479  488  543  526  507  524  584  631  605  635  692  736
  718  777  824  886  928  980 1030 1041 1044 1081 1133 1104 1075 1027
  995 1023 1049 1084 1200 1217 1184 1210 1316 1379 1375 1474 1524 1552
 1636 1654 1725 1702 1667 1629 1576 1571 1586 1583 1581 1693 1673 1612
 1564 1507 1509 1513 1457 1400 1376 1285 1314 1317 1358 1393 1417 1480
 1445 1425 1547 1519 1469 1398 1278 1227 1159 1177 1172 1207 1185 1235
 1218 1197 1194 1122 1125 1145 1147 1165 1131 1115 1072 1028 1057 1016
  985  989  937  951  892  909  887  927  842  804  800  901  996  955
  897  849  799  748  703  681  744  825  758  732  658  656  633  589
  575  456  489  546  563  628  650  727  710  679  638  608  586  552
  525  470  449  394  384  397  438  416  429  476  492  528  515  560
  595  626  582  500  447  391  368  334  311  275  273  272  316  345
  365  350  314  291  251  221  233  245  210  182  190  158  170  209
  236  270  292  324  360  396  487  474  494  514  544  553  616  652
  677  709  738  751  723  682  730  743  763  813  832  875  796  838
  880  787  731  655  641  561  519  445  466  422  370  390  401  331
  352  327  306  263  240  244  220  195  163  162  145  111  110  127
  117  125   98   94   82  102  121  103  107  109   93   80   79   74
   52   40   46   34   13    6   11    9   12    3    0    4   15   36
   37   24   22   33   60   71   87   78   49   57   67   84   97  104
  122  120  141  157  133  135  149  150  166  173  189  179  188  176
  171  155  169  201  226  243  248  277  312  299  319  344  339  313
  301  374  406  450  501  523  564  562  596  659  590  512  461  459
  439  485  539  503  426  398  377  351  388  356  354  329  308  293
  271  325  375  371  322  288  267  285  283  346  381  435  482  521
  565  643  621  578  547  477  606  665  759  822  790  828  913  944
  882  974  957  879  819  739  694  651  587  672  648  611  668  639
  607  599  570  695  690  783  860  938  899  865  805  809  719  749
  782  829  847  919  970  934  988  948  911 1003  981  978  908  973
 1024 1182 1283 1348 1328 1431 1467 1520 1563 1496 1477 1357 1310 1320
 1269 1223 1233 1204 1150 1106 1079 1156 1228 1178 1180 1120 1095 1083
 1099 1111 1035 1038 1055 1042 1032 1020 1069 1109 1198 1247 1236 1301
 1382 1444 1514 1554 1580 1639 1724 1703 1812 1881 1884 1873 1820 1776
 1749 1660 1617 1623 1560 1484 1493 1434 1407 1324 1270 1258 1226 1170
 1183 1103 1073 1037  992  933  834  764  722  706  653  711  769  808
  745  683  647  726  750  781  850  898  916  969  987 1017  965  930
  881  853  902  977 1078 1096 1050 1087 1052  998  905  910  894  986
 1034 1066 1093 1140 1136 1152 1190 1225 1261 1296 1291 1290 1286 1221
 1168 1162 1243 1265 1344 1373 1331 1394 1461 1419 1403 1397 1428 1470
 1502 1483 1529 1591 1651 1665 1662 1605 1570 1525 1504 1537 1565 1643
 1689 1688 1722 1758 1795 1766 1883 1916 1935 1997 2054 2034 2071 2150
 2187 2223 2121 2097 2061 2043 2077 2036 2001 1937 1904 1836 1822 1801
 1714 1737 1763 1797 1830 1828 1876 1898 1976 1979 1914 1849 1888 1860
 1775 1757 1792 1841 1811 1844 1911 1954 1975 2046 2065 2006 2008 1960
 1915 1868 1834 1800 1748 1752 1788 1835 1872 1921 1969 2013 2095 2159
 2200 2169 2168 2166 2163 2238 2274 2329 2271 2246 2175 2174 2120 2080
 2035 1989 1963 2032 2129 2149 2186 2242 2321 2301 2373 2371 2413 2488
 2520 2621 2652 2702 2770 2767 2780 2711 2709 2761 2815 2864 2874 2926
 2997 2978 2920 2860 2766 2803 2738 2667 2675 2612 2517 2448 2409 2426
 2414 2456 2509 2521 2567 2584 2587 2645 2661 2630 2541 2531 2459 2475
 2445 2450 2400 2349 2278 2290 2239 2272 2343 2289 2300 2336 2331 2381
 2279 2215 2210 2147 2067 2101 2084 1971 2000 1938 1983 1991 2003 1948
 2021 2037 1964 1917 1853 1893 1824 1734 1732 1768 1690 1656 1613 1567
 1604 1619 1607 1647 1609 1632 1562 1518 1533 1501 1544 1497 1462 1396
 1410 1437 1377 1330 1327 1367 1368 1304 1272 1191 1155 1153 1208 1253
 1244 1353 1359 1416 1413 1369 1405 1446 1487 1494 1549 1626 1699 1704
 1813 1793 1863 1877 1899 1980 2028 2102 2044 2157 2220 2182 2113 2089
 2075 2057 2014 1943 1854 1815 1726 1730 1694 1645 1606 1555 1640 1598
 1611 1574 1572 1624 1627 1682 1808 1839 1878 1944 2022 1931 1923 2027
 2066 2122 2140 2094 2058 1999 1925 1850 1874 1785 1715 1661 1711 1767
 1655 1578 1668 1630 1683 1716 1713 1657 1644 1620 1559 1516 1448 1492
 1435 1454 1508 1541 1557 1584 1481 1447 1404 1321 1273 1211 1315 1335
 1354 1388 1345 1245 1181 1108 1101 1071 1058  963  966  845  855  866
  839  956 1005 1021 1015  968  917  893  814  717  667  623  593  649
  688  724  707  752  755  696  699  762  746  684  644  660  610  545
  531  516  576  568  504  522  480  532  443  460  417  361  335  382
  404  463  497  518  557  624  627  567  566  467  408  428  473  508
  555  588  654  600  629  662  735  704  720  701  713  775  810  812
  778  780  863  797  753  801  843  883  926  961 1008  993 1036 1053
 1112 1134 1188 1229 1239 1294 1268 1322 1362 1402 1463 1475 1510 1539
 1521 1610 1671 1708 1769 1818 1885 1848 1845 1780 1700 1649 1590 1531
 1449 1429 1364 1271 1259 1262 1346 1389 1349 1246 1195 1157 1121 1097
 1047  952  984  929  890  884  940  958  999 1043 1062 1118 1076 1040
 1102 1144 1230 1250 1318 1309 1355 1390 1411 1370 1305 1343 1325 1274
 1241 1213 1141 1137 1091 1105 1089 1039 1013  941  891  959  867  754
  818  833  765  705  689  645  622  591  592  580  612  573  551  491
  464  451  405  433  462  457  509  513  577  636  697  700  788  871
  932 1022  990 1070 1100 1143 1119 1082 1000 1010  923  903  806  840
  862  794  766  671  632  571  569  581  496  444  465  383  407  454
  385  348  326  364  402  386  332  281  260  228  258  276  317  353
  362  413  452  483  502  549  533  481  430  431  440  414  379  343
  303  286  323  358  357  423  468  540  541  495  609  661  625  583
  601  574  527  493  558  618  680  728  674  708  784  786  761  789
  870  907  942  914  858  935 1006 1086 1163 1166 1186 1189 1192 1255
 1295 1306 1341 1337 1287 1311 1249 1215 1214 1173 1063 1002 1001  997
 1054 1132 1206 1251 1292 1385 1488 1471 1439 1478 1528 1426 1432 1436
 1374 1284 1219 1113 1205 1237 1323 1336 1441 1422 1485 1546 1608 1621
 1735 1786 1783 1819 1855 1892 1962 1961 1933 1869 1798 1741 1706 1674
 1568 1523 1536 1579 1592 1646 1602 1569 1551 1672 1770 1833 1856 1838
 1754 1756 1759 1907 1946 1967 2038 2117 2199 2155 2083 2048 2107 2136
 2017 1970 1908 1867 1809 1738 1650 1594 1652 1745 1727 1658 1542 1558
 1587 1695 1803 1804 1864 1861 1890 1886 1955 2007 2053 2110 2072 1987
 2016 1966 1972 1978 2052 2085 2098 2143 2160 2230 2324 2330 2408 2351
 2297 2356 2412 2421 2481 2557 2598 2617 2733 2731 2795 2657 2608 2525
 2491 2453 2410 2357 2367 2298 2221 2154 2196 2291 2212 2190 2087 2082
 2142 2226 2296 2276 2194 2247 2309 2303 2338 2402 2319 2259 2281 2366
 2397 2469 2589 2638 2740 2737 2802 2832 2851 2918 2985 3071 3111 3090
 3055 2998 2964 2893 2956 3012 3052 3123 3132 3059 3007 3112 3107 3065
 3014 2960 2876 2889 2783 2700 2743 2788 2791 2799 2735 2694 2650 2614
 2596 2693 2641 2585 2639 2655 2605 2580 2533 2464 2419 2346 2310 2195
 2167 2257 2241 2261 2335 2339 2454 2504 2511 2394 2440 2474 2518 2446
 2425 2332 2277 2237 2130 2030 2099 2045 1949 1912 1831 1843 1810 1701
 1648 1697 1773 1784 1728 1846 1909 1956 1995 1926 2040 2114 2112 2103
 2176 2227 2282 2369 2372 2435 2461 2494 2552 2574 2712 2765 2877 2939
 2993 3047 3122 3066 3072 3023 2904 2884 2977 3080 3098 3121 3164 3197
 3191 3248 3234 3153 3167 3223 3181 3216 3256 3194 3173 3113 3042 3039
 3108 3031 2940 2887 3046 3027 2970 2861 2855 2880 2929 3018 2995 3015
 3011 2923 2863 2817 2725 2673 2689 2664 2736 2807 2810 2852 2933 2905
 2949 2919 2922 2827 2824 2793 2751 2710 2670 2547 2486 2550 2597 2648
 2697 2701 2744 2642 2590 2549 2602 2562 2500 2442 2513 2457 2490 2429
 2379 2328 2248 2287 2207 2224 2116 2060 2049 2127 2178 2162 2137 2056
 2059 2100 2023 1968 1941 1922 1918 1903 1930 1896 1825 1794 1739 1685
 1681 1733 1753 1618 1675 1692 1709 1743 1781 1633 1600 1540 1495 1556
 1479 1499 1573 1595 1577 1503 1452 1456 1329 1332 1338 1442 1458 1515
 1486 1424 1409 1455 1566 1616 1637 1635 1691 1731 1771 1789 1857 1929
 1936 2015 2039 2025 2144 2260 2206 2325 2251 2217 2115 2111 2133 2088
 2010 1998 1924 1902 1842 1760 1723 1684 1678 1588 1575 1482 1380 1352
 1276 1232 1199 1146 1098 1067 1142 1222 1129 1127 1220 1201 1242 1275
 1302 1395 1391 1333 1372 1347 1342 1303 1240 1264 1308 1252 1209 1154
 1175 1094 1068 1051 1007  971 1011 1031  982  895  767  733  742  823
  888  854  771  740  675  602  630  685  669  594  530  442  399  437
  538  510  529  619  634  664  693  836  877  878  994  924  960  945
  856  772  791  816  835  841  906  904  920  949 1019 1056 1074 1167
 1202 1123 1045 1018 1059 1117 1187 1288 1360 1440 1498 1465 1500 1450
 1550 1625 1698 1778 1807 1906 1950 1942 1787 1750 1816 1742 1882 1957
 2005 2069 2146 2177 2243 2172 2141 2078 2024 1973 1879 1920 1940 2073
 2134 2128 2267 2252 2197 2254 2315 2258 2317 2320 2340 2404 2377 2307
 2249 2213 2292 2399 2353 2465 2539 2470 2492 2553 2591 2582 2534 2447
 2514 2560 2558 2523 2644 2695 2719 2756 2840 2937 2947 2894 2835 2818
 2814 2808 2698 2716 2713 2856 2897 2986 2967 3000 3053 3114 3252 3337
 3303 3242 3220 3185 3048 2975 2951 2888 2941 2999 3091 3141 3171 3036
 3078 3145 3160 3176 3281 3300 3335 3375 3374 3419 3352 3356 3400 3373
 3418 3448 3494 3589 3638 3679 3735 3766 3832 3847 3870 3906 3837 3793
 3671 3609 3560 3532 3458 3427 3361 3380 3286 3228 3162 3200 3151 3154
 3237 3314 3389 3447 3502 3552 3510 3452 3435 3336 3338 3344 3426 3483
 3605 3654 3712 3678 3644 3705 3765 3779 3780 3694 3630 3586 3480 3536
 3522 3486 3446 3393 3399 3425 3429 3358 3305 3245 3208 3190 3196 3260
 3183 3187 3210 3247 3293 3304 3340 3424 3443 3405 3349 3320 3255 3238
 3213 3118 3163 3215 3239 3273 3323 3384 3292 3362 3370 3445 3476 3485
 3462 3440 3398 3451 3468 3478 3509 3529 3650 3631 3634 3604 3639 3682
 3746 3731 3726 3740 3764 3855 3876 3913 3937 3947 3907 3890 3874 3817
 3785 3814 3872 3960 3983 3941 3877 3835 3791 3737 3709 3754 3743 3697
 3760 3686 3608 3534 3549 3544 3574 3588 3632 3598 3553 3507 3417 3351
 3334 3270 3331 3388 3392 3412 3465 3535 3547 3581 3620 3637 3677 3701
 3747 3772 3822 3916 3904 3900 3984 3991 3976 4024 4042 4051 4104 4068
 4006 4019 4108 4110 4121 4080 4028 4001 4050 4101 4151 4138 4048 4047
 4040 4074 4067 4000 3926 3912 3968 3993 3933 3989 4014 3931 3943 3871
 3796 3797 3824 3804 3844 3788 3700 3688 3625 3550 3611 3662 3724 3782
 3819 3850 3885 3917 3973 4036 3966 3936 3939 3972 3958 3963 4035 4060
 4018 3992 3935 3892 3863 3884 3930 3903 3867 3845 3828 3805 3827 3816
 3770 3732 3715 3594 3607 3656 3617 3568 3467 3493 3541 3531 3439 3299
 3295 3236 3175 3195 3241 3309 3312 3366 3315 3298 3287 3199 3130 3097
 3110 3152 3207 3203 3106 3064 3050 3082 3101 3041 3022 2881 2801 2768
 2798 2854 2917 2931 3003 3087 2959 2912 2910 2955 2883 2823 2777 2692
 2628 2576 2579 2499 2503 2603 2679 2734 2806 2759 2775 2724 2684 2625
 2595 2551 2537 2489 2434 2460 2497 2478 2561 2633 2722 2654 2570 2483
 2415 2360 2376 2396 2441 2463 2538 2599 2613 2610 2750 2796 2797 2764
 2819 2834 2872 2976 2981 2945 2914 2896 2903 2842 2755 2676 2632 2634
 2565 2568 2636 2762 2813 2850 2853 2901 3005 2943 2992 2974 3008 3021
 3045 3051 3086 3126 3169 3233 3250 3296 3319 3322 3240 3180 3148 3144
 3128 3109 3058 3038 2989 2991 3060 2980 2871 2843 2805 2812 2944 2916
 2948 2950 2892 2869 2841 2781 2752 2730 2792 2821 2748 2742 2671 2682
 2581 2506 2468 2524 2611 2646 2647 2678 2718 2772 2741 2774 2707 2669
 2640 2588 2522 2546 2502 2451 2386 2477 2544 2601 2540 2472 2395 2375
 2306 2233 2189 2229 2170 2171 2096 2139 2193 2109 2029 2011 1984 1939
 1928 1889 1894 1919 1945 2019 2047 1952 1901 1982 2009 2033 2055 2183
 2184 2275 2314 2280 2284 2337 2392 2433 2512 2530 2556 2629 2691 2677
 2583 2519 2480 2420 2365 2364 2350 2388 2467 2510 2607 2656 2672 2706
 2703 2771 2829 2809 2773 2729 2822 2826 2828 2886 2891 2927 2962 2994
 2954 3028 3077 3073 2969 2898 2899 2868 2928 3002 3069 3127 3156 3193
 3161 3105 3063 3019 2946 2816 2705 2723 2800 2804 2732 2717 2760 2721
 2653 2619 2564 2600 2627 2643 2606 2635 2663 2594 2493 2515 2476 2542
 2578 2535 2424 2384 2352 2295 2313 2327 2374 2302 2204 2208 2211 2216
 2135 2152 2202 2156 2125 2126 2068 2106 2180 2253 2219 2151 2201 2232
 2268 2361 2323 2318 2370 2427 2401 2383 2345 2378 2359 2432 2438 2496
 2501 2485 2573 2623 2688 2794 2867 2936 2984 2866 2848 2875 2958 2953
 3040 3070 3117 3084 3140 3170 3172 3192 3285 3302 3290 3325 3354 3433
 3347 3369 3277 3265 3244 3186 3136 3182 3227 3214 3155 3205 3275 3263
 3308 3383 3365 3411 3391 3394 3317 3271 3355 3408 3461 3475 3487 3506
 3538 3557 3496 3422 3484 3543 3575 3593 3641 3685 3719 3763 3829 3846
 3792 3753 3742 3728 3674 3619 3571 3528 3450 3492 3525 3610 3562 3503
 3414 3403 3387 3364 3345 3276 3267 3222 3218 3079 3102 3030 3088 3004
 2935 2837 2859 2908 3010 3043 3081 3017 2963 2932 2879 2924 2909 2847
 2833 2747 2687 2727 2763 2857 2779 2754 2862 2870 2784 2758 2831 2846
 2873 2878 2915 2987 2972 3026 3100 3116 3124 3139 3168 3232 3261 3202
 3178 3146 3159 3157 3095 3092 3068 3062 2996 2979 2973 2968 3037 3056
 3033 3142 3188 3204 3230 3198 3147 3076 3096 3209 3284 3353 3360 3311
 3368 3367 3294 3268 3316 3372 3404 3407 3382 3339 3262 3221 3274 3321
 3253 3225 3177 3119 3138 3206 3249 3310 3363 3402 3428 3515 3561 3578
 3559 3495 3456 3438 3488 3537 3555 3614 3648 3668 3626 3583 3518 3463
 3500 3579 3658 3642 3699 3748 3733 3773 3769 3798 3826 3887 3883 3860
 3869 3897 3923 3928 3999 3988 4015 4054 4044 4086 4135 4161 4172 4146
 4140 4148 4173 4192 4230 4222 4228 4249 4226 4217 4214 4177 4186 4149
 4111 4063 4061 3994 3934 3894 3891 3888 3851 3811 3784 3680 3729 3707
 3615 3649 3596 3646 3690 3761 3717 3681 3622 3635 3587 3599 3526 3548
 3627 3669 3692 3702 3777 3831 3853 3803 3759 3714 3744 3781 3849 3929
 3965 3949 3977 4037 4004 4003 4027 3979 3940 3925 3902 3833 3875 3839
 3774 3703 3643 3670 3665 3633 3623 3572 3513 3457 3508 3556 3490 3449
 3376 3258 3254 3333 3278 3329 3385 3357 3327 3291 3246 3137 3134 3120
 3103 3029 3044 2990 2921 2902 2858 2900 2930 2966 3006 3074 3057 3089
 3054 3085 3104 3150 3166 3189 3174 3129 3115 3179 3219 3318 3259 3226
 3251 3297 3348 3395 3431 3434 3466 3469 3497 3499 3546 3591 3613 3569
 3527 3489 3524 3564 3584 3647 3689 3734 3745 3775 3767 3738 3706 3708
 3695 3757 3799 3838 3834 3866 3879 3921 3953 3938 3978 3950 3893 3843
 3840 3813 3795 3848 3915 3986 4032 4057 4085 4113 4124 4095 4127 4174
 4206 4197 4184 4194 4170 4159 4193 4158 4150 4102 4073 4023 3981 3924
 3898 3830 3790 3751 3739 3711 3652 3653 3636 3603 3592 3533 3519 3504
 3514 3512 3471 3441 3401 3326 3341 3342 3313 3279 3264 3269 3409 3421
 3436 3416 3479 3464 3505 3501 3442 3343 3379 3423 3453 3420 3396 3491
 3565 3540 3590 3601 3664 3725 3750 3778 3808 3810 3821 3800 3786 3730
 3676 3580 3595 3597 3629 3567 3616 3655 3660 3624 3573 3558 3498 3473
 3472 3516 3521 3563 3585 3663 3661 3704 3720 3787 3758 3672 3723 3722
 3718 3762 3749 3768 3807 3899 3858 3861 3852 3918 3946 3951 4046 4089
 4118 4079 4128 4163 4207 4196 4154 4189 4201 4167 4152 4114 4087 4066
 4076 4030 3990 3987 3982 3970 3997 4049 4093 4129 4164 4191 4212 4213
 4225 4254 4240 4274 4296 4304 4276 4292 4270 4237 4272 4244 4262 4232
 4233 4275 4277 4295 4279 4300 4322 4346 4333 4329 4317 4330 4334 4365
 4381 4377 4354 4336 4348 4341 4351 4343 4379 4364 4335 4306 4286 4310
 4324 4302 4325 4313 4299 4289 4303 4281 4246 4210 4178 4157 4133 4123
 4084 4075 4041 4012 3957 3985 3975 3932 3952 3995 4034 4056 4069 4091
 4039 4081 4064 4098 4131 4130 4126 4117 4147 4166 4211 4220 4204 4195
 4243 4239 4260 4231 4209 4188 4136 4107 4078 4120 4100 4132 4176 4205
 4229 4252 4273 4307 4309 4349 4367 4362 4390 4402 4375 4392 4384 4398
 4399 4400 4434 4450 4452 4453 4449 4454 4433 4417 4425 4413 4378 4383
 4361 4350 4338 4353 4368 4359 4339 4355 4345 4321 4308 4278 4259 4271
 4298 4311 4305 4291 4269 4256 4245 4224 4199 4219 4221 4235 4238 4223
 4187 4162 4190 4181 4143 4137 4105 4055 4005 3964 3919 3889 3944 3956
 3920 3865 3836 3812 3842 3864 3914 3857 3905 3962 4045 4013 4026 3980
 4010 4038 4062 4094 4065 4083 4134 4142 4116 4169 4171 4203 4234 4250
 4264 4288 4301 4326 4342 4316 4294 4257 4242 4261 4263 4314 4315 4318
 4290 4293 4285 4268 4251 4258 4253 4280 4323 4340 4337 4347 4320 4332
 4352 4369 4373 4388 4401 4411 4427 4440 4460 4459 4458 4456 4457 4455
 4451 4441 4444 4448 4442 4439 4432 4422 4419 4416 4426 4428 4420 4408
 4394 4393 4371 4395 4387 4370 4382 4357 4344 4363 4372 4386 4391 4405
 4412 4406 4407 4414 4424 4429 4430 4423 4436 4443 4446 4445 4435 4438
 4447 4437 4431 4421 4409 4410 4403 4374 4376 4366 4358 4385 4397 4396
 4418 4415 4404 4389 4380 4360 4356 4327 4331 4319 4328 4312 4287 4241
 4236 4227 4267 4284 4297 4283 4282 4266 4255 4247 4218 4216 4208 4156
 4180 4145 4168 4183 4185 4198 4175 4155 4119 4109 4125 4090 4072 4021
 4020 4009 4016 4002 4033 4058 4088 4115 4122 4099 4097 4071 4092 4070
 4007 3961 3948 3911 3969 4022 4043 4011 3955 3971 3927 3880 3868 3878
 3789 3794 3820 3815 3802 3783 3727 3710 3667 3675 3657 3684 3716 3683
 3645 3551 3566 3612 3651 3693 3776 3841 3873 3945 3909 3910 3896 3901
 3954 3998 4029 4031 4053 4052 4103 4112 4082 4141 4165 4179 4200 4215
 4248 4265 4202 4182 4160 4153 4144 4106 4139 4077 4096 4025 3996 3967
 4008 4017 4059 3974 3959 3942 3882 3886 3908 3895 3922 3856 3859 3881
 3862 3823 3825 3771 3696 3621 3618 3600 3554 3628 3691 3741 3809 3752
 3721 3687 3736 3806 3854 3818 3801 3756 3755 3713 3698 3659 3582 3523
 3545 3577 3606 3640 3673 3666 3602 3570 3530 3482 3397 3406 3415 3346
 3283 3301 3289 3307 3381 3455 3460 3459 3330 3386 3430 3474 3444 3413
 3371 3332 3280 3235 3212 3257 3350 3378 3437 3481 3511 3542 3576 3517
 3520 3539 3432 3390 3477 3470 3454 3410 3359 3328 3266 3231 3224 3282
 3377 3288 3243 3201 3149 3135 3061 3125 3035 2988 2983 3001 3016 2925
 2957 3009 3024 3075 3158 3211 3143 3093 3034 3067 3049 3083 3133 3165
 3184 3229 3306 3324 3272 3217 3131 3099 3025 3020 3094 3032 2965 2942
 3013 2938 2911 2885 2882 2839 2790 2786 2708 2686 2659 2715 2825 2782
 2830 2849 2789 2838 2895 2907 2845 2785 2753 2714 2696 2649 2665 2651
 2681 2683 2745 2820 2836 2865 2890 2913 2961 2982 2934 2971 2952 2906
 2778 2728 2674 2615 2631 2563 2566 2620 2680 2699 2739 2757 2769 2844
 2811 2787 2704 2776 2726 2658 2529 2554 2586 2507 2430 2428 2482 2422
 2418 2326 2316 2333 2387 2403 2355 2341 2393 2363 2304 2293 2398 2385
 2286 2234 2214 2218 2104 2161 2203 2124 2123 2118 2138 2091 2105 2181
 2164 2198 2236 2235 2263 2264 2228 2285 2222 2158 2086 2050 2031 1988
 1947 1951 1897 1875 1837 1805 1790 1751 1851 1832 1764 1761 1796 1740
 1686 1669 1707 1729 1659 1601 1603 1511 1505 1596 1561 1545 1464 1489
 1453 1414 1401 1443 1418 1312 1298 1238 1203 1148 1126 1160 1092 1061
 1080 1135 1171 1254 1256 1257 1263 1216 1280 1307 1350 1371 1365 1361
 1356 1334 1351 1297 1299 1282 1266 1231 1179 1138 1193 1224 1234 1300
 1289 1319 1378 1381 1423 1406 1340 1386 1430 1490 1522 1438 1512 1553
 1641 1677 1712 1746 1821 1774 1717 1663 1736 1826 1827 1865 1932 1974
 1965 2018 2079 2076 2092 2148 2209 2269 2305 2390 2405 2436 2466 2505
 2536 2526 2593 2637 2604 2548 2532 2484 2452 2368 2347 2443 2498 2559
 2471 2527 2592 2685 2690 2749 2746 2720 2668 2622 2569 2616 2575 2572
 2571 2487 2437 2458 2528 2495 2479 2444 2449 2411 2431 2416 2391 2322
 2354 2299 2334 2382 2406 2380 2362 2342 2358 2389 2423 2462 2473 2516
 2577 2543 2545 2618 2666 2662 2660 2626 2624 2609 2555 2508 2455 2439
 2417 2407 2348 2283 2231 2262 2266 2250 2179 2270 2273 2312 2294 2256
 2185 2119 2064 2020 2042 2074 2093 2165 2132 2145 2051 2004 1992 1981
 1996 1986 1959 1934 1871 1852 1817 1782 1744 1765 1814 1829 1900 1862
 1806 1777 1720 1680 1585 1664 1631 1634 1638 1710 1676 1772 1802 1858
 1891 1895 1866 1823 1755 1719 1762 1670 1687 1628 1589 1622 1582 1527
 1420 1466 1517 1548 1597 1599 1615 1642 1696 1679 1718 1791 1840 1905
 1859 1747 1870 1913 1953 1990 1994 1985 2070 2108 2192 2188 2245 2288
 2308 2311 2344 2255 2240 2225 2173 2244 2265 2205 2191 2131 2090 2063
 2062 2081 2153 2041 2002 2026 1977 1993 2012 1927 1887 1958 1910 1880
 1847 1799 1779 1721 1666 1705 1653 1614 1593 1534 1532 1530 1526 1459
 1460 1472 1543 1506 1468 1427 1408 1433 1412 1399 1277 1326 1363 1383
 1339 1313 1267 1248 1281 1392 1415 1476 1473 1538 1535 1491 1451 1421
 1384 1387 1366 1293 1260 1279 1196 1176 1107 1046 1048 1088 1130 1169
 1174 1212 1139 1158 1124 1149 1151 1090 1029]

eliteFit: 189979.0
percentError: 4.060449371734058
computationTime: 3755.826s