instanceName: fnl4461
n: 4461
optFit: 182566

genTime, gen, eliteFit, percentError:
0.006409300025552511, 0, 8168105.0, 4374.056
34.184774800000014, 1, 203663.0, 11.556
20.324761600000784, 2, 202596.0, 10.971
21.603871100000106, 3, 201073.0, 10.137
20.21236599999247, 4, 200652.0, 9.907
21.678568000002997, 5, 200247.0, 9.685
21.140276799997082, 6, 199711.0, 9.391
19.412627100013196, 7, 199380.0, 9.210
19.92418989998987, 8, 198740.0, 8.859
20.14596110000275, 9, 198322.0, 8.630
19.579397499997867, 10, 198281.0, 8.608
19.92598510000971, 11, 197842.0, 8.367
20.360939200007124, 12, 197515.0, 8.188
21.51805090002017, 13, 197055.0, 7.936
20.82393340000999, 14, 196938.0, 7.872
19.603121799998917, 15, 196699.0, 7.741
19.306512000010116, 16, 196609.0, 7.692
19.19886099998257, 17, 196303.0, 7.524
17.70122769998852, 18, 196231.0, 7.485
18.353167200024473, 19, 196231.0, 7.485
19.491175300005125, 20, 195680.0, 7.183
19.269766799989156, 21, 195680.0, 7.183
19.238464800000656, 22, 195600.0, 7.139
18.852508699987084, 23, 195561.0, 7.118
19.216209300007904, 24, 195524.0, 7.098
19.56318779999856, 25, 195284.0, 6.966
17.933548900007736, 26, 195284.0, 6.966
17.620520600001328, 27, 195186.0, 6.913
17.78138279999257, 28, 194852.0, 6.730
13.814214400015771, 29, 194657.0, 6.623
12.27699380001286, 30, 194597.0, 6.590
13.867567000008421, 31, 194585.0, 6.583
12.513246199989226, 32, 194407.0, 6.486
13.184378000005381, 33, 194407.0, 6.486
13.262307400000282, 34, 194326.0, 6.442
12.02847859999747, 35, 194247.0, 6.398
12.036951399990357, 36, 194155.0, 6.348
12.220382700004848, 37, 194070.0, 6.301
12.626214699994307, 38, 194045.0, 6.288
11.336640800000168, 39, 193975.0, 6.249
12.220462500001304, 40, 193934.0, 6.227
11.169793499982916, 41, 193818.0, 6.163
11.682749899977352, 42, 193816.0, 6.162
11.703943800006527, 43, 193764.0, 6.134
10.689126000012038, 44, 193750.0, 6.126
9.956189199991059, 45, 193712.0, 6.105
7.908267099992372, 46, 193698.0, 6.098
9.112181899981806, 47, 193671.0, 6.083
10.494975099980365, 48, 193566.0, 6.025
10.532882600004086, 49, 193541.0, 6.012
10.155723800009582, 50, 193405.0, 5.937
6.949147900013486, 51, 193384.0, 5.926
7.313545499986503, 52, 193320.0, 5.890
8.280001900013303, 53, 193264.0, 5.860
5.933302299992647, 54, 193229.0, 5.841
6.712288299982902, 55, 193171.0, 5.809
9.440542000025744, 56, 193080.0, 5.759
5.5378867000108585, 57, 193059.0, 5.748
6.149385900003836, 58, 192991.0, 5.710
6.434346199996071, 59, 192900.0, 5.660
6.971032800007379, 60, 192864.0, 5.641
7.334286600002088, 61, 192783.0, 5.596
6.770203699998092, 62, 192711.0, 5.557
5.422634599992307, 63, 192711.0, 5.557
5.0109166000038385, 64, 192711.0, 5.557
3.765303899999708, 65, 192711.0, 5.557
3.5650089000118896, 66, 192711.0, 5.557
4.3528820000065025, 67, 192666.0, 5.532
4.813031700003194, 68, 192666.0, 5.532
4.0896744999918155, 69, 192666.0, 5.532
4.3495127000205684, 70, 192666.0, 5.532
4.108255800005281, 71, 192666.0, 5.532
4.934189099993091, 72, 192666.0, 5.532
3.7431105000141542, 73, 192666.0, 5.532
4.275671700015664, 74, 192666.0, 5.532
4.508458600001177, 75, 192666.0, 5.532
4.685503399989102, 76, 192666.0, 5.532
4.3871345999941695, 77, 192666.0, 5.532
3.6979590999835636, 78, 192666.0, 5.532
4.332741000020178, 79, 192666.0, 5.532
3.875898500002222, 80, 192666.0, 5.532
3.9669458999997005, 81, 192666.0, 5.532
4.502693300019018, 82, 192666.0, 5.532
3.96488089999184, 83, 192666.0, 5.532
4.656186100008199, 84, 192666.0, 5.532
4.759944799996447, 85, 192666.0, 5.532
3.8302298999915365, 86, 192606.0, 5.499
4.31947700001183, 87, 192606.0, 5.499
4.53869049999048, 88, 192601.0, 5.497
3.819360499997856, 89, 192601.0, 5.497
4.151596099982271, 90, 192601.0, 5.497
4.354934100003447, 91, 192601.0, 5.497
4.389690499985591, 92, 192601.0, 5.497
4.1158894000109285, 93, 192601.0, 5.497
4.201206500001717, 94, 192601.0, 5.497
3.8801085999875795, 95, 192601.0, 5.497
3.681643799995072, 96, 192601.0, 5.497
3.9028447000018787, 97, 192601.0, 5.497
4.150001900008647, 98, 192601.0, 5.497
3.659940000012284, 99, 192601.0, 5.497
4.060784200002672, 100, 192584.0, 5.487
3.792568200005917, 101, 192580.0, 5.485
4.424126600002637, 102, 192580.0, 5.485
3.830404300009832, 103, 192580.0, 5.485
4.403387600003043, 104, 192580.0, 5.485
4.711277399997925, 105, 192580.0, 5.485
4.375214700005017, 106, 192580.0, 5.485
4.522555200004717, 107, 192580.0, 5.485
3.66737720000674, 108, 192580.0, 5.485
4.780464499985101, 109, 192515.0, 5.450
4.620104600006016, 110, 192515.0, 5.450
4.254878200008534, 111, 192515.0, 5.450
3.7877263000118546, 112, 192515.0, 5.450
3.774186400027247, 113, 192458.0, 5.418
4.180414800008293, 114, 192458.0, 5.418
4.505026800004998, 115, 192458.0, 5.418
4.626877000002423, 116, 192458.0, 5.418
5.1812925999984145, 117, 192387.0, 5.379
4.924229700001888, 118, 192387.0, 5.379
8.565781299985247, 119, 192383.0, 5.377
10.775391000002855, 120, 192350.0, 5.359
9.028183999995235, 121, 192295.0, 5.329
4.596862600010354, 122, 192255.0, 5.307
5.060358000017004, 123, 192208.0, 5.281
4.675450299982913, 124, 192203.0, 5.279
4.973428700002842, 125, 192177.0, 5.264
5.069591399980709, 126, 192139.0, 5.244
4.481414000008954, 127, 192058.0, 5.199
4.353060599998571, 128, 192054.0, 5.197
4.394358499994269, 129, 192011.0, 5.173
5.059376999997767, 130, 191969.0, 5.150
4.887590600003023, 131, 191965.0, 5.148
4.333233099983772, 132, 191965.0, 5.148
4.513396800000919, 133, 191965.0, 5.148
3.7196223000064492, 134, 191965.0, 5.148
4.100591200025519, 135, 191965.0, 5.148
4.336906999989878, 136, 191965.0, 5.148
4.133711900009075, 137, 191965.0, 5.148
3.8237700999889057, 138, 191965.0, 5.148
3.695256899984088, 139, 191965.0, 5.148
4.018968099990161, 140, 191965.0, 5.148
4.160328899975866, 141, 191930.0, 5.129
4.500559400010388, 142, 191930.0, 5.129
4.408270399988396, 143, 191930.0, 5.129
3.9120790000015404, 144, 191924.0, 5.126
4.450682900001993, 145, 191924.0, 5.126
5.28833169999416, 146, 191921.0, 5.124
5.423142499988899, 147, 191921.0, 5.124
4.377143399993656, 148, 191921.0, 5.124
5.439782800007379, 149, 191921.0, 5.124
4.514988899987657, 150, 191921.0, 5.124
4.392124300007708, 151, 191921.0, 5.124
4.076918999984628, 152, 191921.0, 5.124
4.798674999998184, 153, 191921.0, 5.124
4.08614589998615, 154, 191921.0, 5.124
4.531568400008837, 155, 191921.0, 5.124
4.279792100016493, 156, 191905.0, 5.115
3.6018722000007983, 157, 191905.0, 5.115
3.7154157000186387, 158, 191905.0, 5.115
4.234079699992435, 159, 191901.0, 5.113
4.17644010001095, 160, 191901.0, 5.113
4.508676199999172, 161, 191892.0, 5.108
4.317878600006225, 162, 191892.0, 5.108
3.871080200013239, 163, 191892.0, 5.108
4.084627399977762, 164, 191892.0, 5.108
3.8807768000115175, 165, 191892.0, 5.108
4.327998199994909, 166, 191892.0, 5.108
4.934090800001286, 167, 191892.0, 5.108
4.454810000024736, 168, 191892.0, 5.108
3.9262283999996725, 169, 191892.0, 5.108
4.306321199983358, 170, 191892.0, 5.108
4.2067981000000145, 171, 191892.0, 5.108
3.9552163000043947, 172, 191892.0, 5.108
4.0625541000044905, 173, 191892.0, 5.108
3.8041403999959584, 174, 191892.0, 5.108
4.343293599988101, 175, 191892.0, 5.108
3.8430218000139575, 176, 191892.0, 5.108
4.706407699995907, 177, 191892.0, 5.108
4.492693800013512, 178, 191892.0, 5.108
4.185863300022902, 179, 191887.0, 5.106
4.502379000012297, 180, 191887.0, 5.106
3.594660200004, 181, 191887.0, 5.106
4.224720999976853, 182, 191887.0, 5.106
4.016571699990891, 183, 191887.0, 5.106
4.51741800000309, 184, 191887.0, 5.106
4.407612800016068, 185, 191887.0, 5.106
3.7833283999934793, 186, 191887.0, 5.106
3.916053799999645, 187, 191887.0, 5.106
4.838607699988643, 188, 191887.0, 5.106
3.940365699992981, 189, 191887.0, 5.106
4.649076100002276, 190, 191887.0, 5.106
4.152816199988592, 191, 191887.0, 5.106
4.0877099000208545, 192, 191887.0, 5.106
3.9582461999962106, 193, 191887.0, 5.106
3.7287402000220027, 194, 191887.0, 5.106
3.92008780001197, 195, 191887.0, 5.106
5.578040799999144, 196, 191887.0, 5.106
4.55236070000683, 197, 191887.0, 5.106
4.247095099999569, 198, 191887.0, 5.106
4.380746599985287, 199, 191887.0, 5.106
3.892092900001444, 200, 191887.0, 5.106
4.242970499995863, 201, 191887.0, 5.106
4.35875469999155, 202, 191887.0, 5.106
3.8488682999741286, 203, 191887.0, 5.106
4.831844599975739, 204, 191887.0, 5.106
4.250338899990311, 205, 191887.0, 5.106
3.9149265000014566, 206, 191887.0, 5.106
3.471179200016195, 207, 191887.0, 5.106
3.9393564999918453, 208, 191887.0, 5.106
3.106963900005212, 209, 191887.0, 5.106
4.67703070002608, 210, 191887.0, 5.106
3.9033262000011746, 211, 191887.0, 5.106
3.984939999994822, 212, 191887.0, 5.106
4.2770425000053365, 213, 191887.0, 5.106
4.190931000019191, 214, 191887.0, 5.106
4.246794700011378, 215, 191887.0, 5.106
4.530540200008545, 216, 191887.0, 5.106
4.466243100003339, 217, 191887.0, 5.106
4.380779600003734, 218, 191887.0, 5.106
4.554322599986335, 219, 191887.0, 5.106
3.925317700020969, 220, 191887.0, 5.106
4.314760900015244, 221, 191887.0, 5.106
3.7763477999833412, 222, 191887.0, 5.106
4.400450899993302, 223, 191887.0, 5.106
4.232957300002454, 224, 191887.0, 5.106
3.390913899987936, 225, 191887.0, 5.106
4.480609499994898, 226, 191887.0, 5.106
4.474815499997931, 227, 191887.0, 5.106
4.394529400015017, 228, 191887.0, 5.106
4.171607600001153, 229, 191887.0, 5.106

tour:
[2666 2618 2545 2543 2516 2473 2462 2423 2389 2358 2342 2362 2380 2406
 2382 2334 2299 2354 2322 2288 2245 2188 2192 2308 2311 2344 2255 2347
 2368 2452 2484 2505 2466 2436 2405 2390 2305 2265 2191 2205 2244 2173
 2225 2240 2153 2081 2026 2062 2063 2131 2090 2012 1927 1887 1799 1821
 1746 1712 1677 1641 1614 1653 1705 1779 1847 1880 1910 1958 1993 1977
 2002 2041 2108 2070 1985 1994 1953 1990 2064 2020 2042 2093 2074 2132
 2179 2165 2119 2185 2256 2294 2312 2273 2270 2250 2266 2262 2231 2145
 2051 2004 1992 1981 1996 1986 1934 1959 1900 1829 1862 1921 1969 2013
 2008 1960 1915 1868 1811 1844 1911 1954 2006 2065 2175 2246 2301 2271
 2274 2238 2163 2166 2168 2095 2169 2159 2200 2283 2348 2329 2407 2417
 2439 2455 2508 2555 2577 2662 2754 2779 2857 2879 2932 2963 2924 2909
 2847 2833 2747 2763 2727 2660 2626 2624 2609 2687 2621 2652 2702 2770
 2767 2780 2859 2908 3010 3043 3076 3147 3198 3209 3096 3004 2935 2837
 2815 2761 2709 2711 2645 2661 2630 2541 2520 2488 2413 2373 2371 2321
 2242 2174 2120 2080 2046 1975 1989 1963 2035 2032 2129 2149 2186 2239
 2272 2290 2278 2349 2400 2450 2445 2475 2531 2459 2456 2343 2289 2414
 2426 2409 2448 2517 2567 2521 2509 2587 2584 2667 2738 2675 2612 2573
 2623 2619 2653 2717 2732 2800 2804 2760 2721 2688 2794 2867 2866 2848
 2875 2958 2953 3040 3117 3182 3136 3084 3186 3244 3265 3277 3369 3347
 3433 3354 3285 3192 3172 3170 3140 2984 2936 2920 2860 2766 2803 2874
 2864 2926 2978 2997 3030 3088 3102 3079 3222 3218 3302 3325 3290 3267
 3276 3284 3353 3450 3492 3525 3610 3562 3503 3414 3403 3345 3387 3364
 3422 3496 3484 3543 3575 3593 3641 3680 3685 3719 3763 3792 3753 3742
 3728 3674 3619 3571 3528 3500 3579 3583 3518 3463 3368 3367 3372 3404
 3407 3488 3537 3555 3495 3559 3578 3561 3515 3456 3438 3382 3339 3428
 3402 3363 3310 3262 3221 3119 3177 3274 3321 3253 3225 3316 3268 3294
 3311 3360 3230 3204 3188 3142 3081 3017 3033 3056 3037 2968 2973 2979
 2996 3062 3138 3206 3249 3283 3346 3415 3482 3406 3397 3381 3301 3289
 3307 3330 3386 3430 3459 3460 3455 3530 3570 3602 3566 3551 3612 3651
 3666 3673 3693 3755 3756 3713 3698 3801 3818 3806 3854 3895 3922 3996
 3967 3908 3886 3882 3974 3959 3942 3954 3998 4029 4031 4053 4052 4059
 4017 4008 4025 4096 4077 4139 4106 4144 4153 4160 4182 4202 4265 4248
 4215 4200 4179 4165 4141 4112 4103 4082 4072 4021 4020 4009 4016 3945
 3873 3841 3909 3910 3896 3901 3776 3645 3657 3684 3683 3716 3802 3815
 3820 3783 3727 3710 3675 3667 3614 3648 3668 3626 3642 3658 3699 3733
 3773 3769 3798 3826 3748 3789 3794 3880 3868 3878 3911 3948 4007 3969
 4022 4043 4011 3955 3971 3927 4002 4033 4058 4088 4090 4125 4109 4119
 4155 4175 4198 4185 4183 4168 4145 4115 4122 4180 4156 4099 4097 4071
 4092 4070 4044 4054 4086 4135 4161 4172 4146 4140 4148 4173 4192 4208
 4216 4218 4227 4236 4241 4267 4283 4284 4287 4312 4328 4344 4357 4382
 4370 4387 4395 4371 4393 4394 4408 4420 4428 4426 4416 4419 4422 4432
 4439 4442 4448 4444 4441 4451 4455 4443 4436 4446 4445 4457 4456 4435
 4438 4447 4458 4459 4460 4437 4431 4421 4427 4440 4433 4454 4449 4453
 4452 4450 4434 4413 4425 4417 4411 4388 4383 4378 4353 4338 4350 4361
 4373 4369 4401 4409 4410 4403 4418 4415 4389 4404 4423 4430 4429 4424
 4414 4407 4406 4412 4405 4391 4386 4372 4363 4356 4360 4380 4385 4397
 4396 4366 4376 4374 4352 4332 4318 4315 4314 4290 4268 4285 4293 4320
 4347 4337 4358 4340 4323 4327 4331 4319 4297 4282 4266 4247 4255 4280
 4253 4258 4251 4230 4222 4228 4249 4226 4217 4177 4214 4263 4261 4242
 4294 4257 4250 4234 4203 4169 4171 4186 4149 4111 4063 4061 3994 3934
 3894 3897 3923 3928 3999 3988 4015 3961 3887 3883 3860 3869 3846 3829
 3891 3888 3851 3811 3784 3729 3707 3649 3690 3646 3596 3615 3557 3538
 3506 3487 3475 3461 3408 3355 3227 3214 3271 3317 3394 3391 3411 3548
 3623 3572 3513 3457 3383 3308 3365 3275 3263 3205 3155 3070 3019 3063
 3105 2994 2962 2946 2927 2891 2816 2723 2705 2635 2663 2594 2656 2729
 2822 2826 2828 2886 2954 3028 3077 3073 2969 2898 2899 2868 2928 3002
 3069 3127 3156 3193 3161 3258 3254 3333 3376 3449 3490 3508 3556 3633
 3665 3781 3833 3849 3902 3925 3940 3979 4027 4003 4004 3929 3965 3949
 3977 3920 3956 3944 3964 3919 3889 3812 3836 3865 3831 3853 3803 3744
 3714 3759 3777 3702 3692 3669 3627 3599 3526 3587 3635 3622 3681 3717
 3761 3842 3864 3914 3857 3905 3962 4013 4045 4116 4142 4134 4083 4065
 4026 3980 4010 4094 4062 4038 4005 4055 4105 4137 4181 4143 4132 4100
 4120 4078 4037 4107 4136 4188 4209 4231 4260 4239 4243 4204 4220 4211
 4166 4123 4133 4157 4178 4210 4246 4281 4303 4289 4317 4299 4313 4325
 4302 4324 4343 4310 4286 4306 4307 4309 4273 4252 4229 4205 4176 4199
 4224 4245 4219 4221 4190 4162 4187 4223 4264 4278 4259 4271 4238 4235
 4269 4256 4305 4291 4298 4311 4321 4308 4288 4301 4316 4326 4342 4368
 4400 4399 4398 4384 4359 4339 4355 4345 4375 4392 4402 4390 4362 4367
 4349 4335 4364 4379 4351 4341 4348 4336 4354 4377 4381 4365 4334 4330
 4329 4333 4322 4346 4300 4279 4295 4277 4275 4233 4194 4170 4184 4197
 4206 4174 4127 4095 4124 4159 4193 4158 4150 4163 4128 4154 4118 4079
 4073 4102 4113 4085 4057 4032 3986 3950 3978 3938 3893 3843 3840 3775
 3745 3734 3636 3603 3653 3711 3652 3663 3585 3563 3521 3516 3472 3473
 3409 3421 3498 3558 3573 3655 3624 3660 3661 3704 3720 3787 3758 3672
 3616 3567 3629 3597 3595 3580 3676 3730 3725 3664 3601 3590 3540 3491
 3565 3594 3607 3656 3715 3732 3770 3816 3827 3828 3805 3750 3778 3808
 3810 3821 3800 3786 3762 3718 3722 3749 3723 3768 3807 3858 3861 3852
 3830 3790 3751 3739 3795 3813 3848 3915 3924 3898 3981 4023 3951 3946
 3918 3990 3987 3982 3970 3899 3997 4049 4030 4076 4066 4114 4087 4046
 4089 4152 4167 4201 4189 4196 4207 4232 4262 4244 4237 4272 4292 4270
 4276 4304 4296 4274 4240 4254 4225 4213 4212 4191 4164 4129 4093 4060
 4035 4018 3992 3963 3935 3892 3863 3884 3930 3958 3972 3903 3867 3845
 3939 3936 3966 4036 4067 4074 4000 3926 3973 3917 3885 3850 3782 3819
 3788 3700 3724 3662 3611 3550 3625 3688 3682 3639 3604 3634 3631 3650
 3740 3726 3731 3746 3796 3797 3824 3804 3844 3912 3968 4040 4047 4048
 3993 3933 3931 3989 4014 4050 4138 4151 4101 4121 4110 4108 4080 4028
 4001 3943 3871 3855 3913 3937 3947 3907 3890 3874 3876 3817 3764 3686
 3608 3549 3544 3574 3588 3632 3709 3737 3701 3747 3791 3754 3743 3697
 3760 3785 3814 3835 3872 3960 4006 4019 4068 4104 4051 4042 4024 3983
 3941 3877 3976 3991 3984 3916 3904 3900 3906 3837 3870 3847 3832 3735
 3766 3793 3712 3678 3654 3671 3609 3560 3679 3638 3589 3532 3458 3427
 3361 3380 3418 3494 3448 3373 3286 3228 3162 3200 3151 3154 3108 3031
 2940 2887 3046 3027 2970 2861 2807 2810 2852 2933 2905 2919 2922 2949
 3039 3042 3113 3173 3194 3216 3256 3237 3314 3389 3447 3502 3552 3510
 3452 3435 3336 3338 3426 3483 3605 3644 3630 3694 3705 3765 3779 3780
 3822 3772 3677 3637 3620 3581 3547 3535 3598 3553 3507 3417 3351 3334
 3392 3465 3412 3388 3331 3270 3260 3196 3132 3059 3007 3112 3190 3208
 3245 3305 3358 3429 3425 3399 3480 3586 3536 3522 3486 3446 3393 3344
 3248 3234 3167 3223 3181 3122 3047 2993 2939 2877 2904 2884 2977 3023
 3072 3066 3153 3191 3197 3098 3080 3121 3164 3107 3065 3014 2960 2889
 2876 2783 2700 2712 2765 2744 2642 2549 2590 2552 2574 2494 2461 2435
 2372 2369 2282 2328 2379 2457 2429 2486 2547 2490 2550 2597 2513 2442
 2500 2562 2602 2648 2697 2701 2827 2824 2793 2751 2710 2670 2664 2736
 2689 2673 2725 2817 2855 2880 2929 2863 2923 2995 3018 3015 3011 3078
 3145 3160 3176 3300 3335 3352 3356 3400 3419 3374 3375 3281 3171 3141
 3185 3048 2888 2975 2951 2986 3114 3220 3242 3303 3337 3252 3053 3000
 2967 2897 2856 2713 2716 2698 2808 2814 2818 2835 2947 2894 2941 2999
 3091 3036 2937 2840 2756 2695 2719 2582 2534 2591 2553 2539 2492 2470
 2399 2465 2353 2224 2287 2248 2207 2178 2127 2049 2060 1942 2116 2213
 2292 2249 2307 2377 2404 2447 2514 2560 2558 2644 2523 2267 2128 2134
 2073 2141 2172 2258 2197 2252 2254 2315 2317 2320 2340 2243 2177 2146
 2069 2005 1957 1973 2024 2078 1940 1920 1879 1882 1742 1816 1750 1787
 1698 1625 1633 1600 1540 1495 1550 1450 1500 1465 1498 1440 1360 1288
 1187 1117 1059 1018 1045 1123 1264 1240 1303 1342 1347 1372 1308 1333
 1391 1395 1479 1499 1573 1556 1618 1675 1692 1709 1743 1781 1778 1807
 1906 1950 1922 1918 1941 1968 2056 2162 2137 2059 2023 1930 1903 1896
 1909 1956 1926 1995 2103 2100 2227 2176 2112 2114 2040 2045 1949 1843
 1810 1831 1912 2030 2099 2130 2237 2277 2332 2260 2206 2144 2133 2111
 2115 2117 2155 2083 2048 2038 1967 1946 1907 1838 1856 1833 1770 1672
 1723 1684 1575 1588 1678 1789 1760 1842 1902 1924 1998 2010 2088 2025
 2039 2015 1936 1929 1857 1771 1731 1691 1616 1566 1637 1635 1701 1648
 1697 1773 1784 1728 1846 1794 1825 1753 1733 1681 1739 1685 1595 1577
 1503 1452 1456 1458 1442 1515 1486 1424 1409 1455 1352 1380 1482 1488
 1385 1292 1251 1206 1132 1146 1199 1232 1276 1142 1067 1098 1054  997
 1001 1002 1063 1173 1214 1215 1249 1311 1287 1255 1186 1166 1163 1086
 1006  935  858  914  942  907  870  789  761  680  728  786  784  767
  661  625  609  541  540  602  630  594  669  685  675  740  771  742
  733  823  888  895  982 1031 1011  906  854  841  835  816  791  856
  920  904  971 1007 1051 1129 1127 1201 1220 1222 1338 1332 1329 1242
 1275 1302 1252 1202 1167 1074 1056 1154 1209 1175 1094 1068 1019  949
  945  960  924  994  878  877  836  772  693  664  634  619  538  510
  529  530  442  437  399  357  358  323  286  303  343  379  414  423
  468  440  431  430  495  533  549  481  452  483  502  583  601  708
  674  618  558  574  527  493  496  465  444  413  362  353  317  383
  348  326  276  258  228  260  281  332  364  385  407  454  457  509
  571  569  581  671  766  794  862  923  903  840  806  700  697  632
  636  577  513  402  386  433  462  464  405  451  491  551  573  612
  580  592  591  622  645  705  689  754  818  833  765  788  871  932
 1022 1000 1010 1082 1119 1189 1192 1143 1100 1070  990  867  891  941
  959 1013 1039 1089 1105 1091 1137 1141 1213 1241 1230 1144 1102 1040
  958  940  884  890  929  999 1043 1076 1118 1062 1121 1157 1195 1262
 1259 1271 1364 1318 1250 1309 1355 1390 1411 1370 1343 1305 1274 1325
 1323 1237 1205 1113 1219 1284 1336 1441 1422 1485 1546 1608 1621 1735
 1786 1892 1855 1819 1783 1674 1568 1523 1536 1426 1432 1436 1374 1306
 1295 1341 1337 1528 1478 1439 1471 1551 1569 1602 1754 1756 1759 1646
 1592 1579 1706 1741 1798 1869 1933 1961 1962 2017 1970 1908 1867 1809
 1738 1650 1594 1652 1745 1727 1695 1658 1542 1558 1587 1590 1649 1700
 1610 1531 1449 1429 1521 1539 1510 1475 1349 1389 1346 1246 1097 1047
  984  952  993 1036 1008 1053 1112 1134 1108 1229 1188 1239 1294 1268
 1322 1362 1402 1463 1448 1516 1559 1620 1716 1713 1644 1657 1671 1708
 1769 1818 1885 1848 1780 1845 1864 1861 1804 1803 1890 1886 1955 2007
 2053 2110 2072 1987 2016 1966 1972 1978 2085 2052 2029 2109 2011 1984
 1939 1928 1889 1894 1919 1945 2019 2096 2047 1952 1901 1982 2009 2033
 1999 2055 2094 2058 2022 1944 1874 1925 1850 1767 1711 1785 1715 1661
 1655 1668 1683 1630 1578 1492 1435 1454 1508 1541 1557 1584 1572 1574
 1624 1627 1682 1611 1598 1563 1520 1467 1447 1481 1404 1315 1335 1354
 1388 1345 1245 1181 1101 1071  956  917  893  968 1005 1021 1015  961
  883  926  863  797  753  801  843  814  717  667  654  600  629  662
  704  720  735  780  778  812  810  775  713  701  624  627  566  567
  557  518  497  463  467  404  382  335  408  361  417  443  480  532
  460  428  473  508  555  588  623  593  522  504  568  649  688  724
  752  707  696  755  699  576  516  531  545  610  660  684  644  570
  599  607  695  690  783  746  762  839  866  855  845  860  966  963
 1058 1211 1273 1321 1328 1283 1310 1357 1348 1431 1496 1477 1555 1640
 1730 1726 1815 1808 1839 1878 1931 1923 1854 1943 2014 2075 2057 2044
 2157 2204 2220 2182 2113 2089 2027 2066 2122 2140 2183 2184 2275 2314
 2280 2284 2337 2392 2433 2512 2530 2556 2629 2691 2858 2902 2900 2966
 2930 2892 2869 2841 2781 2752 2730 2792 2821 2950 2948 2916 2944 2871
 2843 2805 2812 2742 2748 2671 2682 2581 2617 2598 2557 2481 2408 2324
 2330 2297 2351 2421 2356 2412 2506 2468 2472 2477 2540 2524 2611 2646
 2647 2601 2544 2678 2718 2772 2741 2774 2707 2669 2640 2588 2522 2546
 2502 2451 2386 2395 2375 2306 2233 2189 2229 2170 2171 2139 2193 2160
 2143 2098 2154 2196 2291 2212 2190 2087 2082 2142 2226 2296 2276 2194
 2136 2107 2247 2303 2309 2460 2434 2489 2537 2551 2625 2595 2497 2478
 2561 2633 2654 2722 2819 2896 2914 2945 2981 3050 3082 3101 3041 3022
 2976 2872 2834 2768 2801 2798 2881 3003 2931 2917 2854 2775 2724 2684
 2679 2759 2806 2734 2692 2628 2576 2579 2603 2499 2503 2402 2338 2319
 2259 2281 2199 2217 2251 2325 2366 2397 2469 2589 2638 2650 2694 2735
 2693 2614 2596 2641 2639 2585 2511 2504 2454 2440 2474 2518 2425 2446
 2394 2339 2261 2335 2257 2241 2167 2195 2310 2346 2419 2464 2533 2580
 2605 2655 2743 2788 2791 2799 2802 2737 2740 2832 2893 2956 3012 3052
 3123 3183 3187 3247 3210 3238 3213 3118 2985 3071 3111 3090 3055 2998
 2964 2918 2851 2777 2823 2883 2955 2910 2912 2959 3087 3163 3215 3255
 3320 3349 3405 3293 3304 3340 3424 3443 3534 3478 3468 3509 3529 3485
 3476 3445 3462 3440 3451 3398 3323 3273 3239 3292 3384 3362 3370 3295
 3299 3236 3175 3195 3241 3467 3493 3568 3617 3541 3531 3439 3366 3312
 3309 3203 3207 3152 3106 3064 3110 3097 3130 3199 3287 3298 3315 3396
 3420 3379 3453 3423 3343 3442 3501 3505 3464 3479 3436 3416 3296 3250
 3233 3169 3126 3086 3051 2992 3045 2974 3008 3021 2903 2842 2796 2797
 2764 2750 2755 2676 2632 2634 2636 2568 2565 2599 2538 2613 2610 2570
 2483 2415 2360 2376 2396 2441 2463 2367 2298 2221 2230 2357 2410 2453
 2491 2525 2608 2657 2731 2733 2795 2901 2853 2762 2813 2850 2943 3005
 3058 3109 3128 3144 3148 3038 2989 2991 2980 3060 3180 3240 3319 3322
 3269 3326 3264 3279 3313 3342 3341 3401 3441 3471 3514 3512 3592 3533
 3519 3504 3489 3431 3434 3466 3527 3569 3613 3524 3564 3584 3647 3689
 3767 3738 3706 3708 3695 3757 3799 3838 3834 3866 3879 3921 3953 3957
 3985 4012 4041 4075 4084 4056 4034 4069 4091 4117 4147 4195 4126 4130
 4131 4098 4064 4081 4039 3995 3975 3932 3952 3875 3839 3774 3703 3670
 3643 3591 3546 3499 3497 3469 3385 3329 3278 3246 3291 3327 3357 3395
 3348 3297 3318 3259 3226 3251 3174 3129 3189 3166 3150 3104 3085 3054
 3089 3057 3006 3074 3115 3179 3219 3120 3134 3137 3103 3029 3044 2990
 2921 2829 2809 2771 2677 2703 2706 2773 2672 2607 2583 2519 2480 2420
 2365 2364 2350 2388 2467 2510 2493 2515 2476 2542 2578 2535 2606 2643
 2627 2600 2564 2501 2485 2427 2361 2323 2318 2370 2401 2496 2383 2345
 2378 2359 2438 2432 2424 2384 2352 2295 2313 2327 2374 2302 2208 2211
 2216 2202 2156 2152 2135 2102 2028 1980 1899 1877 1863 1793 1699 1694
 1645 1606 1626 1704 1813 1768 1690 1656 1613 1549 1494 1487 1446 1405
 1369 1413 1416 1353 1244 1180 1178 1228 1320 1269 1156 1120 1095 1083
 1099 1111 1038 1035  970  919  934  988  948  911  908  978  981 1003
 1079 1106 1150 1204 1223 1233 1182 1024  973  938  899  865  805  809
  829  847  782  749  719  668  639  611  648  672  651  587  606  665
  621  578  547  565  521  477  381  346  283  285  267  288  322  371
  375  426  435  482  503  539  485  439  398  377  351  325  271  293
  308  329  354  356  388  461  459  512  590  659  745  683  647  596
  562  564  501  523  489  456  450  406  374  301  313  339  344  319
  299  312  277  248  243  226  201  169  155  171  176  188  179  189
  173  157  141  120   97   84   67   57   49   37   36   15    4    3
    0    9   12   24   22   11    6   13   33   34   46   40   52   74
  103  102  121  107   93   79   80   76   95   72   83   62   35   56
   58   41   23   20    8   17   21   32   43   31   59   70   68   92
  115  126  105   88   75   61   45   39   25   19   14    7    5    1
   10    2   26   27   29   54   48   63   55   73   96   85   91  108
  116  138  161  175  186  172  202  232  234  254  287  304  349  409
  471  453  372  320  274  297  333  367  389  387  441  400  363  340
  328  296  261  231  229  249  302  289  268  321  369  300  255  242
  218  208  192  178  168  167  130  123  131  147  146  139  128  112
   89  100   99   81   69   65   50   51   44   18   16   30   38   42
   64   53   28   47   66   77   90   86  106  124  114  113  101  118
  140  159  160  153  151  148  143  129  119  109  152  154  156  193
  187  215  203  216  206  217  212  185  180  197  198  174  142  134
  136  132  137  144  183  199  211  207  200  184  194  177  196  205
  214  252  282  315  279  250  230  238  237  269  305  359  410  432
  418  446  478  475  484  469  448  434  403  420  419  355  265  366
  341  307  280  294  278  253  239  213  227  247  224  235  246  241
  284  310  337  336  318  309  264  262  295  330  342  338  290  257
  259  225  219  191  223  256  298  266  263  306  327  352  331  401
  396  360  324  334  311  275  292  270  236  209  220  244  240  222
  204  181  165  164  195  163  162  170  145  111   82   60   71   94
  110  127  117   98   87   78  104  125  122  133  135  149  166  150
  158  190  182  210  245  273  272  233  221  251  291  314  350  365
  316  345  368  391  447  500  582  626  595  560  515  528  492  476
  429  416  438  397  384  394  449  470  525  552  586  608  638  679
  710  730  743  682  723  763  813  832  875  892  909  887  842  804
  800  799  849  897  901  927 1016 1057 1072 1028  996  955  894  825
  744  732  681  703  748  727  650  628  563  546  589  575  633  656
  658  758  726  750  781  850  898  916  969  987 1017 1078 1096 1162
 1087 1050 1052  998  905  910  986 1034 1066 1093 1140 1194 1261 1296
 1218 1197 1122 1125 1145 1147 1165 1115 1131 1185 1207 1235 1285 1314
 1317 1358 1393 1376 1400 1397 1428 1470 1502 1483 1529 1525 1504 1537
 1565 1570 1643 1689 1688 1766 1722 1758 1795 1776 1749 1820 1873 1884
 1881 1812 1724 1703 1609 1647 1607 1544 1501 1533 1518 1562 1632 1639
 1580 1660 1617 1623 1560 1493 1434 1344 1373 1331 1394 1461 1419 1403
 1286 1290 1291 1225 1190 1136 1152 1168 1221 1265 1243 1258 1324 1407
 1484 1514 1554 1444 1382 1301 1270 1226 1236 1170 1183 1103 1073 1037
  992  933  834  902  853  881  977  965  930  808  769  711  653  706
  643  722  764  828  913  944  882  822  790  759  694  739  819  879
  957  974 1055 1042 1032 1020 1069 1109 1198 1247 1330 1377 1437 1410
 1368 1367 1327 1304 1272 1191 1155 1153 1208 1253 1359 1396 1462 1497
 1567 1604 1619 1732 1734 1824 1893 1853 1917 1964 2037 2021 1948 2003
 1991 2125 2126 2068 1983 1938 2000 2106 2180 2253 2219 2201 2151 1971
 2084 2101 2067 2147 2232 2268 2210 2215 2279 2381 2331 2336 2300 2223
 2187 2150 2071 2034 2054 1997 1935 1916 1883 1801 1822 1836 1937 2001
 2036 2077 2121 2097 2061 2043 1904 1876 1898 1976 1979 1914 1849 1888
 1860 1841 1792 1775 1757 1702 1667 1629 1576 1547 1571 1586 1583 1581
 1693 1763 1797 1830 1828 1737 1714 1662 1665 1605 1591 1651 1673 1612
 1564 1507 1509 1513 1457 1417 1480 1445 1425 1519 1469 1398 1278 1227
 1172 1177 1159 1084 1200 1217 1184 1210 1316 1379 1375 1474 1524 1552
 1636 1654 1725 1748 1752 1800 1834 1872 1835 1788 1806 1777 1720 1680
 1585 1664 1765 1744 1782 1814 1817 1852 1871 1891 1858 1802 1710 1676
 1772 1755 1823 1895 1866 1913 1870 1905 1859 1840 1791 1696 1679 1718
 1721 1666 1593 1534 1532 1530 1526 1543 1459 1460 1472 1506 1597 1599
 1615 1642 1747 1762 1719 1687 1670 1628 1622 1589 1548 1517 1466 1420
 1383 1339 1267 1313 1392 1415 1473 1538 1476 1527 1582 1638 1634 1631
 1535 1491 1451 1421 1384 1293 1260 1366 1387 1279 1281 1248 1196 1176
 1107 1046 1048 1088 1130 1169 1174 1212 1277 1326 1363 1427 1408 1468
 1433 1412 1399 1300 1378 1381 1319 1340 1423 1406 1386 1430 1490 1522
 1438 1512 1553 1545 1464 1489 1453 1365 1361 1356 1334 1351 1299 1282
 1266 1297 1231 1179 1138 1193 1224 1289 1234 1151 1149 1124 1158 1139
 1060 1065 1033 1026 1029 1009 1012 1090 1064 1004  991  954  921  876
  915  889  964  979  939  922  852  936  848  768  793  815  776  872
  896  950  946  962  885  925  976  972  953  947  928  980 1030 1041
 1044 1081 1133 1104 1075 1027 1049 1023  995  989  985  951  937  880
  838  796  751  738  709  677  652  616  655  641  561  519  494  514
  544  553  487  474  445  466  422  390  370  347  376  425  455  412
  415  380  392  393  424  395  411  458  511  554  615  604  585  550
  535  505  472  490  479  488  543  526  507  524  584  631  605  635
  692  736  777  718  731  787  886  824  874  846  851  864  803  741
  807  760  714  640  734  721  687  691  666  620  579  517  520  499
  537  598  597  663  642  670  716  712  757  821  827  747  792  737
  673  614  613  678  637  559  548  534  498  436  421  373  378  427
  486  506  536  572  603  676  698  617  542  556  657  729  756  811
  831  830  873  931  943  844  868  900  785  837  861  918  859  826
  779  817  795  725  686  646  702  715  773  774  802  770  798  820
  869  857  912  967  983 1014  975 1025 1085 1161 1164 1110 1128 1114
 1116 1077 1080 1061 1092 1135 1171 1254 1256 1257 1263 1160 1126 1148
 1238 1203 1216 1280 1307 1371 1414 1350 1298 1312 1401 1418 1443 1511
 1505 1561 1596 1601 1603 1659 1751 1729 1707 1669 1686 1663 1717 1736
 1774 1826 1827 1796 1740 1761 1764 1832 1851 1837 1790 1805 1875 1897
 1951 1947 1988 2031 2105 2091 2164 2181 2236 2235 2304 2263 2264 2228
 2285 2222 2158 2086 2050 1932 1865 1974 1965 2018 2079 2076 2092 2148
 2209 2269 2326 2418 2316 2333 2387 2422 2482 2563 2566 2620 2586 2507
 2430 2428 2403 2355 2341 2393 2363 2293 2198 2138 2118 2123 2124 2104
 2218 2214 2234 2161 2203 2286 2385 2398 2529 2554 2658 2726 2776 2787
 2811 2704 2739 2757 2769 2699 2680 2631 2674 2615 2593 2526 2536 2604
 2548 2532 2498 2443 2559 2527 2471 2416 2431 2391 2411 2449 2444 2479
 2495 2528 2458 2437 2487 2571 2572 2575 2659 2715 2616 2569 2622 2592
 2690 2714 2753 2696 2649 2665 2651 2637 2683 2681 2785 2845 2890 2913
 2865 2836 2820 2745 2728 2778 2844 2906 2952 2957 2925 2983 2988 3035
 3001 3016 3125 3135 3061 3009 3024 3075 3093 3158 3149 3201 3243 3288
 3377 3432 3390 3328 3266 3231 3224 3282 3211 3143 3067 3034 2971 2934
 2982 2961 3049 3083 3133 3165 3184 3229 3217 3131 3099 3094 3020 3025
 2907 2838 2895 2849 2789 2746 2749 2685 2668 2720 2830 2782 2825 2882
 2885 2938 2911 2942 2965 3032 3013 3100 3116 3124 3139 3168 3235 3212
 3257 3272 3324 3306 3359 3410 3454 3437 3378 3350 3481 3511 3542 3470
 3477 3539 3520 3517 3576 3621 3618 3600 3554 3523 3582 3628 3691 3741
 3696 3771 3825 3823 3862 3881 3859 3856 3809 3752 3721 3736 3687 3659
 3640 3606 3577 3545 3474 3444 3413 3371 3332 3280 3232 3261 3202 3178
 3146 3159 3157 3092 3068 3095 3026 2972 2987 2915 2839 2790 2686 2708
 2786 2878 2873 2846 2831 2870 2862 2784 2758]

eliteFit: 191887.0
percentError: 5.105550869274674
computationTime: 1632.736s