instanceName: kroA100
n: 100
optFit: 21282

genTime, gen, eliteFit, percentError:
0.00011750000703614205, 0, 149824.0, 603.994
0.004560000001220033, 1, 21633.0, 1.649
0.0029346999945119023, 2, 21379.0, 0.456
0.0028304000006755814, 3, 21296.0, 0.066
0.0031050999969011173, 4, 21296.0, 0.066
0.0023035000049276277, 5, 21282.0, 0.000

tour:
[ 3 64 25 65 69 21 93 15 87 52 78 17 23 37 98 35 83  9 71 20 73 58 16 14
 10 31 44 90 97 22 76 59 61 34 85 26 11 19 56  8  6 54 82 33 28 45 42  2
 13 70 40 99 47 29 38 95 77 51  4 36 32 75 12 94 81 84 67 72 49 43  1 53
 39 63 68 80 24 86 50 60 57 66 27 92 46  0 62  5 48 89 18 74 91  7 41 88
 30 79 55 96]

eliteFit: 21282.0
percentError: 0.0
computationTime: 0.020s