instanceName: d657
n: 657
optFit: 48912

genTime, gen, eliteFit, percentError:
0.0009136000007856637, 0, 817503.0, 1571.375
0.23173670000687707, 1, 52884.0, 8.121
0.14592779999657068, 2, 52418.0, 7.168
0.1359353000007104, 3, 52191.0, 6.704
0.1443245999980718, 4, 51788.0, 5.880
0.14410510000016075, 5, 51721.0, 5.743
0.14545550000912044, 6, 51382.0, 5.050
0.1358363999897847, 7, 51382.0, 5.050
0.13173350000579376, 8, 50996.0, 4.261
0.13297859999875072, 9, 50976.0, 4.220
0.1283197000011569, 10, 50833.0, 3.927
0.12664040000527166, 11, 50799.0, 3.858
0.11985840000852477, 12, 50502.0, 3.251
0.11225079999712761, 13, 50450.0, 3.144
0.11181940000096802, 14, 50335.0, 2.909
0.11004159999720287, 15, 50237.0, 2.709
0.11072470000362955, 16, 50155.0, 2.541
0.08618649998970795, 17, 50155.0, 2.541
0.07165350001014303, 18, 50070.0, 2.368
0.0694184000021778, 19, 49888.0, 1.995
0.0748299999977462, 20, 49876.0, 1.971
0.0665902000037022, 21, 49799.0, 1.813
0.06728430000657681, 22, 49799.0, 1.813
0.052203500003088266, 23, 49776.0, 1.766
0.048311299993656576, 24, 49758.0, 1.730
0.05496379999385681, 25, 49716.0, 1.644
0.05139860000053886, 26, 49716.0, 1.644
0.042816899993340485, 27, 49716.0, 1.644
0.03616709999914747, 28, 49716.0, 1.644
0.03989479999290779, 29, 49716.0, 1.644
0.039234200012288056, 30, 49716.0, 1.644
0.04250730000785552, 31, 49716.0, 1.644
0.05653530001291074, 32, 49716.0, 1.644
0.03759709998848848, 33, 49716.0, 1.644
0.036700199998449534, 34, 49716.0, 1.644
0.041221999999834225, 35, 49677.0, 1.564
0.044760600008885376, 36, 49632.0, 1.472
0.0572398000076646, 37, 49605.0, 1.417
0.06451979999837931, 38, 49605.0, 1.417
0.034282200009329244, 39, 49605.0, 1.417
0.04204670000763144, 40, 49605.0, 1.417
0.04691199999069795, 41, 49605.0, 1.417
0.03873849999217782, 42, 49605.0, 1.417
0.03951410000445321, 43, 49605.0, 1.417
0.03734759999497328, 44, 49605.0, 1.417
0.040303499990841374, 45, 49605.0, 1.417
0.04113329999381676, 46, 49605.0, 1.417
0.04580190000706352, 47, 49605.0, 1.417
0.038824100003694184, 48, 49605.0, 1.417
0.04060149998986162, 49, 49605.0, 1.417
0.033193700000992976, 50, 49605.0, 1.417
0.045787999988533556, 51, 49605.0, 1.417
0.047267500005546026, 52, 49605.0, 1.417
0.04197579999163281, 53, 49605.0, 1.417
0.04580609999538865, 54, 49605.0, 1.417
0.03857629999401979, 55, 49605.0, 1.417
0.03635359999316279, 56, 49605.0, 1.417
0.042977800010703504, 57, 49605.0, 1.417
0.04192489999695681, 58, 49605.0, 1.417
0.03505780000705272, 59, 49605.0, 1.417
0.03728560000308789, 60, 49605.0, 1.417
0.043426399992313236, 61, 49605.0, 1.417
0.038971500005573034, 62, 49605.0, 1.417
0.0389827999897534, 63, 49605.0, 1.417
0.04045679999398999, 64, 49605.0, 1.417
0.03727749999961816, 65, 49605.0, 1.417
0.03920659999130294, 66, 49605.0, 1.417
0.04335769999306649, 67, 49605.0, 1.417
0.035550300002796575, 68, 49605.0, 1.417
0.04618210000626277, 69, 49605.0, 1.417
0.03620619999128394, 70, 49605.0, 1.417
0.038131200009956956, 71, 49605.0, 1.417
0.03567450000264216, 72, 49598.0, 1.403
0.04125209999619983, 73, 49598.0, 1.403
0.03938499999640044, 74, 49598.0, 1.403
0.049297400008072145, 75, 49596.0, 1.398
0.03719540000020061, 76, 49596.0, 1.398
0.04225140000926331, 77, 49596.0, 1.398
0.04066359999706037, 78, 49596.0, 1.398
0.03979260000050999, 79, 49596.0, 1.398
0.038060800012317486, 80, 49596.0, 1.398
0.036358400000608526, 81, 49596.0, 1.398
0.04116910000448115, 82, 49596.0, 1.398
0.0434432000038214, 83, 49596.0, 1.398
0.03864130000874866, 84, 49596.0, 1.398
0.03716110000095796, 85, 49596.0, 1.398
0.038443900004494935, 86, 49596.0, 1.398
0.04249950000667013, 87, 49596.0, 1.398
0.04649730000528507, 88, 49596.0, 1.398
0.03611820000514854, 89, 49596.0, 1.398
0.04589139999006875, 90, 49596.0, 1.398
0.04408079999848269, 91, 49596.0, 1.398
0.04143740001018159, 92, 49596.0, 1.398
0.04313659999752417, 93, 49571.0, 1.347
0.03863409999758005, 94, 49571.0, 1.347
0.04173830000218004, 95, 49571.0, 1.347
0.038526100004673935, 96, 49570.0, 1.345
0.04075590000138618, 97, 49570.0, 1.345
0.0354047000000719, 98, 49570.0, 1.345
0.033242100005736575, 99, 49570.0, 1.345
0.03513819999352563, 100, 49570.0, 1.345
0.03857360000256449, 101, 49570.0, 1.345
0.03697739999915939, 102, 49570.0, 1.345
0.0434631999960402, 103, 49570.0, 1.345
0.04360910000104923, 104, 49570.0, 1.345
0.034050400005071424, 105, 49570.0, 1.345
0.03711489999841433, 106, 49570.0, 1.345
0.0368023000046378, 107, 49522.0, 1.247
0.04324139999516774, 108, 49522.0, 1.247
0.04520079999929294, 109, 49522.0, 1.247
0.058654699998442084, 110, 49522.0, 1.247
0.03802950000681449, 111, 49522.0, 1.247
0.03585850000672508, 112, 49522.0, 1.247
0.034147799990023486, 113, 49522.0, 1.247
0.04367860000638757, 114, 49522.0, 1.247
0.03589680000732187, 115, 49522.0, 1.247
0.03822489999583922, 116, 49522.0, 1.247
0.03633079999417532, 117, 49522.0, 1.247
0.044950199997401796, 118, 49522.0, 1.247
0.040246200005640276, 119, 49522.0, 1.247
0.04094039999472443, 120, 49522.0, 1.247
0.03644829998665955, 121, 49522.0, 1.247
0.040779799994197674, 122, 49522.0, 1.247
0.04525360000843648, 123, 49522.0, 1.247
0.038688999993610196, 124, 49522.0, 1.247
0.037445399997523054, 125, 49522.0, 1.247
0.0344998999935342, 126, 49522.0, 1.247
0.03884559999278281, 127, 49517.0, 1.237
0.04568799999833573, 128, 49512.0, 1.227
0.04208410000137519, 129, 49507.0, 1.216
0.04697189999569673, 130, 49507.0, 1.216
0.04696639999747276, 131, 49507.0, 1.216
0.038828300006571226, 132, 49507.0, 1.216
0.038643399995635264, 133, 49502.0, 1.206
0.03947770000377204, 134, 49502.0, 1.206
0.04233199999725912, 135, 49502.0, 1.206
0.040568600001279265, 136, 49477.0, 1.155
0.040941200000816025, 137, 49477.0, 1.155
0.0392095999995945, 138, 49450.0, 1.100
0.035979899999802, 139, 49425.0, 1.049
0.03921610000543296, 140, 49425.0, 1.049
0.047497799998382106, 141, 49425.0, 1.049
0.04339110000000801, 142, 49425.0, 1.049
0.032830700001795776, 143, 49425.0, 1.049
0.036692900001071393, 144, 49425.0, 1.049
0.03934149999986403, 145, 49425.0, 1.049
0.03990699999849312, 146, 49425.0, 1.049
0.04407970000465866, 147, 49425.0, 1.049
0.03693820000626147, 148, 49425.0, 1.049
0.03763349998916965, 149, 49425.0, 1.049
0.04170540001359768, 150, 49425.0, 1.049
0.04426949999469798, 151, 49425.0, 1.049
0.04627250001067296, 152, 49425.0, 1.049
0.035963700007414445, 153, 49425.0, 1.049
0.036684400009107776, 154, 49425.0, 1.049
0.050960299995495006, 155, 49425.0, 1.049
0.04296170000452548, 156, 49425.0, 1.049
0.04003359998750966, 157, 49425.0, 1.049
0.04172079999989364, 158, 49425.0, 1.049
0.043940600007772446, 159, 49425.0, 1.049
0.04130820000136737, 160, 49425.0, 1.049
0.03566809999756515, 161, 49425.0, 1.049
0.03661369999463204, 162, 49425.0, 1.049
0.04395150000345893, 163, 49425.0, 1.049
0.04415660000813659, 164, 49425.0, 1.049
0.04514990000461694, 165, 49425.0, 1.049
0.037700700006098486, 166, 49425.0, 1.049
0.0424397000024328, 167, 49425.0, 1.049
0.04297190000943374, 168, 49425.0, 1.049
0.05941309999616351, 169, 49425.0, 1.049
0.0398428999906173, 170, 49425.0, 1.049
0.04746539999905508, 171, 49425.0, 1.049
0.042261400012648664, 172, 49425.0, 1.049
0.042622699998901226, 173, 49425.0, 1.049
0.039560499993967824, 174, 49425.0, 1.049
0.04607669998949859, 175, 49425.0, 1.049
0.034227399999508634, 176, 49425.0, 1.049
0.04199569999764208, 177, 49425.0, 1.049
0.041678800000227056, 178, 49425.0, 1.049
0.05516749998787418, 179, 49425.0, 1.049
0.03630399999383371, 180, 49425.0, 1.049
0.040757399998256005, 181, 49425.0, 1.049
0.037494100004551, 182, 49425.0, 1.049
0.03991110000060871, 183, 49425.0, 1.049
0.03579599999648053, 184, 49425.0, 1.049
0.042087200010428205, 185, 49425.0, 1.049
0.04035850000218488, 186, 49425.0, 1.049
0.04011020000325516, 187, 49425.0, 1.049
0.03724799999326933, 188, 49425.0, 1.049
0.040603399989777245, 189, 49413.0, 1.024
0.04141559998970479, 190, 49413.0, 1.024
0.04471360000025015, 191, 49387.0, 0.971
0.04438109998591244, 192, 49355.0, 0.906
0.0395219000056386, 193, 49355.0, 0.906
0.04233509999176022, 194, 49355.0, 0.906
0.03708919999189675, 195, 49355.0, 0.906
0.0524472999968566, 196, 49355.0, 0.906
0.03623899999365676, 197, 49355.0, 0.906
0.04421219999494497, 198, 49347.0, 0.889
0.05160940000496339, 199, 49347.0, 0.889
0.03897839999990538, 200, 49347.0, 0.889
0.04957180000201333, 201, 49347.0, 0.889
0.039712300000246614, 202, 49347.0, 0.889
0.04006130000925623, 203, 49347.0, 0.889
0.040156800008844584, 204, 49347.0, 0.889
0.04225859999132808, 205, 49347.0, 0.889
0.0376276000024518, 206, 49347.0, 0.889
0.03627500000584405, 207, 49347.0, 0.889
0.04298260000359733, 208, 49347.0, 0.889
0.040212799998698756, 209, 49347.0, 0.889
0.03889080000226386, 210, 49347.0, 0.889
0.04436139999597799, 211, 49347.0, 0.889
0.03934550000121817, 212, 49347.0, 0.889
0.04091929999412969, 213, 49347.0, 0.889
0.039836099997046404, 214, 49347.0, 0.889
0.03657440000097267, 215, 49324.0, 0.842
0.04216599999926984, 216, 49324.0, 0.842
0.04347010000492446, 217, 49317.0, 0.828
0.03386319999117404, 218, 49317.0, 0.828
0.033235999988391995, 219, 49317.0, 0.828
0.04548129999602679, 220, 49317.0, 0.828
0.03587550000520423, 221, 49317.0, 0.828
0.05947829999786336, 222, 49317.0, 0.828
0.042632199998479337, 223, 49317.0, 0.828
0.038430399989010766, 224, 49317.0, 0.828
0.041664200005470775, 225, 49317.0, 0.828
0.03473610000219196, 226, 49317.0, 0.828
0.03506799999740906, 227, 49317.0, 0.828
0.0429644000105327, 228, 49317.0, 0.828
0.041764399997191504, 229, 49317.0, 0.828
0.038316399994073436, 230, 49317.0, 0.828
0.04469070000050124, 231, 49317.0, 0.828
0.045154099992942065, 232, 49317.0, 0.828
0.04343630000948906, 233, 49311.0, 0.816
0.04325560000143014, 234, 49311.0, 0.816
0.038838599997689016, 235, 49311.0, 0.816
0.03987639999832027, 236, 49311.0, 0.816
0.036448300001211464, 237, 49311.0, 0.816
0.0374180999933742, 238, 49311.0, 0.816
0.03526109999802429, 239, 49311.0, 0.816
0.03985469999315683, 240, 49311.0, 0.816
0.03519520000554621, 241, 49311.0, 0.816
0.04106899999896996, 242, 49311.0, 0.816
0.03725459999986924, 243, 49311.0, 0.816
0.04360469999664929, 244, 49311.0, 0.816
0.03737079999700654, 245, 49311.0, 0.816
0.03843090000736993, 246, 49311.0, 0.816
0.03627920000872109, 247, 49311.0, 0.816
0.043510899995453656, 248, 49311.0, 0.816
0.038251299993135035, 249, 49311.0, 0.816
0.0418980999966152, 250, 49311.0, 0.816
0.03813390000141226, 251, 49311.0, 0.816
0.04159510000317823, 252, 49311.0, 0.816
0.03667699999641627, 253, 49311.0, 0.816
0.035091099998680875, 254, 49311.0, 0.816
0.044426600012229756, 255, 49311.0, 0.816
0.037703800000599585, 256, 49311.0, 0.816
0.040130800000042655, 257, 49311.0, 0.816
0.04351249999308493, 258, 49311.0, 0.816
0.035015700006624684, 259, 49311.0, 0.816
0.037755899989861064, 260, 49311.0, 0.816
0.044791299995267764, 261, 49311.0, 0.816
0.04720210000232328, 262, 49297.0, 0.787
0.04307139999582432, 263, 49297.0, 0.787
0.037680099994759075, 264, 49297.0, 0.787
0.04137340000306722, 265, 49297.0, 0.787
0.04100050000124611, 266, 49297.0, 0.787
0.03580569999758154, 267, 49297.0, 0.787
0.0419977999990806, 268, 49297.0, 0.787
0.03862590000790078, 269, 49297.0, 0.787
0.038962299993727356, 270, 49297.0, 0.787
0.03793520000181161, 271, 49297.0, 0.787
0.037365399999544024, 272, 49297.0, 0.787
0.03834379999898374, 273, 49297.0, 0.787
0.040612099997815676, 274, 49297.0, 0.787
0.039076000000932254, 275, 49297.0, 0.787
0.03851549999671988, 276, 49297.0, 0.787
0.05110979999881238, 277, 49297.0, 0.787
0.03663280000910163, 278, 49297.0, 0.787
0.03577689999656286, 279, 49297.0, 0.787
0.040174599998863414, 280, 49297.0, 0.787
0.04204159999790136, 281, 49297.0, 0.787
0.04479189999983646, 282, 49297.0, 0.787
0.03761450000456534, 283, 49297.0, 0.787
0.04337909999594558, 284, 49297.0, 0.787
0.05462340000667609, 285, 49297.0, 0.787
0.038020400010282174, 286, 49297.0, 0.787
0.03910320000431966, 287, 49297.0, 0.787
0.03997220000019297, 288, 49297.0, 0.787
0.048124000008101575, 289, 49297.0, 0.787
0.04865910000808071, 290, 49297.0, 0.787
0.0375456000037957, 291, 49297.0, 0.787
0.03704979999747593, 292, 49297.0, 0.787
0.043916800001170486, 293, 49297.0, 0.787
0.038616699996055104, 294, 49297.0, 0.787
0.03900499999872409, 295, 49297.0, 0.787
0.04008669999893755, 296, 49288.0, 0.769
0.03844949998892844, 297, 49288.0, 0.769
0.05027349998999853, 298, 49278.0, 0.748
0.04292060001171194, 299, 49278.0, 0.748
0.04612289999204222, 300, 49278.0, 0.748
0.041950200000428595, 301, 49278.0, 0.748
0.037638900001184084, 302, 49278.0, 0.748
0.0396755999972811, 303, 49278.0, 0.748
0.037299600007827394, 304, 49278.0, 0.748
0.03608419999363832, 305, 49278.0, 0.748
0.04071699999622069, 306, 49278.0, 0.748
0.05886879999889061, 307, 49278.0, 0.748
0.044337900006212294, 308, 49278.0, 0.748
0.040469500003382564, 309, 49278.0, 0.748
0.04236339998897165, 310, 49278.0, 0.748
0.045153600003686734, 311, 49278.0, 0.748
0.04265109999687411, 312, 49278.0, 0.748
0.03536829999939073, 313, 49278.0, 0.748
0.042218400005367585, 314, 49278.0, 0.748
0.03940110000257846, 315, 49278.0, 0.748
0.046651199998450466, 316, 49278.0, 0.748
0.03476290000253357, 317, 49278.0, 0.748
0.03667910001240671, 318, 49278.0, 0.748
0.03855170001043007, 319, 49278.0, 0.748
0.0360960999969393, 320, 49278.0, 0.748
0.034929000001284294, 321, 49278.0, 0.748
0.04119899999932386, 322, 49278.0, 0.748
0.03792639999301173, 323, 49278.0, 0.748
0.04696730000432581, 324, 49278.0, 0.748
0.03907539999636356, 325, 49278.0, 0.748
0.05958840000675991, 326, 49278.0, 0.748
0.036823899994487874, 327, 49278.0, 0.748
0.038405300001613796, 328, 49278.0, 0.748
0.042349299998022616, 329, 49278.0, 0.748
0.03960479999659583, 330, 49278.0, 0.748
0.04089550000207964, 331, 49278.0, 0.748
0.044381300001987256, 332, 49278.0, 0.748
0.03608130000066012, 333, 49278.0, 0.748
0.03809180000098422, 334, 49278.0, 0.748
0.0428336000040872, 335, 49278.0, 0.748
0.037568999992799945, 336, 49278.0, 0.748
0.04213929999968968, 337, 49278.0, 0.748
0.03743470000335947, 338, 49278.0, 0.748
0.03721819999918807, 339, 49278.0, 0.748
0.03883040000800975, 340, 49278.0, 0.748
0.03653540000959765, 341, 49278.0, 0.748
0.04291459999512881, 342, 49278.0, 0.748
0.04134379999595694, 343, 49278.0, 0.748
0.035066500000539236, 344, 49278.0, 0.748
0.04898620001040399, 345, 49278.0, 0.748
0.0373301000072388, 346, 49278.0, 0.748
0.03566409999621101, 347, 49278.0, 0.748
0.039140799999586307, 348, 49278.0, 0.748

tour:
[407 403 394 385 395 402 406 413 425 419 424 431 423 432 401 405 414 410
 396 378 373 358 351 357 333 327 318 312 305 304 311 300 310 320 326 350
 369 365 377 386 387 430 435 436 422 397 388 370 364 349 348 342 308 309
 321 325 294 292 287 275 288 293 299 303 334 324 323 340 346 372 391 398
 389 400 404 415 421 439 437 438 420 409 416 390 399 371 347 361 345 341
 335 322 317 307 298 290 289 262 238 235 231 269 237 210 220 230 239 253
 261 271 263 264 240 234 218 217 209 206 196 190 162 164 156 163 141 117
 131 138 129 142 137 130 128 116 101 115 132 140 155 168 172 178 185 195
 197 199 198 191 186 180 181 187 165 157 118 114 102  91  97  98  93  74
  84  77  73  68  63  45  44  41  39  36  35  32  33   7  53  60  64  79
  78   6   5   4   3   0   1   2  10   8   9  11  12  24  21  14  15  28
  20  16  17  13  18  19 444 445 447 446 443 441 442 449 448 450 453 458
 464 468 466 462 463 469  34  37  31  30  27  26  25 440  23  22  29  40
  50  49  54  65  57  52  48  55  59  69  72  85 103 119 113 120  99  92
  86 104  90  70  58  46  42  38  43  47  61  66  71  80 105 121 112 122
 106  81  75  82  76  83  89  94  96 100 107 111 110 123 146 134 108  88
  87  95 109 144 145 127 124 505 498 496 497 494 491 482 472 471 483  67
  56  62  51 470 467 465 461 454 452 451 455 460 459 473 456 457 475 476
 479 478 477 474 520 519 521 527 526 525 522 524 530 533 523 529 531 532
 535 534 536 537 538 539 540 541 542 543 549 550 554 555 557 551 556 559
 528 512 513 516 517 518 515 514 484 481 480 485 486 490 487 488 493 489
 492 495 499 502 501 500 503 507 126 504 506 125 135 152 175 188 192 176
 151 167 153 143 150 158 166 179 184 177 154 149 147 139 148 161 170 169
 171 204 215 225 236 248 254 241 232 221 247 251 260 268 276 270 252 227
 219 214 208 207 224 226 242 250 284 259 255 243 228 223 249 233 244 211
 193 174 160 136 133 508 509 510 159 182 189 203 205 212 216 222 245 265
 273 258 266 280 296 297 306 592 279 257 246 229 580 213 202 201 200 194
 183 173 511 567 570 566 563 565 564 560 558 553 548 547 544 545 546 552
 628 629 630 631 632 633 635 634 636 637 638 639 640 641 642 643 644 646
 645 647 648 649 650 651 652 653 627 562 561 568 569 571 572 626 654 655
 656 575 579 585 588 587 590 593 599 603 604 609 614 621 623 619 625 624
 427 426 408 622 620 618 617 616 615 613 612 611 602 594 597 596 591 583
 584 576 577 573 574 578 582 581 586 589 598 600 601 595 608 605 606 610
 607 337 356 331 355 360 330 319 302 295 301 281 278 285 282 267 256 286
 283 274 272 277 291 313 328 339 359 352 363 366 368 374 376 379 384 392
 382 367 362 353 344 338 332 314 315 329 316 336 343 354 375 380 383 381
 393 418 428 411 417 429 434 433 412]

eliteFit: 49278.0
percentError: 0.7482826300294406
computationTime: 16.189s