instanceName: pcb3038
n: 3038
optFit: 137694

genTime, gen, eliteFit, percentError:
0.0033542999990459066, 0, 5293688.0, 3744.531
11.801485299998603, 1, 155438.0, 12.887
7.026123199999347, 2, 153889.0, 11.762
6.786210399999618, 3, 151887.0, 10.308
7.008409300000494, 4, 151887.0, 10.308
6.759086800000659, 5, 150726.0, 9.464
6.4980735999997705, 6, 150542.0, 9.331
6.568070400000579, 7, 150283.0, 9.143
6.311949299999469, 8, 149598.0, 8.645
6.2482077999993635, 9, 149394.0, 8.497
6.1275126000000455, 10, 149096.0, 8.281
6.036958999999115, 11, 148978.0, 8.195
6.4672822000011365, 12, 148668.0, 7.970
6.167269800000213, 13, 147752.0, 7.305
6.236468999999488, 14, 147752.0, 7.305
6.226179400000547, 15, 147752.0, 7.305
5.899969199999759, 16, 147752.0, 7.305
6.509288499999457, 17, 147431.0, 7.071
5.3148166999999376, 18, 147431.0, 7.071
5.387121900001148, 19, 147284.0, 6.965
5.101303499999631, 20, 147284.0, 6.965
5.499536600000283, 21, 146843.0, 6.644
5.178651599999284, 22, 146720.0, 6.555
5.753303399998913, 23, 146677.0, 6.524
5.705321899999035, 24, 146569.0, 6.445
4.969706500000029, 25, 146441.0, 6.352
4.981967799998529, 26, 146236.0, 6.204
4.838364299999739, 27, 146236.0, 6.204
5.680824799999755, 28, 146042.0, 6.063
5.350518999999622, 29, 146042.0, 6.063
5.470157800000379, 30, 145828.0, 5.907
5.666779000001043, 31, 145828.0, 5.907
5.6246353999995335, 32, 145828.0, 5.907
5.561148700000558, 33, 145721.0, 5.830
4.931025200001386, 34, 145721.0, 5.830
3.8725440000016533, 35, 145704.0, 5.817
2.0724233999990247, 36, 145595.0, 5.738
2.2812181999997847, 37, 145575.0, 5.724
3.0337782000005973, 38, 145468.0, 5.646
3.2168581999994785, 39, 145391.0, 5.590
3.3037301000003936, 40, 145254.0, 5.490
3.8370640000011917, 41, 145216.0, 5.463
4.734826100000646, 42, 145155.0, 5.419
4.16766060000009, 43, 145089.0, 5.371
3.996906999998828, 44, 144967.0, 5.282
3.3433440000007977, 45, 144958.0, 5.275
3.5381012999987433, 46, 144952.0, 5.271
2.9429884999990463, 47, 144936.0, 5.259
1.923207599998932, 48, 144926.0, 5.252
1.5914923000000272, 49, 144917.0, 5.246
1.7227198000000499, 50, 144874.0, 5.214
2.0775429000004806, 51, 144848.0, 5.196
1.9863702999991801, 52, 144848.0, 5.196
2.052951800000301, 53, 144831.0, 5.183
1.6664749999999913, 54, 144799.0, 5.160
1.9360731999986456, 55, 144786.0, 5.151
1.9607378000000608, 56, 144754.0, 5.127
1.8222365000001446, 57, 144747.0, 5.122
1.8467998999985866, 58, 144743.0, 5.119
1.596148800001174, 59, 144731.0, 5.111
1.8892163000000437, 60, 144722.0, 5.104
1.8415913000008004, 61, 144652.0, 5.053
2.057098599998426, 62, 144636.0, 5.042
2.167074999999386, 63, 144519.0, 4.957
1.7054019999995944, 64, 144519.0, 4.957
2.1080193999987387, 65, 144474.0, 4.924
1.991020399998888, 66, 144474.0, 4.924
1.6607273999998142, 67, 144474.0, 4.924
1.7369878999998036, 68, 144467.0, 4.919
1.310851800000819, 69, 144467.0, 4.919
1.3692160999999032, 70, 144467.0, 4.919
1.455236200001309, 71, 144464.0, 4.917
1.410005200001251, 72, 144464.0, 4.917
1.1861912999993365, 73, 144464.0, 4.917
1.4015115999991394, 74, 144464.0, 4.917
1.30170999999973, 75, 144464.0, 4.917
1.2512912000001961, 76, 144464.0, 4.917
1.1336513000005652, 77, 144436.0, 4.896
1.3799521999990247, 78, 144436.0, 4.896
1.799172400000316, 79, 144436.0, 4.896
1.6589004000015848, 80, 144436.0, 4.896
1.4087319999998726, 81, 144436.0, 4.896
1.390468300000066, 82, 144436.0, 4.896
1.4640190999998595, 83, 144436.0, 4.896
1.2594193000004452, 84, 144320.0, 4.812
1.282989200000884, 85, 144320.0, 4.812
1.4505490999999893, 86, 144320.0, 4.812
1.2368102999989787, 87, 144320.0, 4.812
1.3119269999988319, 88, 144320.0, 4.812
1.3487412000013137, 89, 144320.0, 4.812
1.3775951999996323, 90, 144302.0, 4.799
1.5161024999997608, 91, 144302.0, 4.799
1.4353213000013056, 92, 144302.0, 4.799
1.598673399999825, 93, 144302.0, 4.799
1.4077178000006825, 94, 144302.0, 4.799
1.235497600000599, 95, 144302.0, 4.799
1.320111299999553, 96, 144302.0, 4.799
1.4193713999993633, 97, 144210.0, 4.732
1.7915981000005559, 98, 144210.0, 4.732
2.069269700001314, 99, 144173.0, 4.705
2.9218112000016845, 100, 144126.0, 4.671
3.363507000000027, 101, 144121.0, 4.668
2.92794590000085, 102, 144056.0, 4.620
2.7793922999990173, 103, 143996.0, 4.577
2.234236199999941, 104, 143861.0, 4.479
2.2701307000006636, 105, 143861.0, 4.479
1.6461923999995633, 106, 143841.0, 4.464
1.2742213000001357, 107, 143835.0, 4.460
1.351133199999822, 108, 143835.0, 4.460
1.3556436999988364, 109, 143835.0, 4.460
1.3190004999996745, 110, 143835.0, 4.460
1.3917101999995793, 111, 143835.0, 4.460
1.293180399999983, 112, 143835.0, 4.460
1.3755966999997327, 113, 143835.0, 4.460
1.5495907999993506, 114, 143835.0, 4.460
1.029639300000781, 115, 143835.0, 4.460
1.2270822999998927, 116, 143835.0, 4.460
1.3994141000002855, 117, 143835.0, 4.460
1.6527579000012338, 118, 143835.0, 4.460
1.6304418999989139, 119, 143835.0, 4.460
1.1830621999997675, 120, 143835.0, 4.460
1.2213542000008601, 121, 143835.0, 4.460
1.4189091000007465, 122, 143835.0, 4.460
1.2934784999997646, 123, 143835.0, 4.460
1.2282668000007106, 124, 143835.0, 4.460
1.3326541999995243, 125, 143835.0, 4.460
1.2456273000007059, 126, 143794.0, 4.430
1.8802703999990626, 127, 143794.0, 4.430
1.593285899998591, 128, 143794.0, 4.430
2.4829143000006297, 129, 143794.0, 4.430
3.4488452000005054, 130, 143794.0, 4.430
4.045142599999963, 131, 143727.0, 4.381
2.880416399999376, 132, 143727.0, 4.381
2.033519200000228, 133, 143727.0, 4.381
3.0786391999990883, 134, 143682.0, 4.349
2.382876400000896, 135, 143682.0, 4.349
2.496922500000437, 136, 143636.0, 4.315
2.3308594999998604, 137, 143567.0, 4.265
2.375510599998961, 138, 143567.0, 4.265
2.238425300000017, 139, 143522.0, 4.233
1.3628411999998207, 140, 143515.0, 4.227
1.2944081000005099, 141, 143495.0, 4.213
1.4006395999986125, 142, 143491.0, 4.210
1.5552365999992617, 143, 143488.0, 4.208
1.4373114999998506, 144, 143488.0, 4.208
1.2060308999989502, 145, 143485.0, 4.206
1.226519300000291, 146, 143485.0, 4.206
1.3979781000016374, 147, 143485.0, 4.206
1.3084436999997706, 148, 143485.0, 4.206
1.2806244000003062, 149, 143485.0, 4.206
1.2513135999997758, 150, 143485.0, 4.206
1.421806700000161, 151, 143433.0, 4.168
1.2605820000007952, 152, 143433.0, 4.168
1.2753579000000173, 153, 143428.0, 4.164
1.3058700999990833, 154, 143417.0, 4.156
1.4940624999999272, 155, 143417.0, 4.156
1.2130828999997902, 156, 143417.0, 4.156
1.5639601000002585, 157, 143417.0, 4.156
1.693575299999793, 158, 143417.0, 4.156
1.3231758000001719, 159, 143417.0, 4.156
1.3003310999993118, 160, 143417.0, 4.156
1.3202192000007926, 161, 143417.0, 4.156
1.578012399999352, 162, 143417.0, 4.156
1.3041763000001083, 163, 143417.0, 4.156
1.4563021000012668, 164, 143417.0, 4.156
1.3121728000005533, 165, 143417.0, 4.156
1.2384146000003966, 166, 143417.0, 4.156
1.424753100000089, 167, 143417.0, 4.156
1.1869538000009925, 168, 143417.0, 4.156
1.3402958000006038, 169, 143417.0, 4.156
1.3919091999996454, 170, 143417.0, 4.156
1.499448399999892, 171, 143417.0, 4.156
1.24443489999976, 172, 143359.0, 4.114
1.5067054999999527, 173, 143359.0, 4.114
1.2241045999999187, 174, 143359.0, 4.114
1.3778497999992396, 175, 143342.0, 4.102
1.2812680999995791, 176, 143316.0, 4.083
1.4037986000003002, 177, 143316.0, 4.083
1.2721490000003541, 178, 143316.0, 4.083
1.4242500999989716, 179, 143316.0, 4.083
1.272128700000394, 180, 143316.0, 4.083
1.4229444000011426, 181, 143316.0, 4.083
1.3540610000000015, 182, 143316.0, 4.083
1.4570268999996188, 183, 143316.0, 4.083
1.6354062000009435, 184, 143316.0, 4.083
1.2595512000007147, 185, 143316.0, 4.083
1.252146900000298, 186, 143316.0, 4.083
1.5351298000005045, 187, 143315.0, 4.082
1.662717100000009, 188, 143315.0, 4.082
1.3717437999985123, 189, 143315.0, 4.082
1.778615000001082, 190, 143315.0, 4.082
1.5559594000005745, 191, 143315.0, 4.082
1.4168836999997438, 192, 143315.0, 4.082
1.5138040999991063, 193, 143315.0, 4.082
1.3780010000009497, 194, 143315.0, 4.082
1.342868499999895, 195, 143315.0, 4.082
1.1559034000001702, 196, 143315.0, 4.082
1.355227100000775, 197, 143315.0, 4.082
1.4610916000001453, 198, 143315.0, 4.082
1.3890283000000636, 199, 143315.0, 4.082
1.300034500000038, 200, 143315.0, 4.082
1.5660613000000012, 201, 143315.0, 4.082
1.3234174999997776, 202, 143315.0, 4.082
1.3587619000009, 203, 143315.0, 4.082
1.474309600000197, 204, 143315.0, 4.082
1.259842600000411, 205, 143303.0, 4.074
1.496678499999689, 206, 143303.0, 4.074
1.535593599999629, 207, 143267.0, 4.047
1.487878300000375, 208, 143267.0, 4.047
2.002803999999742, 209, 143258.0, 4.041
1.5248122999983025, 210, 143257.0, 4.040
1.5025453999987803, 211, 143257.0, 4.040
1.3485638999991352, 212, 143250.0, 4.035
1.226530100000673, 213, 143250.0, 4.035
1.2369922999987466, 214, 143250.0, 4.035
1.5989098999998532, 215, 143250.0, 4.035
1.4257326999995712, 216, 143250.0, 4.035
1.3680930999998964, 217, 143250.0, 4.035
1.4020629999995435, 218, 143250.0, 4.035
1.01162099999965, 219, 143250.0, 4.035
1.4198637999998027, 220, 143250.0, 4.035
1.1650067000009585, 221, 143250.0, 4.035
1.512215800001286, 222, 143250.0, 4.035
1.4410547000006773, 223, 143250.0, 4.035
1.337225599998419, 224, 143250.0, 4.035
1.220654900000227, 225, 143250.0, 4.035
1.3250909999987925, 226, 143250.0, 4.035
1.3034119000003557, 227, 143250.0, 4.035
1.431132499999876, 228, 143250.0, 4.035
1.5000488000005134, 229, 143250.0, 4.035
1.231894700000339, 230, 143244.0, 4.031
1.3863944999993691, 231, 143242.0, 4.029
1.4953136000003724, 232, 143216.0, 4.010
1.6158089000000473, 233, 143216.0, 4.010
2.159963099999004, 234, 143216.0, 4.010
1.5281334000010247, 235, 143216.0, 4.010
1.2243822999989789, 236, 143216.0, 4.010
1.6208700999995926, 237, 143216.0, 4.010
1.4939702000010584, 238, 143216.0, 4.010
1.4871941999990668, 239, 143216.0, 4.010
1.3841788999998244, 240, 143216.0, 4.010
1.40580989999944, 241, 143216.0, 4.010
1.2595058000006247, 242, 143216.0, 4.010
1.4022170999996888, 243, 143216.0, 4.010
1.2598593999991863, 244, 143216.0, 4.010
1.4052061999991565, 245, 143216.0, 4.010
1.2276044999998703, 246, 143216.0, 4.010
1.380196900001465, 247, 143216.0, 4.010
1.6561015999996016, 248, 143216.0, 4.010
1.302693100000397, 249, 143216.0, 4.010
1.3277390000002924, 250, 143216.0, 4.010
1.5118008999997983, 251, 143216.0, 4.010
1.191156700000647, 252, 143216.0, 4.010
1.2420516000001953, 253, 143216.0, 4.010
1.2777926999988267, 254, 143216.0, 4.010
1.4416074000000663, 255, 143194.0, 3.994
1.720710899999176, 256, 143194.0, 3.994
1.7867326000014145, 257, 143194.0, 3.994
1.9990465999999287, 258, 143194.0, 3.994
1.557838000000629, 259, 143194.0, 3.994
1.3387756000010995, 260, 143194.0, 3.994
1.3770818000011786, 261, 143194.0, 3.994
1.3398763000004692, 262, 143194.0, 3.994
1.2212153999989823, 263, 143194.0, 3.994
1.2782882999999856, 264, 143194.0, 3.994
1.2505692000013369, 265, 143194.0, 3.994
1.5215486999986751, 266, 143194.0, 3.994
1.6084006000000954, 267, 143194.0, 3.994
1.2900784000012209, 268, 143194.0, 3.994
1.4854412000004231, 269, 143194.0, 3.994
1.2737106999993557, 270, 143194.0, 3.994
1.2858642999999574, 271, 143194.0, 3.994
1.282274299999699, 272, 143194.0, 3.994
1.3087474000003567, 273, 143194.0, 3.994
1.216792200000782, 274, 143194.0, 3.994
1.3077099000001908, 275, 143194.0, 3.994
1.2082728000004863, 276, 143194.0, 3.994
1.4258059000003414, 277, 143194.0, 3.994
1.392464700000346, 278, 143194.0, 3.994
1.386838099999295, 279, 143194.0, 3.994
1.234996900000624, 280, 143194.0, 3.994
1.5901074000012159, 281, 143173.0, 3.979
1.386024900000848, 282, 143173.0, 3.979
1.4491620999997394, 283, 143155.0, 3.966
1.6323134000012942, 284, 143155.0, 3.966
1.3279078000014124, 285, 143155.0, 3.966
1.2902290999991237, 286, 143155.0, 3.966
1.1332638999992923, 287, 143155.0, 3.966
1.354827799999839, 288, 143155.0, 3.966
1.298840499999642, 289, 143155.0, 3.966
1.361965500000224, 290, 143155.0, 3.966
1.456599199998891, 291, 143155.0, 3.966
1.331575399999565, 292, 143155.0, 3.966
1.4339952000009362, 293, 143155.0, 3.966
1.1850787999992463, 294, 143155.0, 3.966
1.1980471000006219, 295, 143155.0, 3.966
1.3910116999995807, 296, 143155.0, 3.966
1.731937900000048, 297, 143155.0, 3.966
1.668384700000388, 298, 143155.0, 3.966
1.2621287000001757, 299, 143155.0, 3.966
1.261812299999292, 300, 143155.0, 3.966
1.2669466999996075, 301, 143155.0, 3.966
1.3178243999991537, 302, 143155.0, 3.966
1.461677100000088, 303, 143155.0, 3.966
1.4811174999995274, 304, 143155.0, 3.966
1.1471022000005178, 305, 143155.0, 3.966
1.228075800001534, 306, 143155.0, 3.966
1.3229301999999734, 307, 143155.0, 3.966
1.5563925000005838, 308, 143155.0, 3.966
1.4448680999994394, 309, 143155.0, 3.966
1.3921528999999282, 310, 143155.0, 3.966
1.412755900000775, 311, 143155.0, 3.966
1.4144679000000906, 312, 143155.0, 3.966
1.421410000000833, 313, 143148.0, 3.961
1.3075995999988663, 314, 143148.0, 3.961
1.2298161999988224, 315, 143148.0, 3.961
1.493546100000458, 316, 143148.0, 3.961
1.5272867000003316, 317, 143148.0, 3.961
1.4423160999995162, 318, 143148.0, 3.961
1.4081572000013693, 319, 143148.0, 3.961
1.2640007999998488, 320, 143148.0, 3.961
1.63656439999977, 321, 143148.0, 3.961
1.5113608999999997, 322, 143148.0, 3.961
1.3161512000006041, 323, 143148.0, 3.961
1.6472060999985842, 324, 143148.0, 3.961
1.400144100000034, 325, 143148.0, 3.961
1.441352800000459, 326, 143148.0, 3.961
1.37591059999977, 327, 143148.0, 3.961
1.357567499999277, 328, 143148.0, 3.961
1.3508619999993243, 329, 143148.0, 3.961
1.4622965999988082, 330, 143148.0, 3.961
1.516338999999789, 331, 143148.0, 3.961
1.715019499999471, 332, 143148.0, 3.961
1.5050039000016113, 333, 143132.0, 3.949
1.3697419000000082, 334, 143105.0, 3.930
1.6937949000002845, 335, 143074.0, 3.907
2.0396605000005366, 336, 143058.0, 3.896
2.2317550999996456, 337, 143020.0, 3.868
2.0016911000002438, 338, 143020.0, 3.868
2.023969500000021, 339, 142989.0, 3.845
1.8541876999988745, 340, 142989.0, 3.845
2.191246399999727, 341, 142989.0, 3.845
1.5663273999998637, 342, 142989.0, 3.845
1.5404813999994076, 343, 142989.0, 3.845
1.4487783000004129, 344, 142989.0, 3.845
1.6095905999991373, 345, 142989.0, 3.845
1.2108315999994375, 346, 142989.0, 3.845
1.8356621000002633, 347, 142989.0, 3.845
1.4236373000003368, 348, 142989.0, 3.845
1.3706401999988884, 349, 142989.0, 3.845
1.1514492000005703, 350, 142989.0, 3.845
1.296248500000729, 351, 142989.0, 3.845
1.4140769000005093, 352, 142989.0, 3.845
1.349392699999953, 353, 142989.0, 3.845
1.3481644999992568, 354, 142989.0, 3.845
1.154993199999808, 355, 142989.0, 3.845
1.3512279000005947, 356, 142989.0, 3.845
1.316111300000557, 357, 142926.0, 3.800
1.143458800001099, 358, 142926.0, 3.800
1.2367186000010406, 359, 142922.0, 3.797
1.4666256999989855, 360, 142922.0, 3.797
1.3272362000006979, 361, 142922.0, 3.797
1.3023042999993777, 362, 142922.0, 3.797
1.346732099998917, 363, 142922.0, 3.797
1.482913899999403, 364, 142922.0, 3.797
1.353773299999375, 365, 142922.0, 3.797
1.2948962999998912, 366, 142922.0, 3.797
1.615164699998786, 367, 142922.0, 3.797
1.5885438999994221, 368, 142922.0, 3.797
1.4815748000000895, 369, 142922.0, 3.797
1.2177567999988241, 370, 142922.0, 3.797
1.3207370000000083, 371, 142922.0, 3.797
1.4651678999998694, 372, 142922.0, 3.797
1.4654604999996081, 373, 142922.0, 3.797
1.485001099999863, 374, 142922.0, 3.797
1.2117157000011503, 375, 142922.0, 3.797
1.5003364000003785, 376, 142922.0, 3.797
1.268319099999644, 377, 142922.0, 3.797
1.4373052999999345, 378, 142922.0, 3.797
1.2774382999996305, 379, 142922.0, 3.797
1.3679592999997112, 380, 142922.0, 3.797
1.4116185000002588, 381, 142922.0, 3.797
1.4403113999997004, 382, 142922.0, 3.797
1.325035799998659, 383, 142922.0, 3.797
1.3110421000001224, 384, 142922.0, 3.797
1.7034693000005063, 385, 142922.0, 3.797
1.5525987000000896, 386, 142922.0, 3.797
1.6904809000006935, 387, 142922.0, 3.797
1.2491879999997764, 388, 142922.0, 3.797
1.249188999998296, 389, 142922.0, 3.797
1.4919744999988325, 390, 142922.0, 3.797
1.453880199998821, 391, 142922.0, 3.797
1.3605086999996274, 392, 142922.0, 3.797
1.2068491999998514, 393, 142922.0, 3.797
1.1759258999991289, 394, 142922.0, 3.797
1.1946523000005982, 395, 142839.0, 3.737
1.5073915000011766, 396, 142839.0, 3.737
1.4053668999986257, 397, 142839.0, 3.737
1.4264419000010093, 398, 142839.0, 3.737
1.2880005999995774, 399, 142839.0, 3.737
1.3784773999996105, 400, 142839.0, 3.737
1.3347144999988814, 401, 142839.0, 3.737
1.422847499999989, 402, 142839.0, 3.737
1.22951330000069, 403, 142839.0, 3.737
1.2099849000005634, 404, 142839.0, 3.737
1.6135417000004963, 405, 142839.0, 3.737
1.2134929000003467, 406, 142839.0, 3.737
1.2209927999992942, 407, 142839.0, 3.737
1.1854887999998027, 408, 142839.0, 3.737
1.2168433999995614, 409, 142839.0, 3.737
1.2718233999985387, 410, 142811.0, 3.716
1.164596900000106, 411, 142811.0, 3.716
1.4635723999999755, 412, 142811.0, 3.716
1.288624599999821, 413, 142811.0, 3.716
1.3863044999998237, 414, 142785.0, 3.697
1.2591444999998203, 415, 142785.0, 3.697
1.8557600000003731, 416, 142785.0, 3.697
2.083502600000429, 417, 142785.0, 3.697
1.3622080999994068, 418, 142785.0, 3.697
1.2786548000003677, 419, 142785.0, 3.697
1.3843637999998464, 420, 142785.0, 3.697
1.3909782999999152, 421, 142785.0, 3.697
1.2876061999995727, 422, 142785.0, 3.697
1.588259800000742, 423, 142785.0, 3.697
1.4653089000003092, 424, 142785.0, 3.697
1.3322962999991432, 425, 142785.0, 3.697
1.4448468000009598, 426, 142785.0, 3.697
1.2664769999992131, 427, 142785.0, 3.697
1.422863399999187, 428, 142785.0, 3.697
1.3780102000000625, 429, 142785.0, 3.697
1.5246200000001409, 430, 142785.0, 3.697
1.2224088000002666, 431, 142785.0, 3.697
1.3449706000010337, 432, 142785.0, 3.697
1.4304056000000855, 433, 142785.0, 3.697
1.347748700000011, 434, 142785.0, 3.697
1.3489227999998548, 435, 142785.0, 3.697
1.2975666000002093, 436, 142785.0, 3.697
1.5137806000002456, 437, 142785.0, 3.697
1.3027153999992152, 438, 142785.0, 3.697
1.4197793000003003, 439, 142785.0, 3.697
1.1667595999988407, 440, 142785.0, 3.697
1.2335781999991013, 441, 142785.0, 3.697
1.7429029000013543, 442, 142785.0, 3.697
1.3656159000001935, 443, 142785.0, 3.697
1.4329364000004716, 444, 142765.0, 3.683
1.3085221000001184, 445, 142765.0, 3.683
1.3529295999996975, 446, 142765.0, 3.683
1.5077610999996978, 447, 142765.0, 3.683
1.3363250999991578, 448, 142765.0, 3.683
1.301770199999737, 449, 142765.0, 3.683
1.238938500000586, 450, 142765.0, 3.683
1.319725200000903, 451, 142765.0, 3.683
1.220413600000029, 452, 142765.0, 3.683
1.2681372000006377, 453, 142765.0, 3.683
1.2748882999985653, 454, 142765.0, 3.683
1.3166277000000264, 455, 142765.0, 3.683
1.4211025000004156, 456, 142765.0, 3.683
1.606470000000627, 457, 142765.0, 3.683
1.4286188000005495, 458, 142765.0, 3.683
1.9238664000004064, 459, 142765.0, 3.683
1.2601734999989276, 460, 142765.0, 3.683
1.2140345999996498, 461, 142759.0, 3.678
1.4256998999990174, 462, 142725.0, 3.654
1.4311993000010261, 463, 142725.0, 3.654
1.8551526999999624, 464, 142720.0, 3.650
1.4339260999986436, 465, 142697.0, 3.633
1.461695600000894, 466, 142697.0, 3.633
1.2557944000000134, 467, 142697.0, 3.633
1.4760241000003589, 468, 142695.0, 3.632
1.3784333000003244, 469, 142695.0, 3.632
1.2141179999998712, 470, 142695.0, 3.632
1.408929100000023, 471, 142695.0, 3.632
1.627262600000904, 472, 142695.0, 3.632
1.5948685000003024, 473, 142695.0, 3.632
1.43741559999944, 474, 142695.0, 3.632
1.2697473000007449, 475, 142695.0, 3.632
1.4807751000007556, 476, 142695.0, 3.632
1.2740708999990602, 477, 142695.0, 3.632
1.1963673000009294, 478, 142695.0, 3.632
1.4608385000010458, 479, 142695.0, 3.632
1.4741401999999653, 480, 142695.0, 3.632
1.505562700000155, 481, 142695.0, 3.632
1.3680084999996325, 482, 142695.0, 3.632
1.517301599998973, 483, 142695.0, 3.632
1.4645137000006798, 484, 142690.0, 3.628
1.2146090000005643, 485, 142690.0, 3.628
1.2452317999996012, 486, 142672.0, 3.615
1.6433386000007886, 487, 142672.0, 3.615
1.5183099000005313, 488, 142667.0, 3.612
1.7047413999989658, 489, 142667.0, 3.612
1.2230378999993263, 490, 142667.0, 3.612
1.4753182000004017, 491, 142667.0, 3.612
1.4713613000003534, 492, 142667.0, 3.612
1.4145183000000543, 493, 142667.0, 3.612
1.2492388999999093, 494, 142667.0, 3.612
1.232378200000312, 495, 142667.0, 3.612
1.3491180000000895, 496, 142667.0, 3.612
1.178089099999852, 497, 142667.0, 3.612
1.447408899999573, 498, 142667.0, 3.612
1.450244700001349, 499, 142667.0, 3.612
1.0650401000002603, 500, 142667.0, 3.612
1.5442906000007497, 501, 142667.0, 3.612
1.4270870000000286, 502, 142667.0, 3.612
1.3476195000002917, 503, 142667.0, 3.612
1.4771147999999812, 504, 142667.0, 3.612
1.3103201999983867, 505, 142667.0, 3.612
1.3848938999999518, 506, 142667.0, 3.612
1.5185924999987037, 507, 142667.0, 3.612
1.1967217000001256, 508, 142667.0, 3.612
1.4753688000000693, 509, 142667.0, 3.612
1.4516688000003342, 510, 142667.0, 3.612
1.34525560000111, 511, 142667.0, 3.612
1.466312200000175, 512, 142667.0, 3.612
1.4588925000007293, 513, 142667.0, 3.612
1.3909117999992304, 514, 142667.0, 3.612
1.2589552000008553, 515, 142667.0, 3.612
1.453592399999252, 516, 142667.0, 3.612
1.26875629999995, 517, 142667.0, 3.612
1.3123792999995203, 518, 142667.0, 3.612
1.3759696000015538, 519, 142667.0, 3.612
1.329618899999332, 520, 142638.0, 3.591
1.5336812999994436, 521, 142619.0, 3.577
1.5397723000005499, 522, 142619.0, 3.577
1.691222800000105, 523, 142613.0, 3.572
1.3956293000010191, 524, 142613.0, 3.572
1.6531125000001339, 525, 142594.0, 3.559
1.3379790000017238, 526, 142594.0, 3.559
1.453214900000603, 527, 142594.0, 3.559
1.3347040999997262, 528, 142594.0, 3.559
1.2535580000003392, 529, 142594.0, 3.559
1.4949828000007983, 530, 142561.0, 3.535
1.3045681000003242, 531, 142561.0, 3.535
1.6465743999997358, 532, 142532.0, 3.514
1.2755257999997411, 533, 142532.0, 3.514
1.5729511000008642, 534, 142532.0, 3.514
1.6499686999995902, 535, 142522.0, 3.506
1.2913399999997637, 536, 142522.0, 3.506
1.4874756000008347, 537, 142522.0, 3.506
1.2886423999989347, 538, 142522.0, 3.506
1.317238500001622, 539, 142522.0, 3.506
1.1667732999994769, 540, 142522.0, 3.506
1.5854794000006223, 541, 142522.0, 3.506
1.1743408000002091, 542, 142522.0, 3.506
1.5181052000007185, 543, 142522.0, 3.506
1.2734517000008054, 544, 142522.0, 3.506
1.518660899999304, 545, 142522.0, 3.506
1.21630340000047, 546, 142522.0, 3.506
1.384156799998891, 547, 142522.0, 3.506
1.405806399998255, 548, 142522.0, 3.506
1.228341599999112, 549, 142522.0, 3.506
1.2809577000007266, 550, 142522.0, 3.506
1.3911480000006122, 551, 142522.0, 3.506
1.6966774000011355, 552, 142522.0, 3.506
1.3700625999990734, 553, 142522.0, 3.506
1.5122556000005716, 554, 142522.0, 3.506
1.4360527000008005, 555, 142518.0, 3.503
1.34615870000016, 556, 142512.0, 3.499
1.4584198000011384, 557, 142512.0, 3.499
1.6454638000013802, 558, 142508.0, 3.496
1.2566958000006707, 559, 142508.0, 3.496
1.4267260000015085, 560, 142508.0, 3.496
1.540726999999606, 561, 142508.0, 3.496
1.5079179000003933, 562, 142508.0, 3.496
1.3910860000014509, 563, 142508.0, 3.496
1.5350067999988823, 564, 142508.0, 3.496
1.3599150999998528, 565, 142490.0, 3.483
1.2226848999998765, 566, 142490.0, 3.483
1.747071199999482, 567, 142490.0, 3.483
1.3851355999995576, 568, 142490.0, 3.483
1.3364226999983657, 569, 142490.0, 3.483
1.3161282999990362, 570, 142490.0, 3.483
1.443567800000892, 571, 142490.0, 3.483
1.3039200999992318, 572, 142490.0, 3.483
1.4111376000000746, 573, 142490.0, 3.483
1.4235448999988876, 574, 142490.0, 3.483
1.2897291999997833, 575, 142490.0, 3.483
1.2797288000001572, 576, 142490.0, 3.483
1.2543679000009433, 577, 142490.0, 3.483
1.347611399998641, 578, 142490.0, 3.483
1.561313700000028, 579, 142490.0, 3.483
1.6362561999994796, 580, 142469.0, 3.468
1.4960613999992347, 581, 142469.0, 3.468
1.2925187000000733, 582, 142469.0, 3.468
1.5319314999997005, 583, 142469.0, 3.468
1.2803227000003972, 584, 142357.0, 3.386
1.7457114000008005, 585, 142357.0, 3.386
2.0133875999999873, 586, 142357.0, 3.386
2.396807600000102, 587, 142357.0, 3.386
1.603681399999914, 588, 142357.0, 3.386
1.5520729999989271, 589, 142357.0, 3.386
1.315405200000896, 590, 142357.0, 3.386
1.4730933999999252, 591, 142357.0, 3.386
1.4500323000011122, 592, 142357.0, 3.386
1.4451893999994354, 593, 142357.0, 3.386
1.3127035999987129, 594, 142357.0, 3.386
1.6349965999997949, 595, 142357.0, 3.386
1.4587769999998272, 596, 142357.0, 3.386
1.596395800001119, 597, 142357.0, 3.386
1.266960899998594, 598, 142357.0, 3.386
1.316110600000684, 599, 142353.0, 3.384
1.1562262999996165, 600, 142353.0, 3.384
1.508923199999117, 601, 142348.0, 3.380
1.1851731999995536, 602, 142348.0, 3.380
1.268180000000939, 603, 142348.0, 3.380
1.2656079999997019, 604, 142343.0, 3.376
1.6625132999997732, 605, 142343.0, 3.376
1.5330405000004248, 606, 142343.0, 3.376
1.3115283999995881, 607, 142343.0, 3.376
1.3469014999991487, 608, 142343.0, 3.376
1.2235564000002341, 609, 142343.0, 3.376
1.4091105999996216, 610, 142343.0, 3.376
1.3516364999995858, 611, 142343.0, 3.376
1.291309199999887, 612, 142343.0, 3.376
1.2254081000010046, 613, 142343.0, 3.376
1.401899600001343, 614, 142343.0, 3.376
1.2115259999991395, 615, 142343.0, 3.376
1.3595178999985364, 616, 142343.0, 3.376
1.3052671999994345, 617, 142343.0, 3.376
1.458966700000019, 618, 142343.0, 3.376
1.2870825000009063, 619, 142343.0, 3.376
1.441538600000058, 620, 142343.0, 3.376
1.2609910999999556, 621, 142343.0, 3.376
1.353840499999933, 622, 142343.0, 3.376
1.3675858000005974, 623, 142343.0, 3.376
1.1458646999999473, 624, 142343.0, 3.376
1.3334098999985144, 625, 142343.0, 3.376
1.2202177999988635, 626, 142343.0, 3.376
1.2472823999996763, 627, 142343.0, 3.376
1.3798845000001165, 628, 142343.0, 3.376
1.428807099999176, 629, 142343.0, 3.376
1.3107642000013584, 630, 142343.0, 3.376
1.2780607999993663, 631, 142343.0, 3.376
1.2136004000003595, 632, 142343.0, 3.376
1.2502537000000302, 633, 142343.0, 3.376
1.5917671000006521, 634, 142343.0, 3.376
1.2874948999997287, 635, 142343.0, 3.376
1.49339449999934, 636, 142343.0, 3.376
1.224922899999001, 637, 142343.0, 3.376
1.3670990999999049, 638, 142323.0, 3.362
1.1001993999998376, 639, 142323.0, 3.362
1.6198069999991276, 640, 142323.0, 3.362
1.405932900001062, 641, 142323.0, 3.362
1.4171354999998584, 642, 142323.0, 3.362
1.4731761000002734, 643, 142323.0, 3.362
1.7189706999997725, 644, 142323.0, 3.362
1.575512899999012, 645, 142323.0, 3.362
1.2123826000006375, 646, 142323.0, 3.362
1.3306304999987333, 647, 142323.0, 3.362
1.2650328999989142, 648, 142323.0, 3.362
1.4023522999996203, 649, 142323.0, 3.362
1.4711236000002827, 650, 142323.0, 3.362
1.3113551999995252, 651, 142323.0, 3.362
1.7972086000008858, 652, 142323.0, 3.362
1.2996777999996993, 653, 142323.0, 3.362
1.2896335999994335, 654, 142323.0, 3.362
1.5113461000000825, 655, 142323.0, 3.362
1.2639201000001776, 656, 142323.0, 3.362
1.3640893000010692, 657, 142323.0, 3.362
1.3279803000004904, 658, 142323.0, 3.362
1.4337758000001486, 659, 142323.0, 3.362
1.488208400000076, 660, 142323.0, 3.362
1.2593620000006922, 661, 142323.0, 3.362
1.7619610000001558, 662, 142323.0, 3.362
1.333505000000514, 663, 142323.0, 3.362
1.25406699999985, 664, 142323.0, 3.362
1.4742682999985846, 665, 142323.0, 3.362
1.6565623000005871, 666, 142323.0, 3.362
1.4887516999988293, 667, 142323.0, 3.362
1.4934155999999348, 668, 142323.0, 3.362
1.407643000000462, 669, 142323.0, 3.362
1.3318673000012495, 670, 142323.0, 3.362
1.409783699999025, 671, 142323.0, 3.362
1.380341200001567, 672, 142323.0, 3.362
1.3007335000002058, 673, 142323.0, 3.362
1.2772777999998652, 674, 142323.0, 3.362
1.2422919999989972, 675, 142323.0, 3.362
1.2954217000005883, 676, 142323.0, 3.362
1.3553779000012582, 677, 142323.0, 3.362
1.289368599998852, 678, 142323.0, 3.362
1.3015547000013612, 679, 142323.0, 3.362
1.4530630000008387, 680, 142323.0, 3.362
1.4901324000002205, 681, 142323.0, 3.362
1.5668375000004744, 682, 142323.0, 3.362
1.5595109999994747, 683, 142323.0, 3.362
1.30099490000066, 684, 142323.0, 3.362
1.230173100000684, 685, 142323.0, 3.362
1.2627842999991117, 686, 142323.0, 3.362
1.5763625999989017, 687, 142323.0, 3.362
1.4761748000000807, 688, 142323.0, 3.362

tour:
[2685 2675 2676 2639 2677 2678 2679 2680 2689 2690 2704 2705 2706 2707
 2708 2714 2716 2718 2720 2709 2722 2724 2726 2728 2730 2732 2733 2731
 2729 2727 2725 2723 2721 2719 2717 2715 2713 2711 2712 2848 2881 2882
 2883 2906 2905 2927 2948 2947 2926 2904 2903 2902 2924 2925 2946 2945
 2965 2966 2967 2968 2969 2970 2971 2972 2951 2950 2949 2928 2929 2907
 2884 2859 2860 2885 2886 2909 2908 2930 2931 2932 2910 2887 2861 2862
 2863 2888 2864 2865 2866 2867 2868 2893 2892 2915 2914 2891 2890 2889
 2912 2911 2933 2954 2953 2952 2973 2974 2975 2976 2977 2978 2957 2956
 2955 2934 2913 2935 2936 2937 3034 3035 3013 3014 3018 3015 3016 2986
 2985 2984 2981 2983 2982 2980 2819 2820 2821 2826 2822 2823 2824 2827
 2828 2987 2988 2989 3017 3019 3020 3021 3023 3022 3001 2991 2990 2833
 2832 2830 2829 2825 2814 2801 2784 2802 2803 2785 2786 2788 2787 2806
 2805 2804 2815 2816 2834 2831 2992 2993 3002 3003 3004 3005 3024 3025
 3027 3026 3007 3006 2994 2995 2996 3008 3029 3028 3009 2997 2998 2999
 3010 3011 3030 3031 3032 3036 3037 3012 3000 2844 2842 2841 2843 2840
 2839 2818 2838 2837 2836 2835 2817 2807 2808 2809 2810 2811 2812 2813
 2791 2792 2779 2768 2767 2778 2777 2766 2776 2790 2789 2775 2774 2773
 2772 2771 2770 2769 2754 2753 2752 2751 2750 2744 2739 2740 2741 2742
 2743 2256 2240 2221 2241 2242 2257 2755 2756 2757 2758 2759 2760 2765
 2761 2762 2763 2764 2258 2251 2250 2249 2248 2247 2246 2245 2244 2243
 2222 2223 2224 2225 2148 2226 2227 2228 2229 2230 2124 2122 2121 2123
 2120 2119 2118 2117 2116 2115 2146 2147 2145 2143 2144 2114 2099 2100
 2101 2102 2103 2109 2104 2110 2111 2112 2113 2108 2107 2106 2105 2012
 2011 2010 2009 2008 2007 2006 2003 1993 1994 1995 1996 1989 1990 1997
 1998 1991 1999 2004 2013 2014 2015 2005 2002 2001 2000 1992 1912 1911
 1910 1909 1908 1907 1906 1905 1894 1893 1888 1889 1895 1896 1897 1898
 1890 1899 1900 1904 1913 1914 1915 1903 1902 1901 1891 1892 1345 1344
 1343 1342 1347 1353 1354 1355 1356 1357 1358 1359 1179 1178 1177 1176
 1175 1174 1173 1172 1171 1170 1362 1361 1348 1349 1360 1350 1351 1352
 1346 1341 1340 1339 1338 1337 1336 1335 1318 1317 1316 1315 1314 1313
 1312 1310 1311 1309 1308 1296 1307 1306 1305 1304 1303 1297 1290 1289
 1288 1298 1302 1301 1300 1299 1287 1282 1838 1837 1836 1825 1280 1281
 1283 1284 1285 1286 1117 1116 1115 1114 1097 1096 1094 1095 1093 1092
 1091 1090 1089 1088 1087 1086 1085 1084 1083 1022 1030 1031 1032 1033
 1034 1035 1036 1037 1026 1027 1038 1039 1040 1029 1042 1041  879  880
  881  882  680  681  682  683  696  694  695  693  692  691  690  689
  733  732  731  730  734  729  728  727  726  725  724  723  722  721
  720  719  718  717  716  688  687  686  685  684  922  899  890  889
  888  887  886  885  884  883  891 1043  892  893  894  895  896  897
  898 1044 1125 1124 1123 1122 1121 1120 1119 1118 1131 1132 1126 1133
 1134 1127 1135 1136 1128 1137 1129 1138 1130 1147 1149 1150 1320 1319
 1321 1322 1323 1324 1325 1326 1327 1328 1329 1330 1331 1332 1333 1334
 1160 1159 1158 1157 1156 1155 1154 1148 1153 1152 1151 1139 1140 1141
 1142 1143 1144 1145 1146 1046 1045  913  914  915  916  917  918  919
  920  900  921  901  902  903  904  905  906  907  910  908  911  909
  912  938  939 1161 1162 1163 1164 1165 1166 1167 1168 1169  949  944
  945  948  946  947  937  930  933  932  929  936  928  931  927  926
  925  924  935  943  942  941  940  934  923  747  748  749  750  751
  752  753  754  755  756  757  514  512  513  159  158  157  156  131
  132  155  130  129  128  127  154  153  126  125  124  152  151  150
  123  122  121  120  146  145  144  118  119  117  116  115  114  300
  302  303  305  304  312  313  314  306  307  315  316  149  148  147
  308  309  310  311  323  322  321  320  319  318  317  503  502  501
  500  511  499  498  746  744  743  742  745  741  740  735  739  738
  737  736  489  490  491  492  493  494  495  496  497  504  505  506
  507  508  509  510  478  477  479  480  481  482  483  486  487  484
  485  475  476  468  469  470  471  472  473  474  702  703  704  705
  706  707  708  712  713  456  455  454  453  715  714  711  710  709
  701  697  700  698  699  654  677  678  679  676  675  644  645  646
  642  641  640  856  639  638  637  855  636  635  634  633  853  854
  859  860  861  862  863  864  865  866  867  878  877 1028  876  875
  874  873 1025 1024  872  871  870  869  868 1023  857  858  852  840
  841  851  837  836  839  838  835  834  833  832  831  830  829  828
  843  844 1009  842  826  807  584  585  591  592  593  594  596  595
  597  586  587  588  589  590  602  601  600  599  598  376  377  381
  378  379  380  391  397  396  395  392  393  603  604  605  606  607
  608  609  610  611  612  613  614  631  632  658  657  659  656  655
  643  653  652  650  651  647  649  648  669  670  671  672  673  674
  449  450  457  451  452  458  463  464  465  466  467  292  293  294
  295  296  297  298  461  462  459  460  488  301  299  112  113  291
  290  289  288  287  286  285  110  109  108   97  107   96   95  105
  106  143  142  141  284  283  274  273  140  103  104   94   93   92
  102  101   91  111   90  100   99   89   88   98  272  271  270  269
  268  267  266  250  249  265  264  263  262  261  260  254  253  246
  247  248   86   87   77   76   75   85   84   74   73   83   82  139
  245  244  243  138   80   81   72   71   70   69   79   78   68   56
   55   65   66  137  239  240  251  241  242  252  255  256  257  430
  429  428  258  259  427  426  425  424  423  422  421  440  282  281
  280  279  278  277  276  275  441  442  443  444  445  446  447  448
  439  432  433  434  435  436  437  438  668  667  666  665  664  663
  662  661  660  628  629  630  615  616  625  617  618  619  620  621
  622  623  624  626  627  400  401  402  403  404  405  406  407  410
  408  409  411  412  413  414  415  416  417  418  419  420  394  398
  238  237  236  235  431  399  383  384  385  387  386  231  226  232
  233  234  225  224  221  220  219   60   61   62   63   64   54   53
   52   51   50   49   47   46   48   59   58   57   45   41   40   42
   44   43  214  215  216  217  218  223  222  230  229  228  227  212
  213  368  371  372  390  389  388  382  375  374  373  369  370  572
  571  559  560  558  561  562  563  565  566  567  568  557  556  542
  543  544  345  349  350  351  564  352  353  354  355  364  365  366
  367  356  357  358  359  360  361  362  347  346  344  331  330  530
  329  328  327  333  341  340  338  339  184  337  332  179  181  185
  196  199  197  200  348  363  201  202  203  204  205  198  206  207
  208  209  211  210  195  194  193  192  191  190  189  136   32   33
   34   67   35   36   37   38   39   29   28   27   26   25   24   23
   22   21   20   30   31  188  187  186  171  170  169  168  167  135
   12   13   14   15   16   17   18   19    9    8    7    6    5    4
    3    2    1   11    0   10  161  133  162  160  163  164  134  165
  166  180  177  176  178  175  174  173  172  183  182  343  342  335
  336  324  325  334  326  534  532  533  535  536  538  537  525  524
  523  515  516  758  760  761  762  763  759  764  765  766  521  520
  519  518  517  522  531  529  526  528  527  545  541  539  540  546
  547  548  554  555  549  550  551  569  553  552  570  573  574  575
  576  577  578  579  580  581  582  583  806  805  804  803  802  801
  800  799  798  797  822  818  819  796  820  981  982  983  984  817
  821  816  815  814  813  812  811  810  809  808  850  827  825  824
  993  992  823  991  990  989  988  987  986  985  994 1001 1002 1004
 1003 1005 1006 1007 1008 1677 1676 1675 1674 1673 1013 1014 1015 1011
 1010  845  846  847  848  849 1012 1021 1020 1019 1018 1017 1016 1714
 1715 1716 1718 1719 1721 1717 1682 1683 1684 1720 1685 1686 1723 1725
 1724 1687 1678 1250 1249 1248 1247 1240 1246 1251 1245 1252 1244 1243
 1242 1241 1255 1254 1253 1000  999  998  997  996  995 1082 1215 1214
 1213 1212 1211 1210 1209 1208 1207 1202 1201 1206 1205 1204 1200 1203
 1226 1225 1224 1223 1222 1221 1220 1218 1217 1216 1219 1081 1080 1079
 1078 1077 1076 1075 1066 1065 1067 1068 1069 1071 1070 1072 1073 1074
  976  975  977  980  979  978  795  794  973  974  972  971  970  969
  968  789  790  788  791  792  793  787  786  785  784  783  782  781
  780  779  778  777  768  776  775  774  773  767  772  771  770  769
  950  953  954  955  962  963  956  951  957  958  959  952  967  966
  965  964 1055 1054 1053 1052 1051 1049  961  960 1048 1047 1058 1059
 1060 1061 1056 1050 1057 1062 1063 1064 1199 1198 1197 1187 1188 1196
 1195 1194 1193 1192 1191 1190 1180 1384 1385 1181 1182 1386 1380 1379
 1378 1377 1376 1366 1365 1364 1367 1368 1369 1370 1371 1372 1381 1382
 1388 1387 1183 1189 1184 1185 1186 1390 1389 1383 1375 1374 1373 1458
 1457 1456 1455 1451 1454 1363 1453 1452 1443 1444 1562 1445 1446 1447
 1448 1449 1450 1459 1461 1460 1462 1403 1404 1402 1405 1406 1401 1400
 1407 1408 1409 1410 1411 1412 1415 1413 1414 1434 1227 1228 1229 1230
 1231 1232 1239 1233 1234 1235 1236 1237 1238 1442 1441 1440 1430 1439
 1438 1437 1436 1435 1433 1429 1432 1431 1417 1416 1501 1500 1499 1529
 1530 1418 1419 1428 1420 1421 1422 1423 1424 1425 1427 1426 1540 1539
 1538 1537 1536 1535 1534 1533 1531 1532 1528 1527 1524 1523 1522 1521
 1520 1519 1516 1518 1517 1515 1512 1514 1513 1679 1700 1699 1698 1697
 1696 1695 1739 1694 1693 1692 1691 1690 1689 1688 1728 1729 1730 1732
 1735 1736 1733 1731 1726 1727 1770 1797 1769 1768 1722 1767 1796 1766
 1765 1764 1098 1099 1102 1256 1103 1100 1104 1105 1106 1107 1108 1109
 1110 1111 1112 1101 1113 1279 1278 1277 1276 1275 1274 1273 1271 1270
 1272 1269 1257 1258 1259 1260 1267 1268 1261 1262 1820 1821 1263 1264
 1265 1266 1824 1823 1822 1829 1832 1831 1830 1834 1927 1928 1929 1942
 1941 1940 1939 1938 1937 1936 1923 1924 1925 1926 1918 1917 1916 1833
 1828 1819 1818 1817 1816 1827 1815 1814 1826 1813 1812 1798 1771 1772
 1773 1774 1734 1737 1738 1775 1776 1777 1799 1800 1778 1779 1801 1932
 1919 1920 1921 1922 1935 1934 1933 2018 2019 2020 2021 2022 2039 2040
 2041 2042 2043 2044 2045 2059 2134 2133 2058 2057 2056 2055 2054 2053
 2038 2052 2051 2037 2036 2035 2034 2033 2017 2016 2032 2046 2047 2048
 2049 2050 2130 2132 2131 2129 2128 2127 2126 1808 1790 1789 1788 1748
 1787 1807 1806 1786 1785 1805 1804 1784 1783 1782 1803 1802 1781 1780
 1740 1741 1742 1743 1744 1745 1746 1747 1749 1750 1751 1752 1753 1759
 1760 1761 1762 1758 1757 1755 1756 1754 1791 1809 2125 2149 1810 1792
 1793 1811 1794 1795 1763 2443 2442 2441 2440 2439 2438 2437 2458 2459
 2460 2461 2462 2463 2464 2465 2444 2466 2467 2445 2627 2628 2632 2629
 2630 2631 2169 2168 2167 2166 2165 2164 2150 2151 2152 2153 2154 2155
 2156 2170 2171 2157 2158 2159 2160 2172 2173 2174 2175 2161 2162 2163
 2176 2177 2201 2202 2192 2191 2189 2178 2188 2195 2194 2193 2203 2204
 2205 2206 2207 2197 2196 2187 2186 2183 2182 2181 2180 2179 2136 2137
 2076 2077 2078 2062 2135 2060 2024 2063 2061 2064 2026 2025 1961 1962
 1963 1960 1964 1965 1966 1967 1968 1959 1958 1953 1954 1955 1956 1957
 1860 1861 1852 1853 1854 1855 1856 1857 1858 1859 1949 1952 1951 1950
 1947 1948 2023 1946 1943 1930 1944 1945 1931 1835 1839 1840 1841 1842
 1843 1844 1845 1846 1847 1291 1292 1293 1295 1294 1849 1848 1850 1851
 1862 1864 1865 1866 1867 1868 1886 1880 1879 1887 1869 1870 1871 1872
 1873 1874 1875 1876 1877 1878 1977 1976 1975 1974 1973 1972 1885 1884
 1881 1882 1883 1863 1969 1970 1971 1979 1978 1981 1982 1983 1984 1980
 1985 1986 1987 1988 2030 2031 2097 2098 2089 2088 2087 2086 2085 2084
 2083 2082 2028 2027 2029 2081 2070 2069 2068 2067 2066 2065 2075 2074
 2073 2072 2071 2138 2185 2184 2190 2199 2198 2208 2209 2210 2200 2212
 2211 2139 2079 2080 2090 2091 2092 2093 2094 2140 2141 2095 2096 2142
 2220 2219 2218 2217 2216 2215 2214 2231 2232 2233 2234 2235 2236 2237
 2238 2239 2255 2254 2253 2738 2737 2736 2252 2735 2734 2213 2666 2780
 2745 2746 2747 2748 2749 2782 2783 2800 2799 2798 2797 2796 2795 2794
 2793 2781 2710 2654 2655 2656 2657 2658 2653 2652 2659 2660 2651 2650
 2661 2662 2649 2648 2663 2664 2647 2665 2646 2645 2644 2643 2642 2641
 2640 2638 2637 2636 2674 2673 2635 2672 2681 2671 2670 2633 2634 2669
 2668 2667 2494 2474 2473 2492 2491 2490 2489 2488 2487 2486 2472 2485
 2506 2507 2508 2509 2510 2511 2512 2513 2522 2514 2493 2515 2691 2692
 2845 2693 2694 2695 2682 2683 2696 2846 2851 2873 2850 2872 2894 2871
 2849 2870 2869 2916 2545 2544 2543 2542 2541 2540 2539 2562 2561 2538
 2537 2536 2521 2520 2519 2518 2504 2505 2484 2483 2482 2503 2517 2502
 2501 2481 2480 2479 2500 2499 2478 2471 2470 2469 2477 2476 2475 2468
 2446 2400 2398 2425 2426 2447 2448 2427 2428 2449 2450 2429 2430 2451
 2452 2362 2431 2432 2453 2454 2455 2456 2457 2435 2434 2433 2422 2421
 2420 2419 2418 2417 2416 2415 2396 1631 1630 2397 2399 2401 2363 2364
 2365 2366 2367 2368 2369 2333 2329 2355 2356 2354 2357 2358 2359 2360
 2361 1619 1620 1621 1624 1622 1623 1618 1617 1616 1615 1614 1625 1588
 1587 1589 1590 1591 1592 1593 1629 1628 1627 1626 1649 1648 1647 1646
 1645 1644 1643 1642 1641 1640 1653 1654 1655 1656 1657 1658 1659 1651
 1652 1639 1638 1637 1636 1635 1634 1632 1633 1650 1661 1660 1662 1663
 1664 1665 1666 1667 1668 1669 1670 1672 1671 2423 2424 1713 1712 1711
 1710 1709 1708 1707 1681 1706 1705 2436 1704 1703 1702 1701 1680 1511
 1510 1509 1508 1507 1506 1505 1504 1503 1525 1526 1498 1497 1596 1597
 1595 1594 1598 1599 1600 1601 1603 1602 1604 1605 1606 1607 1608 1467
 1481 1468 1469 1470 1480 1482 1486 1485 1484 1483 1491 1492 1487 1488
 1489 1490 1477 1478 1479 1471 1472 1473 1474 1475 1476 1495 1496 1502
 1494 1493 1399 1398 1397 1396 1395 1394 1393 1392 1391 1466 1465 1464
 1463 1564 1561 1560 1559 1558 1557 1556 1551 1555 1554 1553 1552 1543
 1541 1542 1544 1545 1546 1547 1548 1549 1550 1563 1577 1613 1612 1611
 1610 2328 2276 2275 2267 2266 2260 2265 2264 2263 2268 2271 2272 2273
 2274 1609 1571 1572 1573 1574 1578 1580 1579 1581 1582 1570 1569 1568
 1575 1584 1585 1583 1586 1576 1566 1567 1565 2269 2270 2262 2261 2259
 2278 2286 2297 2298 2314 2315 2414 2318 2316 2317 2319 2327 2326 2324
 2320 2325 2321 2322 2323 2348 2347 2350 2349 2351 2353 2352 2346 2345
 2344 2389 2388 2390 2391 2392 2393 2394 2395 2413 2412 2604 2584 2565
 2411 2410 2408 2409 2546 2547 2566 2585 2605 2606 2586 2567 2568 2587
 2607 2608 2588 2569 2572 2570 2589 2609 2590 2610 2611 2591 2625 2571
 2552 2551 2550 2549 2548 2525 2524 2526 2523 2407 2406 2405 2403 2387
 2386 2385 2384 2383 2382 2381 2380 2340 2337 2339 2343 2342 2338 2341
 2294 2305 2304 2306 2307 2308 2303 2309 2310 2313 2311 2312 2299 2296
 2300 2301 2302 2295 2290 2289 2288 2287 2279 2280 2281 2282 2283 2291
 2292 2293 2284 2285 2277 2335 2331 2330 2332 2334 2336 2379 2378 2377
 2376 2370 2371 2372 2375 2374 2373 2402 2404 2495 2496 2497 2498 2516
 2527 2528 2529 2530 2531 2553 2573 2554 2532 2533 2555 2556 2534 2535
 2557 2576 2575 2574 2593 2592 2612 2613 2614 2594 2595 2615 2616 2596
 2597 2617 2618 2619 2620 2600 2599 2598 2578 2577 2558 2559 2560 2579
 2582 2580 2581 2626 2563 2564 2583 2602 2601 2621 2622 2623 2603 2624
 2958 3033 2959 2938 2917 2895 2900 2896 2918 2939 2960 2961 2940 2919
 2897 2898 2920 2942 2941 2962 2963 2964 2943 2944 2923 2922 2921 2899
 2876 2875 2874 2852 2853 2854 2855 2856 2878 2877 2979 2901 2879 2880
 2858 2857 2847 2703 2702 2701 2688 2687 2700 2699 2686 2698 2697 2684]

eliteFit: 142323.0
percentError: 3.361802257178962
computationTime: 1184.134s