instanceName: pcb3038
n: 3038
optFit: 137694

genTime, gen, eliteFit, percentError:
0.004608900000675931, 0, 5283465.0, 3737.106
11.346519799999442, 1, 155599.0, 13.003
7.014404400000785, 2, 153309.0, 11.340
6.876049000000421, 3, 152863.0, 11.016
6.876784199999747, 4, 151809.0, 10.251
6.7628733000001375, 5, 151586.0, 10.089
6.643459200000507, 6, 150998.0, 9.662
6.566167599999972, 7, 150335.0, 9.181
6.749129600000742, 8, 150273.0, 9.135
6.964041000001089, 9, 149874.0, 8.846
6.7327654999990045, 10, 149433.0, 8.525
6.2448786000004475, 11, 149291.0, 8.422
6.267485799999122, 12, 148926.0, 8.157
6.462920500000109, 13, 148926.0, 8.157
6.532469100000526, 14, 148658.0, 7.963
5.9920935000009194, 15, 148658.0, 7.963
6.430700200000501, 16, 148192.0, 7.624
5.706625199998598, 17, 148160.0, 7.601
6.273777899999914, 18, 147968.0, 7.461
5.631027699999322, 19, 147833.0, 7.363
6.148195800000394, 20, 147580.0, 7.180
5.223865200001455, 21, 147212.0, 6.912
5.294499200001155, 22, 147212.0, 6.912
4.918327699999281, 23, 147202.0, 6.905
4.355559600000561, 24, 146891.0, 6.679
4.689606500000082, 25, 146839.0, 6.642
4.037009100000432, 26, 146839.0, 6.642
3.6540155000002414, 27, 146677.0, 6.524
3.914488000000347, 28, 146455.0, 6.363
3.081056000000899, 29, 146455.0, 6.363
3.4977183000009973, 30, 146280.0, 6.236
3.07233769999948, 31, 146280.0, 6.236
3.1122436999994534, 32, 146268.0, 6.227
2.8371138000002247, 33, 146072.0, 6.085
2.6298452999999427, 34, 146072.0, 6.085
2.516614699999991, 35, 145984.0, 6.021
3.1976428999987547, 36, 145855.0, 5.927
3.414162999999462, 37, 145855.0, 5.927
2.863316599999962, 38, 145721.0, 5.830
3.0460784999995667, 39, 145721.0, 5.830
3.096319599999333, 40, 145618.0, 5.755
2.6813675000012154, 41, 145456.0, 5.637
2.831410999999207, 42, 145456.0, 5.637
2.4420178000000305, 43, 145446.0, 5.630
2.8098681999999826, 44, 145397.0, 5.594
2.84633919999942, 45, 145311.0, 5.532
3.1413504000011017, 46, 145067.0, 5.355
3.0700526000000536, 47, 145067.0, 5.355
3.993109500001083, 48, 144876.0, 5.216
3.505935799999861, 49, 144833.0, 5.185
2.6136123000014777, 50, 144639.0, 5.044
2.5795946000016556, 51, 144639.0, 5.044
2.5143208999998024, 52, 144639.0, 5.044
2.143194300000687, 53, 144606.0, 5.020
1.6880534000010812, 54, 144580.0, 5.001
2.062867599999663, 55, 144577.0, 4.999
1.5872249000003649, 56, 144547.0, 4.977
1.3127465000015945, 57, 144522.0, 4.959
1.5338332999999693, 58, 144473.0, 4.923
1.4155456999997114, 59, 144473.0, 4.923
1.3536277000002883, 60, 144473.0, 4.923
1.5417942000003677, 61, 144472.0, 4.923
1.1929650000001857, 62, 144472.0, 4.923
1.426650300001711, 63, 144462.0, 4.915
1.4265716999998403, 64, 144436.0, 4.896
1.2545687000001635, 65, 144436.0, 4.896
1.4222110999999131, 66, 144426.0, 4.889
1.2338471000002755, 67, 144426.0, 4.889
1.4919453999991674, 68, 144426.0, 4.889
1.4316923999995197, 69, 144421.0, 4.885
1.5121633999988262, 70, 144421.0, 4.885
1.3377294000001712, 71, 144421.0, 4.885
1.2210731999985, 72, 144421.0, 4.885
1.162176100000579, 73, 144421.0, 4.885
1.1564099000006536, 74, 144421.0, 4.885
1.3481890999992174, 75, 144421.0, 4.885
1.3568749999994907, 76, 144421.0, 4.885
1.2879489000006288, 77, 144421.0, 4.885
1.1695336000011594, 78, 144421.0, 4.885
1.600282800000059, 79, 144421.0, 4.885
1.2610274999988178, 80, 144421.0, 4.885
1.4172581000002538, 81, 144421.0, 4.885
1.1749968999993143, 82, 144421.0, 4.885
1.3885226000002149, 83, 144421.0, 4.885
1.3166325999991386, 84, 144383.0, 4.858
1.362540000000081, 85, 144383.0, 4.858
1.4593426999999792, 86, 144341.0, 4.827
1.8148638000002393, 87, 144274.0, 4.779
1.5438536000001477, 88, 144274.0, 4.779
1.7916485000005196, 89, 144208.0, 4.731
1.710711200001242, 90, 144177.0, 4.708
1.921971499999927, 91, 144167.0, 4.701
1.6794762999998056, 92, 144109.0, 4.659
1.6378417000014451, 93, 144109.0, 4.659
1.7341593000001012, 94, 144092.0, 4.647
1.6702824000003602, 95, 144031.0, 4.602
1.761048899999878, 96, 144030.0, 4.602
1.5212651999991067, 97, 143922.0, 4.523
1.817144399999961, 98, 143922.0, 4.523
1.646890700001677, 99, 143808.0, 4.440
1.5307563999995182, 100, 143808.0, 4.440
1.5705780000007508, 101, 143808.0, 4.440
1.615993500001423, 102, 143808.0, 4.440
1.3689250000006723, 103, 143808.0, 4.440
1.5913645999989967, 104, 143808.0, 4.440
1.2598289000015939, 105, 143808.0, 4.440
1.4158522999987326, 106, 143808.0, 4.440
1.3883120999998937, 107, 143808.0, 4.440
1.4247831000011502, 108, 143808.0, 4.440
1.2039581999997608, 109, 143808.0, 4.440
1.6224323000005825, 110, 143803.0, 4.437
1.171955899999375, 111, 143803.0, 4.437
1.189949899999192, 112, 143803.0, 4.437
1.1813309999997728, 113, 143803.0, 4.437
1.3557737999999517, 114, 143803.0, 4.437
1.2307543999995687, 115, 143803.0, 4.437
1.4949316999991424, 116, 143803.0, 4.437
1.2662454999990587, 117, 143803.0, 4.437
1.3198396999996476, 118, 143737.0, 4.389
1.2101537999988068, 119, 143737.0, 4.389
1.3993920000011713, 120, 143717.0, 4.374
1.4232706000002509, 121, 143699.0, 4.361
1.3486389000008785, 122, 143631.0, 4.312
1.4057917999998608, 123, 143594.0, 4.285
1.4634967999991204, 124, 143581.0, 4.275
1.5783443000000261, 125, 143559.0, 4.259
1.2582231000014872, 126, 143559.0, 4.259
1.410902100000385, 127, 143559.0, 4.259
1.5624683999994886, 128, 143559.0, 4.259
1.3943964000009146, 129, 143559.0, 4.259
1.373932300000888, 130, 143554.0, 4.256
1.2171195999999327, 131, 143554.0, 4.256
1.2325614999990648, 132, 143554.0, 4.256
1.2656576999997924, 133, 143554.0, 4.256
1.1897302999987005, 134, 143554.0, 4.256
1.313101600000664, 135, 143554.0, 4.256
1.2611090000009426, 136, 143554.0, 4.256
1.2104746000004525, 137, 143554.0, 4.256
1.2971253000014258, 138, 143538.0, 4.244
1.2559675000011339, 139, 143490.0, 4.209
1.222891499999605, 140, 143490.0, 4.209
1.2392628000015975, 141, 143474.0, 4.198
1.3137836000005336, 142, 143469.0, 4.194
1.4796164999988832, 143, 143469.0, 4.194
1.1871221999990667, 144, 143469.0, 4.194
1.2785894999997254, 145, 143469.0, 4.194
1.4958776000003127, 146, 143461.0, 4.188
1.5154727999997704, 147, 143450.0, 4.180
1.2157526000009966, 148, 143450.0, 4.180
1.60273799999959, 149, 143395.0, 4.140
1.2417042999986734, 150, 143360.0, 4.115
1.4063765999999305, 151, 143360.0, 4.115
1.3676229999982752, 152, 143360.0, 4.115
1.3041883999994752, 153, 143360.0, 4.115
1.299615800000538, 154, 143360.0, 4.115
1.3036608999991586, 155, 143360.0, 4.115
1.2969761000003928, 156, 143360.0, 4.115
1.5175397000002704, 157, 143330.0, 4.093
1.5377610000014101, 158, 143330.0, 4.093
1.0696335000011459, 159, 143327.0, 4.091
1.2386975999997958, 160, 143327.0, 4.091
1.3306728000006842, 161, 143327.0, 4.091
1.267136099999334, 162, 143327.0, 4.091
1.18427150000025, 163, 143327.0, 4.091
1.4172952999997506, 164, 143245.0, 4.031
1.3475888000011764, 165, 143245.0, 4.031
1.4155713000000105, 166, 143245.0, 4.031
1.2265002999993158, 167, 143245.0, 4.031
1.211219799999526, 168, 143245.0, 4.031
1.479466400000092, 169, 143237.0, 4.026
1.468714299999192, 170, 143237.0, 4.026
1.2812301000012667, 171, 143224.0, 4.016
1.3504539000005025, 172, 143224.0, 4.016
1.2995665999987978, 173, 143224.0, 4.016
1.5713125999991462, 174, 143224.0, 4.016
1.213826400000471, 175, 143224.0, 4.016
1.317780600000333, 176, 143224.0, 4.016
1.2527195000002393, 177, 143224.0, 4.016
1.5210573999993358, 178, 143224.0, 4.016
1.2704620999993494, 179, 143224.0, 4.016
1.49114069999996, 180, 143224.0, 4.016
1.2999601000010443, 181, 143224.0, 4.016
1.1446147000006022, 182, 143224.0, 4.016
1.4848836999990453, 183, 143224.0, 4.016
1.2143131000011635, 184, 143224.0, 4.016
1.4703984999996464, 185, 143224.0, 4.016
1.1620944999995118, 186, 143224.0, 4.016
1.5262076999988494, 187, 143224.0, 4.016
1.3996382000004814, 188, 143224.0, 4.016
1.1715790999987803, 189, 143224.0, 4.016
1.5113779999992403, 190, 143224.0, 4.016
1.3957743999999366, 191, 143193.0, 3.994
1.370125299999927, 192, 143193.0, 3.994
1.3237533999999869, 193, 143193.0, 3.994
1.4228024000003643, 194, 143183.0, 3.986
1.457911100000274, 195, 143183.0, 3.986
1.4895768999995198, 196, 143158.0, 3.968
1.5554388000000472, 197, 143158.0, 3.968
1.4246834000005038, 198, 143158.0, 3.968
1.2068153000000166, 199, 143152.0, 3.964
1.259699800000817, 200, 143152.0, 3.964
1.3327580999994098, 201, 143152.0, 3.964
1.4383429000008618, 202, 143152.0, 3.964
1.211577699999907, 203, 143152.0, 3.964
1.3958980000006704, 204, 143152.0, 3.964
1.2102238999996189, 205, 143152.0, 3.964
1.1434883000001719, 206, 143152.0, 3.964
1.4614581000005273, 207, 143152.0, 3.964
1.280555400000594, 208, 143152.0, 3.964
1.223509000001286, 209, 143152.0, 3.964
1.5357213000006595, 210, 143152.0, 3.964
1.3895504000010988, 211, 143103.0, 3.928
1.441503100000773, 212, 143103.0, 3.928
1.340230600000723, 213, 143103.0, 3.928
1.1898825000007491, 214, 143055.0, 3.893
1.2520275000006222, 215, 143055.0, 3.893
1.2902417000004789, 216, 143055.0, 3.893
1.5621381999990263, 217, 143055.0, 3.893
1.1687927000002674, 218, 143055.0, 3.893
1.3702154999991762, 219, 143055.0, 3.893
1.5102411000007123, 220, 143055.0, 3.893
1.3211403000004793, 221, 143055.0, 3.893
1.2717227999983152, 222, 143055.0, 3.893
1.168197399998462, 223, 143033.0, 3.877
1.4757377999994787, 224, 143033.0, 3.877
1.5514720999999554, 225, 143033.0, 3.877
2.0055668000004516, 226, 143033.0, 3.877
1.2801021999985096, 227, 143033.0, 3.877
1.4062657999984367, 228, 143033.0, 3.877
1.1680583999986993, 229, 143033.0, 3.877
1.5242679000002681, 230, 143033.0, 3.877
1.257765099999233, 231, 143033.0, 3.877
1.3047280999999202, 232, 143033.0, 3.877
1.2093323999997665, 233, 143033.0, 3.877
1.3767736999998306, 234, 143033.0, 3.877
1.2384964999982913, 235, 143033.0, 3.877
1.2831108999998833, 236, 143033.0, 3.877
1.2621889999991254, 237, 143033.0, 3.877
1.3573638999987452, 238, 143033.0, 3.877
1.1957154000010632, 239, 143033.0, 3.877
1.3049549999996088, 240, 143033.0, 3.877
1.457965100000365, 241, 143033.0, 3.877
1.2577544999985548, 242, 143033.0, 3.877
1.4594218999991426, 243, 143033.0, 3.877
1.4137578999998368, 244, 143033.0, 3.877
1.4150928999988537, 245, 143033.0, 3.877
1.584693700000571, 246, 143033.0, 3.877
1.5602357000007032, 247, 143033.0, 3.877
1.2464115000002494, 248, 143008.0, 3.859
1.2720807999994577, 249, 143008.0, 3.859
1.2285307000001922, 250, 143008.0, 3.859
1.432522199998857, 251, 143008.0, 3.859
1.1006999000001088, 252, 143008.0, 3.859
1.365119300000515, 253, 143008.0, 3.859
1.1608654000010574, 254, 143008.0, 3.859
1.4058234999993147, 255, 143008.0, 3.859
1.2282907999997406, 256, 143008.0, 3.859
1.1458841999992728, 257, 143008.0, 3.859
1.5463221999998495, 258, 143008.0, 3.859
1.3064057999999932, 259, 143008.0, 3.859
1.3455159999994066, 260, 143002.0, 3.855
1.2911726999991515, 261, 143002.0, 3.855
1.2008085000015853, 262, 143002.0, 3.855
1.3623843999994278, 263, 143002.0, 3.855
1.277669799999785, 264, 143002.0, 3.855
1.4111799000002065, 265, 143002.0, 3.855
1.401662000000215, 266, 143002.0, 3.855
1.338396900000589, 267, 143002.0, 3.855
1.3627241000012873, 268, 142901.0, 3.782
1.3642750999988493, 269, 142901.0, 3.782
1.313654100000349, 270, 142901.0, 3.782
1.4934890999993513, 271, 142870.0, 3.759
1.2917827000001125, 272, 142843.0, 3.739
1.3033935000003112, 273, 142843.0, 3.739
1.3881306999992375, 274, 142843.0, 3.739
1.274844799998391, 275, 142843.0, 3.739
1.3233383999995567, 276, 142843.0, 3.739
1.1573938000001363, 277, 142843.0, 3.739
1.1587648000004265, 278, 142843.0, 3.739
1.4760635000002367, 279, 142829.0, 3.729
1.3191997999983869, 280, 142829.0, 3.729
1.3481743000011193, 281, 142829.0, 3.729
1.3345169999993232, 282, 142829.0, 3.729
1.2061140000005253, 283, 142829.0, 3.729
1.5432543999995687, 284, 142829.0, 3.729
1.1805893000000651, 285, 142829.0, 3.729
1.156799399999727, 286, 142829.0, 3.729
1.3659487999993871, 287, 142829.0, 3.729
1.1817527000002883, 288, 142829.0, 3.729
1.1675262999997358, 289, 142829.0, 3.729
1.3649788000002445, 290, 142829.0, 3.729
1.1640357000014774, 291, 142829.0, 3.729
1.2199584999998478, 292, 142829.0, 3.729
1.537148100000195, 293, 142803.0, 3.710
1.3494183000002522, 294, 142803.0, 3.710
1.5469352000000072, 295, 142803.0, 3.710
1.411161699999866, 296, 142803.0, 3.710
1.4537051000006613, 297, 142803.0, 3.710
1.1335878999998386, 298, 142803.0, 3.710
1.4942854999990232, 299, 142803.0, 3.710
1.4969827999993868, 300, 142803.0, 3.710
1.3013458000004903, 301, 142803.0, 3.710
1.2176042999999481, 302, 142803.0, 3.710
1.3060002000001987, 303, 142803.0, 3.710
1.4068333000013808, 304, 142803.0, 3.710
1.3845651000010548, 305, 142803.0, 3.710
1.5869691000007151, 306, 142803.0, 3.710
1.3325607999995555, 307, 142803.0, 3.710
1.2331311000016285, 308, 142803.0, 3.710
1.3374436000012793, 309, 142803.0, 3.710
1.26782699999967, 310, 142803.0, 3.710
1.2964861000000383, 311, 142803.0, 3.710
1.4795947000002343, 312, 142803.0, 3.710
1.313065899999856, 313, 142803.0, 3.710
1.209292200001073, 314, 142803.0, 3.710
1.6141277000006085, 315, 142803.0, 3.710
1.478284299999359, 316, 142803.0, 3.710
1.198128899999574, 317, 142803.0, 3.710
1.282299000000421, 318, 142803.0, 3.710
1.3487793000003876, 319, 142803.0, 3.710
1.1721448000007513, 320, 142803.0, 3.710
1.3554105000002892, 321, 142803.0, 3.710
1.2152607000007265, 322, 142803.0, 3.710
1.5070326999993995, 323, 142803.0, 3.710
1.2175704999990558, 324, 142803.0, 3.710
1.258272199998828, 325, 142803.0, 3.710
1.4427763999992749, 326, 142803.0, 3.710
1.278362200000629, 327, 142770.0, 3.686
1.1429731999996875, 328, 142770.0, 3.686
1.2974218999988807, 329, 142770.0, 3.686
1.3386329999993904, 330, 142770.0, 3.686
1.1679059999987658, 331, 142770.0, 3.686
1.28035330000057, 332, 142770.0, 3.686
1.4379000999997515, 333, 142770.0, 3.686
1.3648088999998436, 334, 142770.0, 3.686
1.396598900000754, 335, 142770.0, 3.686
1.4121993000007933, 336, 142770.0, 3.686
1.1153001000002405, 337, 142770.0, 3.686
1.3175907000004372, 338, 142770.0, 3.686
1.4016719999999623, 339, 142770.0, 3.686
1.3020370000012917, 340, 142770.0, 3.686
1.4586359999993874, 341, 142770.0, 3.686
1.292205699999613, 342, 142770.0, 3.686
1.388154599999325, 343, 142770.0, 3.686
1.5023187000006146, 344, 142770.0, 3.686
1.3868474999999307, 345, 142770.0, 3.686
1.1026586999996653, 346, 142770.0, 3.686
1.400028399999428, 347, 142770.0, 3.686
1.3843517000004795, 348, 142770.0, 3.686
1.262266700001419, 349, 142770.0, 3.686
1.303471700000955, 350, 142770.0, 3.686
1.4238830000012968, 351, 142770.0, 3.686
1.3195513000009669, 352, 142770.0, 3.686
1.284123899999031, 353, 142770.0, 3.686
1.222149699999136, 354, 142770.0, 3.686
1.2821125999998912, 355, 142770.0, 3.686
1.3588622999996005, 356, 142770.0, 3.686
1.3880073000000266, 357, 142745.0, 3.668
1.2508204000005207, 358, 142745.0, 3.668
1.5369547999998758, 359, 142619.0, 3.577
1.3118360999997094, 360, 142600.0, 3.563
1.2603775999996287, 361, 142600.0, 3.563
1.3851247000002331, 362, 142600.0, 3.563
1.4094105000003765, 363, 142600.0, 3.563
1.5504521999991994, 364, 142600.0, 3.563
1.2652309999994031, 365, 142600.0, 3.563
1.1937637999999424, 366, 142600.0, 3.563
1.4576108999990538, 367, 142600.0, 3.563
1.3436879000000772, 368, 142600.0, 3.563
1.3772972999995545, 369, 142600.0, 3.563
1.3148368999991362, 370, 142600.0, 3.563
1.3087534999995114, 371, 142600.0, 3.563
1.2247352000013052, 372, 142600.0, 3.563
1.255799799999295, 373, 142600.0, 3.563
1.6241874000006646, 374, 142600.0, 3.563
1.3314449999998033, 375, 142600.0, 3.563
1.4365595999988727, 376, 142600.0, 3.563
1.1396562999998423, 377, 142600.0, 3.563
1.267670100000032, 378, 142600.0, 3.563
1.5064774000002217, 379, 142600.0, 3.563
1.5674275999990641, 380, 142600.0, 3.563
1.324156499998935, 381, 142600.0, 3.563
1.3092983000005916, 382, 142600.0, 3.563
1.1651383999997051, 383, 142600.0, 3.563
1.4071139000006951, 384, 142600.0, 3.563
1.256677800000034, 385, 142600.0, 3.563
1.3392836999992142, 386, 142600.0, 3.563
1.3551303999993252, 387, 142600.0, 3.563
1.5552532999990945, 388, 142600.0, 3.563
1.343123500000729, 389, 142600.0, 3.563
1.1160639000008814, 390, 142600.0, 3.563
1.3989653999997245, 391, 142600.0, 3.563
1.202056199999788, 392, 142600.0, 3.563
1.1639276999994763, 393, 142600.0, 3.563
1.11985359999926, 394, 142600.0, 3.563
1.1634952000003977, 395, 142600.0, 3.563
1.2339489000005415, 396, 142577.0, 3.546
1.50540909999836, 397, 142577.0, 3.546
1.650819099999353, 398, 142577.0, 3.546
1.2678971000004822, 399, 142577.0, 3.546
1.3276222999993479, 400, 142563.0, 3.536
1.374987900000633, 401, 142556.0, 3.531
1.495246500000576, 402, 142500.0, 3.490
1.5198786000000837, 403, 142500.0, 3.490
1.5571099000007962, 404, 142467.0, 3.466
1.5438449000012042, 405, 142442.0, 3.448
1.3098202000001038, 406, 142442.0, 3.448
1.2154956999984279, 407, 142439.0, 3.446
1.1927828999996564, 408, 142439.0, 3.446
1.3599565000004077, 409, 142414.0, 3.428
1.174456900000223, 410, 142414.0, 3.428
1.2741749999986496, 411, 142414.0, 3.428
1.4993372999997518, 412, 142414.0, 3.428
1.4100372000011703, 413, 142414.0, 3.428
1.1814985000000888, 414, 142414.0, 3.428
1.2852447000004759, 415, 142414.0, 3.428
1.4065589000001637, 416, 142414.0, 3.428
1.121988799999599, 417, 142414.0, 3.428
1.1980432000000292, 418, 142414.0, 3.428
1.2607325000008132, 419, 142414.0, 3.428
1.295198599998912, 420, 142404.0, 3.421
1.396518900000956, 421, 142384.0, 3.406
1.164550199999212, 422, 142384.0, 3.406
1.2637959999992745, 423, 142350.0, 3.381
1.2386263999997027, 424, 142320.0, 3.360
1.1478088000003481, 425, 142309.0, 3.352
1.4578831999988324, 426, 142288.0, 3.336
1.2138572000003478, 427, 142288.0, 3.336
1.5110225999997056, 428, 142288.0, 3.336
1.3225007000000915, 429, 142288.0, 3.336
1.3396116999992955, 430, 142288.0, 3.336
1.5242749999997613, 431, 142288.0, 3.336
1.2424971999989793, 432, 142288.0, 3.336
1.350950500000181, 433, 142288.0, 3.336
1.349799699999494, 434, 142288.0, 3.336
1.2837427999984357, 435, 142288.0, 3.336
1.4321445000005042, 436, 142288.0, 3.336
1.2923900000005233, 437, 142288.0, 3.336
1.2812149000001227, 438, 142288.0, 3.336
1.3254386000007798, 439, 142288.0, 3.336
1.2621933999998873, 440, 142288.0, 3.336
1.406290099999751, 441, 142277.0, 3.328
1.115565099999003, 442, 142260.0, 3.316
1.641319199999998, 443, 142237.0, 3.299
1.2640741000013804, 444, 142209.0, 3.279
1.4752456999995047, 445, 142209.0, 3.279
1.3223474000005808, 446, 142209.0, 3.279
1.172699199998533, 447, 142209.0, 3.279
1.3921863999985362, 448, 142209.0, 3.279
1.484076599999753, 449, 142209.0, 3.279
1.177909099998942, 450, 142209.0, 3.279
1.1173619000001054, 451, 142209.0, 3.279
1.285636799999338, 452, 142209.0, 3.279
1.4848984999989625, 453, 142209.0, 3.279
1.5871245999987877, 454, 142209.0, 3.279
1.4379671000006056, 455, 142209.0, 3.279
1.1471222000000125, 456, 142209.0, 3.279
1.325773399999889, 457, 142209.0, 3.279
1.294415400001526, 458, 142209.0, 3.279
1.3018921000002592, 459, 142209.0, 3.279
1.614622099999906, 460, 142209.0, 3.279
1.2680804999999964, 461, 142209.0, 3.279
1.4750987999996141, 462, 142209.0, 3.279
1.1439716999993834, 463, 142209.0, 3.279
1.3218696000003547, 464, 142209.0, 3.279
1.3434735000009823, 465, 142209.0, 3.279
1.2285334999996849, 466, 142209.0, 3.279
1.2722979999998643, 467, 142209.0, 3.279
1.4049829000014142, 468, 142209.0, 3.279
1.4346159999986412, 469, 142209.0, 3.279
1.4351426000011998, 470, 142209.0, 3.279
1.530797800000073, 471, 142209.0, 3.279
1.189246899999489, 472, 142209.0, 3.279
1.385167399999773, 473, 142203.0, 3.275
1.1575108999986696, 474, 142203.0, 3.275
1.432686800000738, 475, 142203.0, 3.275
1.3446327000001475, 476, 142203.0, 3.275
1.2614119999998366, 477, 142203.0, 3.275
1.274178199999369, 478, 142203.0, 3.275
1.2226625000002969, 479, 142203.0, 3.275
1.2422050000004674, 480, 142203.0, 3.275
1.1768254000016896, 481, 142203.0, 3.275
1.416337200000271, 482, 142203.0, 3.275
1.3537029000017355, 483, 142203.0, 3.275
1.2860524999996414, 484, 142203.0, 3.275
1.1543832999996084, 485, 142203.0, 3.275
1.3835691000003862, 486, 142203.0, 3.275
1.2120988999995461, 487, 142203.0, 3.275
1.2303109000004042, 488, 142203.0, 3.275
1.3882854000003135, 489, 142203.0, 3.275
1.3072437000009813, 490, 142203.0, 3.275
1.296968200000265, 491, 142203.0, 3.275
1.2327033000001393, 492, 142203.0, 3.275
1.5123091000004933, 493, 142203.0, 3.275
1.2193447000008746, 494, 142203.0, 3.275
1.2636548999998922, 495, 142203.0, 3.275
1.4310731000005035, 496, 142203.0, 3.275
1.1796674000015628, 497, 142203.0, 3.275
1.2240958999991562, 498, 142203.0, 3.275
1.3233782000006613, 499, 142203.0, 3.275
1.337013800000932, 500, 142203.0, 3.275
1.1812670999988768, 501, 142203.0, 3.275
1.158418499999243, 502, 142203.0, 3.275
1.4458010999987891, 503, 142203.0, 3.275
1.6538794999996753, 504, 142203.0, 3.275
1.481235100000049, 505, 142203.0, 3.275
1.22851719999926, 506, 142203.0, 3.275
1.2309924000001047, 507, 142203.0, 3.275
1.3075734000012744, 508, 142203.0, 3.275
1.3728167000008398, 509, 142099.0, 3.199
1.4161358999990625, 510, 142099.0, 3.199
1.8136424999993324, 511, 142099.0, 3.199
1.778812900000048, 512, 142080.0, 3.185
1.9003165000012814, 513, 142068.0, 3.177
2.052042799999981, 514, 142060.0, 3.171
1.6216430000004038, 515, 142017.0, 3.140
2.162583799999993, 516, 142017.0, 3.140
1.8255933000000368, 517, 142012.0, 3.136
1.0706647000006342, 518, 142012.0, 3.136
1.3447517000004154, 519, 142012.0, 3.136
1.403519999999844, 520, 141997.0, 3.125
1.2185176000002684, 521, 141997.0, 3.125
1.3170802000004187, 522, 141997.0, 3.125
1.352736200000436, 523, 141997.0, 3.125
1.1713049999998475, 524, 141997.0, 3.125
1.4342474000004586, 525, 141997.0, 3.125
1.1941227999996045, 526, 141997.0, 3.125
1.4060926999991352, 527, 141997.0, 3.125
1.2709775000002992, 528, 141997.0, 3.125
1.1660986999995657, 529, 141997.0, 3.125
1.1970682999999553, 530, 141997.0, 3.125
1.264564799999789, 531, 141997.0, 3.125
1.3503170999993017, 532, 141997.0, 3.125
1.2744077000006655, 533, 141997.0, 3.125
1.3611384000014368, 534, 141997.0, 3.125
1.1800700000003417, 535, 141997.0, 3.125
1.186299599999984, 536, 141997.0, 3.125
1.3703258000005007, 537, 141997.0, 3.125
1.272218599999178, 538, 141997.0, 3.125
1.3453122999999323, 539, 141997.0, 3.125
1.227039600000353, 540, 141997.0, 3.125
1.1922223000001395, 541, 141997.0, 3.125
1.3542724999988422, 542, 141997.0, 3.125
1.4348769999996875, 543, 141997.0, 3.125
1.3151537999983702, 544, 141987.0, 3.118
1.4258538000012777, 545, 141974.0, 3.108
1.182513600000675, 546, 141969.0, 3.105
1.2382992999991984, 547, 141969.0, 3.105
1.425617399998373, 548, 141969.0, 3.105
1.0656428000002052, 549, 141969.0, 3.105
1.3372359000004508, 550, 141969.0, 3.105
1.2143883999997342, 551, 141969.0, 3.105
1.1977695999994467, 552, 141969.0, 3.105
1.1872379000014917, 553, 141969.0, 3.105
1.2678254999991623, 554, 141969.0, 3.105
1.1752282999987074, 555, 141969.0, 3.105
1.2206512000011571, 556, 141969.0, 3.105
1.3599044000002323, 557, 141969.0, 3.105
1.4304900000006455, 558, 141969.0, 3.105
1.4330487000006542, 559, 141969.0, 3.105
1.602768599999763, 560, 141969.0, 3.105
1.1813563000014256, 561, 141969.0, 3.105
1.4613121000002138, 562, 141969.0, 3.105
1.2640999000013835, 563, 141968.0, 3.104
1.1747083000009297, 564, 141968.0, 3.104
1.6845594999995228, 565, 141968.0, 3.104
1.222971700000926, 566, 141968.0, 3.104
1.2232906999997795, 567, 141968.0, 3.104
1.2886692999982188, 568, 141968.0, 3.104
1.6850740000008955, 569, 141968.0, 3.104
1.3441846999994596, 570, 141968.0, 3.104
1.1898632000011276, 571, 141968.0, 3.104
1.2681794000000082, 572, 141968.0, 3.104
1.1511714000007487, 573, 141968.0, 3.104
1.3657493000009708, 574, 141968.0, 3.104
1.3728888999994524, 575, 141968.0, 3.104
1.3507029000011244, 576, 141968.0, 3.104
1.5305480000006355, 577, 141968.0, 3.104
1.2934722999998485, 578, 141951.0, 3.092
1.459071600000243, 579, 141951.0, 3.092
1.1116619999993418, 580, 141944.0, 3.087
1.385864899999433, 581, 141944.0, 3.087
1.2252434000001813, 582, 141944.0, 3.087
1.228795799999716, 583, 141944.0, 3.087
1.4158750000005966, 584, 141944.0, 3.087
1.1401055000005726, 585, 141944.0, 3.087
1.437071599999399, 586, 141944.0, 3.087
1.3505516000004718, 587, 141930.0, 3.076
1.2507850000001781, 588, 141880.0, 3.040
1.5301810000000842, 589, 141880.0, 3.040
1.2378007999996044, 590, 141880.0, 3.040
1.2821679000007862, 591, 141880.0, 3.040
1.2878378000004886, 592, 141880.0, 3.040
1.2394829999993817, 593, 141880.0, 3.040
1.4027471000008518, 594, 141880.0, 3.040
1.4600819000006595, 595, 141880.0, 3.040
1.2724519000003056, 596, 141880.0, 3.040
1.3799509999989823, 597, 141880.0, 3.040
1.3179794999996375, 598, 141880.0, 3.040
1.2144338999987667, 599, 141880.0, 3.040
1.2284058000004734, 600, 141880.0, 3.040
1.1724212000008265, 601, 141880.0, 3.040
1.401489899999433, 602, 141871.0, 3.034
1.3716435000005731, 603, 141871.0, 3.034
1.2555233999992197, 604, 141871.0, 3.034
1.2099345999995421, 605, 141849.0, 3.018
1.213255200000276, 606, 141849.0, 3.018
1.4187363000000914, 607, 141848.0, 3.017
1.519469900000331, 608, 141848.0, 3.017
1.4218075999997382, 609, 141848.0, 3.017
1.5037262000005285, 610, 141848.0, 3.017
1.3377160000000003, 611, 141848.0, 3.017
1.4013000000013562, 612, 141848.0, 3.017
1.2175203999995574, 613, 141848.0, 3.017
1.3946264000005613, 614, 141848.0, 3.017
1.2228512000001501, 615, 141848.0, 3.017
1.363975999998729, 616, 141848.0, 3.017
1.3145150000000285, 617, 141848.0, 3.017
1.2195198000008531, 618, 141848.0, 3.017
1.3959643999987748, 619, 141848.0, 3.017
1.3878810000005615, 620, 141848.0, 3.017
1.3146681999987777, 621, 141848.0, 3.017
1.3572974000016984, 622, 141848.0, 3.017
1.564818799999557, 623, 141848.0, 3.017
1.3495254999997996, 624, 141848.0, 3.017
1.1736282000001665, 625, 141848.0, 3.017
1.3332851000013761, 626, 141848.0, 3.017
1.2728786000006949, 627, 141848.0, 3.017
1.3579939999999624, 628, 141848.0, 3.017
1.6074226000000635, 629, 141848.0, 3.017
1.4763566000001447, 630, 141848.0, 3.017
1.5869861999999557, 631, 141848.0, 3.017
1.2204227000001993, 632, 141848.0, 3.017
1.0743437000000995, 633, 141848.0, 3.017
1.2817058000000543, 634, 141848.0, 3.017
1.3030156000004354, 635, 141848.0, 3.017
1.2068082999994658, 636, 141848.0, 3.017
1.2074609999999666, 637, 141848.0, 3.017
1.3911772000010387, 638, 141848.0, 3.017
1.4480805000002874, 639, 141848.0, 3.017
1.3532263999986753, 640, 141848.0, 3.017
1.2299368999993021, 641, 141848.0, 3.017
1.4820890999999392, 642, 141848.0, 3.017
1.205043600000863, 643, 141848.0, 3.017
1.2085541999986162, 644, 141775.0, 2.964
1.3544564000003447, 645, 141775.0, 2.964
1.2108635999993567, 646, 141775.0, 2.964
1.464991499999087, 647, 141775.0, 2.964
1.3298212999998213, 648, 141775.0, 2.964
1.3804866000009497, 649, 141775.0, 2.964
1.2111516000004485, 650, 141775.0, 2.964
1.2085148999995, 651, 141775.0, 2.964
1.4398444999987987, 652, 141775.0, 2.964
1.2756033000005118, 653, 141775.0, 2.964
1.28097759999946, 654, 141775.0, 2.964
1.346149900000455, 655, 141775.0, 2.964
1.2322870999996667, 656, 141775.0, 2.964
1.535111199998937, 657, 141775.0, 2.964
1.2377931000009994, 658, 141775.0, 2.964
1.1222756999995909, 659, 141775.0, 2.964
1.3909734999997454, 660, 141775.0, 2.964
1.2491592000005767, 661, 141775.0, 2.964
1.436740600000121, 662, 141775.0, 2.964
1.4599171999998362, 663, 141775.0, 2.964
1.5393678000000364, 664, 141775.0, 2.964
1.3975687000001926, 665, 141775.0, 2.964
1.276760099999592, 666, 141775.0, 2.964
1.179533900000024, 667, 141775.0, 2.964
1.6047347000003356, 668, 141762.0, 2.954
1.2336717000016506, 669, 141762.0, 2.954
1.3323201000002882, 670, 141762.0, 2.954
1.4116329999997106, 671, 141762.0, 2.954
1.3454529000009643, 672, 141762.0, 2.954
1.2572829000000638, 673, 141762.0, 2.954
1.3114643999997497, 674, 141762.0, 2.954
1.4060411999998905, 675, 141762.0, 2.954
1.1917317999996158, 676, 141762.0, 2.954
1.2733410999990156, 677, 141762.0, 2.954
1.5161771999992197, 678, 141762.0, 2.954
1.3264869999984512, 679, 141762.0, 2.954
1.3354816999999457, 680, 141762.0, 2.954
1.3076098000001366, 681, 141762.0, 2.954
1.444720800000141, 682, 141762.0, 2.954
1.2152612999998382, 683, 141762.0, 2.954
1.194536800001515, 684, 141762.0, 2.954
1.3716055000004417, 685, 141762.0, 2.954
1.5978852000007464, 686, 141762.0, 2.954
1.1804778999994596, 687, 141762.0, 2.954
1.1748198999994202, 688, 141762.0, 2.954
1.2595556000014767, 689, 141762.0, 2.954
1.7200351999999839, 690, 141762.0, 2.954
1.3174966999995377, 691, 141762.0, 2.954
1.2937681999992492, 692, 141762.0, 2.954
1.313323299998956, 693, 141762.0, 2.954
1.3615042000001267, 694, 141762.0, 2.954
1.4098102999996627, 695, 141762.0, 2.954
1.165771500000119, 696, 141740.0, 2.938
1.2991564999992988, 697, 141740.0, 2.938
1.1790230999995401, 698, 141740.0, 2.938
1.5202384999993228, 699, 141740.0, 2.938
1.2801954000005935, 700, 141740.0, 2.938
1.34620939999877, 701, 141740.0, 2.938
1.5220575999992434, 702, 141740.0, 2.938
1.3013391000004049, 703, 141740.0, 2.938
1.1857436999998754, 704, 141740.0, 2.938
1.245895099998961, 705, 141740.0, 2.938
1.287051799999972, 706, 141740.0, 2.938
1.1760487999999896, 707, 141740.0, 2.938
1.283779900000809, 708, 141740.0, 2.938
1.2482321000006777, 709, 141740.0, 2.938
1.4866662000003998, 710, 141740.0, 2.938
1.5433247000000847, 711, 141740.0, 2.938
1.3421412999996392, 712, 141740.0, 2.938
1.1927008999991813, 713, 141740.0, 2.938
1.3657817000002979, 714, 141740.0, 2.938
1.3506634000004851, 715, 141740.0, 2.938
1.4331264000011288, 716, 141740.0, 2.938
1.5149417000011454, 717, 141740.0, 2.938
1.3651090000003023, 718, 141740.0, 2.938
1.3672680999989097, 719, 141740.0, 2.938
1.267627299999731, 720, 141740.0, 2.938
1.3580024000002595, 721, 141740.0, 2.938
1.2566752999991877, 722, 141740.0, 2.938
1.2845266000003903, 723, 141740.0, 2.938
1.601400100000319, 724, 141740.0, 2.938
1.3568097999996098, 725, 141740.0, 2.938
1.3750101000005088, 726, 141740.0, 2.938
1.3288970999983576, 727, 141718.0, 2.922
1.319716400001198, 728, 141718.0, 2.922
1.1614573000006203, 729, 141718.0, 2.922
1.3174423000000388, 730, 141718.0, 2.922
1.443193600000086, 731, 141718.0, 2.922
1.4414365000011458, 732, 141718.0, 2.922
1.2579545999997208, 733, 141718.0, 2.922
1.3413212000014028, 734, 141718.0, 2.922
1.2987382999999681, 735, 141718.0, 2.922
1.3030646000006527, 736, 141718.0, 2.922
1.4234180999992532, 737, 141718.0, 2.922
1.5537070999998832, 738, 141718.0, 2.922
1.3286941999995179, 739, 141718.0, 2.922
1.2379441000011866, 740, 141718.0, 2.922
1.383475599999656, 741, 141718.0, 2.922
1.2950887999995757, 742, 141718.0, 2.922
1.3995144000000437, 743, 141718.0, 2.922
1.230158999998821, 744, 141718.0, 2.922
1.2714324999997189, 745, 141718.0, 2.922
1.3429068000004918, 746, 141718.0, 2.922
1.3595932000007451, 747, 141718.0, 2.922
1.303181000001132, 748, 141718.0, 2.922
1.2242327999992995, 749, 141718.0, 2.922
1.176251400000183, 750, 141718.0, 2.922
1.3090508000004775, 751, 141718.0, 2.922
1.387504300000728, 752, 141718.0, 2.922
1.5297852999992756, 753, 141718.0, 2.922
1.2265198000004602, 754, 141718.0, 2.922
1.2829292999995232, 755, 141718.0, 2.922
1.2364588000000367, 756, 141718.0, 2.922
1.3664279000004171, 757, 141718.0, 2.922
1.24593939999977, 758, 141718.0, 2.922
1.3271676000003936, 759, 141718.0, 2.922
1.3487748999996256, 760, 141718.0, 2.922
1.4135440000009112, 761, 141718.0, 2.922
1.1751268999996682, 762, 141718.0, 2.922
1.3317604000003485, 763, 141718.0, 2.922
1.22988930000065, 764, 141718.0, 2.922
1.1692796999996062, 765, 141718.0, 2.922
1.4811260999995284, 766, 141718.0, 2.922
1.3110538000000815, 767, 141718.0, 2.922
1.427693999999974, 768, 141718.0, 2.922
1.1756877999996505, 769, 141718.0, 2.922
1.3159864000008383, 770, 141718.0, 2.922
1.180585299998711, 771, 141718.0, 2.922
1.3686018999997032, 772, 141718.0, 2.922
1.2194949000004272, 773, 141718.0, 2.922
1.2339264000002004, 774, 141718.0, 2.922
1.4673645999992004, 775, 141718.0, 2.922
1.2755462999994052, 776, 141718.0, 2.922
1.244303299999956, 777, 141718.0, 2.922

tour:
[2250 2251 2258 2764 2763 2762 2761 2760 2759 2758 2757 2756 2257 2755
 2769 2770 2771 2772 2773 2774 2775 2776 2765 2766 2777 2778 2767 2768
 2779 2792 2791 2813 2812 2811 2810 2809 2808 2790 2789 2788 2786 2785
 2805 2806 2787 2807 2817 2835 2836 2837 2838 2818 2839 2840 2843 2841
 2842 2844 3000 2999 2998 3009 3010 3011 3030 3012 3037 3036 3032 3031
 3029 3028 3008 2997 2996 2995 2994 2993 2992 3002 3003 3004 3005 3006
 3007 3026 3027 3024 3025 3023 3022 3001 2991 2990 3020 3021 3019 3017
 2989 2988 3016 3015 3018 3035 3014 3013 2982 2980 2983 2981 2984 2985
 2986 2987 2827 2828 2829 2825 2824 2823 2822 2826 2821 2820 2819 2793
 2794 2795 2796 2797 2782 2798 2799 2783 2800 2801 2814 2830 2832 2833
 2831 2834 2816 2815 2804 2803 2802 2784 2754 2753 2752 2751 2750 2744
 2749 2748 2747 2746 2745 2666 2780 2781 2710 2732 2733 2731 2730 2728
 2726 2724 2725 2727 2729 2866 2867 2868 2893 2892 2915 2937 3034 2957
 2978 2977 2976 2955 2956 2935 2936 2914 2913 2934 2912 2889 2890 2891
 2865 2864 2863 2862 2861 2888 2911 2933 2932 2910 2887 2886 2909 2931
 2930 2951 2952 2953 2954 2975 2974 2973 2972 2971 2970 2969 2968 2967
 2966 2965 2964 2943 2922 2923 2944 2945 2946 2947 2926 2927 2948 2949
 2950 2929 2928 2907 2908 2885 2860 2859 2884 2883 2906 2905 2882 2904
 2881 2848 2712 2711 2713 2715 2714 2716 2717 2719 2718 2720 2721 2723
 2722 2709 2708 2707 2706 2705 2704 2680 2679 2678 2688 2701 2702 2689
 2690 2703 2847 2857 2858 2880 2903 2925 2924 2902 2879 2901 2979 2877
 2878 2856 2855 2854 2876 2853 2875 2897 2898 2899 2921 2920 2941 2942
 2963 2962 2961 2940 2919 2939 2960 2959 2938 2917 2918 2896 2900 2895
 2872 2850 2851 2873 2874 2852 2846 2696 2697 2698 2699 2700 2687 2686
 2685 2684 2683 2682 2695 2694 2693 2681 2671 2672 2635 2673 2674 2636
 2675 2676 2677 2639 2637 2638 2640 2641 2642 2643 2644 2645 2646 2647
 2665 2664 2663 2648 2649 2662 2661 2650 2651 2660 2659 2652 2653 2658
 2657 2654 2655 2656 2213 2734 2735 2252 2736 2737 2738 2739 2740 2255
 2741 2742 2743 2256 2241 2221 2240 2239 2238 2237 2236 2254 2253 2235
 2234 2233 2232 2231 2212 2210 2200 2199 2209 2208 2207 2206 2205 2195
 2194 2204 2203 2202 2201 2191 2192 2193 2188 2189 2178 2179 2136 2180
 2137 2182 2181 2187 2196 2197 2198 2190 2186 2183 2184 2185 2138 2211
 2214 2215 2216 2217 2218 2219 2220 2142 2143 2144 2096 2095 2141 2140
 2094 2093 2092 2091 2090 2080 2139 2079 2071 2072 2073 2074 2075 2076
 2077 2078 2062 2135 2060 2024 2063 2061 2064 2065 2026 2025 1961 1962
 1963 1960 1964 2066 2067 2068 2069 2070 2029 2081 2082 2083 2084 2085
 2086 2087 2088 2089 2098 2097 2031 2030 1988 1987 1986 1985 1980 1984
 1983 1982 1981 2028 2027 1968 1967 1966 1965 1958 1959 1957 1956 1955
 1954 1953 1949 1952 1951 1950 1947 1948 2023 1946 1945 1944 1943 1930
 1931 1835 1832 1831 1830 1828 1833 1916 1923 1924 1925 1917 1834 1918
 1926 1927 1928 1929 1942 1941 1940 1939 1938 2021 1937 1936 1935 1922
 1921 1934 1933 1920 1919 1932 2018 2019 2020 2035 2036 2037 2038 2039
 2022 2040 2041 2042 2043 2044 2045 2059 2134 2133 2058 2057 2056 2055
 2054 2053 2052 2051 2050 2049 2048 2047 2034 2033 2017 2016 2032 2046
 2126 2127 2128 2129 2130 2132 2131 2152 2153 2154 2155 2156 2157 2158
 2159 2160 2161 2162 2163 2177 2176 2175 2174 2173 2172 2171 2170 2169
 2168 2167 2166 2165 2164 2151 2150 2149 2125 1810 1792 1793 1811 1794
 1795 1763 2443 2442 2463 2464 2465 2444 2466 2467 2445 2627 2628 2629
 2631 2630 2632 2633 2634 2670 2669 2668 2667 2474 2494 2515 2691 2692
 2845 2869 2870 2849 2871 2894 3033 2958 2916 2624 2603 2623 2622 2602
 2583 2564 2563 2626 2601 2621 2620 2600 2581 2580 2582 2579 2598 2599
 2619 2618 2617 2616 2596 2597 2578 2577 2558 2536 2559 2560 2537 2538
 2561 2562 2539 2540 2541 2542 2543 2544 2545 2522 2513 2514 2493 2473
 2492 2491 2512 2511 2490 2489 2510 2509 2488 2487 2508 2507 2486 2485
 2506 2521 2520 2519 2518 2504 2505 2484 2483 2482 2481 2480 2501 2502
 2503 2517 2533 2532 2531 2530 2529 2528 2527 2516 2498 2497 2476 2477
 2478 2499 2500 2479 2471 2470 2469 2449 2450 2451 2362 2452 2453 2454
 2455 2434 2433 2432 2431 2430 2429 2428 2427 2448 2447 2446 2468 2475
 2496 2495 2404 2407 2523 2526 2524 2525 2547 2548 2549 2550 2551 2552
 2553 2554 2555 2534 2535 2557 2556 2575 2576 2595 2615 2614 2613 2593
 2594 2574 2573 2592 2612 2611 2591 2625 2571 2590 2610 2609 2589 2570
 2572 2569 2588 2608 2607 2587 2568 2567 2566 2585 2586 2606 2605 2604
 2584 2565 2546 2409 2411 2410 2412 2413 2353 2352 2351 2346 2349 2350
 2347 2348 2345 2344 2389 2390 2388 2380 2381 2382 2383 2391 2392 2393
 2394 2395 2408 2406 2405 2403 2387 2386 2385 2384 2376 2377 2378 2379
 2336 2369 2333 2329 2355 2356 2354 2357 2358 2366 2367 2368 2370 2371
 2365 2364 2363 2372 2375 2374 2373 2402 2401 2399 2397 2361 2360 2359
 1617 1616 1615 1614 1625 1588 1587 1589 1590 1601 1600 1599 1591 1592
 1593 1595 1594 1598 1597 1596 1497 1498 1526 1525 1524 1527 1528 1523
 1522 1521 1520 1519 1516 1518 1517 1514 1513 1512 1515 1511 1510 1509
 1508 1507 1506 1505 1504 1503 1626 1627 1628 1629 1621 1624 1622 1623
 1618 1619 1620 1630 1631 2396 2398 2400 2425 2426 2415 2416 2417 2418
 2419 2420 2421 2422 2423 2424 2435 2456 2457 2472 2458 2459 2460 2461
 2462 2441 2440 2439 2438 2437 1713 1712 1711 1759 1760 1761 1762 1758
 1757 1755 1756 1754 1791 1809 1790 1808 1789 1788 1807 1806 1787 1748
 1786 1785 1805 1804 1784 1783 1782 1803 1781 1802 1801 1780 1779 1778
 1800 1799 1777 1776 1775 1774 1773 1772 1798 1812 1813 1826 1814 1815
 1827 1816 1817 1818 1819 1820 1821 1829 1822 1823 1824 1825 1280 1266
 1265 1264 1263 1262 1261 1268 1267 1260 1259 1258 1257 1269 1256 1272
 1270 1271 1273 1274 1275 1276 1277 1278 1279 1113 1101 1112 1111 1110
 1109 1108 1107 1106 1105 1104 1100 1103 1102 1099 1098 1764 1765 1766
 1767 1796 1768 1769 1797 1770 1771 1727 1722 1726 1731 1733 1734 1737
 1738 1740 1741 1742 1743 1744 1745 1746 1747 1749 1750 1751 1752 1753
 1709 1710 1672 1670 1671 1669 1668 1667 1666 1665 1664 1663 1662 1660
 1661 1650 1659 1658 1657 1651 1652 1656 1655 1654 1653 1639 1638 1637
 1636 1635 1634 1633 1632 1649 1648 1647 1646 1645 1644 1643 1642 1640
 1641 1681 1708 1707 1706 1705 2436 1704 1703 1702 1701 1680 1679 1700
 1699 1698 1697 1696 1695 1739 1694 1693 1692 1691 1735 1736 1732 1730
 1728 1729 1690 1689 1688 1678 1687 1724 1725 1721 1719 1718 1716 1715
 1714 1717 1720 1684 1685 1723 1686 1677 1250 1249 1248 1247 1240 1246
 1251 1252 1253 1000  999  998  997  996  995 1255 1254 1241 1242 1243
 1244 1245 1239 1233 1234 1235 1236 1237 1238 1442 1441 1440 1430 1439
 1438 1437 1436 1435 1232 1231 1230 1229 1228 1227 1434 1416 1417 1431
 1432 1433 1429 1428 1418 1419 1420 1421 1422 1423 1424 1425 1427 1426
 1540 1539 1538 1537 1536 1535 1534 1533 1531 1532 1530 1529 1499 1500
 1501 1502 1496 1495 1476 1475 1474 1473 1472 1479 1478 1477 1490 1489
 1488 1487 1486 1482 1480 1468 1469 1470 1471 1603 1602 1604 1605 1606
 1607 1608 1467 1481 1483 1484 1485 1491 1492 1395 1396 1397 1398 1494
 1493 1399 1414 1413 1415 1412 1411 1410 1409 1408 1407 1202 1201 1204
 1205 1206 1207 1208 1209 1210 1211 1212 1213 1214 1215 1082 1216 1217
 1218 1221 1222 1223 1224 1225 1226 1203 1200 1403 1404 1402 1405 1406
 1401 1400 1394 1393 1392 1391 1466 1465 1464 1463 1564 1561 1560 1559
 1558 1557 1556 1551 1544 1545 1546 1547 1548 1549 1550 1563 1577 1613
 1612 1611 1610 2328 2330 2331 2332 2334 2335 2277 2338 2337 2340 2339
 2343 2342 2341 2294 2305 2306 2326 2323 2322 2321 2325 2320 2324 2319
 2327 2307 2304 2308 2309 2310 2311 2313 2317 2316 2318 2414 2315 2314
 2298 2297 2296 2299 2312 2300 2301 2302 2303 2295 2290 2291 2292 2293
 2285 2284 2283 2282 2281 2289 2280 2288 2287 2279 2286 2278 2259 2261
 2262 2268 2263 2264 2265 2260 2266 2267 2275 2276 1609 2274 2273 2272
 2271 2270 2269 1565 1566 1576 1567 1568 1569 1570 1571 1572 1573 1574
 1578 1580 1579 1581 1582 1575 1584 1585 1583 1586 1541 1542 1543 1552
 1553 1554 1555 1562 1445 1446 1447 1448 1449 1450 1459 1458 1457 1456
 1455 1454 1451 1444 1443 1452 1453 1363 1364 1365 1367 1368 1369 1370
 1371 1373 1461 1460 1462 1374 1375 1383 1389 1390 1186 1187 1188 1185
 1184 1183 1182 1386 1387 1388 1382 1381 1372 1380 1379 1378 1366 1376
 1377 1384 1385 1181 1180 1190 1191 1192 1193 1194 1189 1195 1196 1197
 1198 1199 1064 1063 1062 1061 1060 1059 1058 1047 1048  960  961 1049
 1051 1052 1056 1057 1050 1053 1054 1055  964  959  958  957  956  963
  962  955  954  953  950  769  770  771  772  767  773  774  951  775
  768  776  952  967  966  965 1065 1066 1075 1076 1077 1220 1219 1081
 1080 1079 1078 1071 1067 1068 1069 1070 1072 1073 1074  976  975  973
  974  972  971  970  969  968  789  790  788  791  792  793  794  787
  795  978  977  980  979  981  982  983  984  985  986  987  814  815
  816  821  817  818  822  819  796  820  786  785  784  783  782  781
  780  779  778  777  766  765  764  763  762  761  760  758  515  516
  517  518  759  519  522  520  521  526  529  531  533  532  534  535
  536  525  523  524  537  538  325  326  334  324  336  335  342  343
  182  183  172  173  174  175  176  178  180  177  181  179  185  196
  199  347  362  361  360  359  358  357  356  367  209  208  207  206
  198  205  204  203  202  201  363  348  200  197  189  188  187  186
  171  170  169  168  167  166  135  134  165  164  163  160  162  133
  161   10    0    1    2   11   12   13    3    4   14   15    5    6
   16   17    7    8    9   18   19   20   30   31   21   22   23   24
   25   26   27   28   29   39   38   37   36   35   67   34   33   32
  136  190  191  192  193  194  195  210  211   42   40   41   43   44
  214  215  216  222  217  223  218  219  220  224  225  221   62   61
   60   59   58   57   45   46   47   48   49   50   51   52   53   63
   64   54   55   56   66   65  137  239  238  237  236  234  233  232
  226  231  230  229  228  227  212  213  368  371  372  390  389  388
  387  386  385  384  383  235  431  399  397  396  395  398  394  420
  419  418  417  416  415  414  413  412  410  408  407  406  405  404
  403  402  401  400  393  392  391  380  379  378  381  377  376  375
  382  374  373  370  369  366  365  364  572  571  560  559  355  354
  353  562  561  558  563  565  566  564  352  351  350  349  544  345
  346  344  331  332  337  184  339  338  340  341  333  327  328  329
  330  530  528  527  545  543  542  568  567  557  556  541  539  540
  546  547  554  555  548  549  550  551  569  553  552  570  573  574
  797  798  799  800  801  802  803  804  805  806  583  582  581  580
  579  586  587  588  589  578  577  576  575  590  602  601  600  599
  598  597  595  596  594  593  592  591  585  584  807  808  809  810
  811  813  812  850  827  826  825  824  993  992  823  991  990  989
  988  994 1001 1002 1004 1003 1005 1006 1007 1008 1676 1675 1683 1682
 1674 1673 1013 1014 1015 1016 1017 1018 1019 1020 1021 1012  849  848
  847  846  845 1010 1011 1009  844  843  842  828  829  830  831  832
  833  834  835  836  837  851  841  840  632  631  615  614  839  838
  613  612  611  610  609  608  607  606  605  604  603  627  624  623
  626  622  621  620  619  618  617  616  625  630  629  409  411  422
  421  423  424  425  426  427  428  429  430  259  258  257  256  255
  252  240  251  241  242  243  138   81   80   79   78   68   69   70
   71   72   82   83   73   74   84   85   75   76   77   87   86  250
  249  248  247  246  139  244  245  253  254  260  261  262  263  264
  265  266  267  268  269  270  271  272  140  273  274  284  141  142
  104  103  102  101  100   99   98   88   89   90  111   91   92   93
   94   95  105  143  106   96  107   97  108  109  110  285  286  287
  288  289  290  291  113  112  299  301  488  460  459  462  461  298
  297  296  295  294  293  292  283  275  276  277  278  279  280  281
  282  440  448  439  447  446  445  444  443  442  441  438  437  436
  435  434  433  432  660  628  659  658  657  655  656  661  662  663
  664  665  666  667  668  670  671  669  648  649  647  651  650  652
  653  643  634  633  853  852  857 1023  868  869  870  871 1024  872
  873 1025 1026  874  875  876 1027 1028  877  878  867  866  865  864
  863  862  861  860  859  858  854  635  636  855  637  638  639  856
  640  641  642  646  645  644  673  672  674  449  450  451  457  467
  466  465  464  463  458  452  453  454  455  714  715  711  713  456
  712  710  709  701  708  707  706  705  704  703  702  474  473  472
  471  470  469  468  476  475  485  484  487  486  483  482  481  480
  479  477  304  305  303  302  300  114  115  116  117  119  118  144
  145  147  148  149  317  316  315  307  306  314  313  312  478  510
  509  508  507  506  505  504  503  497  496  495  745  494  493  492
  491  490  489  736  737  738  739  735  740  741  742  743  744  746
  498  499  511  500  501  502  319  318  308  309  310  320  321  322
  323  311  154  153  152  151  150  146  120  121  122  123  124  125
  126  127  128  129  130  155  132  131  156  157  158  159  513  512
  514  757  756  755  754  753  752  751  750  749  748  747  923  938
  939  940  934  924  925  935  941  942  926  927  931  928  929  932
  933  930  937  947  946  948  945  936  944  943  949 1169 1168 1167
 1166 1165 1164 1163 1162 1161 1170 1171 1172 1173 1174 1175 1176 1177
 1178 1179 1359 1358 1357 1356 1355 1354 1353 1347 1346 1352 1351 1350
 1360 1361 1349 1348 1362 1333 1334 1332 1331 1330 1329 1328 1327 1326
 1325 1324 1323 1322 1321 1319 1320 1151 1152 1153 1148 1154 1155 1156
 1157 1158 1159 1160 1146 1145 1046 1045 1144 1143 1142 1141 1140 1139
 1150 1149 1147 1130 1138 1307 1306 1305 1304 1303 1297 1302 1301 1298
 1299 1300 1131 1132 1126 1133 1134 1127 1135 1136 1128 1137 1129 1125
 1124 1123 1122 1121 1120 1119 1118 1043  891  892  893  894  895  896
  897  898 1044  900  921  920  919  918  917  916  915  914  913  912
  909  911  908  910  907  906  905  904  903  902  901  717  716  718
  719  720  721  722  723  724  725  726  727  728  729  734  730  731
  732  733  689  690  691  692  693  694  695  696  697  700  698  699
  677  654  676  675  679  678  680  681  682  683  684  685  686  687
  688  922  899  890  889  888  887  886  885  884  883  882  881  880
  879 1041 1042 1029 1040 1039 1038 1037 1036 1035 1034 1033 1032 1031
 1030 1022 1083 1084 1085 1086 1087 1088 1089 1090 1091 1092 1093 1095
 1094 1096 1097 1114 1115 1116 1117 1286 1285 1284 1283 1281 1282 1287
 1288 1289 1291 1290 1292 1293 1295 1296 1294 1849 1850 1848 1847 1846
 1845 1844 1843 1842 1838 1836 1837 1839 1840 1841 1859 1858 1857 1856
 1855 1854 1853 1852 1861 1860 1863 1883 1882 1881 1884 1885 1971 1970
 1969 1978 1979 1972 1973 1974 1975 1976 1977 1878 1879 1880 1886 1887
 1877 1876 1875 1874 1873 1872 1871 1870 1869 1868 1867 1866 1310 1309
 1865 1864 1851 1862 1308 1311 1312 1313 1314 1315 1316 1317 1318 1335
 1336 1337 1338 1339 1340 1341 1342 1343 1344 1345 1892 1891 1901 1902
 1903 1915 1914 1913 1904 1900 1899 1890 1898 1897 1896 1895 1894 1889
 1888 1893 1906 1907 1905 1908 1909 1910 1911 1912 1992 1991 1999 1998
 1997 1990 1989 1996 1995 1994 1993 2003 2006 2007 2008 2009 2010 2011
 2012 2004 2000 2001 2002 2005 2015 2014 2013 2107 2108 2113 2112 2111
 2106 2105 2110 2104 2109 2103 2102 2101 2100 2099 2114 2115 2116 2117
 2118 2119 2120 2123 2121 2122 2124 2230 2229 2228 2227 2226 2148 2225
 2224 2223 2146 2145 2147 2242 2243 2222 2244 2245 2246 2247 2248 2249]

eliteFit: 141718.0
percentError: 2.9224221825206618
computationTime: 1219.230s