instanceName: pcb3038
n: 3038
optFit: 137694

genTime, gen, eliteFit, percentError:
0.003935700000511133, 0, 5296987.0, 3746.927
11.320213199998761, 1, 155265.0, 12.761
6.9392785, 2, 153494.0, 11.475
6.862132099999144, 3, 153169.0, 11.239
6.464106100000208, 4, 152169.0, 10.512
6.6427438000009715, 5, 151197.0, 9.807
6.559734299999036, 6, 150867.0, 9.567
6.554235699999481, 7, 149832.0, 8.815
6.356282699998701, 8, 149757.0, 8.761
6.319325899999967, 9, 149621.0, 8.662
6.337315300001137, 10, 149089.0, 8.276
6.17031759999918, 11, 148977.0, 8.194
6.335507300000245, 12, 148693.0, 7.988
6.186944200000653, 13, 148693.0, 7.988
6.682287699999506, 14, 148157.0, 7.599
5.527598399999988, 15, 148061.0, 7.529
6.016671499999575, 16, 148061.0, 7.529
5.715629000000263, 17, 148013.0, 7.494
5.200235300000713, 18, 148013.0, 7.494
3.4473455999996077, 19, 147843.0, 7.371
2.9716748999999254, 20, 147542.0, 7.152
3.4009697000001324, 21, 147542.0, 7.152
2.9176664000005985, 22, 147542.0, 7.152
3.635136599999896, 23, 147451.0, 7.086
3.9735913000004075, 24, 147415.0, 7.060
4.318823699999484, 25, 147169.0, 6.881
4.068658899999718, 26, 147125.0, 6.849
4.1459519, 27, 146878.0, 6.670
3.9181709999993473, 28, 146798.0, 6.612
3.673421999999846, 29, 146626.0, 6.487
3.806457100001353, 30, 146432.0, 6.346
3.9170004000006884, 31, 146398.0, 6.321
3.309503599999516, 32, 146257.0, 6.219
3.3148948999987624, 33, 146257.0, 6.219
3.1880934000000707, 34, 146191.0, 6.171
2.889291699999376, 35, 146032.0, 6.055
2.233989599999404, 36, 146032.0, 6.055
3.0734534000002895, 37, 145906.0, 5.964
3.145285500000682, 38, 145906.0, 5.964
2.7291519999998854, 39, 145744.0, 5.846
2.549977900000158, 40, 145644.0, 5.774
2.29867060000106, 41, 145631.0, 5.764
1.9552298999988125, 42, 145594.0, 5.737
1.862493299999187, 43, 145568.0, 5.718
1.513981000000058, 44, 145467.0, 5.645
1.4486894000001485, 45, 145467.0, 5.645
1.7049435000008089, 46, 145446.0, 5.630
1.403012900000249, 47, 145437.0, 5.623
1.541260300000431, 48, 145412.0, 5.605
1.7887962000004336, 49, 145371.0, 5.575
1.7429615999990347, 50, 145339.0, 5.552
2.023135600000387, 51, 145327.0, 5.543
2.6155906000003597, 52, 145302.0, 5.525
1.6528103000000556, 53, 145302.0, 5.525
1.4155998000005638, 54, 145205.0, 5.455
1.39568589999908, 55, 145184.0, 5.440
2.063421399998333, 56, 145177.0, 5.435
1.6640466000008018, 57, 144964.0, 5.280
1.8868630999986635, 58, 144853.0, 5.199
2.0412190000006376, 59, 144853.0, 5.199
2.189912199999526, 60, 144828.0, 5.181
1.6149955000000773, 61, 144786.0, 5.151
1.8155759000001126, 62, 144714.0, 5.098
1.7872227000007115, 63, 144696.0, 5.085
1.5285507999997208, 64, 144616.0, 5.027
1.314791899998454, 65, 144533.0, 4.967
2.0674090000011347, 66, 144533.0, 4.967
1.9500304000011965, 67, 144533.0, 4.967
2.187211999998908, 68, 144481.0, 4.929
3.050901700000395, 69, 144474.0, 4.924
4.232065899999725, 70, 144439.0, 4.899
3.9793386999990616, 71, 144345.0, 4.830
4.173710900000515, 72, 144166.0, 4.700
5.232014799999888, 73, 144166.0, 4.700
4.622178300000087, 74, 144166.0, 4.700
4.408567000000403, 75, 144138.0, 4.680
4.2865985999997065, 76, 144138.0, 4.680
3.4637849000009737, 77, 144113.0, 4.662
1.8168824000003951, 78, 144113.0, 4.662
1.3437895000006392, 79, 144094.0, 4.648
1.3917342000004282, 80, 144094.0, 4.648
1.2001524000006611, 81, 144094.0, 4.648
1.2390500000001339, 82, 144094.0, 4.648
1.3053184000000329, 83, 144094.0, 4.648
1.571917499999472, 84, 144094.0, 4.648
1.156445900000108, 85, 144094.0, 4.648
1.4202409999998054, 86, 144094.0, 4.648
1.4761233999997785, 87, 144094.0, 4.648
1.2186957000012626, 88, 144094.0, 4.648
1.3635948000010103, 89, 144094.0, 4.648
1.2784468999998353, 90, 144094.0, 4.648
1.3307797999987088, 91, 144082.0, 4.639
1.219618500001161, 92, 144075.0, 4.634
1.561467999999877, 93, 144021.0, 4.595
1.6304989000000205, 94, 144006.0, 4.584
1.5359337000008964, 95, 144006.0, 4.584
1.4569390000015119, 96, 143991.0, 4.573
1.3351136000001134, 97, 143991.0, 4.573
1.1837085000006482, 98, 143967.0, 4.556
1.17905680000149, 99, 143967.0, 4.556
1.383570600000894, 100, 143967.0, 4.556
1.2274468999985402, 101, 143967.0, 4.556
1.2277852000006533, 102, 143967.0, 4.556
1.2171053000001848, 103, 143967.0, 4.556
1.2898578999993333, 104, 143967.0, 4.556
1.5594766000012896, 105, 143967.0, 4.556
1.3509501999997156, 106, 143967.0, 4.556
1.1898031000000628, 107, 143967.0, 4.556
1.415417599999273, 108, 143967.0, 4.556
1.3116147000000637, 109, 143967.0, 4.556
1.310713200000464, 110, 143967.0, 4.556
1.396348799999032, 111, 143967.0, 4.556
1.4461723000003985, 112, 143967.0, 4.556
1.3914989000004425, 113, 143967.0, 4.556
1.3853465000011056, 114, 143967.0, 4.556
1.537292000000889, 115, 143967.0, 4.556
1.276472499999727, 116, 143967.0, 4.556
1.570548499999859, 117, 143967.0, 4.556
1.4410741000010603, 118, 143967.0, 4.556
1.4557475999990857, 119, 143967.0, 4.556
1.3595768999985012, 120, 143967.0, 4.556
1.57429730000149, 121, 143967.0, 4.556
1.1519052000003285, 122, 143967.0, 4.556
1.223882100000992, 123, 143967.0, 4.556
1.344891999999163, 124, 143967.0, 4.556
1.597162500000195, 125, 143967.0, 4.556
1.3631893999991007, 126, 143967.0, 4.556
1.4058460000014747, 127, 143967.0, 4.556
1.645277100000385, 128, 143967.0, 4.556
1.2865473000001657, 129, 143967.0, 4.556
1.3218884999987495, 130, 143967.0, 4.556
1.2642433000000892, 131, 143951.0, 4.544
1.658931099998881, 132, 143951.0, 4.544
1.5494961000003968, 133, 143943.0, 4.538
1.7850132000003214, 134, 143943.0, 4.538
1.8849006000000372, 135, 143943.0, 4.538
1.458517799999754, 136, 143896.0, 4.504
1.4412568000007013, 137, 143896.0, 4.504
1.4906460999991396, 138, 143896.0, 4.504
1.2387134000000515, 139, 143896.0, 4.504
1.7762826999987738, 140, 143896.0, 4.504
1.5230084999984683, 141, 143896.0, 4.504
1.3472082999996928, 142, 143896.0, 4.504
1.1786272000008466, 143, 143896.0, 4.504
1.5641003000000637, 144, 143896.0, 4.504
1.3050430000002962, 145, 143896.0, 4.504
1.290873100000681, 146, 143896.0, 4.504
1.3876609999988432, 147, 143896.0, 4.504
1.3442684000001464, 148, 143896.0, 4.504
1.2332633000005444, 149, 143896.0, 4.504
1.69083689999934, 150, 143896.0, 4.504
1.5711914000003162, 151, 143896.0, 4.504
1.3041077999987465, 152, 143896.0, 4.504
1.7277641000000585, 153, 143896.0, 4.504
1.3849733000006381, 154, 143896.0, 4.504
1.6729555999991135, 155, 143896.0, 4.504
1.2438364999998157, 156, 143896.0, 4.504
1.1965051999995922, 157, 143896.0, 4.504
1.347827599998709, 158, 143896.0, 4.504
1.5447027999998681, 159, 143896.0, 4.504
1.3310681999992084, 160, 143834.0, 4.459
1.7386914000016986, 161, 143807.0, 4.440
2.1196204999996553, 162, 143807.0, 4.440
3.496472700000595, 163, 143692.0, 4.356
3.4007614000001922, 164, 143676.0, 4.344
2.00356759999886, 165, 143676.0, 4.344
2.2305947999993805, 166, 143639.0, 4.318
2.500682899999447, 167, 143551.0, 4.254
3.290309799998795, 168, 143551.0, 4.254
2.8307920999995986, 169, 143551.0, 4.254
2.960666000000856, 170, 143551.0, 4.254
3.073005700000067, 171, 143551.0, 4.254
2.81830379999883, 172, 143551.0, 4.254
3.0126338000009127, 173, 143540.0, 4.246
1.9184643999997206, 174, 143540.0, 4.246
1.7230244999991555, 175, 143534.0, 4.241
1.319578000000547, 176, 143534.0, 4.241
1.4865358999995806, 177, 143512.0, 4.225
1.5879538999997749, 178, 143512.0, 4.225
1.4533886999997776, 179, 143509.0, 4.223
1.31201560000045, 180, 143509.0, 4.223
1.3283752000006643, 181, 143509.0, 4.223
1.2137692000014795, 182, 143509.0, 4.223
1.5801451999996061, 183, 143451.0, 4.181
1.527910000000702, 184, 143451.0, 4.181
2.7699844999988272, 185, 143435.0, 4.169
3.011297700000796, 186, 143423.0, 4.161
2.1579333000008774, 187, 143414.0, 4.154
2.3761059000007663, 188, 143414.0, 4.154
2.485446700000466, 189, 143387.0, 4.135
2.3832285000007687, 190, 143384.0, 4.132
2.581684700000551, 191, 143384.0, 4.132
1.5299869000009494, 192, 143366.0, 4.119
2.029649199999767, 193, 143348.0, 4.106
2.570580699999482, 194, 143348.0, 4.106
2.7146955000007438, 195, 143340.0, 4.100
2.9010041000001365, 196, 143336.0, 4.097
2.068199499999537, 197, 143315.0, 4.082
1.3352912000009383, 198, 143271.0, 4.050
1.431875399999626, 199, 143267.0, 4.047
1.603632500000458, 200, 143267.0, 4.047
1.3966806999997061, 201, 143267.0, 4.047
1.1841736000005767, 202, 143267.0, 4.047
1.3017787999997381, 203, 143267.0, 4.047
1.1763791999983368, 204, 143267.0, 4.047
1.210752599999978, 205, 143267.0, 4.047
1.5313052000001335, 206, 143267.0, 4.047
1.1498377000007167, 207, 143267.0, 4.047
1.3966434000012669, 208, 143267.0, 4.047
1.2474339000000327, 209, 143267.0, 4.047
1.3217509999994945, 210, 143267.0, 4.047
1.3859215000011318, 211, 143267.0, 4.047
1.306674199999179, 212, 143267.0, 4.047
1.2203468999996403, 213, 143267.0, 4.047
1.2830061000004207, 214, 143267.0, 4.047
1.2050159999998868, 215, 143267.0, 4.047
1.2882907999992312, 216, 143267.0, 4.047
1.1149200999989262, 217, 143266.0, 4.047
1.1786615000000893, 218, 143266.0, 4.047
1.3716411000004882, 219, 143233.0, 4.023
1.475688700000319, 220, 143088.0, 3.917
1.5167263000003004, 221, 143057.0, 3.895
1.523067500000252, 222, 143022.0, 3.869
1.930371299999024, 223, 143022.0, 3.869
1.5434996999993018, 224, 142990.0, 3.846
1.2851798000010604, 225, 142950.0, 3.817
1.214926299999206, 226, 142946.0, 3.814
1.5101283000003605, 227, 142946.0, 3.814
1.2826559000004636, 228, 142905.0, 3.784
1.2437087000016618, 229, 142905.0, 3.784
1.3409771999995428, 230, 142905.0, 3.784
1.3984022999993613, 231, 142905.0, 3.784
1.2978069999990112, 232, 142905.0, 3.784
1.2155940999982704, 233, 142905.0, 3.784
1.1521464999987074, 234, 142905.0, 3.784
1.241594699999041, 235, 142905.0, 3.784
1.3308914999997796, 236, 142905.0, 3.784
1.3516013999997085, 237, 142905.0, 3.784
1.1816955000012968, 238, 142905.0, 3.784
1.373816799999986, 239, 142905.0, 3.784
1.3214368999997532, 240, 142905.0, 3.784
1.204590500001359, 241, 142905.0, 3.784
1.2231692999994266, 242, 142905.0, 3.784
1.3576950000006036, 243, 142905.0, 3.784
1.1923430999995617, 244, 142905.0, 3.784
1.6149034000009124, 245, 142905.0, 3.784
1.264566300000297, 246, 142905.0, 3.784
1.3450859999993554, 247, 142905.0, 3.784
1.1155940000007831, 248, 142905.0, 3.784
1.472872099999222, 249, 142905.0, 3.784
1.4677107999996224, 250, 142905.0, 3.784
1.2872557999999117, 251, 142905.0, 3.784
1.358772499999759, 252, 142905.0, 3.784
1.1696936999996979, 253, 142905.0, 3.784
1.2413972000013018, 254, 142905.0, 3.784
1.218776000001526, 255, 142905.0, 3.784
1.4034681000011915, 256, 142905.0, 3.784
1.2890965000005963, 257, 142905.0, 3.784
1.2045218999992358, 258, 142905.0, 3.784
1.291487299999062, 259, 142905.0, 3.784
1.318447900001047, 260, 142905.0, 3.784
1.6353488999993715, 261, 142905.0, 3.784
1.3289258000004338, 262, 142905.0, 3.784
1.2844710999997915, 263, 142905.0, 3.784
1.1897629000013694, 264, 142905.0, 3.784
1.3978884999996808, 265, 142905.0, 3.784
1.1358415000013338, 266, 142905.0, 3.784
1.2915162999997847, 267, 142905.0, 3.784
1.393558199999461, 268, 142905.0, 3.784
1.3925367000010738, 269, 142905.0, 3.784
1.28012630000012, 270, 142905.0, 3.784
1.3877851999986888, 271, 142905.0, 3.784
1.3305698999993183, 272, 142905.0, 3.784
1.1698372999999265, 273, 142905.0, 3.784
1.2803476999997656, 274, 142905.0, 3.784
1.3853344000017387, 275, 142905.0, 3.784
1.4697577999995701, 276, 142905.0, 3.784
1.2875487000001158, 277, 142905.0, 3.784
1.3171234999990702, 278, 142905.0, 3.784

tour:
[2162 2161 2160 2159 2158 2157 2156 2155 2154 2153 2129 2131 2132 2130
 2128 2127 2126 1806 1805 1804 1803 1802 1801 1780 1781 1782 1783 1784
 1785 1786 1748 1787 1807 1788 1789 1808 1790 1809 1791 1754 1756 1755
 1757 1758 1762 1761 1760 1759 1753 1752 1751 1750 1749 1747 1746 1745
 1744 1743 1742 1741 1740 1779 1778 1800 1799 1777 1776 1775 1774 1773
 1738 1737 1734 1731 1733 1736 1735 1732 1730 1729 1728 1689 1690 1691
 1692 1693 1694 1739 1695 1696 1697 1698 1699 1700 1701 1702 1703 1704
 2436 1705 1706 1681 1707 1708 1709 1710 1711 1712 1713 2437 2438 2439
 2440 2441 2442 1763 2443 2464 2463 2462 2461 2460 2459 2458 2472 2485
 2486 2487 2488 2489 2490 2511 2510 2509 2508 2507 2506 2521 2520 2505
 2484 2504 2483 2482 2481 2480 2501 2502 2517 2503 2518 2519 2535 2534
 2556 2555 2533 2532 2554 2573 2574 2575 2594 2614 2613 2593 2592 2612
 2611 2610 2609 2589 2590 2591 2625 2553 2531 2530 2529 2528 2527 2516
 2497 2498 2477 2478 2499 2500 2479 2471 2470 2469 2476 2475 2496 2495
 2404 2407 2523 2526 2524 2525 2548 2549 2550 2551 2552 2571 2570 2572
 2569 2588 2608 2607 2606 2605 2604 2584 2585 2586 2587 2568 2567 2566
 2547 2546 2565 2411 2409 2408 2406 2405 2403 2387 2386 2385 2384 2383
 2382 2381 2380 2388 2389 2390 2391 2392 2393 2394 2395 2410 2412 2413
 2353 2352 2351 2346 2349 2350 2347 2348 2345 2344 2343 2342 2341 2338
 2337 2339 2340 2379 2378 2377 2370 2371 2372 2376 2375 2374 2373 2402
 2401 2399 2397 2361 2360 2363 2364 2365 2366 2367 2368 2369 2333 2336
 2334 2332 2330 2331 2335 2277 2285 2284 2283 2291 2292 2293 2294 2305
 2304 2303 2308 2307 2306 2327 2326 2323 2322 2321 2325 2320 2324 2319
 2317 2316 2318 2414 2315 2314 2298 2297 2296 2299 2300 2312 2311 2313
 2310 2301 2309 2302 2295 2290 2282 2281 2289 2288 2280 2279 2287 2286
 2278 2259 2261 2262 2268 2263 2264 2265 2260 2266 2267 2275 2274 2273
 2272 2271 2270 2269 1565 1566 1576 1541 1586 1583 1585 1584 1575 1567
 1568 1569 1570 1582 1581 1579 1580 1578 1577 1574 1573 1572 1571 1609
 2276 2328 1610 1611 1613 1612 2329 2355 2356 2354 2357 2358 2359 1617
 1616 1615 1614 1625 1588 1587 1589 1590 1601 1600 1599 1591 1592 1593
 1595 1594 1598 1597 1596 1627 1628 1629 1621 1624 1622 1623 1618 1619
 1620 1630 1631 2396 2415 2416 2426 2425 2398 2400 2446 2468 2447 2448
 2427 2449 2450 2451 2430 2429 2428 2417 2418 2419 2420 2431 2362 2452
 2453 2432 2433 2434 2454 2455 2456 2457 2435 2424 2423 2422 2421 1671
 1672 1670 1669 1668 1667 1666 1665 1664 1663 1662 1660 1661 1650 1659
 1658 1657 1656 1655 1652 1651 1636 1637 1638 1639 1653 1654 1640 1641
 1642 1643 1644 1645 1646 1647 1635 1634 1633 1632 1648 1649 1626 1503
 1504 1505 1506 1507 1508 1509 1510 1511 1680 1679 1513 1514 1512 1515
 1516 1517 1518 1519 1520 1521 1522 1523 1528 1527 1524 1525 1526 1498
 1497 1496 1495 1476 1475 1474 1473 1472 1479 1478 1477 1490 1489 1488
 1487 1486 1482 1485 1484 1491 1492 1394 1395 1396 1397 1398 1399 1493
 1494 1502 1501 1500 1499 1529 1530 1532 1531 1533 1534 1535 1536 1537
 1538 1539 1540 1426 1427 1425 1424 1423 1422 1421 1420 1419 1418 1428
 1429 1432 1433 1435 1436 1437 1438 1439 1430 1440 1441 1442 1238 1237
 1236 1235 1234 1233 1232 1231 1230 1229 1228 1227 1431 1417 1416 1434
 1214 1215 1216 1217 1218 1220 1221 1222 1223 1224 1225 1226 1203 1200
 1403 1404 1204 1205 1206 1201 1202 1207 1208 1209 1210 1211 1212 1213
 1415 1414 1413 1412 1411 1410 1409 1408 1407 1406 1405 1402 1401 1400
 1393 1392 1391 1466 1465 1483 1481 1467 1468 1469 1480 1470 1471 1603
 1602 1604 1605 1606 1607 1563 1550 1549 1548 1547 1546 1551 1545 1544
 1542 1543 1552 1553 1554 1555 1556 1557 1558 1559 1560 1561 1564 1608
 1463 1464 1460 1450 1449 1448 1447 1446 1445 1562 1444 1443 1452 1451
 1455 1454 1453 1363 1364 1365 1366 1367 1368 1369 1370 1456 1457 1458
 1459 1461 1462 1374 1375 1383 1389 1390 1186 1185 1187 1188 1189 1184
 1183 1182 1181 1385 1386 1387 1388 1382 1373 1371 1372 1381 1380 1379
 1378 1377 1376 1384 1180 1190 1191 1192 1193 1194 1195 1196 1197 1198
 1199 1064 1063 1062 1057 1056 1061 1060 1059 1058 1047 1048 1049  960
  961 1051 1052 1050 1053 1054 1055  964 1066 1075 1076 1077 1078 1079
 1080 1081 1219 1082 1074 1073 1072 1070 1071 1069 1068 1067 1065  965
  966  967  952  959  958  957  951  956  963  962  955  954  953  950
  769  770  771  772  767  773  774  775  776  768  766  765  764  759
  763  762  761  760  758  515  523  524  525  516  517  518  522  519
  520  521  541  545  527  528  526  529  531  533  535  536  537  538
  324  336  335  342  343  182  183  172  173  174  175  339  184  176
  178  177  180  168  169  170  171  186  187  188  136   32   31   30
   19   18   17   16   15  135  167  166  165  134  164  163  160  162
  133  161   10    0    1    2    3   11   12   13   14    4    5    6
    7    8    9   20   21   22   23   33   34   67   24   25   35   36
   26   27   37   38   28   29   39  195  194  193  192  191  190  189
  197  200  199  196  185  181  179  347  346  332  337  338  340  341
  333  334  325  326  534  532  327  328  329  530  330  331  344  345
  544  543  542  556  557  567  568  349  350  351  352  564  566  565
  563  562  353  354  355  559  560  561  558  571  572  364  365  366
  367  356  357  358  359  360  361  362  348  363  201  202  203  204
  205  198  206  207  208  209  210  211  212  213  227  228  229  230
  231  226  232  233  234  236  237  238  399  431  235  383  384  385
  386  387  388  389  390  372  371  368  369  370  373  374  382  375
  376  377  381  378  379  380  391  397  396  395  398  394  392  393
  603  591  592  593  594  596  595  597  598  599  600  601  602  590
  589  588  578  587  586  579  580  581  582  583  585  584  806  805
  804  803  802  801  800  799  577  576  575  798  822  797  574  573
  570  552  553  569  551  550  549  555  554  548  547  546  540  539
  777  778  779  780  781  782  783  784  785  786  787  794  793  792
  791  788  790  789  968  969  970  971  972  973  974  976  975  977
  978  795  979  980  981  820  796  819  818  817  821  816  815  987
  986  985  984  983  982  995  996  997  998  999 1000 1253 1254 1255
 1241 1242 1243 1244 1252 1251 1246 1245 1239 1240 1247 1248 1249 1250
 1008 1007 1006 1005 1003 1004 1002 1001  994  988  989  990  991  823
  992  993  824  825  850  812  813  814  811  810  809  808  807  827
  826  828  829  830  831  832  833  834  835  836  837  838  839  614
  613  612  611  610  609  608  607  606  605  604  624  627  626  623
  622  621  620  619  618  617  625  616  615  631  632  658  657  655
  656  659  628  629  630  409  408  407  406  405  404  403  402  401
  400  420  419  418  417  416  415  414  413  412  410  411  440  448
  439  447  446  445  444  443  442  441  275  276  277  278  279  280
  281  282  265  264  421  422  423  263  262  424  425  426  427  428
  429  430  255  256  257  258  259  260  261  253  254  248  247  246
  245  244  243  138  242  241  252  240  251  137  239  225  224  221
  220  219  218  223  217  222  216  215  214   44   42   40   41   43
   57   45   47   48   46   58   59   60   49   50   51   61   62   63
   52   53   64   54   55   65   66   56   68   78   79   69   70   80
   81   71   72   82  139   83   73   74   84   85   75   86   76   77
   87  249  250  266  267  268  269  270  271  272  273  274  140  101
  100   99   98   88   89   90  111   91   92  102  103  104   93   94
   95  105  106   96  107   97  108  109  110  143  142  141  284  285
  286  287  288  289  290  291  113  112  299  301  298  297  296  295
  294  293  292  283  467  466  465  464  458  463  462  461  459  460
  488  476  475  485  484  487  486  483  482  481  480  479  477  478
  510  509  508  507  506  505  504  503  502  501  321  322  323  311
  310  309  320  319  308  318  317  316  315  314  307  306  313  312
  304  305  303  302  300  114  115  116  117  119  118  144  145  149
  148  147  146  120  121  122  123  150  151  124  125  152  153  154
  126  127  128  129  130  155  132  131  156  157  158  159  513  512
  511  500  499  498  746  497  496  495  494  493  492  491  490  489
  736  737  738  739  735  740  741  745  742  743  744  726  727  728
  729  734  730  731  732  733  689  690  691  688  687  686  685  684
  683  682  681  699  700  698  697  696  695  693  692  694  701  709
  708  707  706  705  704  703  702  474  473  472  471  470  469  468
  712  710  711  713  456  455  714  715  454  453  452  451  457  450
  449  674  673  672  671  670  669  668  438  437  436  435  434  433
  432  660  661  662  663  664  665  667  666  651  648  649  647  650
  652  653  643  634  633  853  854  635  636  855  637  638  639  856
  640  641  642  646  645  644  675  679  676  654  677  678  680  882
  881  880  883  884  885  886  887  888  889  890  899  922  901  902
  903  717  716  718  719  720  721  722  723  724  725  911  909  908
  910  907  906  905  904  917  918  919  920  921  900 1044  898  897
  896  895  894  893  892  891 1043 1118 1119 1120 1121 1122 1123 1124
 1125 1130 1138 1129 1137 1128 1136 1135 1127 1134 1133 1126 1132 1131
 1300 1299 1298 1301 1302 1297 1303 1304 1305 1306 1307 1296 1295 1294
 1849 1293 1292 1290 1291 1289 1288 1287 1282 1281 1283 1284 1285 1286
 1117 1116 1115 1114 1042 1041  879 1029 1040 1039 1038 1037 1036 1035
 1034 1033 1032 1031 1030 1023  868  869  870  871 1024  872  873 1025
 1026  874  875  876 1027 1028  877  878  867  866  865  864  863  862
  861  860  859  858  857  852  840  841  851  849  848  847  846  845
  844  843  842 1009 1010 1011 1015 1014 1013 1673 1674 1682 1717 1720
 1684 1683 1675 1676 1677 1685 1686 1723 1724 1687 1678 1688 1725 1721
 1719 1718 1716 1715 1714 1016 1017 1018 1019 1012 1020 1021 1022 1083
 1084 1085 1086 1087 1088 1089 1090 1091 1092 1093 1095 1094 1096 1097
 1101 1112 1113 1279 1278 1277 1111 1110 1109 1108 1107 1106 1105 1104
 1100 1103 1102 1099 1098 1764 1765 1766 1796 1767 1722 1726 1727 1769
 1768 1797 1770 1771 1772 1798 1812 1813 1826 1814 1815 1827 1816 1817
 1818 1833 1916 1924 1925 1917 1918 1926 1927 1928 1929 1834 1831 1830
 1828 1819 1820 1821 1262 1261 1260 1267 1259 1258 1257 1269 1256 1272
 1270 1271 1273 1268 1274 1275 1276 1263 1264 1265 1266 1280 1825 1824
 1823 1822 1829 1832 1835 1839 1837 1836 1838 1842 1843 1844 1845 1846
 1847 1848 1850 1851 1862 1864 1865 1866 1867 1868 1869 1870 1871 1872
 1318 1317 1316 1315 1314 1313 1312 1310 1311 1309 1308 1319 1321 1320
 1322 1323 1324 1325 1326 1327 1328 1329 1330 1331 1332 1333 1334 1160
 1159 1158 1157 1156 1155 1154 1153 1152 1151 1150 1149 1147 1139 1140
 1141 1148 1142 1143 1144 1145 1146 1046 1045  916  915  914  913  912
  938  939  940  934  923  747  748  749  750  751  752  753  514  757
  756  755  754  932  933  930  937  947  946  948  945  936  929  928
  931  927  926  925  924  935  941  942  943  944  949 1169 1168 1167
 1166 1165 1164 1163 1162 1161 1172 1173 1174 1175 1176 1177 1178 1179
 1359 1358 1357 1356 1355 1354 1353 1352 1351 1350 1360 1171 1170 1362
 1361 1349 1348 1335 1336 1337 1338 1339 1340 1346 1347 1341 1342 1343
 1344 1345 1892 1891 1902 1903 1901 1900 1904 1899 1890 1898 1897 1896
 1895 1894 1889 1888 1893 1905 1906 1907 1908 1909 1910 1911 1912 1913
 1914 1915 1992 1991 1998 1997 1996 1990 1989 1995 1994 1993 2003 2006
 2007 2008 2009 2010 2011 2012 2013 2004 1999 2000 2001 2002 2005 2015
 2014 2106 2107 2108 2113 2112 2111 2105 2110 2104 2109 2103 2102 2101
 2100 2099 2114 2098 2097 2031 2030 2089 2088 2087 2086 2085 2084 2083
 2082 2081 2029 2070 2069 2068 2067 2066 2065 2026 2025 1962 1961 1950
 1951 1952 1949 1953 1954 1955 1956 1957 1959 1958 1960 1963 1964 1965
 1966 1967 1968 2027 2028 1981 1978 1979 1970 1971 1972 1973 1974 1980
 1982 1983 1984 1985 1986 1987 1988 1975 1976 1977 1874 1873 1875 1876
 1878 1877 1879 1887 1886 1880 1884 1885 1881 1882 1883 1863 1969 1860
 1861 1852 1853 1854 1855 1856 1857 1858 1859 1841 1840 1947 1948 2023
 1946 1944 1945 1931 1930 1943 1942 1941 1940 1939 1938 2021 1937 1936
 1923 1922 1935 1934 1921 1920 1919 1932 1933 2018 2019 2020 2035 2034
 2033 2017 2016 2032 2046 2047 2048 2049 2050 2036 2037 2051 2052 2053
 2038 2039 2022 2040 2054 2055 2041 2042 2043 2056 2057 2058 2044 2045
 2059 2133 2134 2135 2060 2024 2063 2061 2064 2062 2078 2077 2076 2075
 2137 2074 2073 2072 2071 2079 2139 2080 2090 2091 2092 2093 2094 2095
 2096 2141 2140 2218 2217 2216 2215 2214 2211 2138 2185 2184 2183 2186
 2182 2181 2180 2136 2179 2178 2188 2194 2193 2189 2192 2191 2201 2202
 2203 2204 2205 2195 2187 2196 2197 2206 2207 2208 2198 2190 2199 2209
 2210 2200 2212 2231 2232 2233 2234 2253 2254 2235 2236 2219 2220 2142
 2143 2144 2145 2147 2146 2115 2116 2117 2118 2119 2120 2123 2121 2122
 2124 2230 2229 2228 2227 2226 2148 2225 2224 2223 2222 2242 2243 2244
 2245 2246 2247 2248 2249 2250 2251 2258 2764 2768 2767 2763 2762 2761
 2766 2765 2760 2759 2758 2757 2756 2755 2257 2743 2256 2241 2221 2240
 2239 2238 2237 2255 2742 2741 2740 2739 2738 2737 2736 2252 2735 2734
 2213 2656 2657 2658 2659 2660 2661 2662 2663 2648 2649 2650 2651 2652
 2653 2654 2655 2666 2780 2745 2746 2747 2748 2749 2744 2750 2751 2752
 2753 2754 2769 2770 2771 2772 2773 2774 2775 2776 2777 2778 2779 2792
 2791 2813 2812 2811 2810 2809 2790 2789 2788 2787 2807 2808 2817 2806
 2786 2785 2805 2804 2803 2802 2784 2801 2814 2830 2832 2833 2831 2815
 2816 2834 2835 2836 2837 2838 2818 2839 2840 2841 2842 2844 2843 2998
 2997 2996 3007 3026 3008 3028 3009 3010 2999 3000 3012 3011 3030 3031
 3037 3036 3032 3029 3027 3025 3024 3002 3003 3004 3005 3006 2995 2994
 2993 2992 2991 2990 3020 3001 3022 3023 3021 3019 3017 2989 2988 2987
 3016 3015 2986 2985 2984 2981 2983 2980 2982 3013 3014 3018 3035 3034
 2937 2915 2914 2891 2866 2867 2892 2893 2868 2819 2820 2821 2826 2822
 2823 2827 2828 2829 2825 2824 2799 2800 2783 2782 2798 2797 2796 2795
 2794 2793 2781 2710 2732 2733 2731 2730 2728 2729 2727 2726 2724 2725
 2723 2721 2861 2862 2863 2888 2887 2910 2909 2932 2933 2911 2889 2864
 2865 2890 2913 2912 2934 2935 2936 2957 2978 2977 2976 2956 2955 2954
 2975 2974 2973 2953 2952 2931 2930 2908 2886 2885 2860 2859 2884 2907
 2883 2906 2905 2882 2848 2881 2904 2926 2947 2948 2927 2928 2949 2950
 2929 2951 2972 2971 2970 2969 2968 2967 2966 2965 2944 2943 2964 2963
 2962 2941 2942 2921 2920 2898 2899 2979 2922 2923 2945 2946 2925 2924
 2902 2903 2880 2858 2879 2901 2878 2877 2876 2854 2855 2856 2857 2847
 2703 2702 2701 2688 2687 2700 2699 2686 2685 2684 2683 2696 2697 2698
 2852 2851 2846 2695 2682 2673 2635 2672 2671 2670 2681 2694 2693 2692
 2691 2845 2869 2870 2894 2871 2849 2850 2872 2873 2874 2853 2875 2897
 2919 2940 2961 2960 2939 2918 2896 2900 2895 2917 2938 2959 3033 2958
 2916 2624 2603 2623 2622 2621 2620 2600 2601 2602 2583 2564 2563 2626
 2581 2580 2582 2579 2598 2599 2619 2618 2617 2597 2596 2616 2615 2595
 2576 2557 2577 2578 2558 2536 2537 2559 2560 2561 2538 2539 2562 2540
 2541 2542 2543 2544 2545 2522 2514 2513 2512 2491 2492 2473 2493 2515
 2494 2474 2667 2668 2669 2634 2633 2632 2630 2631 2629 2628 2627 2445
 2467 2466 2465 2444 1795 1794 1811 1793 1792 1810 2125 2149 2150 2151
 2152 2164 2165 2166 2167 2168 2169 2170 2171 2172 2173 2174 2175 2643
 2642 2641 2640 2638 2637 2636 2674 2675 2676 2639 2677 2678 2679 2689
 2690 2680 2704 2711 2712 2713 2715 2714 2716 2717 2719 2718 2720 2722
 2709 2708 2707 2706 2705 2644 2645 2646 2647 2664 2665 2177 2176 2163]

eliteFit: 142905.0
percentError: 3.784478626519674
computationTime: 588.434s