instanceName: pcb3038
n: 3038
optFit: 137694

genTime, gen, eliteFit, percentError:
0.0037251000030664727, 0, 5295059.0, 3745.526
11.642552900011651, 1, 155259.0, 12.757
7.22237380000297, 2, 153889.0, 11.762
7.027232499996899, 3, 153121.0, 11.204
6.640809699994861, 4, 152370.0, 10.658
7.120335300001898, 5, 151827.0, 10.264
6.539887599996291, 6, 151447.0, 9.988
6.379317099999753, 7, 150844.0, 9.550
6.4797077999974135, 8, 150339.0, 9.183
6.659500499998103, 9, 150177.0, 9.066
6.335818499996094, 10, 149564.0, 8.621
6.596460700005991, 11, 149161.0, 8.328
6.634928600004059, 12, 149161.0, 8.328
6.266591499996139, 13, 149120.0, 8.298
6.311102599996957, 14, 148377.0, 7.759
6.385450700006913, 15, 148377.0, 7.759
6.41927929999656, 16, 147929.0, 7.433
6.235327100002905, 17, 147726.0, 7.286
6.374226500003715, 18, 147726.0, 7.286
6.571485899999971, 19, 147535.0, 7.147
6.275239700000384, 20, 147535.0, 7.147
5.970021799992537, 21, 147535.0, 7.147
6.386119300004793, 22, 147347.0, 7.010
6.468922999993083, 23, 147312.0, 6.985
6.16117099999974, 24, 146921.0, 6.701
6.1032119000010425, 25, 146921.0, 6.701
6.009174999999232, 26, 146757.0, 6.582
6.2563621000008425, 27, 146606.0, 6.472
5.74197400000412, 28, 146551.0, 6.432
6.045493500001612, 29, 146551.0, 6.432
5.768290000007255, 30, 146474.0, 6.376
4.943844100009301, 31, 146158.0, 6.147
5.224757100004354, 32, 146158.0, 6.147
4.950392600003397, 33, 146081.0, 6.091
4.881121999991592, 34, 146014.0, 6.042
5.695563799992669, 35, 146006.0, 6.037
4.291506300010951, 36, 145844.0, 5.919
3.2879562999878544, 37, 145844.0, 5.919
4.219648500002222, 38, 145754.0, 5.854
4.76106640000944, 39, 145754.0, 5.854
4.896079900005134, 40, 145512.0, 5.678
4.713879899994936, 41, 145512.0, 5.678
5.211178199999267, 42, 145331.0, 5.546
5.083279099999345, 43, 145125.0, 5.397
5.082911100005731, 44, 145036.0, 5.332
5.442720699997153, 45, 144948.0, 5.268
5.401373400003649, 46, 144920.0, 5.248
5.741533899999922, 47, 144832.0, 5.184
5.0168255000025965, 48, 144819.0, 5.175
4.232925200005411, 49, 144765.0, 5.135
3.5241508000035537, 50, 144714.0, 5.098
3.1855872000014642, 51, 144566.0, 4.991
3.441189299992402, 52, 144566.0, 4.991
3.752332000003662, 53, 144553.0, 4.981
3.822796299995389, 54, 144465.0, 4.917
1.8116889000084484, 55, 144406.0, 4.875
1.9092208999936702, 56, 144264.0, 4.771
2.133249699996668, 57, 144229.0, 4.746
2.321751300012693, 58, 144099.0, 4.652
2.1100331000052392, 59, 143960.0, 4.551
2.2296551000035834, 60, 143890.0, 4.500
2.301134399996954, 61, 143889.0, 4.499
2.9806476999947336, 62, 143839.0, 4.463
1.8679065000033006, 63, 143772.0, 4.414
2.0592797999997856, 64, 143732.0, 4.385
1.7059282999980496, 65, 143621.0, 4.304
1.9512108999915654, 66, 143545.0, 4.249
2.517743700009305, 67, 143513.0, 4.226
1.9864768999977969, 68, 143513.0, 4.226
1.751590199986822, 69, 143457.0, 4.185
1.8938608000025852, 70, 143440.0, 4.173
2.1226759999990463, 71, 143440.0, 4.173
2.398528299992904, 72, 143433.0, 4.168
3.0278131999948528, 73, 143345.0, 4.104
3.8649132999998983, 74, 143321.0, 4.087
2.945664200000465, 75, 143294.0, 4.067
3.0623496000043815, 76, 143214.0, 4.009
2.7310925999918254, 77, 143069.0, 3.904
3.1163765999954194, 78, 143069.0, 3.904
2.5583579999947688, 79, 143069.0, 3.904
3.1221328000101494, 80, 143069.0, 3.904
3.1920726999960607, 81, 143069.0, 3.904
3.4570464999997057, 82, 143069.0, 3.904
3.162068999998155, 83, 143038.0, 3.881
1.7980246000079205, 84, 143038.0, 3.881
1.1990512000047602, 85, 143038.0, 3.881
1.5845893999940017, 86, 143038.0, 3.881
1.5916290000022855, 87, 143038.0, 3.881
1.3678727000078652, 88, 143038.0, 3.881
1.304070700003649, 89, 143038.0, 3.881
1.4238621999975294, 90, 143038.0, 3.881
1.2122970999917015, 91, 143038.0, 3.881
1.1391617999906885, 92, 143038.0, 3.881
1.215047899997444, 93, 143038.0, 3.881
1.4276309999986552, 94, 143038.0, 3.881
1.2253117999935057, 95, 143038.0, 3.881
1.3951811000006273, 96, 143038.0, 3.881
1.417204600002151, 97, 143038.0, 3.881
1.3498848999879556, 98, 143038.0, 3.881
1.3318908999935957, 99, 143038.0, 3.881
1.302644199997303, 100, 143038.0, 3.881
1.516681699999026, 101, 143038.0, 3.881
1.2162529000052018, 102, 143038.0, 3.881
1.4803963000013027, 103, 143038.0, 3.881
1.1485001999972155, 104, 143038.0, 3.881
1.22273550000682, 105, 143038.0, 3.881
1.4553296000085538, 106, 143038.0, 3.881
1.3321759999962524, 107, 143038.0, 3.881
1.175330700003542, 108, 143038.0, 3.881
1.184579799999483, 109, 143038.0, 3.881
1.3808637999900384, 110, 143038.0, 3.881
1.3018618999922182, 111, 143038.0, 3.881
1.4467277000076137, 112, 143038.0, 3.881
1.185346500002197, 113, 143038.0, 3.881
1.1642064999905415, 114, 143038.0, 3.881
1.3093539999972563, 115, 143038.0, 3.881
1.412278799994965, 116, 143038.0, 3.881
1.6202923999953782, 117, 143038.0, 3.881
1.1944704000052297, 118, 143038.0, 3.881
1.258806600002572, 119, 143038.0, 3.881
1.2329078999900958, 120, 143038.0, 3.881
1.3780799000087427, 121, 143038.0, 3.881
1.337512300000526, 122, 143038.0, 3.881
1.2749656999949366, 123, 143038.0, 3.881
1.375726799989934, 124, 143038.0, 3.881
1.375506399999722, 125, 143038.0, 3.881
1.3370716999925207, 126, 143038.0, 3.881
1.2883361999993213, 127, 143038.0, 3.881
1.4299497000029078, 128, 143038.0, 3.881
1.3327895999973407, 129, 142915.0, 3.792
1.6308605999947758, 130, 142915.0, 3.792
1.6382841999875382, 131, 142915.0, 3.792
1.5282979000039632, 132, 142911.0, 3.789
1.3734332000021823, 133, 142911.0, 3.789
1.5696144000103232, 134, 142911.0, 3.789
1.5176072000031127, 135, 142911.0, 3.789
1.3735574000020279, 136, 142911.0, 3.789
1.3582504999940284, 137, 142911.0, 3.789
1.3881867000018246, 138, 142911.0, 3.789
1.4831011000060244, 139, 142911.0, 3.789
1.2827657000016188, 140, 142911.0, 3.789
1.2869263000029605, 141, 142911.0, 3.789
1.3373034999967786, 142, 142911.0, 3.789
1.3651547000044957, 143, 142911.0, 3.789
1.2603828999999678, 144, 142911.0, 3.789
1.2447595999983605, 145, 142911.0, 3.789
1.3382245999964653, 146, 142911.0, 3.789
1.2154937999875983, 147, 142911.0, 3.789
1.4129740999924252, 148, 142911.0, 3.789
1.2531067000090843, 149, 142911.0, 3.789
1.3762232000008225, 150, 142911.0, 3.789
1.3700198000005912, 151, 142911.0, 3.789
1.437818199992762, 152, 142911.0, 3.789
1.4910485000000335, 153, 142911.0, 3.789
1.3059747999941465, 154, 142911.0, 3.789
1.3149484000023222, 155, 142911.0, 3.789
1.187552899995353, 156, 142911.0, 3.789
1.5859897000045748, 157, 142911.0, 3.789
1.4866885999945225, 158, 142911.0, 3.789
1.2173280999995768, 159, 142911.0, 3.789
1.3468600000051083, 160, 142911.0, 3.789
1.3373162999923807, 161, 142911.0, 3.789
1.3724806999962311, 162, 142911.0, 3.789
1.326491799991345, 163, 142911.0, 3.789
1.3726445000065723, 164, 142911.0, 3.789
1.3624801999976626, 165, 142911.0, 3.789
1.3343944000080228, 166, 142911.0, 3.789
1.4395422999950824, 167, 142903.0, 3.783
1.3762817999959225, 168, 142901.0, 3.782
1.3241013000078965, 169, 142882.0, 3.768
1.4386733999999706, 170, 142882.0, 3.768
1.3864621999964584, 171, 142876.0, 3.763
1.2240924999932759, 172, 142876.0, 3.763
1.346359700008179, 173, 142855.0, 3.748
1.6044839000096545, 174, 142855.0, 3.748
1.5986888999905204, 175, 142855.0, 3.748
1.2084795999980997, 176, 142855.0, 3.748
1.6142704999947455, 177, 142855.0, 3.748
1.4435780000058003, 178, 142855.0, 3.748
1.260374999998021, 179, 142855.0, 3.748
1.4370820000040112, 180, 142855.0, 3.748
1.4571447999915108, 181, 142855.0, 3.748
1.4417274000006728, 182, 142855.0, 3.748
1.2892793000064557, 183, 142855.0, 3.748
1.3728337999928044, 184, 142855.0, 3.748
1.3050050000019837, 185, 142855.0, 3.748
1.3798495000082767, 186, 142855.0, 3.748
1.2994484999944689, 187, 142855.0, 3.748
1.5189099999988684, 188, 142855.0, 3.748
1.3319380999892019, 189, 142855.0, 3.748
1.347713199997088, 190, 142855.0, 3.748
1.2635040000022855, 191, 142855.0, 3.748
1.4389713999989908, 192, 142855.0, 3.748
1.2626296999951592, 193, 142855.0, 3.748
1.2724483000056352, 194, 142855.0, 3.748
1.2736017999995966, 195, 142855.0, 3.748
1.3364049000083469, 196, 142823.0, 3.725
1.3684405999956653, 197, 142813.0, 3.718
1.3463298999995459, 198, 142791.0, 3.702
1.4833587000030093, 199, 142767.0, 3.684
1.6479957999981707, 200, 142767.0, 3.684
1.5670894000068074, 201, 142767.0, 3.684
1.3724974999931874, 202, 142762.0, 3.681
1.2458010999980615, 203, 142758.0, 3.678
1.399710400000913, 204, 142758.0, 3.678
1.8187349999934668, 205, 142747.0, 3.670
1.6478597999957856, 206, 142734.0, 3.660
1.6323869000043487, 207, 142734.0, 3.660
1.7929786999884527, 208, 142720.0, 3.650
1.733778900001198, 209, 142718.0, 3.649
1.5714430000080029, 210, 142704.0, 3.639
1.5471274999872549, 211, 142704.0, 3.639
1.632404999996652, 212, 142686.0, 3.625
2.065081000007922, 213, 142686.0, 3.625
1.5424677000119118, 214, 142670.0, 3.614
1.3094680000067456, 215, 142670.0, 3.614
1.3699606000009226, 216, 142670.0, 3.614
1.2637188999942737, 217, 142670.0, 3.614
1.4004416999960085, 218, 142670.0, 3.614
1.4198185999994166, 219, 142670.0, 3.614
1.4773148000094807, 220, 142670.0, 3.614
1.2886571999988519, 221, 142670.0, 3.614
1.390192399994703, 222, 142670.0, 3.614
1.4705599000008078, 223, 142670.0, 3.614
1.3780016000091564, 224, 142670.0, 3.614
1.2242401000112295, 225, 142670.0, 3.614
1.35493509999651, 226, 142670.0, 3.614
1.3844473999924958, 227, 142670.0, 3.614
1.237256599997636, 228, 142670.0, 3.614
1.1927160000050208, 229, 142670.0, 3.614
1.2402063999907114, 230, 142670.0, 3.614
1.4463404999987688, 231, 142670.0, 3.614
1.3460468999983277, 232, 142670.0, 3.614
1.2149351999978535, 233, 142670.0, 3.614
1.4214670000073966, 234, 142670.0, 3.614
1.429972199999611, 235, 142670.0, 3.614
1.378342000010889, 236, 142670.0, 3.614
1.624483000006876, 237, 142670.0, 3.614
1.5057992999936687, 238, 142670.0, 3.614
1.1754968999885023, 239, 142670.0, 3.614
1.257400599992252, 240, 142670.0, 3.614
1.4505774999997811, 241, 142670.0, 3.614
1.2980060999980196, 242, 142670.0, 3.614
1.3024353999935556, 243, 142670.0, 3.614
1.3610831000114558, 244, 142670.0, 3.614
1.344235700002173, 245, 142670.0, 3.614
1.3269710000022314, 246, 142670.0, 3.614
1.2255046000063885, 247, 142649.0, 3.599
1.3344998999964446, 248, 142649.0, 3.599
1.1540453000052366, 249, 142649.0, 3.599
1.3206506999995327, 250, 142645.0, 3.596
1.5034156999900006, 251, 142645.0, 3.596
1.2164150000025984, 252, 142645.0, 3.596
1.2185591000015847, 253, 142645.0, 3.596
1.291386999990209, 254, 142645.0, 3.596
1.2782150999992155, 255, 142645.0, 3.596
1.2873313000018243, 256, 142645.0, 3.596
1.445231400008197, 257, 142645.0, 3.596
1.5276454999984708, 258, 142645.0, 3.596
1.332387699992978, 259, 142645.0, 3.596
1.2950286000123015, 260, 142645.0, 3.596
1.446898299996974, 261, 142645.0, 3.596
1.4108751000021584, 262, 142645.0, 3.596
1.4027135000069393, 263, 142645.0, 3.596
1.339230999990832, 264, 142645.0, 3.596
1.2907306000124663, 265, 142645.0, 3.596
1.3674585999979172, 266, 142645.0, 3.596
1.5717262999969535, 267, 142645.0, 3.596
1.369633199996315, 268, 142645.0, 3.596
1.2155153999920003, 269, 142645.0, 3.596
1.2443641999998363, 270, 142645.0, 3.596
1.3063075999962166, 271, 142645.0, 3.596
1.2844541999947978, 272, 142645.0, 3.596
1.3049879000027431, 273, 142645.0, 3.596
1.5368554000015138, 274, 142645.0, 3.596
1.341658199991798, 275, 142645.0, 3.596
1.2965535999974236, 276, 142645.0, 3.596
1.5093037000042386, 277, 142645.0, 3.596
1.4184495999943465, 278, 142645.0, 3.596
1.3886438000045018, 279, 142645.0, 3.596
1.295672399995965, 280, 142645.0, 3.596
1.4056511999951908, 281, 142645.0, 3.596
1.3675990999909118, 282, 142645.0, 3.596
1.3429361999878893, 283, 142636.0, 3.589
1.2244213000085438, 284, 142636.0, 3.589
1.4700454999983776, 285, 142636.0, 3.589
1.4779420000122627, 286, 142636.0, 3.589
1.2387383000022965, 287, 142636.0, 3.589
1.5293528999900445, 288, 142636.0, 3.589
1.187400399998296, 289, 142636.0, 3.589
1.2594419999950333, 290, 142636.0, 3.589
1.449552500009304, 291, 142636.0, 3.589
1.3444667000003392, 292, 142636.0, 3.589
1.3031397000013385, 293, 142610.0, 3.570
1.2489825999946333, 294, 142610.0, 3.570
1.5982010000006994, 295, 142574.0, 3.544
1.298101399996085, 296, 142574.0, 3.544
1.4194965999922715, 297, 142574.0, 3.544
1.521374099989771, 298, 142574.0, 3.544
1.367726100012078, 299, 142574.0, 3.544
1.2931568000058178, 300, 142574.0, 3.544
1.4154986999928951, 301, 142574.0, 3.544
1.2897175999969477, 302, 142574.0, 3.544
1.2106409999978496, 303, 142574.0, 3.544
1.5369355000002543, 304, 142574.0, 3.544
1.3749037999950815, 305, 142574.0, 3.544
1.5267720999981975, 306, 142527.0, 3.510
1.4122791000118013, 307, 142527.0, 3.510
1.6560012999980245, 308, 142527.0, 3.510
1.7610523000039393, 309, 142525.0, 3.509
1.6061450999986846, 310, 142525.0, 3.509
1.713991900003748, 311, 142517.0, 3.503
2.667671100003645, 312, 142517.0, 3.503
2.2404358000057982, 313, 142517.0, 3.503
1.9539077999943402, 314, 142517.0, 3.503
2.567160899998271, 315, 142517.0, 3.503
1.2650730999885127, 316, 142517.0, 3.503
1.1841484000033233, 317, 142517.0, 3.503
1.3520953000115696, 318, 142517.0, 3.503
1.588791600006516, 319, 142517.0, 3.503
1.6007075000088662, 320, 142517.0, 3.503
1.3239905000082217, 321, 142517.0, 3.503
1.2415314000099897, 322, 142517.0, 3.503
1.4342999999935273, 323, 142517.0, 3.503
1.4075006999919424, 324, 142517.0, 3.503
1.5889262000127928, 325, 142517.0, 3.503
1.4986070999875665, 326, 142517.0, 3.503
1.3879722000128822, 327, 142504.0, 3.493
1.2977183000039076, 328, 142504.0, 3.493
1.3752236000000266, 329, 142504.0, 3.493
1.3646948000096017, 330, 142504.0, 3.493
1.3673060000000987, 331, 142488.0, 3.482
1.2942050999990897, 332, 142488.0, 3.482
1.3670860999991419, 333, 142488.0, 3.482
1.552060199988773, 334, 142457.0, 3.459
1.4271777999965707, 335, 142457.0, 3.459
1.3072232999984408, 336, 142457.0, 3.459
1.2606077000091318, 337, 142457.0, 3.459
1.4822143999917898, 338, 142436.0, 3.444
1.5243640000117011, 339, 142436.0, 3.444
1.3747891999955755, 340, 142436.0, 3.444
1.3000338999991072, 341, 142376.0, 3.400
1.2621760999900289, 342, 142376.0, 3.400
1.437471799988998, 343, 142373.0, 3.398
1.189365699989139, 344, 142353.0, 3.384
1.5211032000079285, 345, 142353.0, 3.384
1.7241817000031006, 346, 142292.0, 3.339
2.0699897999875247, 347, 142285.0, 3.334
1.9109494000003906, 348, 142282.0, 3.332
2.2231410999957006, 349, 142282.0, 3.332
2.3224752999958582, 350, 142278.0, 3.329
1.509395199987921, 351, 142278.0, 3.329
1.2915289999946253, 352, 142278.0, 3.329
1.2506210999999894, 353, 142270.0, 3.323
1.3885900000022957, 354, 142270.0, 3.323
1.4847750999906566, 355, 142270.0, 3.323
1.4519010999938473, 356, 142270.0, 3.323
1.2414771000039764, 357, 142270.0, 3.323
1.5055684999970254, 358, 142270.0, 3.323
1.2730207000131486, 359, 142270.0, 3.323
1.5192363999958616, 360, 142270.0, 3.323
1.3086021000053734, 361, 142270.0, 3.323
1.1626145999907749, 362, 142270.0, 3.323
1.3212732999963919, 363, 142270.0, 3.323
1.3675938000087626, 364, 142270.0, 3.323
1.2340059999987716, 365, 142270.0, 3.323
1.362567099989974, 366, 142270.0, 3.323
1.3900914999976521, 367, 142270.0, 3.323
1.2239781000098446, 368, 142258.0, 3.315
1.4281031999998959, 369, 142253.0, 3.311
1.7485403000027873, 370, 142225.0, 3.291
1.9622529999905964, 371, 142225.0, 3.291
1.5735516999993706, 372, 142225.0, 3.291
1.5205589999968652, 373, 142225.0, 3.291
1.1802266000013333, 374, 142225.0, 3.291
1.2927779000019655, 375, 142225.0, 3.291
1.4530164000025252, 376, 142225.0, 3.291
1.3118724999949336, 377, 142215.0, 3.283
1.4525092999974731, 378, 142215.0, 3.283
1.5798796000017319, 379, 142215.0, 3.283
1.4867425999982515, 380, 142215.0, 3.283
1.4240599000040675, 381, 142215.0, 3.283
1.2474895999912405, 382, 142215.0, 3.283
1.413543100003153, 383, 142215.0, 3.283
1.2304106999945361, 384, 142215.0, 3.283
1.397166399998241, 385, 142215.0, 3.283
1.2560642000025837, 386, 142215.0, 3.283
1.4660161999927368, 387, 142215.0, 3.283
1.4406349000055343, 388, 142215.0, 3.283
1.4608837999985553, 389, 142215.0, 3.283
1.4380311999993864, 390, 142215.0, 3.283
1.2835878000041703, 391, 142215.0, 3.283
1.5254744999983814, 392, 142215.0, 3.283
1.176119399999152, 393, 142215.0, 3.283
1.320689100000891, 394, 142215.0, 3.283
1.3674153000029037, 395, 142215.0, 3.283
1.449178299997584, 396, 142215.0, 3.283
1.2887730999937048, 397, 142215.0, 3.283
1.492199200001778, 398, 142215.0, 3.283
1.466676500000176, 399, 142204.0, 3.275
1.529220999989775, 400, 142204.0, 3.275
2.018244599996251, 401, 142122.0, 3.216
2.336276000001817, 402, 142122.0, 3.216
2.602003500011051, 403, 142110.0, 3.207
3.3197030000010272, 404, 142064.0, 3.174
2.811606099989149, 405, 142031.0, 3.150
3.4176518000022043, 406, 141999.0, 3.126
2.3735251000034623, 407, 141965.0, 3.102
2.066637699987041, 408, 141965.0, 3.102
2.0889039000030607, 409, 141965.0, 3.102
1.6755782999971416, 410, 141954.0, 3.094
1.5529837999929441, 411, 141954.0, 3.094
1.6206817999918712, 412, 141954.0, 3.094
1.8053097999945749, 413, 141954.0, 3.094
2.3374538000061875, 414, 141943.0, 3.086
1.3088966999930562, 415, 141917.0, 3.067
1.3577973999927053, 416, 141917.0, 3.067
1.5555877000006149, 417, 141906.0, 3.059
1.4594485999987228, 418, 141904.0, 3.058
1.4157846000016434, 419, 141904.0, 3.058
2.0114995000039926, 420, 141893.0, 3.050
2.608991799992509, 421, 141868.0, 3.031
1.476856699999189, 422, 141868.0, 3.031
1.7376623000018299, 423, 141810.0, 2.989
2.2859902000054717, 424, 141810.0, 2.989
2.892982299992582, 425, 141797.0, 2.980
2.2623981999931857, 426, 141788.0, 2.973
1.87934580000001, 427, 141780.0, 2.967
2.563710699992953, 428, 141742.0, 2.940
2.284575900004711, 429, 141742.0, 2.940
2.4475235999998404, 430, 141715.0, 2.920
1.9879359000042314, 431, 141708.0, 2.915
2.3660330999991857, 432, 141669.0, 2.887
2.1920621000026586, 433, 141669.0, 2.887
1.8202543000079459, 434, 141668.0, 2.886
1.6451590999931796, 435, 141668.0, 2.886
1.2810738000116544, 436, 141668.0, 2.886
1.4115335999958916, 437, 141668.0, 2.886
1.4905481000023428, 438, 141668.0, 2.886
1.1948218000034103, 439, 141668.0, 2.886
1.2833680999901844, 440, 141668.0, 2.886
1.3793293000053382, 441, 141668.0, 2.886
1.3158006999874488, 442, 141668.0, 2.886
1.4228733999916585, 443, 141668.0, 2.886
1.3641957999934675, 444, 141668.0, 2.886
1.1412288999999873, 445, 141668.0, 2.886
1.367659099996672, 446, 141668.0, 2.886
1.209335799998371, 447, 141668.0, 2.886
1.3230346000054851, 448, 141668.0, 2.886
1.289746299997205, 449, 141668.0, 2.886
1.2512152999988757, 450, 141668.0, 2.886
1.5192054000071948, 451, 141668.0, 2.886
1.416694900006405, 452, 141668.0, 2.886
1.308266400010325, 453, 141668.0, 2.886
1.404151999988244, 454, 141668.0, 2.886
1.16442570000072, 455, 141668.0, 2.886
1.2328904000023613, 456, 141668.0, 2.886
1.23784240000532, 457, 141668.0, 2.886
1.1737584999937098, 458, 141668.0, 2.886
1.2136960000061663, 459, 141668.0, 2.886
1.342957499990007, 460, 141668.0, 2.886
1.6549556999962078, 461, 141664.0, 2.883
1.212568499991903, 462, 141638.0, 2.864
1.3893451000039931, 463, 141638.0, 2.864
1.3754626000009011, 464, 141638.0, 2.864
1.2905029999965336, 465, 141638.0, 2.864
1.451984100000118, 466, 141638.0, 2.864
1.268791099995724, 467, 141638.0, 2.864
1.5400881000095978, 468, 141638.0, 2.864
1.3081001000100514, 469, 141638.0, 2.864
1.3137324999988778, 470, 141638.0, 2.864
1.3540433999878587, 471, 141638.0, 2.864
1.2918872000009287, 472, 141638.0, 2.864
1.7658177999983309, 473, 141548.0, 2.799
1.5211833999928785, 474, 141548.0, 2.799
1.3797332999965874, 475, 141548.0, 2.799
2.409050800008117, 476, 141548.0, 2.799
2.5751988000120036, 477, 141548.0, 2.799
3.140031100003398, 478, 141528.0, 2.784
2.070540799992159, 479, 141528.0, 2.784
1.3442069000011543, 480, 141523.0, 2.781
1.2866058999934467, 481, 141523.0, 2.781
1.2485448999941582, 482, 141500.0, 2.764
1.3985649999958696, 483, 141500.0, 2.764
1.4371660000033444, 484, 141498.0, 2.763
1.5412153999932343, 485, 141498.0, 2.763
1.405283000000054, 486, 141498.0, 2.763
1.4274911999964388, 487, 141498.0, 2.763
1.3390425000106916, 488, 141498.0, 2.763
1.3699381000042195, 489, 141498.0, 2.763
1.434779700008221, 490, 141498.0, 2.763
1.3964090999943437, 491, 141498.0, 2.763
1.3340549999993527, 492, 141498.0, 2.763
1.2440859000053024, 493, 141498.0, 2.763
1.3137305999989621, 494, 141498.0, 2.763
1.3076294000056805, 495, 141498.0, 2.763
1.3075744999950984, 496, 141490.0, 2.757
1.4345355999976164, 497, 141490.0, 2.757
1.3101760999998078, 498, 141490.0, 2.757
1.241778700001305, 499, 141490.0, 2.757
1.4446123999950942, 500, 141490.0, 2.757
1.2958230999938678, 501, 141490.0, 2.757
1.2867834999924526, 502, 141490.0, 2.757
1.1689393000124255, 503, 141490.0, 2.757
1.5479976999922656, 504, 141490.0, 2.757
1.322817499996745, 505, 141490.0, 2.757
1.305890300005558, 506, 141490.0, 2.757
1.5267747999896528, 507, 141490.0, 2.757
1.375586399997701, 508, 141490.0, 2.757
1.4829363000026206, 509, 141490.0, 2.757
1.3206934000045294, 510, 141490.0, 2.757
1.2159339000063483, 511, 141490.0, 2.757
1.3229466000047978, 512, 141490.0, 2.757
1.179086100004497, 513, 141490.0, 2.757
1.4465723000030266, 514, 141490.0, 2.757
1.4680269999953452, 515, 141490.0, 2.757
1.263933399997768, 516, 141490.0, 2.757
1.409330799986492, 517, 141490.0, 2.757
1.2122472999908496, 518, 141490.0, 2.757
1.4277389999915613, 519, 141490.0, 2.757
1.3515729000064312, 520, 141490.0, 2.757
1.3232398999971338, 521, 141490.0, 2.757
1.241780900003505, 522, 141490.0, 2.757
1.2783920000074431, 523, 141490.0, 2.757
1.3578736999916146, 524, 141490.0, 2.757
1.1398367999936454, 525, 141490.0, 2.757
1.217413199992734, 526, 141490.0, 2.757
1.3128603999939514, 527, 141490.0, 2.757
1.2778739000059431, 528, 141490.0, 2.757
1.2708194000006188, 529, 141490.0, 2.757
1.2753718999883858, 530, 141490.0, 2.757
1.2887481999932788, 531, 141490.0, 2.757
1.2141106000053696, 532, 141490.0, 2.757
1.4002725000027567, 533, 141490.0, 2.757
1.167768300001626, 534, 141490.0, 2.757
1.2368357999948785, 535, 141490.0, 2.757
1.4331948000035482, 536, 141490.0, 2.757
1.6336220999946818, 537, 141482.0, 2.751
1.6189575000025798, 538, 141482.0, 2.751
1.186096000004909, 539, 141482.0, 2.751
1.1998885999928461, 540, 141482.0, 2.751
1.5272984000039287, 541, 141482.0, 2.751
1.2893286000035005, 542, 141482.0, 2.751
1.2605206000007456, 543, 141482.0, 2.751
1.4013266999972984, 544, 141482.0, 2.751
1.583287499990547, 545, 141482.0, 2.751
1.3312836999975843, 546, 141482.0, 2.751
1.324856599996565, 547, 141482.0, 2.751
1.5682048000016948, 548, 141482.0, 2.751
1.484130600001663, 549, 141482.0, 2.751
1.3602290999988327, 550, 141482.0, 2.751
1.2422181000001729, 551, 141482.0, 2.751
1.3571392000012565, 552, 141482.0, 2.751
1.0762015999935102, 553, 141482.0, 2.751
1.5041918999922927, 554, 141482.0, 2.751
1.3877767999947537, 555, 141482.0, 2.751
1.480075700004818, 556, 141482.0, 2.751
1.4456905000115512, 557, 141482.0, 2.751
1.4831336999923224, 558, 141482.0, 2.751
1.252960499987239, 559, 141482.0, 2.751
1.176679399999557, 560, 141482.0, 2.751
1.4119955000060145, 561, 141482.0, 2.751
1.3748806999938097, 562, 141482.0, 2.751
1.485707400002866, 563, 141482.0, 2.751
1.2452656000095885, 564, 141482.0, 2.751
1.2681716000079177, 565, 141482.0, 2.751
1.1557503000076395, 566, 141482.0, 2.751
1.345863399998052, 567, 141482.0, 2.751
1.3502487000077963, 568, 141481.0, 2.750
1.4698159999970812, 569, 141468.0, 2.741
2.630123100010678, 570, 141458.0, 2.734
2.8540127000014763, 571, 141454.0, 2.731
3.15086429999792, 572, 141441.0, 2.721
3.180469400002039, 573, 141435.0, 2.717
2.6702740999899106, 574, 141432.0, 2.715
2.6977842999913264, 575, 141424.0, 2.709
1.959784499995294, 576, 141424.0, 2.709
1.585810999997193, 577, 141415.0, 2.702
1.4989717999997083, 578, 141405.0, 2.695
1.4166146999923512, 579, 141398.0, 2.690
1.24619609999354, 580, 141398.0, 2.690
1.194581100004143, 581, 141398.0, 2.690
1.5166299999982584, 582, 141398.0, 2.690
1.341910499992082, 583, 141398.0, 2.690
1.2109086999989813, 584, 141398.0, 2.690
1.2718267000018386, 585, 141398.0, 2.690
1.467885899997782, 586, 141398.0, 2.690
1.2457833000080427, 587, 141398.0, 2.690
1.2471137000102317, 588, 141398.0, 2.690
1.3182247999939136, 589, 141398.0, 2.690
1.3140161000046646, 590, 141398.0, 2.690
1.44473730000027, 591, 141398.0, 2.690
1.3831146000011358, 592, 141398.0, 2.690
1.1693233999976655, 593, 141398.0, 2.690
1.530991699997685, 594, 141398.0, 2.690
1.3524534000025596, 595, 141398.0, 2.690
1.4813341000117362, 596, 141398.0, 2.690
1.5865587000007508, 597, 141398.0, 2.690
1.323676100000739, 598, 141398.0, 2.690
1.2031394000077853, 599, 141398.0, 2.690
1.4921414999989793, 600, 141398.0, 2.690
1.2102101000054972, 601, 141398.0, 2.690
1.3843098000070313, 602, 141398.0, 2.690
1.2256414000003133, 603, 141398.0, 2.690
1.4636082000070019, 604, 141398.0, 2.690
1.3232639999914682, 605, 141398.0, 2.690
1.5535235999996075, 606, 141398.0, 2.690
1.27467839999008, 607, 141398.0, 2.690
1.3470598999992944, 608, 141398.0, 2.690
1.448372200000449, 609, 141396.0, 2.689
1.235197200003313, 610, 141396.0, 2.689
1.3678136999951676, 611, 141396.0, 2.689
1.3863120000023628, 612, 141396.0, 2.689
1.2143052999890642, 613, 141396.0, 2.689
1.3109411000041291, 614, 141396.0, 2.689
1.389758300007088, 615, 141396.0, 2.689
1.3371543000102974, 616, 141396.0, 2.689
1.3576743000012357, 617, 141396.0, 2.689
1.2887657999963267, 618, 141396.0, 2.689
1.220554200001061, 619, 141396.0, 2.689
1.36831119999988, 620, 141396.0, 2.689
1.1722282999980962, 621, 141396.0, 2.689
1.231110599997919, 622, 141396.0, 2.689
1.3624094999977387, 623, 141396.0, 2.689
1.423752600006992, 624, 141396.0, 2.689
1.2104544000030728, 625, 141396.0, 2.689
1.6632193000114057, 626, 141396.0, 2.689
1.3810132000071462, 627, 141396.0, 2.689
1.4747156999947038, 628, 141396.0, 2.689
1.3363685999938753, 629, 141396.0, 2.689
1.3828796000016155, 630, 141396.0, 2.689
1.3681188999908045, 631, 141396.0, 2.689
1.3585809000069275, 632, 141396.0, 2.689
1.3117858000041451, 633, 141396.0, 2.689
1.254038799990667, 634, 141396.0, 2.689
1.4095418000069913, 635, 141396.0, 2.689
1.3159726000012597, 636, 141396.0, 2.689
1.5691148000041721, 637, 141396.0, 2.689
1.4261979999864707, 638, 141396.0, 2.689
1.2475915000104578, 639, 141396.0, 2.689
1.4325264999934006, 640, 141396.0, 2.689
1.3773618999985047, 641, 141396.0, 2.689
1.5294126999942819, 642, 141396.0, 2.689
1.367688199999975, 643, 141396.0, 2.689
1.351475899995421, 644, 141396.0, 2.689
1.3223512999975355, 645, 141396.0, 2.689
1.2491150999994716, 646, 141396.0, 2.689
1.239816899993457, 647, 141396.0, 2.689
1.1699560999986716, 648, 141396.0, 2.689
1.4563033000013093, 649, 141396.0, 2.689
1.4816793999925721, 650, 141396.0, 2.689
1.3903948000079254, 651, 141396.0, 2.689
1.2374163000058616, 652, 141396.0, 2.689
1.4679217000084464, 653, 141396.0, 2.689
1.3637529999978142, 654, 141396.0, 2.689
1.4733642999926815, 655, 141396.0, 2.689
1.3638691999949515, 656, 141396.0, 2.689
1.214333700001589, 657, 141396.0, 2.689
1.2295733000064502, 658, 141396.0, 2.689
1.3855676000093808, 659, 141396.0, 2.689

tour:
[ 631  615  614  613  612  611  610  609  608  607  606  605  624  604
  603  627  626  623  622  621  620  619  618  617  616  625  407  406
  405  404  403  402  401  400  393  392  391  380  379  378  381  377
  376  375  382  374  373  370  369  368  211  210  209  208  207  206
  198  205  204  203  202  201  363  348  200  199  197  188  189  136
  190  191  192  193  194  195   39   29   28   38   37   27   26   36
   35   25   24   67   34   33   32   23   22   21   31   30   20   19
    9    8    7   18   17   16    6    5    4   15   14    3   13   12
    2    1   11    0   10  161  133  162  160  163  164  165  134  135
  166  167  168  169  170  171  186  187  196  185  179  181  177  180
  178  176  175  174  173  172  183  182  343  336  335  342  341  340
  338  339  184  337  332  329  328  327  333  334  326  325  324  538
  537  524  525  536  535  533  534  532  531  529  526  522  519  520
  521  527  528  530  330  331  344  346  347  362  361  360  359  358
  357  356  367  366  365  355  354  353  562  563  558  561  560  559
  364  572  571  570  552  553  569  551  550  549  555  554  548  547
  546  556  557  568  567  566  565  564  352  351  350  349  345  544
  543  542  545  541  540  539  777  778  779  780  781  782  783  784
  785  786  820  796  819  818  817  821  816  815  814  813  812  811
  810  803  802  801  800  799  798  822  797  574  573  575  576  577
  578  579  580  586  587  588  589  590  602  601  600  599  598  597
  595  596  594  593  592  591  585  584  583  582  581  806  807  805
  804  809  808  850  827  826  825  824  993  992  823  991  990  989
  988  994  987  986  985  984  983  982  981  980  979  978  795  787
  794  793  792  791  788  790  789  968  969  970  971  972  974  973
  975  977  976 1074 1073 1072 1070 1071 1069 1068 1067 1075 1066 1065
  965  966  967  952  776  768  766  765  764  759  518  517  516  523
  515  758  760  761  762  763  767  775  774  773  772  771  770  769
  950  955  954  953  960  961  962  963  956  951  957  958  959  964
 1055 1054 1053 1057 1056 1050 1052 1051 1049 1048 1047 1058 1059 1060
 1061 1062 1063 1064 1199 1198 1197 1196 1187 1188 1189 1195 1194 1193
 1192 1191 1190 1180 1384 1376 1377 1378 1379 1380 1372 1381 1382 1388
 1387 1386 1385 1181 1182 1183 1184 1185 1186 1390 1389 1383 1375 1374
 1373 1371 1370 1369 1368 1367 1366 1365 1364 1363 1453 1452 1443 1444
 1451 1454 1455 1456 1457 1458 1461 1462 1460 1459 1450 1449 1448 1447
 1446 1445 1562 1555 1554 1553 1552 1543 1541 1586 1583 1585 1584 1582
 1581 1579 1580 1578 1574 1573 1572 1571 1570 1569 1575 1568 1567 1576
 1566 1565 2269 2261 2259 2278 2286 2297 2298 2314 2315 2414 2318 2316
 2317 2319 2313 2311 2312 2299 2296 2300 2301 2310 2309 2308 2303 2302
 2295 2304 2305 2306 2307 2327 2326 2324 2320 2325 2321 2322 2323 2348
 2347 2350 2349 2351 2353 2352 2346 2345 2344 2389 2388 2390 2391 2392
 2393 2394 2395 2413 2412 2410 2408 2406 2405 2403 2387 2386 2385 2384
 2383 2382 2381 2380 2340 2339 2337 2338 2341 2343 2342 2294 2293 2292
 2291 2290 2289 2288 2287 2279 2280 2281 2282 2283 2284 2285 2277 2335
 2331 2267 2266 2260 2265 2264 2263 2262 2268 2270 2271 2272 2273 2274
 1609 2275 2276 2328 2330 2332 2334 2336 2379 2378 2377 2376 2375 2374
 2373 2402 2404 2407 2523 2526 2524 2525 2548 2547 2546 2409 2411 2565
 2566 2567 2549 2568 2587 2586 2585 2584 2604 2605 2606 2607 2608 2588
 2569 2572 2570 2551 2550 2527 2516 2528 2529 2530 2531 2532 2533 2534
 2535 2519 2518 2504 2503 2517 2502 2481 2480 2501 2500 2499 2478 2479
 2471 2470 2469 2477 2498 2497 2476 2475 2496 2495 2468 2446 2447 2426
 2425 2400 2398 2396 2415 2416 2417 2418 2419 2420 2421 2422 2423 2424
 2435 2457 2456 2455 2434 2433 2432 2431 2362 2430 2429 2428 2427 2448
 2449 2450 2451 2452 2453 2454 2482 2483 2484 2505 2520 2521 2536 2559
 2578 2577 2558 2557 2556 2555 2554 2573 2574 2592 2591 2625 2553 2552
 2571 2590 2589 2609 2610 2611 2612 2593 2613 2614 2594 2575 2576 2595
 2615 2616 2596 2597 2617 2618 2598 2599 2619 2620 2600 2601 2621 2622
 2623 2603 2602 2583 2564 2563 2626 2581 2580 2582 2579 2560 2537 2538
 2561 2562 2539 2540 2541 2542 2543 2544 2545 2522 2514 2493 2473 2492
 2513 2512 2491 2490 2511 2510 2489 2488 2509 2508 2487 2486 2507 2506
 2485 2472 2458 2459 2460 2461 2462 2441 2440 2439 2438 2437 1713 1712
 1711 1759 1760 1761 1762 1758 1757 1755 1756 1754 1790 1789 1808 1809
 1791 1810 1792 1793 1811 1794 1795 1763 2443 2442 2463 2464 2465 2444
 2466 2467 2445 2627 2628 2629 2630 2631 2170 2169 2168 2167 2166 2165
 2164 2149 2125 2150 2151 2152 2153 2154 2155 2156 2157 2158 2171 2172
 2173 2159 2160 2174 2175 2161 2162 2163 2176 2177 2201 2202 2203 2204
 2194 2193 2192 2191 2189 2178 2188 2179 2136 2180 2187 2195 2205 2206
 2196 2197 2207 2208 2209 2198 2190 2199 2200 2210 2212 2231 2232 2233
 2234 2235 2236 2254 2253 2738 2737 2736 2252 2735 2734 2213 2666 2780
 2745 2746 2747 2748 2749 2782 2797 2796 2795 2794 2793 2781 2710 2732
 2733 2731 2730 2728 2729 2727 2726 2724 2725 2723 2721 2719 2717 2715
 2713 2711 2712 2848 2858 2857 2847 2703 2702 2701 2688 2678 2679 2689
 2690 2680 2704 2705 2706 2707 2708 2714 2716 2718 2720 2722 2709 2650
 2651 2652 2653 2654 2655 2656 2657 2658 2659 2660 2661 2662 2649 2648
 2663 2664 2647 2665 2646 2645 2644 2643 2642 2641 2640 2638 2637 2639
 2677 2676 2675 2636 2673 2674 2684 2685 2686 2687 2700 2699 2698 2697
 2696 2683 2682 2695 2694 2693 2681 2671 2672 2635 2632 2633 2634 2670
 2669 2668 2667 2474 2494 2515 2691 2692 2845 2849 2871 2894 2870 2869
 2916 2624 2958 3033 2959 2938 2917 2939 2960 2961 2940 2919 2918 2896
 2900 2895 2872 2850 2846 2851 2873 2874 2852 2853 2854 2876 2875 2897
 2920 2898 2899 2921 2942 2941 2962 2963 2964 2943 2922 2923 2901 2979
 2878 2877 2855 2856 2879 2880 2903 2902 2924 2925 2926 2927 2948 2947
 2946 2945 2944 2965 2966 2967 2968 2969 2970 2971 2972 2973 2974 2975
 2976 2977 2956 2955 2954 2933 2911 2912 2934 2935 2913 2914 2891 2890
 2889 2888 2887 2910 2932 2953 2952 2951 2930 2931 2909 2886 2885 2908
 2907 2929 2950 2949 2928 2906 2905 2904 2881 2882 2883 2884 2859 2860
 2861 2862 2863 2864 2865 2866 2867 2868 2893 2892 2915 2937 2936 2957
 2978 3034 3035 3018 3015 3016 3019 3017 2989 2988 2987 2986 2985 2984
 2981 2983 3014 3013 2982 2980 2819 2820 2821 2826 2822 2823 2827 2828
 2829 2825 2824 2798 2799 2800 2783 2784 2802 2801 2814 2830 2832 2833
 2992 2993 3001 2991 2990 3020 3021 3023 3022 3002 3003 3004 3005 3024
 3025 3027 3026 3007 3006 2994 2995 2996 2997 3008 3029 3028 3009 3010
 3011 3030 3031 3032 3036 3037 3012 3000 2999 2998 2843 2844 2842 2841
 2840 2839 2818 2838 2837 2836 2835 2834 2816 2831 2815 2803 2804 2785
 2786 2805 2787 2806 2817 2807 2808 2809 2810 2811 2812 2813 2791 2792
 2779 2768 2767 2778 2777 2766 2762 2763 2764 2258 2251 2250 2249 2248
 2247 2246 2245 2244 2222 2243 2242 2257 2755 2756 2757 2758 2759 2760
 2761 2765 2776 2790 2775 2774 2789 2788 2773 2772 2771 2770 2769 2754
 2753 2752 2751 2750 2744 2739 2740 2741 2742 2743 2255 2237 2238 2239
 2240 2256 2241 2221 2143 2144 2145 2147 2146 2223 2224 2225 2148 2226
 2227 2228 2229 2230 2124 2122 2121 2123 2120 2119 2118 2117 2116 2115
 2114 2099 2100 2101 2102 2103 2109 2104 2110 2111 2112 2113 2108 2107
 2106 2105 2012 2013 2014 2015 2005 2002 2001 2000 2004 1999 1991 1998
 2011 2010 2009 2008 2007 2006 2003 1993 1994 1995 1996 1997 1990 1989
 1907 1906 1905 1908 1909 1910 1911 1912 1992 1913 1914 1915 1903 1902
 1892 1891 1901 1900 1904 1899 1890 1898 1897 1896 1895 1894 1893 1888
 1889 1336 1337 1338 1339 1340 1341 1342 1343 1344 1345 1356 1358 1359
 1357 1355 1354 1353 1352 1347 1346 1351 1350 1360 1361 1349 1348 1335
 1318 1317 1316 1315 1314 1313 1312 1310 1311 1309 1308 1296 1295 1294
 1293 1292 1290 1291 1289 1288 1287 1282 1299 1298 1300 1301 1302 1297
 1303 1304 1305 1306 1307 1138 1129 1137 1128 1136 1135 1127 1134 1133
 1126 1132 1131 1115 1114 1097 1096 1095 1093 1094 1092 1091 1090 1089
 1088 1087 1086 1085 1084 1083 1022 1021 1020 1019 1012  849  848  847
  846  845 1010 1011 1016 1017 1018 1715 1714 1717 1720 1684 1685 1723
 1686 1687 1724 1725 1721 1719 1718 1716 1722 1768 1796 1767 1766 1765
 1764 1098 1099 1102 1256 1103 1100 1104 1105 1106 1107 1108 1109 1110
 1111 1112 1113 1101 1116 1117 1286 1285 1284 1283 1281 1825 1280 1279
 1278 1277 1276 1275 1274 1268 1273 1271 1270 1272 1269 1257 1258 1259
 1267 1260 1261 1262 1263 1264 1265 1266 1824 1823 1822 1829 1832 1835
 1839 1837 1836 1838 1842 1843 1844 1845 1846 1847 1848 1849 1850 1851
 1862 1864 1865 1866 1867 1868 1869 1870 1871 1872 1873 1874 1875 1876
 1877 1878 1977 1976 1975 1974 1973 1972 1971 1885 1884 1879 1887 1886
 1880 1881 1882 1883 1863 1969 1970 1979 1978 1981 1982 1983 1984 1980
 1985 1986 1987 1988 2030 2031 2097 2098 2089 2088 2087 2086 2085 2084
 2083 2082 2028 2027 2029 2081 2070 2069 2068 2067 2066 2075 2074 2073
 2072 2071 2079 2139 2080 2090 2091 2092 2093 2094 2140 2141 2095 2096
 2142 2220 2219 2218 2217 2216 2215 2214 2211 2138 2185 2184 2183 2186
 2182 2181 2137 2076 2077 2078 2062 2135 2134 2133 2059 2045 2060 2024
 2063 2061 2064 2065 2026 2025 1962 1961 1950 1951 1952 1949 1953 1954
 1958 1960 1963 1964 1965 1966 1967 1968 1959 1955 1956 1957 1860 1861
 1852 1853 1854 1855 1856 1857 1858 1859 1841 1840 1947 1948 2023 1946
 1944 1945 1931 1930 1943 1942 1941 1940 1939 1938 1937 1936 1923 1924
 1916 1833 1917 1925 1918 1926 1927 1928 1929 1834 1831 1830 1828 1821
 1820 1819 1818 1817 1816 1827 1815 1814 1826 1813 1812 1798 1773 1772
 1771 1770 1797 1769 1727 1726 1731 1733 1734 1737 1738 1774 1775 1776
 1777 1778 1799 1800 1919 1920 1921 1922 1935 1934 1933 1932 2018 2019
 2020 2021 2022 2040 2041 2042 2043 2044 2058 2057 2056 2055 2054 2053
 2039 2038 2052 2051 2037 2036 2035 2034 2033 2017 2016 2032 2046 2047
 2048 2049 2050 2130 2132 2131 2129 2128 2127 2126 1806 1807 1788 1787
 1748 1786 1785 1805 1804 1784 1783 1782 1803 1781 1802 1801 1780 1779
 1740 1741 1742 1743 1744 1745 1746 1747 1749 1750 1751 1752 1753 1708
 1709 1710 1672 1670 1671 1669 1668 1667 1666 1665 1664 1663 1662 1631
 1630 1620 1619 1618 1623 1622 1624 1621 1629 1628 1627 1626 1649 1632
 1633 1650 1661 1660 1659 1658 1657 1651 1652 1656 1655 1654 1653 1639
 1638 1637 1636 1635 1634 1648 1647 1646 1645 1644 1643 1642 1640 1641
 1681 1707 1706 1705 2436 1704 1703 1702 1701 1680 1679 1700 1699 1698
 1697 1696 1695 1739 1694 1693 1692 1691 1690 1729 1735 1736 1732 1730
 1728 1689 1688 1678 1250 1249 1248 1247 1240 1246 1251 1252 1253 1254
 1255 1241 1242 1243 1244 1245 1239 1233 1234 1235 1236 1237 1238 1442
 1441 1440 1430 1439 1438 1437 1436 1433 1435 1232 1231 1230 1229 1228
 1227 1431 1432 1429 1428 1418 1419 1420 1421 1422 1423 1424 1425 1427
 1426 1540 1539 1538 1537 1536 1535 1534 1533 1531 1532 1528 1527 1524
 1523 1522 1521 1520 1519 1518 1517 1514 1513 1512 1515 1516 1511 1510
 1509 1508 1507 1506 1505 1504 1503 1525 1526 1498 1497 1496 1495 1476
 1475 1474 1473 1472 1471 1470 1480 1469 1468 1481 1467 1608 1607 1606
 1605 1604 1602 1603 1601 1600 1599 1598 1597 1596 1595 1594 1593 1592
 1591 1590 1589 1587 1588 1625 1614 1615 1616 1617 2354 2356 2357 2358
 2359 2360 2361 2397 2399 2401 2363 2364 2365 2372 2371 2366 2367 2370
 2368 2369 2333 2355 2329 1612 1613 1611 1610 1577 1563 1550 1549 1548
 1547 1546 1545 1542 1544 1551 1556 1557 1558 1559 1560 1561 1564 1463
 1464 1465 1466 1391 1392 1393 1400 1401 1402 1403 1404 1405 1406 1407
 1408 1409 1410 1411 1412 1415 1413 1414 1399 1398 1397 1396 1395 1394
 1492 1491 1483 1484 1485 1482 1486 1487 1488 1479 1478 1477 1489 1490
 1494 1493 1502 1500 1499 1529 1530 1501 1417 1416 1434 1214 1213 1212
 1211 1210 1209 1208 1207 1202 1201 1206 1205 1204 1200 1203 1226 1225
 1224 1223 1222 1076 1077 1078 1079 1080 1081 1219 1220 1221 1218 1217
 1216 1215 1082  995  996  997  998  999 1000 1001 1002 1004 1003 1005
 1006 1007 1008 1677 1676 1675 1683 1682 1674 1673 1013 1014 1015 1009
  843  842  828  829  830  844  831  832  833  834  835  838  839  836
  837  851  841  840  857  852  853  854  858  859  860  861  862  863
  864  865  866  867  878  877 1028 1027  876  875  874 1026 1025  873
  872 1024  871  870  869  868 1023 1030 1031 1032 1033 1034 1035 1036
 1037 1038 1039 1040 1029 1042 1041  879  880  881  882  883  884  885
  886  887  888  889  890  899  922  688  687  686  685  684  683  682
  681  680  678  679  676  675  642  641  640  856  639  638  637  855
  636  635  634  633  643  653  652  650  651  647  649  648  646  645
  644  673  672  674  449  450  457  451  452  453  458  465  464  463
  462  461  459  454  455  456  468  469  470  471  472  473  474  489
  490  491  492  493  494  745  495  496  497  498  499  500  511  746
  744  743  742  741  740  735  739  738  737  736  702  703  704  705
  706  707  708  709  712  710  711  713  714  715  654  677  699  698
  700  701  697  696  694  695  693  692  691  690  689  733  732  731
  730  734  729  728  727  726  723  722  721  720  719  718  716  717
  901  902  903  904  905  906  907  910  724  725  911  908  909  912
  913  914  915  916  917  918  919  920  921  900 1044  898  897  896
  895  894  893  892  891 1043 1118 1119 1120 1121 1122 1123 1124 1125
 1130 1147 1149 1150 1139 1140 1141 1142 1143 1144 1045 1046 1146 1145
 1158 1157 1156 1155 1154 1148 1153 1152 1151 1320 1319 1321 1322 1323
 1324 1325 1326 1327 1328 1329 1330 1331 1332 1159 1160 1334 1333 1362
 1170 1171 1172 1173 1174 1175 1176 1177 1178 1179 1169 1168 1167 1166
 1165 1164 1163 1162 1161  938  939  940  941  942  943  944  949  948
  946  947  937  930  933  932  929  936  945  928  931  927  926  925
  924  935  934  923  747  748  749  750  751  752  753  754  755  756
  757  514  512  513  159  158  157  156  131  132  155  130  129  128
  127  126  154  153  125  124  152  151  150  123  122  121  120  146
  147  148  149  145  144  118  119  117  116  115  114  300  302  303
  305  304  312  313  306  307  314  315  316  317  318  319  308  309
  320  321  310  311  322  323  501  502  503  504  505  506  507  508
  509  510  478  477  479  480  481  482  483  486  487  484  475  476
  485  488  460  298  297  296  295  294  293  466  467  292  283  285
  286  287  288  289  290  291  301  299  112  113  110  109  108   97
  107   96   95   94   93   92   91  111   90   89   88   98   99  100
  101  102  103  104  105  106  143  142  141  284  274  273  140  272
  271  270  269  268  267  266  250  249  248  254  247  246  253  245
  139  244  243  258  259  260  261  262  263  264  265  282  281  280
  279  278  277  276  275  441  442  443  444  445  446  447  439  448
  440  421  422  423  424  425  426  427  428  429  430  257  256  255
  252  240  251  241  242  138   80   81   82   83   84   85   86   87
   77   76   75   74   73   72   71   70   69   79   78   68   56   55
   54   53   52   51   50   49   48   47   46   45   57   41   40   42
   44   43  214  215  216  222  217   58   59   60   61   62   63   64
   65   66  137  239  221  220  219  218  223  224  225  234  233  232
  226  231  230  229  228  227  212  213  371  372  390  389  388  387
  386  385  384  383  431  235  236  237  238  399  397  396  395  398
  394  420  419  418  417  416  415  414  413  412  411  410  408  409
  630  629  628  660  432  433  434  435  436  437  438  671  670  669
  668  667  666  665  664  663  662  661  659  656  655  657  658  632]

eliteFit: 141396.0
percentError: 2.688570308074426
computationTime: 1217.746s