instanceName: pcb3038
n: 3038
optFit: 137694

genTime, gen, eliteFit, percentError:
0.003917099995305762, 0, 5277852.0, 3733.030
11.87852899999416, 1, 154801.0, 12.424
7.326143400001456, 2, 153925.0, 11.788
7.200907000005827, 3, 152662.0, 10.870
6.949864800000796, 4, 151773.0, 10.225
6.783244199992623, 5, 151043.0, 9.695
6.740345800004434, 6, 150202.0, 9.084
6.599247899997863, 7, 150202.0, 9.084
6.506304300011834, 8, 149984.0, 8.926
6.412555900009465, 9, 149256.0, 8.397
6.030833700002404, 10, 149256.0, 8.397
6.210083400001167, 11, 149218.0, 8.369
6.158380900000338, 12, 148849.0, 8.101
6.100538500002585, 13, 148396.0, 7.772
6.546597100008512, 14, 148309.0, 7.709
6.554727900002035, 15, 148151.0, 7.594
6.604652499998338, 16, 148082.0, 7.544
6.154380699998001, 17, 147955.0, 7.452
6.285101000001305, 18, 147827.0, 7.359
6.461799800003064, 19, 147525.0, 7.140
5.78970360000676, 20, 147525.0, 7.140
5.67783960000088, 21, 147181.0, 6.890
6.228010599996196, 22, 146998.0, 6.757
5.8881276000029175, 23, 146873.0, 6.666
5.791296199997305, 24, 146873.0, 6.666
6.113363299999037, 25, 146753.0, 6.579
5.758609500000603, 26, 146753.0, 6.579
4.498347700005979, 27, 146669.0, 6.518
2.9836854000022868, 28, 146635.0, 6.493
3.804419699998107, 29, 146432.0, 6.346
4.232386899995618, 30, 146425.0, 6.341
4.388495599996531, 31, 146300.0, 6.250
4.722034899998107, 32, 146300.0, 6.250
5.040567000003648, 33, 146009.0, 6.039
5.063519399991492, 34, 146009.0, 6.039
4.740834199998062, 35, 145881.0, 5.946
5.042850900004851, 36, 145850.0, 5.923
5.023003100010101, 37, 145850.0, 5.923
5.388650100008817, 38, 145736.0, 5.840
5.3818770999932894, 39, 145437.0, 5.623
4.957134199998109, 40, 145437.0, 5.623
4.645505599997705, 41, 145426.0, 5.615
3.552749700000277, 42, 145313.0, 5.533
3.5507293000118807, 43, 145246.0, 5.485
3.484071500002756, 44, 145115.0, 5.389
2.899327799997991, 45, 144993.0, 5.301
3.418708199998946, 46, 144940.0, 5.262
3.0793490999931237, 47, 144785.0, 5.150
3.2662568999949144, 48, 144716.0, 5.100
3.647157100000186, 49, 144642.0, 5.046
2.9136341999983415, 50, 144595.0, 5.012
3.3811651000141865, 51, 144574.0, 4.997
3.347751799999969, 52, 144531.0, 4.965
2.977211899997201, 53, 144411.0, 4.878
2.9338643999944907, 54, 144309.0, 4.804
2.7657571000017924, 55, 144301.0, 4.798
2.417327800008934, 56, 144266.0, 4.773
1.9822383999999147, 57, 144266.0, 4.773
1.8478321000002325, 58, 144198.0, 4.724
1.541238699996029, 59, 144198.0, 4.724
2.605335100000957, 60, 144189.0, 4.717
2.21923109999625, 61, 144133.0, 4.676
1.642849900003057, 62, 144124.0, 4.670
1.510020000001532, 63, 144124.0, 4.670
1.608474299995578, 64, 144118.0, 4.665
1.7874562999932095, 65, 144118.0, 4.665
1.2739875999977812, 66, 144113.0, 4.662
1.1972535999957472, 67, 144113.0, 4.662
1.4207495000009658, 68, 144109.0, 4.659
1.4311144999956014, 69, 144109.0, 4.659
1.1614523000025656, 70, 144109.0, 4.659
1.4250142999953823, 71, 144107.0, 4.657
1.3178639999969164, 72, 144107.0, 4.657
1.3999643999995897, 73, 144107.0, 4.657
1.3178553000034299, 74, 144107.0, 4.657
1.3933594999980414, 75, 144107.0, 4.657
1.310349799998221, 76, 144107.0, 4.657
1.238188800009084, 77, 144107.0, 4.657
1.3458163000032073, 78, 144107.0, 4.657
1.3605587000056403, 79, 144107.0, 4.657
1.3994897000084165, 80, 144107.0, 4.657
1.2830079999985173, 81, 144107.0, 4.657
1.482122999994317, 82, 144107.0, 4.657
1.2354505999974208, 83, 144107.0, 4.657
1.724864299991168, 84, 144107.0, 4.657
1.490259199999855, 85, 144096.0, 4.649
1.2347930999967502, 86, 144096.0, 4.649
1.361976299987873, 87, 144096.0, 4.649
1.5767974999907892, 88, 143972.0, 4.559
1.687348399995244, 89, 143966.0, 4.555
1.919948499999009, 90, 143892.0, 4.501
2.4891460000071675, 91, 143875.0, 4.489
2.1757692000101088, 92, 143838.0, 4.462
2.1099990000075195, 93, 143823.0, 4.451
1.9708864999993239, 94, 143747.0, 4.396
2.192847599988454, 95, 143740.0, 4.391
2.209734000003664, 96, 143690.0, 4.355
2.284170600003563, 97, 143621.0, 4.304
1.8869596000004094, 98, 143581.0, 4.275
1.9723230999952648, 99, 143567.0, 4.265
1.6585898000048473, 100, 143538.0, 4.244
1.6638018999947235, 101, 143533.0, 4.241
1.7901395999942906, 102, 143523.0, 4.233
1.5646325999987312, 103, 143436.0, 4.170
1.6619421999930637, 104, 143436.0, 4.170
1.9157016999961343, 105, 143402.0, 4.145
1.4932174000132363, 106, 143402.0, 4.145
1.7241842999937944, 107, 143381.0, 4.130
1.70348529999319, 108, 143381.0, 4.130
1.8247042000002693, 109, 143381.0, 4.130
1.5020662000024458, 110, 143371.0, 4.123
1.4261415999935707, 111, 143352.0, 4.109
1.5459045000025071, 112, 143352.0, 4.109
1.3607576999929734, 113, 143342.0, 4.102
1.5631040000007488, 114, 143339.0, 4.100
1.6424268999980995, 115, 143339.0, 4.100
1.303230400008033, 116, 143332.0, 4.095
1.2187258000049042, 117, 143332.0, 4.095
1.387486399995396, 118, 143332.0, 4.095
1.4448586999933468, 119, 143332.0, 4.095
1.2367916000075638, 120, 143332.0, 4.095
1.3217658999928972, 121, 143332.0, 4.095
1.3050502999976743, 122, 143332.0, 4.095
1.4796555999928387, 123, 143332.0, 4.095
1.299652600006084, 124, 143330.0, 4.093
1.3056397000036668, 125, 143330.0, 4.093
1.419557100001839, 126, 143303.0, 4.074
1.2671206000086386, 127, 143303.0, 4.074
1.501173899989226, 128, 143303.0, 4.074
1.3124091000063345, 129, 143303.0, 4.074
1.2190903999871807, 130, 143303.0, 4.074
1.2770690999896033, 131, 143303.0, 4.074
1.5062433999992209, 132, 143303.0, 4.074
1.2456299999903422, 133, 143303.0, 4.074
1.3618101000029128, 134, 143303.0, 4.074
1.3362198999966495, 135, 143303.0, 4.074
1.448889599996619, 136, 143288.0, 4.063
1.3918900999997277, 137, 143234.0, 4.023
1.3501182000036351, 138, 143219.0, 4.013
1.536324999993667, 139, 143219.0, 4.013
1.8658790000044974, 140, 143214.0, 4.009
1.4711820999946212, 141, 143150.0, 3.962
1.424451600003522, 142, 143150.0, 3.962
1.5381666000030236, 143, 143145.0, 3.959
1.437639700001455, 144, 143145.0, 3.959
1.3249346000084188, 145, 143145.0, 3.959
1.2806425000017043, 146, 143145.0, 3.959
1.3667935999983456, 147, 143072.0, 3.906
1.601311699996586, 148, 143072.0, 3.906
1.3442142999992939, 149, 143052.0, 3.891
1.3796385000023292, 150, 143052.0, 3.891
1.5690193000045838, 151, 143052.0, 3.891
1.4155773999955272, 152, 143047.0, 3.888
1.2346523999876808, 153, 143047.0, 3.888
1.4763872000039555, 154, 143029.0, 3.875
1.6000881000072695, 155, 142979.0, 3.838
1.3660815999901388, 156, 142979.0, 3.838
1.3298108000017237, 157, 142979.0, 3.838
1.266387499999837, 158, 142979.0, 3.838
1.3094369000027655, 159, 142979.0, 3.838
1.2808512000046903, 160, 142979.0, 3.838
1.3019696999981534, 161, 142979.0, 3.838
1.3052981000073487, 162, 142979.0, 3.838
1.2225782000023173, 163, 142979.0, 3.838
1.304432499993709, 164, 142979.0, 3.838
1.3470133999944665, 165, 142979.0, 3.838
1.3035410000011325, 166, 142979.0, 3.838
1.2725311999965925, 167, 142979.0, 3.838
1.4706194000027608, 168, 142979.0, 3.838
1.3332240000017919, 169, 142979.0, 3.838
1.3782397999893874, 170, 142979.0, 3.838
1.2920863000035752, 171, 142979.0, 3.838
1.494042400008766, 172, 142979.0, 3.838
1.3748138999944786, 173, 142979.0, 3.838
1.3459841000003507, 174, 142979.0, 3.838
1.3235310000018217, 175, 142979.0, 3.838
1.5150609999982407, 176, 142979.0, 3.838
1.3019750000094064, 177, 142979.0, 3.838
1.3043555000040215, 178, 142979.0, 3.838
1.4343724000063958, 179, 142979.0, 3.838
1.353307199999108, 180, 142979.0, 3.838
1.3024849000066752, 181, 142979.0, 3.838
1.223612999994657, 182, 142963.0, 3.827
1.3938421999919228, 183, 142963.0, 3.827
1.2337032000068575, 184, 142925.0, 3.799
1.361507600013283, 185, 142925.0, 3.799
1.2822895999997854, 186, 142918.0, 3.794
1.4178562000015518, 187, 142918.0, 3.794
1.4377357000048505, 188, 142918.0, 3.794
1.3508079000021098, 189, 142918.0, 3.794
1.2612083999993047, 190, 142918.0, 3.794
1.4730628999968758, 191, 142880.0, 3.766
1.6988847000029637, 192, 142880.0, 3.766
1.5647134999890113, 193, 142880.0, 3.766
2.888301600003615, 194, 142880.0, 3.766
1.90436359999876, 195, 142880.0, 3.766
2.7127624999993714, 196, 142880.0, 3.766
3.1776589000073727, 197, 142880.0, 3.766
3.68704340000113, 198, 142880.0, 3.766
3.991583700000774, 199, 142849.0, 3.744
2.8562497999955667, 200, 142849.0, 3.744
2.314729699995951, 201, 142849.0, 3.744
2.104154499989818, 202, 142849.0, 3.744
2.5661469000042416, 203, 142849.0, 3.744
2.638841299994965, 204, 142849.0, 3.744
3.322713000001386, 205, 142849.0, 3.744
3.374788400004036, 206, 142849.0, 3.744
4.146982299993397, 207, 142849.0, 3.744
4.318751600003452, 208, 142849.0, 3.744
2.4252006000024267, 209, 142849.0, 3.744
1.1854619999940041, 210, 142849.0, 3.744
1.3845239000074798, 211, 142849.0, 3.744
1.1865885000006529, 212, 142849.0, 3.744
1.2663293999939924, 213, 142849.0, 3.744
1.1888828999944963, 214, 142849.0, 3.744
1.3828666000044905, 215, 142849.0, 3.744
1.2328566999931354, 216, 142849.0, 3.744
1.7146384000079706, 217, 142849.0, 3.744
1.200426299998071, 218, 142849.0, 3.744
1.5692479999997886, 219, 142849.0, 3.744
1.45017419999931, 220, 142784.0, 3.697
1.2159905000007711, 221, 142784.0, 3.697
1.6628051000006963, 222, 142784.0, 3.697
1.8013586000015493, 223, 142784.0, 3.697
1.4637296000000788, 224, 142784.0, 3.697
1.4276818999933312, 225, 142784.0, 3.697
1.3398173000023235, 226, 142784.0, 3.697
1.175278900002013, 227, 142784.0, 3.697
1.4472832000028575, 228, 142784.0, 3.697
1.2003441999986535, 229, 142784.0, 3.697
1.215671800004202, 230, 142784.0, 3.697
1.39974429999711, 231, 142784.0, 3.697
1.1889643000031356, 232, 142784.0, 3.697
1.2907948999927612, 233, 142714.0, 3.646
1.47187509998912, 234, 142714.0, 3.646
2.0797485999937635, 235, 142714.0, 3.646
1.7133987999986857, 236, 142701.0, 3.636
1.5550366999959806, 237, 142656.0, 3.604
1.6502335000113817, 238, 142656.0, 3.604
1.2790935999946669, 239, 142656.0, 3.604
1.464406200000667, 240, 142656.0, 3.604
1.361433099998976, 241, 142631.0, 3.585
1.609648700003163, 242, 142631.0, 3.585
1.7836083000001963, 243, 142599.0, 3.562
2.4006337000027997, 244, 142563.0, 3.536
2.973625600003288, 245, 142540.0, 3.519
2.65497139999934, 246, 142540.0, 3.519
2.5481194999883883, 247, 142490.0, 3.483
2.698604699995485, 248, 142483.0, 3.478
3.0014528000028804, 249, 142444.0, 3.450
2.163883999994141, 250, 142444.0, 3.450
2.801572500000475, 251, 142444.0, 3.450
3.2600356999901123, 252, 142410.0, 3.425
2.889571400010027, 253, 142397.0, 3.416
2.3640741999988677, 254, 142371.0, 3.397
2.141888400001335, 255, 142366.0, 3.393
2.015858399987337, 256, 142337.0, 3.372
2.8543027999985497, 257, 142337.0, 3.372
2.710450700004003, 258, 142337.0, 3.372
3.5999292000051355, 259, 142328.0, 3.365
4.266937200009124, 260, 142317.0, 3.357
3.331697100002202, 261, 142211.0, 3.280
2.5782992000022205, 262, 142211.0, 3.280
1.630236299999524, 263, 142196.0, 3.270
1.4633966999972472, 264, 142195.0, 3.269
1.355431200005114, 265, 142153.0, 3.238
1.6974388000089675, 266, 142140.0, 3.229
1.5969307999912417, 267, 142088.0, 3.191
2.1765312000061385, 268, 142088.0, 3.191
1.5377722999983234, 269, 141956.0, 3.095
1.4494855999946594, 270, 141956.0, 3.095
1.5866933000070276, 271, 141956.0, 3.095
1.5317936999927042, 272, 141956.0, 3.095
1.6461752000031993, 273, 141956.0, 3.095
1.222530300001381, 274, 141956.0, 3.095
1.2676209000055678, 275, 141956.0, 3.095
1.392457199995988, 276, 141956.0, 3.095
1.2413257000007434, 277, 141933.0, 3.079
1.1447134999907576, 278, 141933.0, 3.079
1.422496900006081, 279, 141933.0, 3.079
1.3290501000010408, 280, 141933.0, 3.079
1.275709800000186, 281, 141933.0, 3.079
1.2356881000014255, 282, 141933.0, 3.079
1.4260467999993125, 283, 141933.0, 3.079
1.6598168000055011, 284, 141933.0, 3.079
1.1787305000034394, 285, 141933.0, 3.079
1.2768728000082774, 286, 141933.0, 3.079
1.1907434000022477, 287, 141933.0, 3.079
1.2142134000023361, 288, 141933.0, 3.079
1.27505990001373, 289, 141933.0, 3.079
1.2232127000024775, 290, 141933.0, 3.079
1.4231011999945622, 291, 141933.0, 3.079
1.2859965999959968, 292, 141933.0, 3.079
1.257336499998928, 293, 141933.0, 3.079
1.368670199997723, 294, 141933.0, 3.079
1.596951600004104, 295, 141933.0, 3.079
1.4490003999962937, 296, 141933.0, 3.079
1.238653800013708, 297, 141933.0, 3.079
1.3411285999900429, 298, 141933.0, 3.079
1.2298769999906654, 299, 141933.0, 3.079
1.6609100000059698, 300, 141933.0, 3.079
1.381924600005732, 301, 141933.0, 3.079
1.3060998000000836, 302, 141933.0, 3.079
1.2261443000024883, 303, 141933.0, 3.079
1.3712602000014158, 304, 141933.0, 3.079
1.2644170999992639, 305, 141933.0, 3.079
1.3564249000046402, 306, 141933.0, 3.079
1.4202919999952428, 307, 141933.0, 3.079
1.1848815999983344, 308, 141933.0, 3.079
1.308721900000819, 309, 141933.0, 3.079
1.3749265000078594, 310, 141933.0, 3.079
1.6491208999941591, 311, 141933.0, 3.079
1.3782914000039455, 312, 141933.0, 3.079
1.30018900000141, 313, 141933.0, 3.079
1.152397400001064, 314, 141933.0, 3.079
1.3052484000072582, 315, 141933.0, 3.079
1.653987400000915, 316, 141933.0, 3.079
1.382913199995528, 317, 141885.0, 3.044
1.565598700006376, 318, 141885.0, 3.044
1.3455145000043558, 319, 141885.0, 3.044
1.6610827000113204, 320, 141885.0, 3.044
1.3492995999986306, 321, 141885.0, 3.044
1.2685170999902766, 322, 141885.0, 3.044
1.4989112000039313, 323, 141885.0, 3.044
1.552627199998824, 324, 141885.0, 3.044
1.376901399999042, 325, 141885.0, 3.044
1.1749735000048531, 326, 141885.0, 3.044
1.426728300008108, 327, 141885.0, 3.044
1.4235485000099288, 328, 141884.0, 3.043
1.4856105999933789, 329, 141884.0, 3.043
1.7216327000060119, 330, 141884.0, 3.043
1.3997140999999829, 331, 141884.0, 3.043
1.3116182000085246, 332, 141884.0, 3.043
1.3371762000024319, 333, 141884.0, 3.043
1.2391648000048008, 334, 141884.0, 3.043
1.6043446999974549, 335, 141884.0, 3.043
1.224748599997838, 336, 141884.0, 3.043
1.2318710000108695, 337, 141884.0, 3.043
1.2709215999930166, 338, 141875.0, 3.036
1.299584299995331, 339, 141875.0, 3.036
1.4128719000000274, 340, 141875.0, 3.036
1.3311393999902066, 341, 141875.0, 3.036
1.3069250999978976, 342, 141875.0, 3.036
1.028841300008935, 343, 141875.0, 3.036
1.4012921999965329, 344, 141875.0, 3.036
1.1934381000028225, 345, 141875.0, 3.036
1.457860399998026, 346, 141875.0, 3.036
1.3972804999939399, 347, 141875.0, 3.036
1.2517017999925883, 348, 141875.0, 3.036
1.3030609999987064, 349, 141875.0, 3.036
1.3111877999908756, 350, 141875.0, 3.036
1.4250830999953905, 351, 141875.0, 3.036
1.2657541000080528, 352, 141875.0, 3.036
1.3697449999890523, 353, 141875.0, 3.036
1.271377199998824, 354, 141875.0, 3.036
1.353998299993691, 355, 141863.0, 3.028
1.5223855000076583, 356, 141863.0, 3.028
1.2814857000048505, 357, 141849.0, 3.018
1.5170975000073668, 358, 141837.0, 3.009
1.5303616000019247, 359, 141837.0, 3.009
1.556349999998929, 360, 141837.0, 3.009
1.3445704999903683, 361, 141837.0, 3.009
1.2267882000014652, 362, 141823.0, 2.999
1.5419413999916287, 363, 141823.0, 2.999
1.330081699998118, 364, 141823.0, 2.999
1.4681056999979774, 365, 141822.0, 2.998
1.1523049999959767, 366, 141822.0, 2.998
1.3192424000008032, 367, 141822.0, 2.998
1.2776718999957666, 368, 141822.0, 2.998
1.2256252999941353, 369, 141822.0, 2.998
1.2438797999930102, 370, 141822.0, 2.998
1.3612218000052962, 371, 141822.0, 2.998
1.3257468999945559, 372, 141822.0, 2.998
1.4042914000019664, 373, 141822.0, 2.998
1.504018099993118, 374, 141822.0, 2.998
1.2343364999978803, 375, 141822.0, 2.998
1.2779229000007035, 376, 141822.0, 2.998
1.3730590000050142, 377, 141822.0, 2.998
1.4891279000003124, 378, 141822.0, 2.998
1.3168338000104995, 379, 141822.0, 2.998
1.4368280000053346, 380, 141822.0, 2.998
1.3797188000025926, 381, 141822.0, 2.998
1.424036199998227, 382, 141822.0, 2.998
1.2705969999951776, 383, 141822.0, 2.998
1.3201651999988826, 384, 141822.0, 2.998
1.6618968000111636, 385, 141822.0, 2.998
1.2858972999965772, 386, 141822.0, 2.998
1.4322831999888876, 387, 141822.0, 2.998
1.4351287000026787, 388, 141822.0, 2.998
1.6432135999930324, 389, 141822.0, 2.998
1.4880815999931656, 390, 141822.0, 2.998
1.498344999999972, 391, 141822.0, 2.998
1.3084928000025684, 392, 141822.0, 2.998
1.3729067999956897, 393, 141822.0, 2.998
1.2237694999930682, 394, 141822.0, 2.998
1.7092142999899806, 395, 141822.0, 2.998
1.2287221000005957, 396, 141822.0, 2.998
1.2715775999968173, 397, 141822.0, 2.998
1.2573997999861604, 398, 141822.0, 2.998
1.4940171000052942, 399, 141822.0, 2.998
1.2857382999936817, 400, 141822.0, 2.998
1.2275024999980815, 401, 141822.0, 2.998
1.3058961999922758, 402, 141822.0, 2.998
1.2591444999998203, 403, 141822.0, 2.998
1.3691812000033678, 404, 141822.0, 2.998
1.2993703999964055, 405, 141822.0, 2.998
1.5662827000051038, 406, 141801.0, 2.983
1.7477977000089595, 407, 141765.0, 2.957
2.317340500012506, 408, 141765.0, 2.957
3.273510700004408, 409, 141765.0, 2.957
2.9180043999949703, 410, 141765.0, 2.957
4.018015399997239, 411, 141765.0, 2.957
4.135651400007191, 412, 141751.0, 2.946
3.41916659999697, 413, 141751.0, 2.946
2.021727800005465, 414, 141751.0, 2.946
1.83273479998752, 415, 141751.0, 2.946
1.8759685999975773, 416, 141751.0, 2.946
2.539349900005618, 417, 141751.0, 2.946
2.5576116000011098, 418, 141751.0, 2.946
3.203175899994676, 419, 141751.0, 2.946
3.055898200007505, 420, 141741.0, 2.939
1.5149157999985619, 421, 141741.0, 2.939
1.1799174000043422, 422, 141741.0, 2.939
1.4336757999990368, 423, 141698.0, 2.908
1.2483600999985356, 424, 141698.0, 2.908
1.3989031999954022, 425, 141691.0, 2.903
1.568137399997795, 426, 141680.0, 2.895
1.2138314000039827, 427, 141680.0, 2.895
1.1793093000014778, 428, 141680.0, 2.895
1.536319499995443, 429, 141680.0, 2.895
1.3985288000112632, 430, 141680.0, 2.895
1.42762240000593, 431, 141680.0, 2.895
1.329212999989977, 432, 141680.0, 2.895
1.4783928999968339, 433, 141680.0, 2.895
1.2702369000035105, 434, 141680.0, 2.895
1.3915903000015533, 435, 141680.0, 2.895
1.399246700006188, 436, 141680.0, 2.895
1.480516700001317, 437, 141666.0, 2.885
1.3189060000004247, 438, 141666.0, 2.885
1.2472510000079637, 439, 141643.0, 2.868
1.2492157999949995, 440, 141643.0, 2.868
1.3209535999922082, 441, 141643.0, 2.868
1.3267667000036454, 442, 141643.0, 2.868
1.305062800005544, 443, 141643.0, 2.868
1.386326400010148, 444, 141643.0, 2.868
1.2968982999882428, 445, 141643.0, 2.868
1.2510754999966593, 446, 141643.0, 2.868
1.4440066999959527, 447, 141643.0, 2.868
1.2258492000109982, 448, 141643.0, 2.868
1.3801744999946095, 449, 141643.0, 2.868
1.5114902000059374, 450, 141643.0, 2.868
1.7671804999990854, 451, 141643.0, 2.868
1.421770299988566, 452, 141643.0, 2.868
1.2972741999983555, 453, 141643.0, 2.868
1.2377792000042973, 454, 141643.0, 2.868
1.5491134000039892, 455, 141643.0, 2.868
1.291073399988818, 456, 141643.0, 2.868
1.204626399994595, 457, 141643.0, 2.868
1.553118900003028, 458, 141622.0, 2.853
1.292971500006388, 459, 141622.0, 2.853
1.3806295000104, 460, 141622.0, 2.853
1.7207456000032835, 461, 141622.0, 2.853
1.4861114000086673, 462, 141622.0, 2.853
1.6058571000030497, 463, 141622.0, 2.853
1.254610000003595, 464, 141622.0, 2.853
1.3572707999992417, 465, 141622.0, 2.853
1.1835152999992715, 466, 141622.0, 2.853
1.333639200005564, 467, 141622.0, 2.853
1.2943847999995342, 468, 141622.0, 2.853
1.381166499995743, 469, 141622.0, 2.853
1.2617524999950547, 470, 141622.0, 2.853
1.2535649000055855, 471, 141622.0, 2.853
1.4266814000002341, 472, 141622.0, 2.853
1.4563226000027498, 473, 141602.0, 2.838
1.3362936999910744, 474, 141602.0, 2.838
1.2435841000115033, 475, 141602.0, 2.838
1.4526052000001073, 476, 141602.0, 2.838
1.3713381999987178, 477, 141602.0, 2.838
1.343337700003758, 478, 141602.0, 2.838
1.3914106000011088, 479, 141602.0, 2.838
1.217006200007745, 480, 141602.0, 2.838
1.2578445999970427, 481, 141602.0, 2.838
1.2751487999921665, 482, 141602.0, 2.838
1.2062319999968167, 483, 141602.0, 2.838
1.2181959000008646, 484, 141512.0, 2.773
1.5879649999988033, 485, 141512.0, 2.773
1.3374979000072926, 486, 141512.0, 2.773
1.259971299994504, 487, 141512.0, 2.773
1.1854279999970458, 488, 141512.0, 2.773
1.3171689000009792, 489, 141512.0, 2.773
1.5772614000015892, 490, 141512.0, 2.773
1.1306186000001617, 491, 141512.0, 2.773
1.2545313000009628, 492, 141512.0, 2.773
1.1984290999971563, 493, 141512.0, 2.773
1.3388236999890069, 494, 141512.0, 2.773
1.2436192000022857, 495, 141512.0, 2.773
1.266663200003677, 496, 141512.0, 2.773
1.2764183999970555, 497, 141445.0, 2.724
1.544912800003658, 498, 141445.0, 2.724
2.025361200008774, 499, 141430.0, 2.713
3.0746935999923153, 500, 141430.0, 2.713
1.8112612999975681, 501, 141430.0, 2.713
1.4442129000090063, 502, 141430.0, 2.713
1.3611060999974143, 503, 141430.0, 2.713
1.4659512000071118, 504, 141430.0, 2.713
1.3559208999940893, 505, 141430.0, 2.713
1.4080492000066442, 506, 141430.0, 2.713
1.4259434999985388, 507, 141430.0, 2.713
1.3591767000034451, 508, 141430.0, 2.713
1.3720725999883143, 509, 141430.0, 2.713
1.2873222999915015, 510, 141430.0, 2.713
1.2032222999987425, 511, 141430.0, 2.713
1.3952074000117136, 512, 141430.0, 2.713
1.3069182999897748, 513, 141425.0, 2.710
1.2070466000004672, 514, 141425.0, 2.710
1.3716638000041712, 515, 141405.0, 2.695
1.2345825000084005, 516, 141405.0, 2.695
1.2142918999888934, 517, 141405.0, 2.695
1.1307600000000093, 518, 141405.0, 2.695
1.2747210000088671, 519, 141405.0, 2.695
1.4107174999953713, 520, 141405.0, 2.695
1.471644599994761, 521, 141405.0, 2.695
1.2462278000020888, 522, 141405.0, 2.695
1.4448887999897124, 523, 141405.0, 2.695
1.4041450999939116, 524, 141405.0, 2.695
1.2221793000062462, 525, 141405.0, 2.695
1.3433657999994466, 526, 141405.0, 2.695
1.211441500010551, 527, 141405.0, 2.695
1.5275959999999031, 528, 141405.0, 2.695
1.243602300004568, 529, 141405.0, 2.695
1.3988552000082564, 530, 141405.0, 2.695
1.4047600999911083, 531, 141405.0, 2.695
1.5493904000031762, 532, 141405.0, 2.695
1.3748144999990473, 533, 141405.0, 2.695
1.2165481999982148, 534, 141405.0, 2.695
1.4350636000017403, 535, 141405.0, 2.695
1.5179058999929111, 536, 141405.0, 2.695
1.6442900999973062, 537, 141405.0, 2.695
1.225616900002933, 538, 141405.0, 2.695
1.5672510999866063, 539, 141405.0, 2.695
1.4396358999947552, 540, 141405.0, 2.695
1.1715931999933673, 541, 141405.0, 2.695
1.3273198000097182, 542, 141405.0, 2.695
1.397745299997041, 543, 141405.0, 2.695
1.266999899991788, 544, 141405.0, 2.695
1.455928600000334, 545, 141405.0, 2.695
1.5477473999926588, 546, 141405.0, 2.695
1.2806904000026407, 547, 141405.0, 2.695
1.380916599999182, 548, 141405.0, 2.695
1.3726777999982005, 549, 141405.0, 2.695
1.4337436000059824, 550, 141405.0, 2.695
1.288643799998681, 551, 141382.0, 2.678
1.2817562999989605, 552, 141382.0, 2.678
1.2470755999966059, 553, 141382.0, 2.678
1.3219307000108529, 554, 141382.0, 2.678
1.4411693000001833, 555, 141382.0, 2.678
1.2997372999961954, 556, 141382.0, 2.678
1.2397333000117214, 557, 141382.0, 2.678
1.2808817000041017, 558, 141382.0, 2.678
1.3053381000063382, 559, 141382.0, 2.678
1.4125748999940697, 560, 141382.0, 2.678
1.3984500000078697, 561, 141382.0, 2.678
1.2927783999912208, 562, 141382.0, 2.678
1.5282855999976164, 563, 141382.0, 2.678
1.3900577000022167, 564, 141382.0, 2.678
1.2236299999931362, 565, 141382.0, 2.678
1.1838737000070978, 566, 141382.0, 2.678
1.2075905999954557, 567, 141382.0, 2.678
1.2683747999981279, 568, 141382.0, 2.678
1.549723999996786, 569, 141374.0, 2.673
1.3128257999924244, 570, 141374.0, 2.673
1.661186400000588, 571, 141374.0, 2.673
1.268616800007294, 572, 141374.0, 2.673
1.4150005999981659, 573, 141374.0, 2.673
1.4802420000050915, 574, 141374.0, 2.673
1.5523268999968423, 575, 141374.0, 2.673
1.3300334000086877, 576, 141374.0, 2.673
1.5443721000046935, 577, 141374.0, 2.673
1.2137997000099858, 578, 141374.0, 2.673
1.3759651000000304, 579, 141374.0, 2.673
1.5433080999937374, 580, 141374.0, 2.673
1.347556299995631, 581, 141374.0, 2.673
1.3715139999985695, 582, 141374.0, 2.673
1.3417043999943417, 583, 141374.0, 2.673
1.3389345000032336, 584, 141374.0, 2.673
1.2417178999894531, 585, 141374.0, 2.673
1.270506300003035, 586, 141374.0, 2.673
1.467804600004456, 587, 141374.0, 2.673
1.248021899999003, 588, 141374.0, 2.673
1.3484470999974292, 589, 141374.0, 2.673
1.258851799997501, 590, 141374.0, 2.673
1.391940400004387, 591, 141374.0, 2.673
1.23823529999936, 592, 141374.0, 2.673
1.3024150999990525, 593, 141374.0, 2.673
1.3254053999989992, 594, 141374.0, 2.673
1.2514821999939159, 595, 141374.0, 2.673
1.377073299998301, 596, 141374.0, 2.673
1.2059977000026265, 597, 141374.0, 2.673
1.4669266000128118, 598, 141374.0, 2.673
1.3942414000048302, 599, 141374.0, 2.673
1.3577557999960845, 600, 141374.0, 2.673
1.0786041999963345, 601, 141374.0, 2.673
1.2559267000033287, 602, 141365.0, 2.666
1.4912731000076747, 603, 141364.0, 2.665
1.6372183000057703, 604, 141354.0, 2.658
1.632273700000951, 605, 141353.0, 2.657
1.6818969000014476, 606, 141347.0, 2.653
1.711696699989261, 607, 141347.0, 2.653
1.3269724999991013, 608, 141347.0, 2.653
1.3217835999967065, 609, 141347.0, 2.653
1.423471200003405, 610, 141347.0, 2.653
1.654949799994938, 611, 141347.0, 2.653
1.399225999994087, 612, 141343.0, 2.650
1.260496000002604, 613, 141343.0, 2.650
1.5229040999984136, 614, 141343.0, 2.650
1.4360489999962738, 615, 141343.0, 2.650
1.5034021999890683, 616, 141343.0, 2.650
1.4589035999961197, 617, 141343.0, 2.650
1.2768270000087796, 618, 141343.0, 2.650
1.684496300003957, 619, 141343.0, 2.650
1.4024839000048814, 620, 141343.0, 2.650
1.3565059999964433, 621, 141343.0, 2.650
1.6361728999909246, 622, 141343.0, 2.650
1.4090850000065984, 623, 141343.0, 2.650
1.2252869000076316, 624, 141343.0, 2.650
1.2869692999956897, 625, 141343.0, 2.650
1.3934713999915402, 626, 141343.0, 2.650
1.4509148000070127, 627, 141343.0, 2.650
1.466352999996161, 628, 141343.0, 2.650
1.104785899995477, 629, 141343.0, 2.650
1.391438399994513, 630, 141343.0, 2.650
1.5401791000040248, 631, 141343.0, 2.650
1.478118999992148, 632, 141343.0, 2.650
1.4193820000073174, 633, 141336.0, 2.645
1.4170546999957878, 634, 141336.0, 2.645
1.1730146000045352, 635, 141336.0, 2.645
1.3180405000020983, 636, 141336.0, 2.645
1.4325520999991568, 637, 141336.0, 2.645
1.202363599993987, 638, 141336.0, 2.645
1.2626984999951674, 639, 141336.0, 2.645
1.2957948999974178, 640, 141336.0, 2.645
1.3412743999942904, 641, 141336.0, 2.645
1.5896706000057748, 642, 141336.0, 2.645
1.209294400003273, 643, 141300.0, 2.619
1.467531800008146, 644, 141300.0, 2.619
1.593332399992505, 645, 141300.0, 2.619
1.3217302999983076, 646, 141300.0, 2.619
1.230847700004233, 647, 141300.0, 2.619
1.4083417000074405, 648, 141300.0, 2.619
1.28218989999732, 649, 141300.0, 2.619
1.2725912000023527, 650, 141300.0, 2.619
1.18638070000452, 651, 141300.0, 2.619
1.466422400000738, 652, 141300.0, 2.619
1.5276345000020228, 653, 141300.0, 2.619
1.2880851000081748, 654, 141300.0, 2.619
1.4892490999918664, 655, 141300.0, 2.619
1.2416113999934169, 656, 141300.0, 2.619
1.330022399997688, 657, 141300.0, 2.619
1.211546599995927, 658, 141300.0, 2.619
1.313871399994241, 659, 141300.0, 2.619
1.363346800004365, 660, 141300.0, 2.619
1.3396244999894407, 661, 141300.0, 2.619
1.2885676000005333, 662, 141300.0, 2.619
1.2884177999949316, 663, 141300.0, 2.619
1.360202299998491, 664, 141300.0, 2.619
1.238907199993264, 665, 141300.0, 2.619
1.421539400005713, 666, 141300.0, 2.619
1.466040300001623, 667, 141300.0, 2.619
1.1757909000007203, 668, 141300.0, 2.619
1.2161616999947, 669, 141297.0, 2.617
1.2203215999907115, 670, 141297.0, 2.617
1.4577529999951366, 671, 141297.0, 2.617
1.1103336999949533, 672, 141297.0, 2.617
1.39914160000626, 673, 141297.0, 2.617
1.4175856000074418, 674, 141297.0, 2.617
1.2767350999929477, 675, 141297.0, 2.617
1.3086589000013191, 676, 141297.0, 2.617
1.3994087999890326, 677, 141297.0, 2.617
1.1267450000013923, 678, 141297.0, 2.617
1.3572488000063458, 679, 141297.0, 2.617
1.5881028000003425, 680, 141297.0, 2.617
1.3088264999969397, 681, 141297.0, 2.617
1.2465603000018746, 682, 141297.0, 2.617
1.2843524000054458, 683, 141297.0, 2.617
1.2506615999882342, 684, 141297.0, 2.617
1.258334800004377, 685, 141297.0, 2.617
1.2483792000130052, 686, 141297.0, 2.617
1.1560116000036942, 687, 141297.0, 2.617
1.2496503000002122, 688, 141297.0, 2.617
1.4967803999898024, 689, 141297.0, 2.617
1.2316866000037408, 690, 141297.0, 2.617
1.3710310000024037, 691, 141297.0, 2.617
1.2549828000046546, 692, 141297.0, 2.617
1.376081599999452, 693, 141297.0, 2.617
1.466550199998892, 694, 141297.0, 2.617
1.2312885000137612, 695, 141297.0, 2.617
1.2688058000057936, 696, 141297.0, 2.617
1.362100800004555, 697, 141297.0, 2.617
1.3313660999992862, 698, 141297.0, 2.617
1.3090702000044985, 699, 141297.0, 2.617
1.445594999997411, 700, 141297.0, 2.617
1.3546691999945324, 701, 141297.0, 2.617
1.2830237000016496, 702, 141297.0, 2.617
1.3986811000067974, 703, 141297.0, 2.617
1.4453835999884177, 704, 141297.0, 2.617
1.365922099997988, 705, 141297.0, 2.617
1.30447550000099, 706, 141297.0, 2.617
1.5158711999974912, 707, 141297.0, 2.617
1.4646008999989135, 708, 141297.0, 2.617
1.4059657999896444, 709, 141297.0, 2.617
1.3104786000039894, 710, 141297.0, 2.617
1.7749229999899399, 711, 141297.0, 2.617
1.2872382000059588, 712, 141297.0, 2.617
1.642152399988845, 713, 141297.0, 2.617
1.215606600002502, 714, 141297.0, 2.617
1.445468300007633, 715, 141297.0, 2.617
1.4716021999920486, 716, 141297.0, 2.617
1.2139344999886816, 717, 141297.0, 2.617
1.3286437999922782, 718, 141297.0, 2.617
1.5807815000007395, 719, 141297.0, 2.617

tour:
[2046 2032 2016 2017 2033 2034 2035 2036 2037 2022 2039 2038 2052 2053
 2054 2040 2041 2042 2055 2056 2057 2058 2043 2044 2045 2023 1946 1944
 1945 1931 1930 1943 1942 1929 1928 1941 1940 1939 1938 1937 1924 1925
 1917 1918 1926 1927 1834 1832 1831 1830 1828 1833 1916 1923 1936 2021
 2020 2019 2018 1932 1933 1934 1935 1922 1921 1920 1919 1800 1799 1777
 1776 1775 1774 1738 1737 1734 1733 1731 1726 1722 1768 1797 1769 1727
 1770 1771 1772 1773 1798 1812 1813 1826 1814 1815 1827 1816 1257 1258
 1259 1817 1818 1819 1820 1821 1829 1822 1823 1824 1266 1265 1264 1263
 1262 1261 1260 1267 1268 1275 1274 1273 1271 1270 1272 1269 1256 1102
 1103 1100 1104 1105 1106 1107 1108 1109 1276 1277 1278 1279 1113 1112
 1111 1110 1094 1095 1093 1092 1091 1090 1089 1088 1087 1086 1085 1084
 1083 1099 1098 1796 1767 1766 1765 1764 1716 1718 1719 1721 1717 1714
 1715 1017 1018 1019 1020 1021 1012  849  848  847  846  845 1010 1011
 1016 1015 1014 1013 1009  844  843  842  828  829  830  831  832  833
  834  835  851  837  836  838  839  614  613  612  611  610  609  608
  607  606  605  604  624  623  626  622  621  620  619  618  617  625
  616  615  631  632  840  841  857  852  858  859  860  854  853  634
  633  655  657  658  656  659  630  629  628  660  432  433  434  435
  661  662  664  663  436  437  438  665  666  667  668  669  670  671
  672  674  449  450  457  451  452  673  644  645  646  648  649  647
  651  650  652  653  643  635  636  855  637  638  639  856  640  641
  642  867  866  865  864  863  862  861  872  873  874  875  876 1027
 1026 1025 1024  871  870  869  868 1023 1022 1030 1031 1032 1033 1034
 1035 1036 1037 1038 1039 1040 1029 1028  877  878 1042 1041  879  880
  881  882  883  884  885  886  887  888  889  890  899  922  688  687
  686  685  684  683  682  681  680  678  679  675  676  654  677  699
  698  700  697  696  695  694  693  692  691  690  689  733  732  731
  730  734  729  728  727  726  723  722  721  720  719  718  716  717
  901  902  903  904  905  906  907  908  910  724  725  911  909  912
  913  914  915  916  917  918  919  920  900  921  898  897  896  895
  894  893  892  891 1043 1118 1119 1120 1121 1122 1123 1124 1125 1044
 1139 1140 1141 1142 1143 1144 1045 1046 1146 1145 1158 1159 1160 1334
 1333 1332 1331 1330 1329 1328 1318 1317 1316 1315 1314 1313 1312 1310
 1311 1308 1309 1862 1851 1864 1865 1866 1867 1868 1869 1870 1871 1872
 1873 1874 1875 1876 1878 1877 1879 1887 1886 1880 1881 1882 1883 1884
 1885 1972 1973 1974 1975 1976 1977 1988 1987 1986 1985 1980 1984 1983
 1982 1981 1978 1979 1971 1970 1969 1863 1860 1861 1852 1853 1854 1855
 1856 1857 1858 1859 1841 1838 1842 1843 1844 1845 1846 1847 1848 1850
 1849 1294 1296 1295 1293 1292 1290 1291 1289 1288 1287 1282 1299 1298
 1300 1301 1302 1297 1303 1304 1305 1306 1307 1319 1321 1320 1322 1323
 1324 1325 1326 1327 1156 1157 1155 1154 1148 1153 1152 1151 1150 1149
 1147 1130 1138 1129 1137 1128 1136 1135 1127 1134 1133 1126 1132 1131
 1115 1114 1097 1096 1101 1116 1117 1286 1285 1284 1283 1281 1280 1825
 1836 1837 1839 1835 1840 1947 1948 1950 1951 1952 1949 1953 1954 1955
 1956 1957 1959 1968 1967 1966 1965 1958 1964 1960 1963 1962 1961 2025
 2024 2063 2061 2064 2026 2065 2066 2067 2068 2069 2070 2081 2029 2027
 2028 2082 2083 2084 2085 2086 2087 2088 2089 2030 2031 2097 2098 2144
 2143 2221 2241 2242 2257 2755 2756 2757 2758 2759 2760 2765 2761 2762
 2766 2767 2768 2763 2764 2258 2251 2250 2249 2248 2247 2246 2245 2244
 2243 2222 2147 2145 2146 2223 2224 2225 2148 2226 2227 2228 2229 2230
 2124 2122 2121 2123 2120 2119 2118 2117 2116 2115 2114 2099 2100 2101
 2102 2103 2109 2104 2110 2105 2111 2112 2113 2108 2107 2106 2013 2014
 2015 2005 2002 2001 2000 2004 2012 2011 2010 2009 2008 2007 2006 2003
 1993 1994 1995 1996 1997 1998 1999 1992 1991 1990 1989 1908 1907 1906
 1905 1909 1910 1911 1912 1904 1913 1914 1915 1903 1902 1901 1900 1899
 1890 1898 1897 1896 1895 1894 1893 1888 1889 1335 1336 1337 1338 1339
 1340 1341 1342 1343 1344 1891 1892 1345 1356 1358 1359 1357 1355 1354
 1353 1352 1347 1346 1351 1350 1360 1349 1348 1361 1362 1170 1171 1172
 1173 1174 1175 1176 1177 1178 1179 1169 1168 1167 1166 1165 1164 1163
 1162 1161  938  939  940  934  935  941  942  943  944  949  948  945
  936  946  947  937  930  933  932  929  928  931  927  926  925  924
  923  747  748  749  750  751  752  753  754  755  756  757  514  512
  513  159  158  157  156  131  132  155  130  129  128  127  126  154
  153  152  125  124  123  151  150  122  121  120  146  147  148  149
  145  144  118  119  117  116  115  114  300  302  303  305  304  312
  313  314  306  307  315  316  317  318  308  319  320  309  310  311
  321  322  323  511  746  744  743  742  741  740  735  739  738  737
  736  489  490  491  492  493  494  745  495  496  497  498  499  500
  501  502  503  504  505  506  507  508  509  510  478  477  479  480
  481  482  483  486  487  484  485  475  476  456  713  712  468  469
  470  471  472  473  474  702  703  704  705  706  707  708  701  709
  710  711  715  714  455  454  453  458  464  465  466  467  441  442
  443  444  445  446  447  439  448  440  282  281  280  279  278  277
  276  275  283  292  293  294  295  296  297  298  461  462  463  459
  460  488  301  299  112  113  291  290  289  288  287  286  285  110
  109  108   97  107   96   95   94   93   92   91  111   90   89   88
   98   99  100  101  102  103  104  105  106  143  142  141  284  274
  273  140  272  271  270  269  268  267  266  250  249  248   86   87
   77   76   75   85   84   74   73   83  139  246  247  254  253  245
  244  243  242  138   79   80   81   82   72   71   70   69   68   78
   56   55   54   53   52   51   50   49   48   47   46   45   57   58
   59   60   61   62   63   64   65   66  137  239  240  251  241  252
  255  256  257  258  259  260  261  262  263  265  264  421  422  423
  424  425  426  427  428  429  430  398  394  420  419  418  417  416
  415  414  413  412  411  409  408  410  407  406  405  404  403  402
  401  400  627  603  393  392  395  396  397  391  380  379  378  381
  377  376  598  599  597  595  596  594  593  592  591  585  584  583
  582  806  807  808  850  827  826  825  824  993  992  823  991  990
  989  988  994  987  986  985  984  983  982  981  980  979  820  796
  819  822  818  817  821  816  815  814  813  812  811  810  809  805
  804  803  802  801  800  799  798  797  574  573  575  576  577  578
  579  580  581  586  587  588  589  590  600  601  602  373  374  375
  382  388  389  390  372  371  368  213  212  227  228  229  230  231
  226  232  386  387  385  384  383  235  431  399  238  237  236  234
  233  225  224  221  220  219  218  223  217  222  216  215  214   44
   43   41   40   42  211  210  195  194  193  192  191  190  189  136
   32   33   34   67   35   36   37   38   39   29   28   27   26   25
   24   23   22   21   20   30   31  188  187  186  171  170  169  168
  167  166  165  164  134  135   15   16   17   18   19    9    8    7
    6    5    4    3   14   13   12    2    1   11    0   10  161  133
  162  160  163  183  182  172  173  174  175  176  178  180  177  181
  179  185  196  197  200  348  363  201  202  203  204  205  198  206
  207  208  209  367  356  357  358  359  360  361  362  199  347  345
  544  543  542  556  557  568  567  566  565  564  349  350  351  352
  353  354  562  563  558  561  560  559  355  364  365  366  369  370
  572  571  570  552  569  553  786  785  784  787  794  795  978  977
  975  976 1074 1073 1072 1070 1071 1069 1068 1067 1075 1076 1077 1078
 1079 1080 1081 1219 1082  995  996  997  998  999 1000 1001 1002 1004
 1003 1005 1006 1007 1008 1677 1676 1675 1674 1673 1682 1683 1684 1720
 1685 1686 1723 1725 1724 1687 1688 1678 1250 1249 1248 1247 1240 1246
 1251 1245 1252 1253 1254 1255 1241 1242 1243 1244 1239 1233 1234 1235
 1236 1237 1238 1442 1441 1440 1430 1439 1438 1437 1436 1435 1232 1231
 1230 1229 1228 1227 1434 1431 1432 1433 1429 1417 1416 1414 1413 1415
 1412 1411 1410 1409 1408 1407 1202 1201 1406 1401 1400 1393 1392 1466
 1391 1402 1405 1404 1403 1200 1203 1204 1205 1206 1207 1208 1209 1210
 1211 1212 1213 1214 1215 1216 1217 1218 1220 1221 1222 1223 1224 1225
 1226 1066 1065  965  966  967  969  970  971  972  974  973  793  792
  791  788  790  789  968  778  777  539  540  779  780  781  782  783
  551  550  549  555  554  548  547  546  541  545  527  528  526  529
  531  532  533  535  534  326  334  333  327  328  329  530  330  331
  344  346  332  337  184  339  338  340  341  342  343  335  336  324
  325  538  537  536  525  524  523  515  516  517  518  522  519  520
  521  766  765  764  759  763  762  761  758  760  767  772  771  770
  769  950  953  954  955  962  963  956  957  951  773  774  775  768
  776  952  959  958  964 1055 1054 1053 1050 1057 1056 1052 1051  961
  960 1049 1048 1047 1058 1059 1060 1061 1062 1063 1064 1199 1198 1197
 1196 1195 1194 1193 1192 1191 1190 1180 1384 1377 1376 1366 1378 1379
 1380 1372 1381 1382 1388 1387 1386 1385 1181 1182 1183 1184 1189 1188
 1187 1185 1186 1390 1389 1383 1375 1374 1373 1371 1370 1369 1368 1367
 1365 1364 1363 1453 1452 1451 1454 1455 1456 1457 1458 1459 1450 1449
 1448 1447 1446 1445 1444 1443 1562 1554 1553 1552 1543 1542 1541 1586
 1583 1585 1584 1575 1576 1566 1565 1567 1568 1569 1570 1571 1572 1573
 1574 1577 1578 1579 1581 1582 1580 1550 1549 1548 1547 1546 1545 1544
 1551 1555 1556 1557 1558 1559 1560 1561 1563 1587 1589 1590 1588 1625
 1614 1615 1616 1617 1618 1623 1622 1619 1620 1621 1624 1629 1628 1627
 1626 1649 1648 1647 1646 1645 1644 1643 1642 1639 1638 1637 1636 1635
 1634 1632 1633 1650 1661 1660 1659 1658 1657 1651 1652 1656 1655 1654
 1653 1640 1641 1681 1707 1706 1705 2436 1704 1703 1702 1680 1679 1513
 1514 1512 1515 1511 1510 1509 1508 1507 1506 1505 1504 1503 1526 1498
 1497 1596 1597 1595 1593 1592 1591 1594 1598 1599 1600 1601 1603 1602
 1604 1605 1606 1607 1608 1564 1463 1464 1460 1461 1462 1465 1483 1481
 1467 1468 1469 1480 1470 1471 1472 1479 1478 1473 1474 1475 1476 1496
 1495 1477 1490 1489 1488 1487 1486 1482 1485 1484 1491 1492 1394 1395
 1396 1397 1398 1399 1493 1494 1502 1501 1500 1499 1529 1530 1531 1532
 1528 1527 1525 1524 1523 1522 1521 1520 1519 1516 1517 1518 1538 1537
 1536 1535 1534 1533 1418 1419 1428 1420 1421 1422 1423 1424 1539 1540
 1426 1425 1427 1695 1694 1693 1692 1691 1690 1689 1728 1729 1730 1732
 1736 1735 1739 1696 1697 1698 1699 1700 1701 1744 1743 1742 1741 1740
 1778 1779 1801 1780 1781 1802 1803 1782 1783 1784 1804 1805 1785 1786
 1787 1748 1749 1747 1746 1745 1750 1751 1752 1753 1708 1709 1710 1711
 1672 1670 1671 1669 1668 1667 1666 1665 1664 1663 1662 1631 1630 2396
 2415 2416 2417 2418 2419 2420 2421 2422 2423 2434 2433 2432 2431 2362
 2452 2453 2454 2455 2456 2457 2435 2424 1713 1712 1759 1760 1761 1762
 1758 1757 1755 1756 1792 1793 1811 1794 1795 2445 2467 2466 2444 1763
 2443 2465 2464 2463 2442 2441 2462 2461 2440 2439 2460 2459 2438 2437
 2458 2472 2485 2486 2487 2488 2489 2490 2491 2512 2511 2510 2509 2508
 2507 2506 2521 2520 2505 2484 2504 2483 2482 2503 2517 2518 2519 2535
 2534 2533 2532 2531 2530 2529 2528 2527 2516 2498 2497 2476 2477 2478
 2499 2500 2501 2502 2481 2480 2479 2471 2470 2469 2449 2450 2451 2430
 2429 2428 2427 2448 2447 2426 2425 2398 2400 2446 2468 2475 2496 2495
 2404 2402 2373 2374 2372 2375 2376 2377 2378 2379 2336 2333 2369 2368
 2370 2367 2366 2371 2365 2364 2363 2401 2399 2397 2361 2360 2359 2358
 2357 2354 2356 2355 2329 1612 1613 1611 1610 2328 2330 2331 2332 2334
 2335 2277 2267 2266 2275 2276 1609 2274 2273 2272 2271 2268 2270 2269
 2259 2261 2262 2263 2264 2265 2260 2283 2282 2281 2280 2279 2278 2286
 2287 2288 2289 2290 2291 2292 2284 2285 2293 2338 2337 2340 2339 2343
 2342 2341 2294 2305 2304 2306 2307 2308 2303 2295 2302 2309 2310 2313
 2301 2300 2311 2312 2299 2296 2297 2298 2314 2315 2414 2318 2316 2317
 2319 2324 2327 2326 2325 2320 2321 2322 2323 2348 2347 2345 2344 2346
 2349 2350 2351 2352 2353 2413 2412 2410 2395 2394 2393 2392 2391 2390
 2389 2388 2380 2381 2382 2383 2384 2385 2386 2387 2403 2405 2408 2406
 2407 2523 2526 2524 2525 2548 2567 2566 2547 2546 2409 2411 2565 2584
 2604 2605 2585 2586 2606 2607 2608 2587 2568 2549 2550 2551 2570 2572
 2569 2588 2589 2609 2610 2611 2591 2590 2625 2571 2552 2553 2554 2573
 2592 2612 2613 2614 2594 2593 2574 2555 2556 2575 2576 2557 2558 2577
 2596 2595 2615 2616 2617 2618 2619 2599 2598 2597 2578 2559 2536 2537
 2560 2579 2582 2580 2561 2538 2539 2562 2563 2540 2541 2542 2564 2583
 2602 2626 2581 2600 2620 2601 2621 2622 2623 2603 2624 2958 3033 2916
 2869 2545 2544 2543 2522 2513 2492 2473 2493 2514 2515 2494 2474 2667
 2668 2669 2691 2692 2693 2694 2681 2682 2695 2846 2850 2849 2845 2870
 2894 2871 2872 2873 2851 2852 2874 2896 2900 2895 2918 2917 2938 2959
 2960 2939 2940 2961 2962 2941 2920 2919 2897 2898 2921 2942 2963 2964
 2943 2944 2923 2922 2979 2899 2877 2878 2856 2855 2854 2876 2875 2853
 2698 2697 2696 2683 2684 2685 2686 2699 2700 2701 2688 2687 2677 2678
 2679 2680 2690 2689 2702 2703 2847 2858 2857 2879 2901 2902 2903 2880
 2848 2712 2711 2704 2705 2706 2707 2708 2714 2716 2717 2715 2713 2859
 2860 2885 2884 2883 2882 2881 2904 2905 2906 2928 2927 2948 2947 2926
 2925 2924 2946 2945 2965 2966 2967 2968 2969 2970 2949 2950 2971 2972
 2951 2930 2929 2907 2908 2909 2931 2952 2953 2973 2974 2975 2954 2955
 2934 2935 2956 2976 2977 2978 2957 2936 3034 2937 2915 2892 2893 2868
 2867 2866 2865 2864 2863 2888 2911 2889 2890 2891 2914 2913 2912 2933
 2932 2910 2887 2886 2861 2862 2723 2721 2719 2718 2720 2709 2722 2724
 2725 2727 2726 2728 2729 2731 2733 2732 2730 2710 2781 2793 2794 2795
 2796 2797 2798 2782 2783 2800 2799 2823 2824 2825 2829 2828 2827 2822
 2826 2821 2820 2819 2980 2982 2983 2981 2984 2985 3014 3013 3035 3018
 3015 3016 2986 2987 2988 2989 3017 3019 3021 3020 2990 2991 2992 2993
 2994 2995 2996 3007 3006 3024 3005 3004 3003 3002 3001 3022 3023 3025
 3027 3026 3008 2997 2998 3009 3028 3029 3031 3032 3036 3037 3012 3030
 3011 3010 2999 3000 2844 2842 2841 2843 2840 2839 2818 2838 2837 2836
 2835 2834 2816 2831 2833 2832 2830 2814 2801 2784 2802 2803 2815 2804
 2805 2785 2786 2787 2806 2817 2807 2808 2809 2810 2811 2812 2813 2791
 2792 2779 2778 2777 2776 2790 2775 2774 2789 2788 2773 2772 2771 2770
 2769 2754 2753 2752 2751 2750 2744 2749 2748 2747 2746 2745 2780 2666
 2656 2655 2654 2657 2658 2653 2652 2659 2660 2651 2650 2661 2662 2649
 2648 2663 2664 2647 2665 2646 2645 2644 2643 2642 2641 2640 2638 2637
 2639 2676 2675 2636 2674 2673 2635 2672 2671 2670 2634 2633 2632 2628
 2627 2164 2165 2166 2167 2629 2630 2631 2168 2169 2170 2171 2172 2173
 2174 2175 2176 2177 2201 2191 2192 2202 2203 2204 2205 2206 2207 2197
 2196 2187 2195 2194 2193 2188 2189 2178 2179 2136 2180 2181 2182 2186
 2183 2184 2185 2190 2198 2208 2209 2199 2200 2210 2212 2213 2734 2735
 2252 2736 2737 2738 2739 2740 2255 2741 2742 2743 2256 2240 2239 2238
 2237 2236 2254 2253 2235 2234 2233 2232 2231 2214 2215 2216 2217 2218
 2219 2220 2142 2141 2096 2095 2094 2140 2093 2092 2091 2090 2080 2079
 2139 2211 2138 2071 2072 2073 2074 2137 2075 2076 2077 2078 2062 2135
 2060 2059 2133 2134 2163 2162 2161 2160 2159 2158 2157 2156 2155 2154
 2153 2152 2151 2150 2149 2125 1810 1809 1791 1754 1790 1808 1789 1788
 1807 1806 2126 2127 2128 2129 2131 2132 2130 2051 2050 2049 2048 2047]

eliteFit: 141297.0
percentError: 2.616671750403068
computationTime: 1290.657s