instanceName: pcb3038
n: 3038
optFit: 137694

genTime, gen, eliteFit, percentError:
0.004023400004371069, 0, 5272387.0, 3729.061
11.604082599995309, 1, 155289.0, 12.778
6.82271039999614, 2, 153874.0, 11.751
6.676133500004653, 3, 152617.0, 10.838
6.8372321000060765, 4, 151675.0, 10.154
6.531942400004482, 5, 150982.0, 9.650
6.394743200013181, 6, 150863.0, 9.564
6.707612300000619, 7, 150372.0, 9.207
6.56982259999495, 8, 150242.0, 9.113
6.992218200000934, 9, 149919.0, 8.878
6.153432999999495, 10, 149661.0, 8.691
6.308793300006073, 11, 149317.0, 8.441
6.446727400005329, 12, 149317.0, 8.441
6.363869599997997, 13, 149001.0, 8.212
6.084125599998515, 14, 148715.0, 8.004
6.257190300006187, 15, 148551.0, 7.885
6.367813600008958, 16, 148498.0, 7.846
6.000881700005266, 17, 148303.0, 7.705
6.440279399990686, 18, 147904.0, 7.415
6.26201009999204, 19, 147861.0, 7.384
6.160931799997343, 20, 147861.0, 7.384
6.508100599996396, 21, 147797.0, 7.337
5.712773699997342, 22, 147797.0, 7.337
5.592561799989198, 23, 147553.0, 7.160
5.396783300006064, 24, 147469.0, 7.099
5.832449400011683, 25, 147382.0, 7.036
5.7185238000092795, 26, 147382.0, 7.036
5.673181599995587, 27, 147300.0, 6.976
4.937179499989725, 28, 147066.0, 6.806
3.7675344000017503, 29, 146917.0, 6.698
3.8015069999964908, 30, 146758.0, 6.583
4.494450900005177, 31, 146758.0, 6.583
5.573746800000663, 32, 146642.0, 6.498
5.137484300008509, 33, 146614.0, 6.478
5.112732800000231, 34, 146492.0, 6.390
5.134883099992294, 35, 146454.0, 6.362
4.52415069998824, 36, 146413.0, 6.332
4.757269099995028, 37, 146228.0, 6.198
4.9095814999891445, 38, 146224.0, 6.195
5.100435200001812, 39, 146145.0, 6.138
5.108618300000671, 40, 146101.0, 6.106
5.373773999992409, 41, 146068.0, 6.082
4.7834175000025425, 42, 146068.0, 6.082
4.304948799996055, 43, 145931.0, 5.982
4.026463400005014, 44, 145832.0, 5.910
3.8466142999968724, 45, 145721.0, 5.830
3.5615401999966707, 46, 145699.0, 5.814
3.7169701999955578, 47, 145646.0, 5.775
2.553310999996029, 48, 145434.0, 5.621
2.673469199988176, 49, 145222.0, 5.467
2.4167224999982864, 50, 145222.0, 5.467
2.207589600002393, 51, 145188.0, 5.443
2.1577320999931544, 52, 145112.0, 5.387
2.075621500000125, 53, 145112.0, 5.387
1.8433949999889592, 54, 145066.0, 5.354
1.8182912000047509, 55, 145031.0, 5.328
1.861462599990773, 56, 145031.0, 5.328
1.832894999999553, 57, 145026.0, 5.325
1.398766300000716, 58, 145006.0, 5.310
1.357364100011182, 59, 144975.0, 5.288
1.8495807999861427, 60, 144974.0, 5.287
1.4127167999977246, 61, 144943.0, 5.265
1.3795914000074845, 62, 144943.0, 5.265
1.4235227999888593, 63, 144928.0, 5.254
1.2971953000087524, 64, 144928.0, 5.254
1.281214100003126, 65, 144928.0, 5.254
1.206575400006841, 66, 144894.0, 5.229
1.3987068999995245, 67, 144885.0, 5.222
1.4174628000037046, 68, 144784.0, 5.149
1.4001780999969924, 69, 144741.0, 5.118
1.4321964000118896, 70, 144741.0, 5.118
1.331053800007794, 71, 144730.0, 5.110
1.3104333999945084, 72, 144730.0, 5.110
1.4720739999902435, 73, 144730.0, 5.110
1.3643282999983057, 74, 144730.0, 5.110
1.434348199996748, 75, 144729.0, 5.109
1.4603306999924826, 76, 144709.0, 5.095
1.8986046000063652, 77, 144683.0, 5.076
2.1884331999899587, 78, 144663.0, 5.061
2.6762097000028007, 79, 144662.0, 5.060
1.337607699999353, 80, 144659.0, 5.058
1.45084499999939, 81, 144659.0, 5.058
1.2951981999940472, 82, 144658.0, 5.058
1.3147137000050861, 83, 144658.0, 5.058
1.256329399999231, 84, 144570.0, 4.994
1.6704355999972904, 85, 144570.0, 4.994
1.444411600008607, 86, 144547.0, 4.977
1.7485637000063434, 87, 144547.0, 4.977
2.4257167000032496, 88, 144547.0, 4.977
2.639513399990392, 89, 144547.0, 4.977
1.2546334999933606, 90, 144547.0, 4.977
1.34563640000124, 91, 144547.0, 4.977
1.4442042000009678, 92, 144547.0, 4.977
1.5807874999882188, 93, 144547.0, 4.977
1.255634300003294, 94, 144547.0, 4.977
1.5985029000003124, 95, 144547.0, 4.977
1.4202316000009887, 96, 144547.0, 4.977
1.3292139999975916, 97, 144547.0, 4.977
1.2715008999948623, 98, 144351.0, 4.835
1.3851341999979923, 99, 144351.0, 4.835
1.4211787999956869, 100, 144351.0, 4.835
1.3846324999904027, 101, 144351.0, 4.835
1.2939350999949966, 102, 144351.0, 4.835
1.212618299992755, 103, 144351.0, 4.835
1.1963640000030864, 104, 144351.0, 4.835
1.1874234999995679, 105, 144351.0, 4.835
1.4179646999982651, 106, 144322.0, 4.814
1.539022400000249, 107, 144322.0, 4.814
1.377135900009307, 108, 144322.0, 4.814
1.2242461999994703, 109, 144322.0, 4.814
1.2968339000071865, 110, 144322.0, 4.814
1.2910346999997273, 111, 144322.0, 4.814
1.2950227999972412, 112, 144322.0, 4.814
1.4099308000004385, 113, 144322.0, 4.814
1.189595999996527, 114, 144322.0, 4.814
1.338626100012334, 115, 144322.0, 4.814
1.5303136000002269, 116, 144322.0, 4.814
1.4015294999990147, 117, 144311.0, 4.806
1.256499299997813, 118, 144286.0, 4.787
1.3809452999994392, 119, 144284.0, 4.786
1.3992386000027182, 120, 144284.0, 4.786
1.3500112000037916, 121, 144284.0, 4.786
1.1860069999966072, 122, 144284.0, 4.786
1.5150551999977324, 123, 144284.0, 4.786
1.3113761999993585, 124, 144284.0, 4.786
1.2765632000082405, 125, 144284.0, 4.786
1.4966973999980837, 126, 144284.0, 4.786
1.4722600000095554, 127, 144269.0, 4.775
1.336164499996812, 128, 144269.0, 4.775
1.8884579000005033, 129, 144237.0, 4.752
1.7188094000011915, 130, 144237.0, 4.752
2.0051811000012094, 131, 144237.0, 4.752
1.4290928999980679, 132, 144237.0, 4.752
1.2509868999914033, 133, 144237.0, 4.752
1.3544722000078764, 134, 144205.0, 4.729
1.5527280000096653, 135, 144205.0, 4.729
1.4685381000017514, 136, 144205.0, 4.729
1.3606278000079328, 137, 144187.0, 4.716
1.3203205999889178, 138, 144156.0, 4.693
1.6091654999909224, 139, 144156.0, 4.693
1.5965724999987287, 140, 144156.0, 4.693
2.046885999996448, 141, 144135.0, 4.678
1.9937290000088979, 142, 144130.0, 4.674
1.7097096999932546, 143, 144120.0, 4.667
1.4063682999985758, 144, 144083.0, 4.640
1.3836473999981536, 145, 144083.0, 4.640
1.2683098999987124, 146, 144072.0, 4.632
1.5314806000096723, 147, 144072.0, 4.632
1.5269059000129346, 148, 144072.0, 4.632
1.2289315000089118, 149, 144072.0, 4.632
1.1385248000005959, 150, 144072.0, 4.632
1.1831965999881504, 151, 144072.0, 4.632
1.316733599989675, 152, 144072.0, 4.632
1.27401930000633, 153, 144072.0, 4.632
1.2213850999978604, 154, 144072.0, 4.632
1.3302876000088872, 155, 144072.0, 4.632
1.4642327000037767, 156, 144072.0, 4.632
1.2392884000000777, 157, 144072.0, 4.632
1.4244801999884658, 158, 144072.0, 4.632
1.3453093999996781, 159, 144072.0, 4.632
1.5228864999953657, 160, 144072.0, 4.632
1.5048127000045497, 161, 144072.0, 4.632
1.2580464999919059, 162, 144072.0, 4.632
1.4174637999967672, 163, 144072.0, 4.632
1.3340942000068026, 164, 144072.0, 4.632
1.2703265999880387, 165, 144005.0, 4.583
1.6235767000034684, 166, 143953.0, 4.546
1.9352995000081137, 167, 143953.0, 4.546
2.9599938999890583, 168, 143921.0, 4.522
2.924471000005724, 169, 143914.0, 4.517
2.5060468000010587, 170, 143895.0, 4.503
3.2283220999961486, 171, 143840.0, 4.464
1.761932199995499, 172, 143840.0, 4.464
1.7960079000040423, 173, 143840.0, 4.464
1.8829408000019612, 174, 143790.0, 4.427
1.423578499990981, 175, 143790.0, 4.427
1.5962296999932732, 176, 143790.0, 4.427
1.1992632000037702, 177, 143790.0, 4.427
1.914898799994262, 178, 143790.0, 4.427
1.459868700010702, 179, 143790.0, 4.427
1.2155555000063032, 180, 143790.0, 4.427
1.2986632999964058, 181, 143790.0, 4.427
1.285481200000504, 182, 143790.0, 4.427
1.3018607999983942, 183, 143790.0, 4.427
1.147256500000367, 184, 143790.0, 4.427
1.3511690000013914, 185, 143790.0, 4.427
1.3388564999913797, 186, 143790.0, 4.427
1.2250007999973604, 187, 143790.0, 4.427
1.250376600000891, 188, 143790.0, 4.427
1.4624899000045843, 189, 143748.0, 4.397
1.3170634000125574, 190, 143748.0, 4.397
1.4425673999940045, 191, 143748.0, 4.397
1.507339799994952, 192, 143748.0, 4.397
1.281421899999259, 193, 143748.0, 4.397
1.3059331999975257, 194, 143748.0, 4.397
1.2146390999987489, 195, 143748.0, 4.397
1.5453713999886531, 196, 143748.0, 4.397
1.5517604000051506, 197, 143748.0, 4.397
1.3651889000029769, 198, 143748.0, 4.397
1.3172871000133455, 199, 143748.0, 4.397
1.3811274000036065, 200, 143748.0, 4.397
1.339147899998352, 201, 143748.0, 4.397
1.3197722000040812, 202, 143748.0, 4.397
1.470664399996167, 203, 143748.0, 4.397
1.3807718000025488, 204, 143748.0, 4.397
1.3979700999916531, 205, 143748.0, 4.397
1.3328790000086883, 206, 143748.0, 4.397
1.216333599993959, 207, 143748.0, 4.397
1.218044599998393, 208, 143730.0, 4.384
1.6564514000056079, 209, 143730.0, 4.384
1.46364149999863, 210, 143730.0, 4.384
1.4630315999966115, 211, 143730.0, 4.384
1.445562399996561, 212, 143730.0, 4.384
1.700984700000845, 213, 143704.0, 4.365
1.4341249999997672, 214, 143704.0, 4.365
1.7467638999951305, 215, 143704.0, 4.365
2.586238100004266, 216, 143684.0, 4.350
2.0675027999968734, 217, 143684.0, 4.350
2.8032407999999123, 218, 143684.0, 4.350
2.1360035999969114, 219, 143684.0, 4.350
1.3311211000109324, 220, 143684.0, 4.350
1.3070844000030775, 221, 143684.0, 4.350
1.3660873000044376, 222, 143684.0, 4.350
1.427802399994107, 223, 143684.0, 4.350
1.3939968000049703, 224, 143684.0, 4.350
1.383278600013, 225, 143684.0, 4.350
1.3294500000047265, 226, 143661.0, 4.334
1.3740791000018362, 227, 143661.0, 4.334
1.2600606000050902, 228, 143661.0, 4.334
1.3490411000093445, 229, 143661.0, 4.334
1.5222264000040013, 230, 143637.0, 4.316
1.2640643999911845, 231, 143637.0, 4.316
1.396034100005636, 232, 143637.0, 4.316
1.3526848000037717, 233, 143637.0, 4.316
1.4177154000062728, 234, 143637.0, 4.316
1.439935799993691, 235, 143637.0, 4.316
1.3052600999944843, 236, 143590.0, 4.282
1.4611068999947747, 237, 143590.0, 4.282
1.5618754000024637, 238, 143590.0, 4.282
1.6672777999920072, 239, 143573.0, 4.270
1.6981751999992412, 240, 143573.0, 4.270
1.7312021000107052, 241, 143573.0, 4.270
1.473461600005976, 242, 143525.0, 4.235
1.394111100002192, 243, 143525.0, 4.235
1.4965591999934986, 244, 143525.0, 4.235
1.1465714999940246, 245, 143525.0, 4.235
1.2860056999925291, 246, 143525.0, 4.235
1.2503266999992775, 247, 143525.0, 4.235
1.3297585999971488, 248, 143525.0, 4.235
1.16758629999822, 249, 143525.0, 4.235
1.2555198999907589, 250, 143525.0, 4.235
1.5692525999911595, 251, 143525.0, 4.235
1.4942103999928804, 252, 143525.0, 4.235
1.2692373000027146, 253, 143522.0, 4.233
1.361344700009795, 254, 143492.0, 4.211
1.4330379000020912, 255, 143492.0, 4.211
1.4160189000103856, 256, 143477.0, 4.200
1.3569605999946361, 257, 143465.0, 4.191
1.4254134999937378, 258, 143465.0, 4.191
1.5016917000029935, 259, 143465.0, 4.191
1.2644192000007024, 260, 143465.0, 4.191
1.7043192000128329, 261, 143465.0, 4.191
1.2246526999952039, 262, 143465.0, 4.191
1.2306822999962606, 263, 143465.0, 4.191
1.439969099999871, 264, 143465.0, 4.191
1.4693452000065008, 265, 143465.0, 4.191
1.3390476999920793, 266, 143465.0, 4.191
1.383214000001317, 267, 143465.0, 4.191
1.3224866000091424, 268, 143465.0, 4.191
1.158841600001324, 269, 143465.0, 4.191
1.4266733999975258, 270, 143465.0, 4.191
1.370152199990116, 271, 143465.0, 4.191
1.5193919000012102, 272, 143465.0, 4.191
1.1898332999990089, 273, 143465.0, 4.191
1.3949986000079662, 274, 143465.0, 4.191
1.37928870000178, 275, 143465.0, 4.191
1.495549100000062, 276, 143465.0, 4.191
1.3446002999990014, 277, 143465.0, 4.191
1.2941161000053398, 278, 143465.0, 4.191
1.3681973000057042, 279, 143465.0, 4.191
1.2559485000092536, 280, 143465.0, 4.191
1.5570449999941047, 281, 143465.0, 4.191
1.231626499997219, 282, 143465.0, 4.191
1.0155779999913648, 283, 143465.0, 4.191
1.2880163999943761, 284, 143465.0, 4.191
1.2118310000078054, 285, 143465.0, 4.191
1.3748979999945732, 286, 143465.0, 4.191
1.2233372000046074, 287, 143465.0, 4.191
1.470312899997225, 288, 143465.0, 4.191
1.2513202999980422, 289, 143465.0, 4.191
1.363831199996639, 290, 143465.0, 4.191
1.1990383000083966, 291, 143465.0, 4.191
1.2774497999926098, 292, 143465.0, 4.191
1.285937799999374, 293, 143465.0, 4.191
1.5487181000062265, 294, 143446.0, 4.177
1.397188200004166, 295, 143446.0, 4.177
1.663586700000451, 296, 143300.0, 4.071
2.211716999998316, 297, 143300.0, 4.071
2.031217800002196, 298, 143300.0, 4.071
2.2762298000016017, 299, 143273.0, 4.052
1.6163403999962611, 300, 143186.0, 3.989
1.1771989999979269, 301, 143186.0, 3.989
1.5300868000049377, 302, 143186.0, 3.989
1.226195800001733, 303, 143186.0, 3.989
1.3841459000104805, 304, 143186.0, 3.989
1.290861200002837, 305, 143186.0, 3.989
1.631122899998445, 306, 143186.0, 3.989
1.3373527000076137, 307, 143186.0, 3.989
1.2982563999976264, 308, 143186.0, 3.989
1.350304400009918, 309, 143186.0, 3.989
1.2107659000030253, 310, 143186.0, 3.989
1.3444391999946674, 311, 143186.0, 3.989
1.290698099997826, 312, 143186.0, 3.989
1.218212699997821, 313, 143186.0, 3.989
1.3661404000013135, 314, 143186.0, 3.989
1.4163112999958685, 315, 143186.0, 3.989
1.4131925000110641, 316, 143186.0, 3.989
1.173887899989495, 317, 143186.0, 3.989
1.71538180000789, 318, 143186.0, 3.989
1.4693767999997362, 319, 143186.0, 3.989
1.2384021000034409, 320, 143186.0, 3.989
1.3293923999881372, 321, 143186.0, 3.989
1.436319000000367, 322, 143186.0, 3.989
1.265138599992497, 323, 143186.0, 3.989
1.3293166999937966, 324, 143186.0, 3.989
1.2263036999938777, 325, 143186.0, 3.989
1.3977508999960264, 326, 143186.0, 3.989
1.4746756999957142, 327, 143186.0, 3.989
1.3680262999987463, 328, 143186.0, 3.989
1.3640450999955647, 329, 143186.0, 3.989
1.2477763000060804, 330, 143186.0, 3.989
1.4060274999937974, 331, 143186.0, 3.989
1.3770378999906825, 332, 143186.0, 3.989
1.220714399998542, 333, 143186.0, 3.989
1.3007612000074005, 334, 143186.0, 3.989
1.282173600004171, 335, 143186.0, 3.989
1.400551800004905, 336, 143186.0, 3.989
1.2539237000019057, 337, 143186.0, 3.989
1.2869289999944158, 338, 143186.0, 3.989
1.4754716000024928, 339, 143186.0, 3.989
1.249221000005491, 340, 143186.0, 3.989
1.2973031000001356, 341, 143186.0, 3.989
1.6297129999875324, 342, 143186.0, 3.989
1.1904245000041556, 343, 143186.0, 3.989
1.1490974000043934, 344, 143186.0, 3.989
1.2205697000026703, 345, 143186.0, 3.989
1.360021800006507, 346, 143186.0, 3.989
1.5091632999974536, 347, 143186.0, 3.989
1.3192718999926, 348, 143186.0, 3.989
1.328992399998242, 349, 143186.0, 3.989
1.0825755999976536, 350, 143186.0, 3.989

tour:
[1130 1138 1129 1137 1128 1136 1135 1127 1134 1133 1126 1132 1131 1115
 1114 1042 1041  879 1029 1040 1039 1038 1037 1036 1035 1034 1033 1032
 1031 1030 1023  857  852  858  868  869  870  871 1024  872  873 1025
 1026  874  875  876 1027 1028  877  878  867  866  865  864  863  862
  861  860  859  854  853  633  634  635  636  855  637  638  649  647
  648  639  856  640  641  642  646  645  644  673  672  674  449  671
  670  669  668  438  437  436  435  434  433  432  439  447  446  445
  444  443  442  441  275  276  277  278  279  280  281  282  448  440
  422  421  264  265  263  423  424  425  426  427  428  429  430  398
  238  237  236  235  431  399  383  384  385  386  387  388  389  382
  375  374  373  369  370  572  571  570  552  569  553  786  785  784
  783  782  781  780  779  778  968  789  790  788  791  792  793  794
  787  795  978  977  980  979  820  796  819  818  817  821  816  815
  814  987  986  985  984  983  982  981  995  996  997  998  999 1000
 1253 1254 1255 1241 1242 1243 1244 1252 1245 1251 1246 1240 1247 1248
 1249 1250 1238 1237 1236 1235 1234 1239 1233 1232 1231 1230 1229 1228
 1227 1431 1432 1429 1433 1435 1436 1437 1438 1439 1440 1441 1442 1427
 1425 1426 1424 1423 1430 1422 1421 1420 1428 1419 1418 1417 1416 1501
 1502 1500 1499 1529 1530 1532 1531 1533 1534 1535 1536 1537 1538 1539
 1540 1518 1517 1516 1519 1520 1521 1522 1523 1528 1527 1524 1525 1526
 1503 1504 1505 1506 1507 1508 1509 1510 1511 1515 1514 1513 1512 1679
 1700 1699 1698 1697 1696 1695 1739 1694 1693 1692 1735 1736 1733 1732
 1730 1728 1729 1691 1690 1689 1688 1678 1687 1724 1725 1721 1719 1718
 1716 1715 1714 1717 1720 1684 1685 1723 1686 1677 1676 1675 1683 1682
 1673 1674 1007 1008 1006 1005 1003 1004 1002 1001  994  988  989  990
  991  823  992  993  824  825  826  827  850  812  813  811  810  809
  808  807  806  805  804  803  802  801  800  799  798  822  797  574
  573  575  576  577  578  579  580  581  582  583  584  585  591  592
  593  594  586  587  588  589  590  602  601  600  599  598  597  595
  596  376  377  381  378  379  380  391  397  396  395  392  393  394
  420  419  418  417  416  415  414  413  412  410  411  409  408  407
  406  405  404  403  402  401  400  627  603  604  828  829  830  831
  832  833  834  835  838  839  614  613  612  611  610  609  608  607
  606  605  624  623  626  622  621  620  619  618  617  625  616  615
  631  630  629  628  660  661  662  663  664  665  667  666  651  650
  652  653  643  655  656  659  657  658  632  840  841  837  836  851
  849  848  847  846  845 1010  844  843  842 1009 1013 1014 1015 1011
 1016 1017 1018 1019 1012 1020 1021 1022 1083 1084 1085 1086 1087 1088
 1089 1090 1091 1092 1093 1095 1094 1096 1097 1101 1113 1112 1111 1110
 1109 1108 1107 1106 1105 1104 1100 1103 1102 1099 1098 1764 1765 1766
 1796 1767 1722 1768 1769 1797 1770 1727 1726 1731 1734 1737 1738 1740
 1741 1742 1743 1744 1701 1680 1702 1703 1704 2436 1705 1706 1681 1707
 1708 1709 1710 1711 1712 1713 2424 2423 2433 2432 2431 2430 2429 2428
 2449 2450 2451 2362 2452 2453 2454 2455 2434 2435 2456 2457 2472 2484
 2505 2520 2521 2506 2507 2485 2486 2487 2508 2488 2509 2510 2489 2490
 2511 2512 2491 2492 2473 2493 2514 2513 2522 2545 2544 2543 2542 2541
 2540 2539 2562 2561 2538 2537 2536 2559 2560 2579 2598 2599 2582 2580
 2581 2626 2563 2564 2583 2603 2623 2622 2602 2621 2601 2600 2620 2619
 2618 2617 2616 2596 2597 2578 2577 2558 2557 2576 2595 2615 2614 2594
 2575 2574 2593 2613 2612 2611 2610 2590 2625 2591 2592 2573 2554 2553
 2571 2552 2551 2550 2527 2528 2529 2530 2531 2532 2533 2555 2556 2534
 2535 2519 2518 2504 2483 2482 2503 2517 2502 2481 2480 2501 2500 2499
 2498 2516 2497 2496 2495 2475 2476 2477 2478 2479 2471 2470 2469 2448
 2427 2426 2447 2468 2446 2400 2398 2425 2415 2416 2417 2418 2419 2420
 2421 2422 1671 1672 1670 1669 1668 1667 1666 1665 1657 1656 1652 1651
 1658 1659 1664 1663 1662 1660 1661 1650 1633 1632 1634 1635 1636 1637
 1638 1639 1653 1655 1654 1640 1641 1642 1643 1644 1645 1646 1647 1648
 1649 1626 1627 1628 1629 1621 1624 1622 1623 1618 1617 1616 1615 1614
 1612 1613 1625 1588 1587 1589 1590 1601 1600 1599 1598 1594 1591 1592
 1593 1595 1597 1596 1498 1497 1496 1495 1476 1475 1474 1477 1478 1473
 1472 1479 1471 1470 1603 1602 1604 1605 1606 1607 1608 1467 1468 1469
 1480 1485 1482 1486 1487 1488 1489 1490 1494 1493 1399 1398 1397 1396
 1395 1394 1393 1492 1491 1484 1481 1483 1465 1466 1391 1392 1402 1404
 1405 1406 1401 1400 1407 1408 1409 1410 1411 1412 1415 1413 1414 1434
 1214 1213 1212 1211 1210 1209 1208 1207 1202 1201 1206 1205 1204 1203
 1200 1403 1462 1460 1464 1463 1564 1563 1577 1610 1611 2328 2330 2331
 2335 2334 2332 2333 2329 2355 2356 2354 2357 2358 2359 2360 2361 1619
 1620 1630 1631 2396 2397 2399 2401 2363 2364 2365 2366 2367 2368 2369
 2336 2379 2378 2377 2370 2371 2372 2376 2375 2374 2373 2402 2404 2407
 2523 2524 2525 2548 2547 2526 2546 2565 2566 2567 2549 2568 2587 2588
 2569 2572 2570 2589 2609 2608 2607 2606 2586 2585 2605 2604 2584 2411
 2409 2408 2406 2405 2403 2387 2386 2385 2384 2383 2382 2381 2380 2340
 2339 2337 2338 2341 2342 2343 2345 2344 2346 2389 2388 2390 2391 2392
 2393 2394 2395 2410 2412 2413 2353 2352 2351 2349 2350 2347 2348 2323
 2322 2321 2320 2325 2326 2324 2319 2327 2306 2307 2308 2309 2310 2313
 2317 2316 2318 2414 2315 2314 2298 2297 2296 2299 2312 2311 2300 2301
 2302 2295 2303 2304 2305 2294 2293 2292 2291 2283 2290 2282 2281 2289
 2288 2280 2279 2287 2286 2278 2259 2261 2262 2263 2264 2265 2260 2284
 2285 2277 2267 2266 2273 2272 2271 2268 2270 2269 1565 1566 1576 1567
 1568 1575 1569 1570 1571 1572 1609 2274 2275 2276 1573 1574 1578 1580
 1579 1581 1582 1584 1585 1583 1586 1541 1542 1543 1552 1544 1545 1546
 1547 1548 1549 1550 1561 1560 1559 1558 1557 1556 1551 1555 1554 1553
 1443 1444 1562 1445 1446 1447 1448 1449 1450 1459 1461 1458 1457 1456
 1455 1454 1451 1452 1453 1363 1364 1365 1367 1368 1369 1370 1371 1372
 1373 1374 1375 1383 1389 1390 1186 1185 1187 1188 1189 1184 1183 1387
 1388 1382 1381 1380 1379 1378 1366 1376 1377 1384 1385 1386 1182 1181
 1180 1190 1191 1192 1193 1194 1195 1196 1197 1199 1198 1226 1225 1224
 1223 1222 1221 1220 1218 1217 1216 1215 1082 1219 1081 1080 1079 1078
 1077 1076 1075 1067 1068 1069 1071 1070 1072 1073 1074  976  975  973
  974  972  971  970  969  967  966  965 1065 1066 1064 1063 1062 1057
 1056 1061 1060 1059 1058 1047 1048  960  961 1049 1051 1052 1050 1053
 1054 1055  964  959  952  776  768  775  774  773  951  958  957  956
  963  962  955  954  953  950  769  770  771  772  767  764  759  763
  762  761  760  758  515  516  517  518  519  522  526  521  520  765
  766  777  539  540  541  545  527  528  529  531  533  535  536  525
  523  524  537  538  324  336  335  333  334  325  326  534  532  327
  328  329  530  330  331  344  346  332  337  184  339  338  340  341
  342  343  182  183  172  173  174  175  178  176  180  177  181  179
  185  196  197  200  199  347  345  544  543  542  556  557  546  547
  548  554  555  549  550  551  558  561  560  559  562  563  565  564
  566  567  568  349  350  351  352  353  354  355  364  365  366  368
  371  372  390  213  212  227  228  229  230  231  226  232  233  234
  225  224  221  220  219  218  223  217  222  216  215  214   43   44
   42  211  210  209  208  367  356  357  358  359  360  361  362  348
  363  201  202  203  204  205  206  207  198  195  194  193  192  191
  190  189  188  187  186  171  170  169  168  167  166  165  134  164
  163  160  162  133  161   10    0   11    1    2   12   13    3    4
    5   14  135   15   16   17    6    7   18    8    9   19   20   21
   30   31  136   67   34   33   32   22   23   24   25   35   36   26
   27   37   38   28   29   39   40   41   45   57   58   46   47   48
   59   60   49   50   51   61   62   52   53   63   64   54   55   56
   66   65  137  239  240  251  241  242  138   81   80   79   78   68
   69   70   71   72   82  139  245  244  243  252  255  256  257  258
  259  260  261  262  254  253  246  247  248   86   85   84   83   73
   74   75   76   77   87  249  250  266  267  268  269  270  271  272
  140  273  274  141  142  143  106  105  104  103  102  101  100   99
   98   88   89   90  111   91   92   93   94   95   96  107   97  108
  109  110  113  112  299  301  291  290  289  288  287  286  285  284
  283  292  293  294  295  296  297  298  460  488  485  484  487  486
  483  482  481  480  479  477  478  313  312  304  305  303  302  300
  114  115  116  117  119  118  144  145  307  306  314  315  316  317
  318  319  320  321  322  323  311  310  309  308  149  148  147  146
  120  121  122  150  151  123  124  125  152  153  154  126  127  128
  129  130  155  132  131  156  157  158  159  513  512  511  499  500
  501  502  503  504  505  506  507  508  509  510  490  491  492  493
  494  745  495  496  497  498  746  744  743  742  741  740  734  735
  739  738  737  736  489  474  473  472  471  470  469  468  475  476
  456  455  459  461  462  463  464  465  466  467  457  450  451  452
  458  453  454  714  715  654  676  675  679  880  881  882  883  891
 1043 1118 1119 1120 1121 1122 1123 1124 1125 1044 1139 1140 1141 1142
 1143 1144 1045 1145 1146 1046  913  912  909  911  908  910  724  723
  722  721  720  719  718  716  717  901  902  903  904  905  906  907
  914  915  916  917  918  919  920  900  921  898  897  896  895  894
  893  892  884  885  886  887  888  889  890  899  922  688  687  686
  685  684  683  682  681  680  678  677  699  700  698  697  696  695
  693  692  694  701  710  711  713  712  709  708  707  706  705  704
  703  702  690  691  689  733  732  731  730  729  728  727  726  725
  749  514  757  756  755  754  753  752  751  750  748  747  923  924
  925  926  927  936  928  931  932  929  933  930  937  947  946  948
  945  944  943  942  941  935  934  940  939  938 1161 1162 1163 1164
 1165 1166  949 1167 1168 1169 1179 1178 1359 1358 1356 1355 1357 1177
 1176 1175 1174 1173 1172 1171 1170 1362 1361 1348 1349 1360 1350 1351
 1352 1353 1354 1347 1346 1341 1340 1339 1338 1337 1336 1335 1889 1888
 1893 1894 1905 1895 1896 1897 1898 1899 1904 1901 1900 1890 1342 1343
 1344 1345 1892 1891 1902 1903 1915 1914 1913 1912 1911 1910 1909 1908
 1907 1906 1873 1874 1875 1876 1878 1977 1976 1975 1974 1973 1972 1885
 1884 1881 1882 1883 1863 1969 1970 1971 1979 1978 1981 1982 1983 1984
 1980 1985 1986 1987 1988 2030 2031 2097 2098 2089 2088 2087 2086 2085
 2084 2083 2082 2081 2029 2028 2027 2070 2069 2068 2067 2066 2065 2064
 2026 2025 2061 2063 2024 2060 2135 2062 2078 2077 2076 2075 2074 2073
 2072 2071 2138 2139 2079 2080 2090 2091 2092 2093 2094 2140 2141 2095
 2096 2143 2144 2145 2147 2146 2114 2115 2116 2117 2118 2119 2111 2110
 2104 2109 2103 2102 2101 2100 2099 2010 2009 2008 2007 2006 2003 1993
 1994 1995 1989 1990 1996 1997 1998 1991 1992 1999 2004 2000 2001 2002
 2005 2015 2014 2013 2012 2011 2105 2106 2107 2108 2113 2112 2122 2121
 2120 2123 2124 2230 2229 2228 2227 2226 2148 2225 2224 2223 2245 2244
 2222 2243 2242 2257 2755 2756 2757 2758 2759 2760 2246 2247 2248 2249
 2250 2251 2258 2764 2768 2767 2763 2762 2761 2765 2766 2777 2778 2779
 2792 2791 2813 2812 2811 2810 2818 2809 2808 2807 2817 2806 2787 2788
 2789 2790 2776 2775 2774 2773 2772 2771 2786 2805 2804 2785 2770 2769
 2754 2753 2752 2783 2800 2799 2798 2782 2797 2796 2795 2794 2746 2745
 2666 2780 2781 2793 2819 2820 2821 2826 2822 2823 2827 2824 2825 2829
 2814 2801 2784 2802 2803 2815 2830 2832 2833 2831 2816 2834 2835 2836
 2837 2838 2839 2840 2841 2842 2844 3012 3037 3036 3032 3031 3030 3011
 3010 3000 2843 2999 2998 3009 3028 3029 3027 3026 3008 2997 2996 3007
 3006 2995 2994 2993 2992 3002 3003 3004 3005 3024 3025 3023 3022 3001
 2991 2990 3020 3021 3019 3017 2989 2988 2828 2987 2986 3016 3015 2985
 2984 2981 2983 2980 2982 3013 3014 3018 3035 3034 2937 2915 2914 2936
 2935 2934 2913 2912 2889 2864 2865 2890 2891 2866 2867 2892 2893 2868
 2733 2731 2729 2727 2725 2724 2726 2728 2730 2732 2710 2655 2654 2657
 2656 2213 2734 2735 2252 2736 2747 2748 2749 2744 2750 2751 2740 2739
 2738 2737 2253 2233 2234 2235 2254 2236 2237 2255 2741 2742 2743 2256
 2241 2221 2240 2239 2238 2220 2142 2219 2218 2217 2216 2215 2232 2231
 2214 2211 2212 2210 2200 2199 2190 2198 2209 2208 2207 2197 2196 2206
 2205 2195 2187 2186 2185 2184 2183 2182 2181 2137 2180 2136 2179 2178
 2189 2188 2193 2194 2204 2203 2202 2192 2191 2201 2177 2176 2163 2162
 2161 2160 2159 2158 2157 2156 2155 2154 2153 2152 2151 2150 2164 2165
 2166 2167 2629 2630 2631 2168 2169 2170 2171 2172 2173 2174 2175 2643
 2644 2645 2646 2665 2647 2664 2663 2648 2649 2662 2661 2660 2659 2658
 2653 2652 2651 2650 2709 2718 2720 2722 2723 2721 2719 2861 2862 2863
 2888 2887 2886 2910 2911 2933 2954 2955 2956 2957 2978 2977 2976 2975
 2974 2973 2952 2953 2932 2909 2931 2930 2951 2972 2950 2929 2907 2908
 2885 2860 2859 2884 2883 2882 2905 2906 2928 2949 2971 2970 2969 2948
 2927 2926 2947 2946 2968 2967 2966 2965 2945 2944 2923 2922 2943 2964
 2963 2962 2961 2940 2960 2939 2917 2938 2959 3033 2958 2624 2916 2869
 2870 2894 2871 2849 2845 2692 2691 2515 2494 2474 2667 2668 2693 2694
 2695 2681 2682 2683 2696 2697 2684 2685 2698 2852 2874 2873 2851 2846
 2850 2872 2895 2900 2896 2918 2897 2919 2920 2941 2942 2921 2899 2898
 2875 2853 2854 2876 2877 2855 2856 2857 2847 2858 2880 2879 2878 2979
 2901 2902 2924 2925 2903 2904 2881 2848 2712 2711 2713 2715 2717 2716
 2714 2708 2707 2706 2705 2704 2641 2642 2640 2678 2679 2680 2689 2690
 2703 2702 2701 2688 2687 2700 2699 2686 2675 2676 2677 2639 2638 2637
 2636 2674 2673 2635 2672 2671 2670 2669 2634 2633 2632 2628 2627 2445
 2467 2466 2444 2465 2464 2463 2462 2461 2460 2459 2458 2437 2438 2439
 2440 2441 2442 2443 1763 1795 1794 1811 1793 1792 1756 1755 1757 1758
 1762 1761 1760 1759 1753 1752 1751 1750 1745 1746 1747 1749 1748 1787
 1786 1806 1807 1788 1789 1790 1754 1791 1809 1810 2149 2125 1808 2126
 2127 2128 2129 2131 2132 2130 2051 2037 2038 2039 2052 2053 2054 2055
 2056 2057 2058 2133 2134 2059 2045 2044 2043 2042 2041 2040 2022 2021
 1938 1937 1936 1923 1922 1935 1934 1921 1920 1919 1932 1933 2018 2019
 2020 2017 2033 2034 2035 2036 2050 2049 2048 2047 2046 2032 2016 1805
 1785 1784 1804 1783 1782 1803 1781 1802 1801 1780 1779 1778 1800 1799
 1777 1776 1775 1774 1773 1772 1771 1798 1812 1813 1826 1814 1815 1827
 1816 1817 1818 1819 1820 1821 1828 1833 1916 1924 1925 1917 1918 1926
 1939 1940 1941 1942 1943 1930 1929 1928 1927 1834 1830 1831 1832 1829
 1822 1823 1824 1266 1265 1264 1263 1262 1261 1260 1267 1259 1258 1257
 1269 1256 1272 1270 1271 1273 1268 1274 1275 1276 1277 1278 1279 1286
 1116 1117 1285 1284 1283 1280 1825 1281 1282 1287 1288 1289 1291 1290
 1292 1297 1298 1299 1300 1301 1302 1303 1304 1305 1306 1307 1296 1295
 1293 1294 1849 1850 1848 1847 1846 1845 1844 1843 1842 1838 1836 1837
 1839 1835 1931 1945 1944 1946 2023 1948 1947 1840 1841 1859 1858 1857
 1856 1855 1854 1853 1956 1955 1954 1953 1949 1952 1951 1950 1961 1962
 1963 1960 1964 1958 1965 1966 1967 1968 1959 1957 1860 1861 1852 1851
 1862 1864 1865 1866 1867 1868 1886 1880 1879 1877 1887 1869 1870 1871
 1872 1318 1317 1316 1315 1314 1313 1312 1310 1311 1309 1308 1319 1321
 1322 1323 1324 1325 1326 1327 1328 1329 1330 1331 1332 1333 1334 1160
 1159 1158 1157 1156 1155 1154 1148 1153 1152 1151 1320 1150 1149 1147]

eliteFit: 143186.0
percentError: 3.9885543306171654
computationTime: 713.238s