instanceName: u1432
n: 1432
optFit: 152970

genTime, gen, eliteFit, percentError:
0.0016589000006206334, 0, 3828376.0, 2402.697
1.1128425999777392, 1, 170553.0, 11.494
0.6921900000015739, 2, 169294.0, 10.671
0.7114064000197686, 3, 168060.0, 9.865
0.7450395000050776, 4, 166082.0, 8.572
0.68246910002199, 5, 166082.0, 8.572
0.7159109000058379, 6, 165749.0, 8.354
0.6960240000043996, 7, 165322.0, 8.075
0.6103971999837086, 8, 164892.0, 7.794
0.6598927000013646, 9, 164299.0, 7.406
0.5914013999863528, 10, 164299.0, 7.406
0.6614101000013761, 11, 164281.0, 7.394
0.6454052999906708, 12, 163949.0, 7.177
0.639445299981162, 13, 163208.0, 6.693
0.601271599996835, 14, 162975.0, 6.540
0.6194213999842759, 15, 162937.0, 6.516
0.6305686999985483, 16, 162670.0, 6.341
0.6143663999973796, 17, 162670.0, 6.341
0.574516799999401, 18, 162670.0, 6.341
0.5160976000188384, 19, 162406.0, 6.169
0.5150386999885086, 20, 162406.0, 6.169
0.5716691000270657, 21, 161838.0, 5.797
0.5819595999782905, 22, 161838.0, 5.797
0.5872742999927141, 23, 161693.0, 5.702
0.5894968000066001, 24, 161693.0, 5.702
0.5998478000110481, 25, 161631.0, 5.662
0.6466064999985974, 26, 161487.0, 5.568
0.5948326000070665, 27, 161133.0, 5.336
0.5586780000012368, 28, 160797.0, 5.117
0.5317878999921959, 29, 160797.0, 5.117
0.5431901999982074, 30, 160676.0, 5.038
0.4500885999877937, 31, 160494.0, 4.919
0.3973812999902293, 32, 160421.0, 4.871
0.2548100000130944, 33, 160164.0, 4.703
0.334464499988826, 34, 160147.0, 4.692
0.30267730000196025, 35, 159922.0, 4.545
0.24583050000364892, 36, 159840.0, 4.491
0.19296770001528785, 37, 159823.0, 4.480
0.22662319999653846, 38, 159758.0, 4.437
0.22750959999393672, 39, 159659.0, 4.373
0.22931729999254458, 40, 159657.0, 4.371
0.23200389998964965, 41, 159594.0, 4.330
0.21016640000743791, 42, 159575.0, 4.318
0.2585949999920558, 43, 159516.0, 4.279
0.24487769999541342, 44, 159487.0, 4.260
0.22548209998058155, 45, 159434.0, 4.226
0.2195248000207357, 46, 159363.0, 4.179
0.206654499983415, 47, 159363.0, 4.179
0.22236400001565926, 48, 159363.0, 4.179
0.22866870000143535, 49, 159281.0, 4.126
0.1782066999876406, 50, 159281.0, 4.126
0.22060120000969619, 51, 159216.0, 4.083
0.1770189999951981, 52, 159216.0, 4.083
0.20155569998314604, 53, 159199.0, 4.072
0.17336009998689406, 54, 159199.0, 4.072
0.19802229999913834, 55, 159199.0, 4.072
0.21934139999211766, 56, 159199.0, 4.072
0.19008250001934357, 57, 159199.0, 4.072
0.18550180000602268, 58, 159199.0, 4.072
0.17296679998980835, 59, 159199.0, 4.072
0.2043474999954924, 60, 159117.0, 4.018
0.2036270999815315, 61, 159117.0, 4.018
0.20414299998083152, 62, 159117.0, 4.018
0.18810590001521632, 63, 159035.0, 3.965
0.19451589998789132, 64, 159035.0, 3.965
0.18104339999263175, 65, 159035.0, 3.965
0.18433320001349784, 66, 159035.0, 3.965
0.1780127999954857, 67, 159035.0, 3.965
0.16852150001795962, 68, 159035.0, 3.965
0.19891939999070019, 69, 159035.0, 3.965
0.17325009999331087, 70, 159035.0, 3.965
0.18310589998145588, 71, 159035.0, 3.965
0.1823873000103049, 72, 159017.0, 3.953
0.19236580000142567, 73, 159017.0, 3.953
0.22552060001180507, 74, 158976.0, 3.926
0.2425543999997899, 75, 158935.0, 3.899
0.2699305000132881, 76, 158935.0, 3.899
0.31752809998579323, 77, 158892.0, 3.871
0.3122770999907516, 78, 158876.0, 3.861
0.2779415999830235, 79, 158794.0, 3.807
0.23278029999346472, 80, 158776.0, 3.796
0.28245239998796023, 81, 158753.0, 3.780
0.26109650000580586, 82, 158694.0, 3.742
0.271137199975783, 83, 158652.0, 3.714
0.2650335000071209, 84, 158570.0, 3.661
0.23398799999267794, 85, 158570.0, 3.661
0.18658249999862164, 86, 158488.0, 3.607
0.1882204000139609, 87, 158488.0, 3.607
0.20413349999580532, 88, 158480.0, 3.602
0.19227679999312386, 89, 158480.0, 3.602
0.20254189998377115, 90, 158463.0, 3.591
0.21036739999544807, 91, 158463.0, 3.591
0.1873749999795109, 92, 158463.0, 3.591
0.179519800003618, 93, 158463.0, 3.591
0.20189899997785687, 94, 158463.0, 3.591
0.17532199999550357, 95, 158463.0, 3.591
0.17640820000087842, 96, 158463.0, 3.591
0.20978120001382194, 97, 158463.0, 3.591
0.21827529999427497, 98, 158463.0, 3.591
0.19370790000539273, 99, 158463.0, 3.591
0.19088700000429526, 100, 158463.0, 3.591
0.195375100011006, 101, 158463.0, 3.591
0.21209129999624565, 102, 158463.0, 3.591
0.1858770000108052, 103, 158423.0, 3.565
0.18263160000788048, 104, 158423.0, 3.565
0.20414549999986775, 105, 158381.0, 3.537
0.1732643999857828, 106, 158381.0, 3.537
0.18935739999869838, 107, 158299.0, 3.484
0.19471349997911602, 108, 158299.0, 3.484
0.16256369999609888, 109, 158299.0, 3.484
0.1971317999996245, 110, 158217.0, 3.430
0.20612019998952746, 111, 158217.0, 3.430
0.22224840000853874, 112, 158217.0, 3.430
0.19399920001160353, 113, 158217.0, 3.430
0.22107220001635142, 114, 158217.0, 3.430
0.20204790000570938, 115, 158217.0, 3.430
0.20983109998633154, 116, 158217.0, 3.430
0.17581019998760894, 117, 158217.0, 3.430
0.2072489999991376, 118, 158217.0, 3.430
0.18353300000308082, 119, 158217.0, 3.430
0.1859606999787502, 120, 158217.0, 3.430
0.2094132000056561, 121, 158217.0, 3.430
0.17845069998293184, 122, 158217.0, 3.430
0.18556569999782369, 123, 158217.0, 3.430
0.17960599999059923, 124, 158217.0, 3.430
0.19799499999498948, 125, 158217.0, 3.430
0.21794299999601208, 126, 158217.0, 3.430
0.20313519999035634, 127, 158217.0, 3.430
0.20415430000866763, 128, 158217.0, 3.430
0.19865730000310577, 129, 158217.0, 3.430
0.17885779999778606, 130, 158217.0, 3.430
0.19511439997586422, 131, 158217.0, 3.430
0.2056618999922648, 132, 158217.0, 3.430
0.2056622999953106, 133, 158135.0, 3.376
0.1803127999883145, 134, 158135.0, 3.376
0.19257819998892955, 135, 158135.0, 3.376
0.21929330000421032, 136, 158135.0, 3.376
0.20703510000021197, 137, 158131.0, 3.374
0.16711629999917932, 138, 158131.0, 3.374
0.19611690001329407, 139, 158053.0, 3.323
0.19867209999938495, 140, 157971.0, 3.269
0.19926890000351705, 141, 157971.0, 3.269
0.2260402999818325, 142, 157948.0, 3.254
0.23907070001587272, 143, 157948.0, 3.254
0.19553259998792782, 144, 157889.0, 3.216
0.17707569999038242, 145, 157889.0, 3.216
0.22022699998342432, 146, 157889.0, 3.216
0.18500590001349337, 147, 157889.0, 3.216
0.17319620001944713, 148, 157889.0, 3.216
0.20539990000543185, 149, 157889.0, 3.216
0.2039748000097461, 150, 157889.0, 3.216
0.2019892000243999, 151, 157889.0, 3.216
0.21167409999179654, 152, 157889.0, 3.216
0.19269789999816567, 153, 157889.0, 3.216
0.19500289999996312, 154, 157889.0, 3.216
0.20565079999505542, 155, 157889.0, 3.216
0.1873665000020992, 156, 157889.0, 3.216
0.2010743000137154, 157, 157889.0, 3.216
0.18344819999765605, 158, 157889.0, 3.216
0.19690750000881962, 159, 157889.0, 3.216
0.2126155000005383, 160, 157889.0, 3.216
0.2094768000242766, 161, 157889.0, 3.216
0.1799927999963984, 162, 157889.0, 3.216
0.2082005999982357, 163, 157889.0, 3.216
0.1746448999911081, 164, 157889.0, 3.216
0.18155340000521392, 165, 157889.0, 3.216
0.1763251000083983, 166, 157889.0, 3.216
0.19031130001530983, 167, 157889.0, 3.216
0.21647610000218265, 168, 157889.0, 3.216
0.18549169998732395, 169, 157889.0, 3.216
0.19229139998788014, 170, 157889.0, 3.216
0.1776430000027176, 171, 157889.0, 3.216
0.18604460000642575, 172, 157889.0, 3.216
0.19173280001268722, 173, 157889.0, 3.216
0.1928163999982644, 174, 157889.0, 3.216
0.22505370000726543, 175, 157889.0, 3.216
0.1733613999967929, 176, 157889.0, 3.216
0.19240929998341016, 177, 157889.0, 3.216
0.16608589998213574, 178, 157889.0, 3.216
0.1903065000078641, 179, 157889.0, 3.216
0.1739891000033822, 180, 157889.0, 3.216
0.17023749998770654, 181, 157889.0, 3.216
0.20502229998237453, 182, 157889.0, 3.216
0.20554170000832528, 183, 157889.0, 3.216
0.1787966999982018, 184, 157889.0, 3.216
0.17671979998704046, 185, 157889.0, 3.216
0.2165300000051502, 186, 157889.0, 3.216
0.21821320001618005, 187, 157889.0, 3.216
0.26022139997803606, 188, 157889.0, 3.216
0.18989439998404123, 189, 157889.0, 3.216
0.19750049998401664, 190, 157889.0, 3.216
0.18888000000151806, 191, 157889.0, 3.216
0.1808725000009872, 192, 157824.0, 3.173
0.18964679999044165, 193, 157807.0, 3.162
0.18408810000983067, 194, 157807.0, 3.162
0.18993999998201616, 195, 157742.0, 3.120
0.1845704999868758, 196, 157742.0, 3.120
0.214608699985547, 197, 157742.0, 3.120
0.23960480000823736, 198, 157742.0, 3.120
0.19661089999135584, 199, 157742.0, 3.120
0.22207760001765564, 200, 157742.0, 3.120
0.1787051999999676, 201, 157742.0, 3.120
0.2733589999843389, 202, 157677.0, 3.077
0.21328660001745448, 203, 157677.0, 3.077
0.2720606999937445, 204, 157618.0, 3.039
0.26155379999545403, 205, 157618.0, 3.039
0.20524010001099668, 206, 157618.0, 3.039
0.2041151000012178, 207, 157618.0, 3.039
0.18786540001747198, 208, 157618.0, 3.039
0.20362750001368113, 209, 157618.0, 3.039
0.22169139998732135, 210, 157618.0, 3.039
0.18631710001500323, 211, 157618.0, 3.039
0.2033277000009548, 212, 157618.0, 3.039
0.1992857000150252, 213, 157618.0, 3.039
0.17850760000874288, 214, 157618.0, 3.039
0.1961472999828402, 215, 157618.0, 3.039
0.21147820001351647, 216, 157618.0, 3.039
0.17695689998799935, 217, 157618.0, 3.039
0.1813731000002008, 218, 157618.0, 3.039
0.19278939999639988, 219, 157618.0, 3.039
0.16833200000110082, 220, 157618.0, 3.039
0.2078281000140123, 221, 157618.0, 3.039
0.21675069999764673, 222, 157618.0, 3.039
0.19578780001029372, 223, 157618.0, 3.039
0.2191267999878619, 224, 157618.0, 3.039
0.19816059997538105, 225, 157618.0, 3.039
0.2132724999974016, 226, 157618.0, 3.039
0.17317320001893677, 227, 157618.0, 3.039
0.18542309998883866, 228, 157618.0, 3.039
0.20446929999161512, 229, 157618.0, 3.039
0.17030170001089573, 230, 157618.0, 3.039
0.1738887999963481, 231, 157618.0, 3.039
0.18095999999786727, 232, 157618.0, 3.039
0.21850509999785572, 233, 157618.0, 3.039
0.18475439999019727, 234, 157618.0, 3.039
0.19282830000156537, 235, 157618.0, 3.039
0.17235200002323836, 236, 157618.0, 3.039
0.18384479999076575, 237, 157618.0, 3.039
0.1852628999913577, 238, 157618.0, 3.039
0.18022999999811873, 239, 157618.0, 3.039
0.19710260001011193, 240, 157618.0, 3.039
0.17638580000493675, 241, 157618.0, 3.039
0.1819029999896884, 242, 157536.0, 2.985
0.17522119998466223, 243, 157536.0, 2.985
0.18931509999674745, 244, 157536.0, 2.985
0.18780809998861514, 245, 157519.0, 2.974
0.19454209998366423, 246, 157519.0, 2.974
0.231501100002788, 247, 157519.0, 2.974
0.2865354999958072, 248, 157519.0, 2.974
0.21991630000411533, 249, 157519.0, 2.974
0.20194339999579825, 250, 157519.0, 2.974
0.1858912999741733, 251, 157519.0, 2.974
0.19924089999403805, 252, 157519.0, 2.974
0.16444849999970756, 253, 157519.0, 2.974
0.1757791999843903, 254, 157519.0, 2.974
0.17628759998478927, 255, 157519.0, 2.974
0.19922830001451075, 256, 157519.0, 2.974
0.17060410001431592, 257, 157519.0, 2.974
0.21995519998017699, 258, 157519.0, 2.974
0.22662569998647086, 259, 157519.0, 2.974
0.19606479999492876, 260, 157519.0, 2.974
0.22989400001824833, 261, 157519.0, 2.974
0.20590369999990799, 262, 157519.0, 2.974
0.20622580000781454, 263, 157519.0, 2.974
0.19469979999121279, 264, 157519.0, 2.974
0.215938700013794, 265, 157519.0, 2.974
0.19910759999766015, 266, 157519.0, 2.974
0.18781800000579096, 267, 157519.0, 2.974
0.20006019997526892, 268, 157519.0, 2.974
0.17720760000520386, 269, 157519.0, 2.974
0.19114559999434277, 270, 157519.0, 2.974
0.21379340000567026, 271, 157519.0, 2.974
0.24240379998809658, 272, 157519.0, 2.974
0.22137819998897612, 273, 157519.0, 2.974
0.1932925000146497, 274, 157519.0, 2.974
0.172402800002601, 275, 157519.0, 2.974
0.19075409998185933, 276, 157519.0, 2.974
0.20685239997692406, 277, 157519.0, 2.974
0.16275650000898167, 278, 157519.0, 2.974
0.17983039998216555, 279, 157519.0, 2.974
0.1820597999903839, 280, 157519.0, 2.974
0.2331426000164356, 281, 157519.0, 2.974
0.1987084000138566, 282, 157519.0, 2.974
0.18800860000192188, 283, 157519.0, 2.974
0.1798613999853842, 284, 157519.0, 2.974
0.16515550002804957, 285, 157519.0, 2.974
0.22179210002650507, 286, 157519.0, 2.974
0.2171513000212144, 287, 157355.0, 2.867
0.17940540000563487, 288, 157355.0, 2.867
0.17917540000053123, 289, 157355.0, 2.867
0.20257069999934174, 290, 157355.0, 2.867
0.20651339998585172, 291, 157355.0, 2.867
0.18801700000767596, 292, 157355.0, 2.867
0.1918053000117652, 293, 157355.0, 2.867
0.18288060001214035, 294, 157355.0, 2.867
0.21348760000546463, 295, 157355.0, 2.867
0.18157620000420138, 296, 157355.0, 2.867
0.2241945999849122, 297, 157355.0, 2.867
0.20127879999927245, 298, 157355.0, 2.867
0.18858499999623746, 299, 157355.0, 2.867
0.17872149997856468, 300, 157355.0, 2.867
0.19002810001256876, 301, 157355.0, 2.867
0.18566540000028908, 302, 157355.0, 2.867
0.19693170001846738, 303, 157355.0, 2.867
0.18797080000513233, 304, 157355.0, 2.867
0.1903288000030443, 305, 157355.0, 2.867
0.1819660999753978, 306, 157355.0, 2.867
0.16723829999682494, 307, 157355.0, 2.867
0.190965599991614, 308, 157355.0, 2.867
0.1655554999888409, 309, 157355.0, 2.867
0.23104980000061914, 310, 157355.0, 2.867
0.19158129999414086, 311, 157338.0, 2.855
0.2842821999802254, 312, 157338.0, 2.855
0.19772110000485554, 313, 157338.0, 2.855
0.2636003000079654, 314, 157330.0, 2.850
0.3107347000041045, 315, 157330.0, 2.850
0.29940789999091066, 316, 157330.0, 2.850
0.19539179999264888, 317, 157330.0, 2.850
0.20163919997867197, 318, 157330.0, 2.850
0.20098789999610744, 319, 157330.0, 2.850
0.1875916999997571, 320, 157330.0, 2.850
0.20653650001622736, 321, 157330.0, 2.850
0.20030230001430027, 322, 157330.0, 2.850
0.1909350999922026, 323, 157330.0, 2.850
0.170727499993518, 324, 157330.0, 2.850
0.20274189999327064, 325, 157330.0, 2.850
0.2201358999882359, 326, 157330.0, 2.850
0.2143402999790851, 327, 157330.0, 2.850
0.21184920001542196, 328, 157330.0, 2.850
0.24103109998395666, 329, 157330.0, 2.850
0.1975823999964632, 330, 157330.0, 2.850
0.2096464000060223, 331, 157330.0, 2.850
0.2090137000195682, 332, 157330.0, 2.850
0.17947520001325756, 333, 157330.0, 2.850
0.17484959997818805, 334, 157330.0, 2.850
0.2110376000055112, 335, 157330.0, 2.850
0.18653969999286346, 336, 157330.0, 2.850
0.19375239999499172, 337, 157330.0, 2.850
0.19853009999496862, 338, 157330.0, 2.850
0.16809429999557324, 339, 157330.0, 2.850
0.17386919999262318, 340, 157330.0, 2.850
0.2125133000081405, 341, 157330.0, 2.850
0.21518620001734234, 342, 157330.0, 2.850
0.1655942000215873, 343, 157330.0, 2.850
0.20019350000075065, 344, 157330.0, 2.850
0.177334800013341, 345, 157330.0, 2.850
0.17126050000661053, 346, 157330.0, 2.850
0.2052778999786824, 347, 157330.0, 2.850
0.2392561000015121, 348, 157330.0, 2.850
0.19488309998996556, 349, 157330.0, 2.850
0.20454260002588853, 350, 157330.0, 2.850
0.20587720000185072, 351, 157330.0, 2.850
0.18468559999018908, 352, 157330.0, 2.850
0.18071960000088438, 353, 157330.0, 2.850
0.21529670001473278, 354, 157330.0, 2.850
0.16963870002655312, 355, 157330.0, 2.850
0.18517560002510436, 356, 157330.0, 2.850
0.21417580000706948, 357, 157330.0, 2.850
0.21626310001011007, 358, 157330.0, 2.850
0.1910613999934867, 359, 157330.0, 2.850
0.2271873000136111, 360, 157330.0, 2.850
0.18654029999743216, 361, 157330.0, 2.850
0.19282389999716543, 362, 157248.0, 2.797
0.19224850001046434, 363, 157248.0, 2.797
0.18588869998347946, 364, 157248.0, 2.797
0.17096330001368187, 365, 157248.0, 2.797
0.19120989998918958, 366, 157248.0, 2.797
0.1922793000121601, 367, 157248.0, 2.797
0.20035210001515225, 368, 157248.0, 2.797
0.20919990001129918, 369, 157248.0, 2.797
0.18083279998973012, 370, 157248.0, 2.797
0.19412180001381785, 371, 157248.0, 2.797
0.18195090000517666, 372, 157248.0, 2.797
0.22078060000785626, 373, 157248.0, 2.797
0.1747087999829091, 374, 157248.0, 2.797
0.17597730000852607, 375, 157248.0, 2.797
0.18652459999429993, 376, 157248.0, 2.797
0.22189690000959672, 377, 157248.0, 2.797
0.19899390000500716, 378, 157248.0, 2.797
0.17406700001447462, 379, 157248.0, 2.797
0.1775128000008408, 380, 157248.0, 2.797
0.21089660000870936, 381, 157248.0, 2.797
0.20397609999054112, 382, 157248.0, 2.797
0.21988669998245314, 383, 157166.0, 2.743
0.20485439998446964, 384, 157166.0, 2.743
0.19563849997939542, 385, 157166.0, 2.743
0.1903390999941621, 386, 157156.0, 2.736
0.19379819999448955, 387, 157063.0, 2.676
0.2052280000061728, 388, 157063.0, 2.676
0.16604840001673438, 389, 157063.0, 2.676
0.17663850000826642, 390, 157063.0, 2.676
0.20566049998160452, 391, 157063.0, 2.676
0.2240548999980092, 392, 157063.0, 2.676
0.18312619999051094, 393, 157063.0, 2.676
0.1701543999952264, 394, 157063.0, 2.676
0.17080250001163222, 395, 157063.0, 2.676
0.22154340002452955, 396, 157063.0, 2.676
0.19997859999421053, 397, 157063.0, 2.676
0.18395420000888407, 398, 157063.0, 2.676
0.2159207999939099, 399, 157063.0, 2.676
0.19873079998069443, 400, 157063.0, 2.676
0.19343810001737438, 401, 157063.0, 2.676
0.185356200003298, 402, 157063.0, 2.676
0.200783499982208, 403, 157063.0, 2.676
0.18831559998216107, 404, 157063.0, 2.676
0.20365049998508766, 405, 157063.0, 2.676
0.21181750000687316, 406, 157063.0, 2.676
0.19473780001862906, 407, 157063.0, 2.676
0.20964919999823906, 408, 157063.0, 2.676
0.20459310000296682, 409, 157063.0, 2.676
0.1749331000028178, 410, 157063.0, 2.676
0.2169405999884475, 411, 157063.0, 2.676
0.1749386000155937, 412, 157063.0, 2.676
0.2107804999977816, 413, 157063.0, 2.676
0.17727169999852777, 414, 157063.0, 2.676
0.17295420001028106, 415, 157063.0, 2.676
0.17503079999005422, 416, 157063.0, 2.676
0.17669960000785068, 417, 157063.0, 2.676
0.19493259998853318, 418, 157063.0, 2.676
0.2031931999954395, 419, 157063.0, 2.676
0.18767939999816008, 420, 157063.0, 2.676
0.17915859998902306, 421, 157063.0, 2.676
0.1807635000150185, 422, 157063.0, 2.676
0.18541070001083426, 423, 157063.0, 2.676
0.20263769998564385, 424, 157063.0, 2.676
0.19226099998923019, 425, 157063.0, 2.676
0.19519540001056157, 426, 157063.0, 2.676
0.21316959999967366, 427, 157063.0, 2.676
0.19658230000641197, 428, 157063.0, 2.676
0.22927420001360588, 429, 157063.0, 2.676
0.183519799989881, 430, 157063.0, 2.676
0.2102729000034742, 431, 157063.0, 2.676
0.19888549999450333, 432, 157063.0, 2.676
0.20131110001238994, 433, 157063.0, 2.676
0.18434989999514073, 434, 157063.0, 2.676
0.2010387000045739, 435, 157063.0, 2.676
0.21074439998483285, 436, 157063.0, 2.676
0.20073169999523088, 437, 157063.0, 2.676

tour:
[ 986  988  989  987 1028 1027 1017 1015 1016  990  995  996  999 1000
  285  283  282 1006 1003  284 1002 1001 1004 1011 1005 1007 1008 1010
 1012 1014 1013 1018 1022 1023 1024 1025 1033 1031 1032 1156 1155 1021
 1019 1020 1009  255  256  260  261  262  263  276  278  280  281  279
  277  274  273  272  187  185  191  190  193  195  177  175  173  170
  169  167  166  164  165  163  162  168  171  172  174  176  197  196
  194  192  189  188  186  268  267  269  271  275  270  266  264  265
  233  232  231  230  200  199  198  154  155  156  157  158  159  160
  161  144  145  147  146  148  149  150  151  152  204  153  201  203
  202  225  228  229  227  226  234  236  238  259  258  257  254  250
  251  249  241  242  243  244  245  240  239  237  235  223  224  222
  221  219  220  218  217  216  215  214  213  205  209  206  210  212
  211  113  112  118  111  117  110  109  106  114  115  116 1418 1416
 1406 1407 1408 1410 1345 1366 1364 1367 1368 1369 1374 1380 1383 1381
 1365 1382 1397 1396 1395 1398 1399 1401 1400 1405 1404 1417  122  119
  121  120  123  124  126 1403 1402 1393 1394 1392  127  128  125  133
  135  136  137  207  208  138  139  140  143  142  141  134  132  131
  129  130 1391 1390 1387 1389 1388 1386 1384 1385 1377 1378 1379 1375
 1376 1372 1373 1371 1370 1359 1360 1358 1361 1357 1356 1362 1363 1346
 1344 1411 1409 1414 1415 1419 1420 1413 1421 1427 1426 1430 1429    6
  103  104 1428  105  107  108  101  100  102    7   99   98   97   96
   92   93   91   90   89  247  246  248  252  253 1154 1153 1157 1152
 1150 1151 1148 1147 1034 1030 1026 1029 1036 1035 1038 1039 1037 1044
 1045 1046 1043 1042 1052 1054 1055 1041 1040 1146 1149 1143 1145 1144
 1142 1165 1163 1162 1164 1161   79 1160 1159 1158   81   82   83   80
   78   76   77   84   85   86   87   88   95   94    8    9   10   17
   18   19   22   23   24   32   33   34   35   70   47   36   37   39
   40   41 1286 1291 1290 1289   28   29   27   30   31   25   26   21
   20   16   15   13   12   11    5    2    3    1 1431    0    4 1425
 1424 1422 1412 1423 1342 1343 1347 1355 1353 1354 1352 1349 1348 1341
 1350 1351 1335 1336 1333 1314 1332 1337 1334 1340 1338 1339 1330 1329
   14 1328 1327 1323 1325 1311 1326 1312 1331 1315 1313 1316 1317 1318
 1310 1319 1322 1324 1288 1321 1287 1304 1302 1303 1305 1308 1320 1309
 1306 1307 1300 1299 1296 1297 1295 1298 1301 1292 1285 1294 1284 1293
   50   51   52   54   59   61   49   45   44   42   38   43   46   48
   71   68   72   69   75   74 1167   73   66   67   64   65 1173 1174
 1175   63   62   60   58   57 1274 1276 1267 1278 1277   56   55   53
 1283 1279 1282 1280 1281 1268 1269 1266 1265 1262 1264 1260 1272 1271
 1270 1273 1275 1181 1182 1183 1184 1185 1180 1179 1178 1177 1176 1172
 1171 1170 1168 1166 1169 1141 1140 1138 1137 1135 1134 1139 1133 1131
 1128 1129 1127 1130 1132 1123 1136 1189 1124 1122 1125 1126 1121 1118
 1198 1197 1196 1195 1194 1190 1188 1187 1186 1191 1193 1192 1252 1255
 1256 1257 1254 1253 1259 1261 1263 1244 1258 1243 1245 1242 1241 1238
 1239 1223 1236 1237 1240 1247 1246 1249 1251 1250 1248 1234 1235 1233
 1232 1231 1230 1228 1225 1222 1224 1221 1220 1217 1218 1215 1216 1219
 1226 1227 1229 1214 1213 1212 1211 1210 1209 1208 1207 1205 1206 1204
 1201 1200 1199 1203 1202 1112 1110 1111 1109 1104 1105 1106 1107 1108
 1103 1089 1102 1092 1090 1088 1087 1086 1085 1091 1093 1094 1101 1097
 1095 1096 1098 1099 1100 1114 1116 1113 1117 1119 1120 1115 1069 1070
 1068 1067 1065 1064 1063 1061 1060 1057 1056 1058 1059 1062 1053 1066
 1051 1071 1050 1049 1048 1047  983  980  982  979  978  976  977  973
  971  970  968  969 1078 1076 1077  972  974  975 1072 1074 1073 1075
 1079 1080 1081 1084 1083 1082  966  963  962  964  965  967  961  960
  959  958  957  956  955  951  950  952  953  954  873  874  875  876
  879  878  877  872  871  870  869  854  853  852  851  850  849  841
  840  839  838  832  837  836  835  834  830  831  829  828  827  826
  822  823  825  833  824  728  729  726  725  724  723  722  727  730
  733  731  732  740  742  743  821  819  818  815  814  813  751  752
  757  756  755  812  811  808  805  804  803  799  800  798  797  795
  796  793  794  790  789  780  779  778  777  774  776  773  775  772
  771  768  770  769  767  765  766  764  754  763  759  753  760  758
  750  748  749  744  745  741  738  739  736  735  734  737  682  680
  678  677  747  746  676  675  674  679  686  697  685  681  683  720
  707  719  721  718  717  716  715  714  713  712  711  710  704  703
  702  694  693  692  695  699  701  705  709  708  706  700  698  684
  696  687  689  691  690  669  667  668  670  688  671  673  672  762
  761  654  653  652  646  644  642  641  643  659  651  655  656  666
  662  657  665  664  663  658  661  660  640  639  637  634  638  633
  632  631  635  636  645  647  648  650  649  588  587  586  585  584
  583  582  581  579  577  574  575  576  578  580  421  422  420  423
  424  428  429  430  431  426  427  425  571  573  572  569  570  567
  568  564  563  555  554  553  552  551  538  537  535  532  525  531
  536  539  540  545  547  546  550  549  548  611  610  612  613  614
  592  593  590  589  624  626  625  627  630  629  628  621  622  623
  617  591  594  615  616  618  620  619  599  598  601  603  600  597
  595  596  604  609  605  602  608  606  607  543  544  541  542  529
  530  526  528  527  524  520  519  518  516  515  521  523  533  522
  496  495  514  513  517  510  511  509  512  500  501  502  505  508
  507  506  504  503  472  471  470  473  474  475  476  477  478  484
  498  499  494  497  534  492  491  490  493  485  483  479  480  482
  481  487  486  489  557  556  559  558  488  439  440  441  438  560
  561  562  565  566  437  436  433  432  434  435  444  442  443  445
  446  447  452  451  453  450  449  448  457  454  456  455  458  459
  468  460  469  461  462  463  464  467  466  465  389  390  391  392
  394  396  398  400  399  397  395  393  388  381  380  377  376  378
  379  382  383  387  386  384  355  385  356  354  357  358  360  352
  353  351  349  350  348  359  345  347  346  322  321  323  324  320
  319  325  326  304  305  303  307  301  309  308  302  306  332  331
  330  329  328  327  340  341  342  343  344  361  362  363  364  365
  366  372  373  374  375  367  368  369  370  371  178  179  180  181
  182  183  184  339  338  337  336  335  334  333  286  287  288  289
  290  291  292  293  998  997  992  994  991  993  934  935  936  937
  931  932  933  928  929  930  927  926  925  294  295  296  297  298
  299  300  917  918  919  920  921  914  915  916  911  311  312  310
  313  314  315  316  317  318  415  411  409  407  406  404  402  401
  403  405  408  410  412  414  413  416  417  418  419  784  785  781
  786  783  787  782  788  791  792  907  909  912  910  913  908  906
  905  904  902  901  894  893  922  923  924  892  895  896  897  900
  898  899  903  801  802  806  807  809  810  816  817  820  858  859
  844  845  843  842  846  848  847  855  856  857  860  865  868  864
  863  862  861  866  867  889  890  891  886  887  888  880  885  881
  882  883  942  884  943  944  948  949  947  946  945  941  940  939
  938  981  984  985]

eliteFit: 157063.0
percentError: 2.675688043407204
computationTime: 101.509s