instanceName: kroB150
n: 150
optFit: 26130

genTime, gen, eliteFit, percentError:
0.0001568000006955117, 0, 223853.0, 756.690
0.010274299987941049, 1, 27227.0, 4.198
0.0060656999994535, 2, 26918.0, 3.016
0.006762300006812438, 3, 26692.0, 2.151
0.006425899991882034, 4, 26638.0, 1.944
0.00698799999372568, 5, 26622.0, 1.883
0.005569500004639849, 6, 26401.0, 1.037
0.006212899999809451, 7, 26401.0, 1.037
0.005968800003756769, 8, 26383.0, 0.968
0.005500500003108755, 9, 26347.0, 0.830
0.004735800001071766, 10, 26329.0, 0.762
0.003070200007641688, 11, 26272.0, 0.543
0.002732799999648705, 12, 26243.0, 0.432
0.0022240999969653785, 13, 26213.0, 0.318
0.0033002000127453357, 14, 26213.0, 0.318
0.002775599990854971, 15, 26209.0, 0.302
0.0030516999977407977, 16, 26189.0, 0.226
0.0029138999962015077, 17, 26189.0, 0.226
0.003056199988350272, 18, 26189.0, 0.226
0.0025973000010708347, 19, 26130.0, 0.000

tour:
[136 124  45 141  23 116  31 131  60  25   6  81  77   8 145 134 126  50
  62  15 119  36  28  17  48  92 142  13 140  98   9  91  18 104  65  43
 127 102  47  83  10  51 149  86  95 143  96 135  80  44  32  99  35  56
  73  68   2  72 117  58  40  88 121  20  29  67   1  34  22 101  69 110
  75 120 138 130 128  93 122  90  94  49 132  85  42   4 118  55 100  27
  38  37  70 123  71 125  82  61 137 112 107 113 144 108  97 147  87  57
  33  89  24  16 105   7 111  21  74 133  53   5 148 103  46  30  66  54
  41  63  19 109  78  12  14  26 106 129  64 146  79  76 114 139  59   3
 115  11  39  84   0  52]

eliteFit: 26130.0
percentError: 0.0
computationTime: 0.101s