instanceName: kroB150
n: 150
optFit: 26130

genTime, gen, eliteFit, percentError:
0.00015690000145696104, 0, 223128.0, 753.915
0.017283799999859184, 1, 26947.0, 3.127
0.009564000007230788, 2, 26733.0, 2.308
0.007346300000790507, 3, 26648.0, 1.982
0.007602199999382719, 4, 26366.0, 0.903
0.00793760000669863, 5, 26366.0, 0.903
0.004805800010217354, 6, 26208.0, 0.299
0.006175799993798137, 7, 26208.0, 0.299
0.0060929999890504405, 8, 26205.0, 0.287
0.005415899999206886, 9, 26165.0, 0.134
0.005466800008434802, 10, 26165.0, 0.134
0.006362299987813458, 11, 26147.0, 0.065
0.004945499997120351, 12, 26130.0, 0.000

tour:
[111   7 105  16  24  89  33  57  87 147  97 108 144 113 107 112 137  61
  82 125  71 123  70  37  38  27 100  55 118   4  42  85 132  49  94  90
 122  93 128 130 138 120  75 110  69 101  22  34   1  67  29  20 121  88
  40  58 117  72   2  68  73  56  35  99  32  44  80 135  96 143  95  86
 149  51  10  83  47 102 127  43  65 104  18  91   9  98 140  13 142  92
  48  17  28  36 119  15  62  50 126 134 145   8  77  81   6  25  60 131
  31 116  23 141  45 124 136  52   0  84  39  11 115   3  59 139 114  76
  79 146  64 129 106  26  14  12  78 109  19  63  41  54  66  30  46 103
 148   5  53 133  74  21]

eliteFit: 26130.0
percentError: 0.0
computationTime: 0.097s