instanceName: kroB150
n: 150
optFit: 26130

genTime, gen, eliteFit, percentError:
0.00020049999875482172, 0, 226363.0, 766.295
0.010507899991353042, 1, 27260.0, 4.325
0.007060600008117035, 2, 26769.0, 2.445
0.006337600003462285, 3, 26769.0, 2.445
0.005714099999750033, 4, 26763.0, 2.423
0.0065088999981526285, 5, 26597.0, 1.787
0.006718600008753128, 6, 26597.0, 1.787
0.005651300001773052, 7, 26402.0, 1.041
0.008645800000522286, 8, 26402.0, 1.041
0.00723989999096375, 9, 26402.0, 1.041
0.006023699999786913, 10, 26283.0, 0.586
0.0054176999983610585, 11, 26283.0, 0.586
0.004065200002514757, 12, 26263.0, 0.509
0.005137999993166886, 13, 26237.0, 0.409
0.004233400002704002, 14, 26212.0, 0.314
0.0036890000046696514, 15, 26192.0, 0.237
0.002879500010749325, 16, 26187.0, 0.218
0.002399899996817112, 17, 26187.0, 0.218
0.0024222000065492466, 18, 26187.0, 0.218
0.003052400003070943, 19, 26187.0, 0.218
0.003417899992200546, 20, 26187.0, 0.218
0.0029033000027993694, 21, 26187.0, 0.218
0.0028907000087201595, 22, 26187.0, 0.218
0.0019318000122439116, 23, 26187.0, 0.218
0.002342000007047318, 24, 26187.0, 0.218
0.002478299997164868, 25, 26187.0, 0.218
0.0020751000120071694, 26, 26187.0, 0.218
0.0022265000006882474, 27, 26187.0, 0.218
0.0022870999964652583, 28, 26165.0, 0.134
0.002586600006907247, 29, 26165.0, 0.134
0.0020226000051479787, 30, 26165.0, 0.134
0.00210240000160411, 31, 26165.0, 0.134
0.002543599999626167, 32, 26165.0, 0.134
0.0017960999975912273, 33, 26165.0, 0.134
0.002386699998169206, 34, 26165.0, 0.134
0.002665300009539351, 35, 26141.0, 0.042
0.001785599990398623, 36, 26141.0, 0.042
0.0031041999900480732, 37, 26141.0, 0.042
0.00197719999414403, 38, 26141.0, 0.042
0.002799100009724498, 39, 26141.0, 0.042
0.0021357000077841803, 40, 26141.0, 0.042
0.003345899996929802, 41, 26141.0, 0.042
0.0020281000033719465, 42, 26141.0, 0.042
0.0020380000059958547, 43, 26141.0, 0.042
0.0027313999889884144, 44, 26141.0, 0.042
0.002160800009733066, 45, 26141.0, 0.042
0.0024982000031741336, 46, 26141.0, 0.042
0.0019794000108959153, 47, 26141.0, 0.042
0.0021271000005071983, 48, 26141.0, 0.042
0.002887800001190044, 49, 26141.0, 0.042
0.0022247999877436087, 50, 26141.0, 0.042
0.002360200000111945, 51, 26141.0, 0.042
0.002289500000188127, 52, 26141.0, 0.042
0.001860599993960932, 53, 26141.0, 0.042
0.0025668000016594306, 54, 26141.0, 0.042
0.002020800005993806, 55, 26141.0, 0.042
0.0020816999895032495, 56, 26141.0, 0.042
0.00197199999820441, 57, 26141.0, 0.042
0.0020101999980397522, 58, 26141.0, 0.042
0.0024892000074032694, 59, 26141.0, 0.042
0.0022343000018736348, 60, 26141.0, 0.042
0.001844900005380623, 61, 26141.0, 0.042
0.00220610000542365, 62, 26141.0, 0.042
0.0019592000026023015, 63, 26141.0, 0.042
0.002224500000011176, 64, 26141.0, 0.042
0.002150499989511445, 65, 26141.0, 0.042
0.0021389000030467287, 66, 26141.0, 0.042
0.0029673999961232767, 67, 26141.0, 0.042
0.0020878999930573627, 68, 26141.0, 0.042
0.002126999999745749, 69, 26141.0, 0.042
0.002385100000537932, 70, 26141.0, 0.042
0.0022877000010339543, 71, 26141.0, 0.042
0.002602900000056252, 72, 26141.0, 0.042
0.002091699992888607, 73, 26141.0, 0.042
0.002620500003104098, 74, 26141.0, 0.042
0.002154400004656054, 75, 26141.0, 0.042
0.002234499988844618, 76, 26141.0, 0.042
0.002311599993845448, 77, 26141.0, 0.042
0.001860000003944151, 78, 26141.0, 0.042
0.0024120000016409904, 79, 26141.0, 0.042
0.002084299994749017, 80, 26141.0, 0.042
0.0018822999991243705, 81, 26141.0, 0.042
0.0030017999961273745, 82, 26141.0, 0.042
0.0019049999973503873, 83, 26141.0, 0.042
0.002209700003731996, 84, 26141.0, 0.042
0.0023369999980786815, 85, 26141.0, 0.042

tour:
[126  50  62  15 119  36  28  17  48  92 142  13 140  98   9  91  18 104
  65  43 127 102  47  83  10  51 149  86  95 143  96 135  80  44  32  99
  35  56  73  68   2  72 117  58  40  88 121  20  29  67   1  34  22 101
  69 110  75 120 138 130 128  93 122  90  94  49 132  85  42   4 118  55
 100  37  70 123  71  82  61 137 112 107 125  38  27  87 147  97  57 108
 144  33  89  24  16 113 105   7 111  21  74 133  53   5 148 103  46  30
  66  54  41  63  19 109  78  12  14  26 106 129  64 146  79  76 114 139
  59   3 115  11  39  84   0  52 136 124  45 141  23 116  31 131  60  25
   6  81  77   8 145 134]

eliteFit: 26141.0
percentError: 0.04209720627631075
computationTime: 0.300s