instanceName: gil262
n: 262
optFit: 2378

genTime, gen, eliteFit, percentError:
0.00022679999528918415, 0, 25002.0, 951.388
0.0342131000070367, 1, 2544.0, 6.981
0.021152399989659898, 2, 2519.0, 5.929
0.01841459999559447, 3, 2492.0, 4.794
0.018558700001449324, 4, 2464.0, 3.616
0.018239500001072884, 5, 2458.0, 3.364
0.017941600002814084, 6, 2458.0, 3.364
0.018711500000790693, 7, 2446.0, 2.860
0.013696900001377799, 8, 2446.0, 2.860
0.01118819999101106, 9, 2437.0, 2.481
0.012727499997708946, 10, 2433.0, 2.313
0.011508399999001995, 11, 2417.0, 1.640
0.008738300006370991, 12, 2417.0, 1.640
0.009417699999175966, 13, 2401.0, 0.967
0.009486299997661263, 14, 2401.0, 0.967
0.0067457000113790855, 15, 2401.0, 0.967
0.006248999998206273, 16, 2397.0, 0.799
0.006489100007456727, 17, 2397.0, 0.799
0.006821099988883361, 18, 2397.0, 0.799
0.005883699996047653, 19, 2397.0, 0.799
0.006202999997185543, 20, 2397.0, 0.799
0.006026100003509782, 21, 2397.0, 0.799
0.007435999999870546, 22, 2397.0, 0.799
0.006618500003241934, 23, 2397.0, 0.799
0.006696299999020994, 24, 2393.0, 0.631
0.006803399999625981, 25, 2393.0, 0.631
0.010671099997125566, 26, 2392.0, 0.589
0.011195400002179667, 27, 2392.0, 0.589
0.013066700004856102, 28, 2392.0, 0.589
0.008777600000030361, 29, 2392.0, 0.589
0.006263599992962554, 30, 2392.0, 0.589
0.006000399996992201, 31, 2392.0, 0.589
0.006564700001035817, 32, 2392.0, 0.589
0.006216000008862466, 33, 2392.0, 0.589
0.006271799997193739, 34, 2392.0, 0.589
0.007598299998790026, 35, 2392.0, 0.589
0.007911900000181049, 36, 2392.0, 0.589
0.007112599996617064, 37, 2392.0, 0.589
0.00647459999890998, 38, 2392.0, 0.589
0.006630899995798245, 39, 2392.0, 0.589
0.006167599989566952, 40, 2392.0, 0.589
0.005609400002867915, 41, 2392.0, 0.589
0.005652100007864647, 42, 2392.0, 0.589
0.006492699991213158, 43, 2392.0, 0.589
0.006374099990352988, 44, 2392.0, 0.589
0.007165299990447238, 45, 2392.0, 0.589
0.007779499996104278, 46, 2392.0, 0.589
0.006562300011864863, 47, 2392.0, 0.589
0.006374799995683134, 48, 2392.0, 0.589
0.006397400007699616, 49, 2392.0, 0.589
0.006245700002182275, 50, 2392.0, 0.589
0.007303500009584241, 51, 2392.0, 0.589
0.006027600000379607, 52, 2392.0, 0.589
0.005972300001303665, 53, 2392.0, 0.589
0.0078464999969583, 54, 2392.0, 0.589
0.007065300000249408, 55, 2392.0, 0.589
0.007181599998148158, 56, 2392.0, 0.589
0.006943200001842342, 57, 2392.0, 0.589
0.007550800000899471, 58, 2392.0, 0.589
0.006765099999029189, 59, 2392.0, 0.589
0.0065591000020504, 60, 2392.0, 0.589
0.006234999993466772, 61, 2392.0, 0.589
0.006368899994413368, 62, 2392.0, 0.589
0.006378099991707131, 63, 2392.0, 0.589
0.006636599995545112, 64, 2392.0, 0.589
0.006670500006293878, 65, 2392.0, 0.589
0.006258900000830181, 66, 2392.0, 0.589
0.007598500000312924, 67, 2392.0, 0.589
0.006812599996919744, 68, 2392.0, 0.589
0.006588499993085861, 69, 2392.0, 0.589
0.008897100007743575, 70, 2392.0, 0.589
0.009678100002929568, 71, 2392.0, 0.589
0.008699800004251301, 72, 2392.0, 0.589
0.006705599997076206, 73, 2392.0, 0.589
0.007032699999399483, 74, 2392.0, 0.589
0.007163099988247268, 75, 2392.0, 0.589
0.0065556000045035034, 76, 2392.0, 0.589

tour:
[ 64 219  35 182  57 149 188 105 120 247  88 166  12 152   8 229  25 147
 113 252 100 192 124  63 249 162 223  68 176 236  61 248 156  81 234 224
 240  10 202  56 213 130 237   9  41 196 193  79 112 102  65 167  46  54
 174 258  16  23  39 126 244 146 158 133 157  59 109 108  19  28 226  40
 209 177  91 116 239  97 106  13 142 173 195  47 127 160 178 199  21 119
  22 235 110 254 251 221  84 104 131  96  50  66 200  77  31 225 135 175
 232 218  74 161  58 170 180 168  51  14 101  38  37  55 255 241 222  42
 121 145 134  83  15 242   5 164  36  43 198 250 207 151 179  62 215  45
  92 186  44 211  76  90  49  87 246 148  85 150  93 118 217 183 191 143
 238  34 259 155  27 181  94  33 257 187  86 153  75 154 107 243  98  69
 231 141  67 230 201 138   0 228  70  30 204 220 128 129  60  89 210  48
  11 132   4 190 261  78  18 184  71  32 233 253 208 137  20  99 144 114
   3  80 185 171 139 163   6 159 245  24 140 103  73 214 125 115   2 117
 122 189   7 212 111  95 165 206  72 197 203  53  29  17 136 256 123  52
 227 172 260  26 194   1 169 216  82 205]

eliteFit: 2392.0
percentError: 0.5887300252312868
computationTime: 0.702s