instanceName: gil262
n: 262
optFit: 2378

genTime, gen, eliteFit, percentError:
0.00022610000451095402, 0, 25077.0, 954.542
0.03409890001057647, 1, 2509.0, 5.509
0.02009340000222437, 2, 2492.0, 4.794
0.019973999995272607, 3, 2490.0, 4.710
0.019198199996026233, 4, 2478.0, 4.205
0.02089819998946041, 5, 2459.0, 3.406
0.020532700000330806, 6, 2444.0, 2.775
0.019262699992395937, 7, 2444.0, 2.775
0.01893850001215469, 8, 2444.0, 2.775
0.01798129999951925, 9, 2440.0, 2.607
0.01770139999280218, 10, 2433.0, 2.313
0.019670199995744042, 11, 2433.0, 2.313
0.014655999999376945, 12, 2431.0, 2.229
0.01643849999527447, 13, 2429.0, 2.145
0.013003700005356222, 14, 2421.0, 1.808
0.013142099996912293, 15, 2419.0, 1.724
0.010578600005828775, 16, 2418.0, 1.682
0.007125700009055436, 17, 2415.0, 1.556
0.006729100001393817, 18, 2412.0, 1.430
0.00783909999881871, 19, 2410.0, 1.346
0.007312500005355105, 20, 2408.0, 1.262
0.006336200007353909, 21, 2408.0, 1.262
0.006968100002268329, 22, 2408.0, 1.262
0.006523400006699376, 23, 2408.0, 1.262
0.005601400000159629, 24, 2408.0, 1.262
0.00709389999974519, 25, 2408.0, 1.262
0.006477400005678646, 26, 2408.0, 1.262
0.006029500000295229, 27, 2408.0, 1.262
0.005777699989266694, 28, 2408.0, 1.262
0.005644499993650243, 29, 2408.0, 1.262
0.006776299997000024, 30, 2408.0, 1.262
0.006848599994555116, 31, 2408.0, 1.262
0.0063630999939050525, 32, 2408.0, 1.262
0.006714300005114637, 33, 2408.0, 1.262
0.007420900001307018, 34, 2408.0, 1.262
0.00671390000206884, 35, 2408.0, 1.262
0.006548300007125363, 36, 2408.0, 1.262
0.005427500000223517, 37, 2408.0, 1.262
0.005213699987507425, 38, 2408.0, 1.262
0.006068100003176369, 39, 2408.0, 1.262
0.006492400003480725, 40, 2408.0, 1.262
0.006600799999432638, 41, 2408.0, 1.262
0.005999399989377707, 42, 2408.0, 1.262
0.024696000007679686, 43, 2408.0, 1.262
0.01186260000395123, 44, 2408.0, 1.262
0.00802740000654012, 45, 2408.0, 1.262
0.0062034000002313405, 46, 2408.0, 1.262
0.006444900005590171, 47, 2408.0, 1.262
0.0054701000044588, 48, 2408.0, 1.262
0.0063993999938247725, 49, 2408.0, 1.262
0.005845799998496659, 50, 2408.0, 1.262
0.006911799995577894, 51, 2408.0, 1.262
0.006320400003460236, 52, 2408.0, 1.262
0.006864200011477806, 53, 2408.0, 1.262
0.005682600007276051, 54, 2408.0, 1.262
0.006341400003293529, 55, 2408.0, 1.262
0.005537899996852502, 56, 2408.0, 1.262
0.007309100008569658, 57, 2408.0, 1.262
0.005952699997578748, 58, 2408.0, 1.262
0.006317099992884323, 59, 2408.0, 1.262
0.005472999997437, 60, 2408.0, 1.262
0.005817099998239428, 61, 2408.0, 1.262
0.005799500009743497, 62, 2408.0, 1.262
0.007360299990978092, 63, 2408.0, 1.262
0.006559400004334748, 64, 2408.0, 1.262
0.0057785000099102035, 65, 2408.0, 1.262
0.005924500001128763, 66, 2408.0, 1.262
0.0066125999874202535, 67, 2408.0, 1.262
0.006347000002278946, 68, 2408.0, 1.262
0.006287700001848862, 69, 2408.0, 1.262
0.00685459999658633, 70, 2408.0, 1.262

tour:
[ 24 140 125 115 214 103  73   6 159 163 139 171 185  80   3 114 243 107
  69  98 208 144  99  20 137 253 233  32  71 184  18  78 261 190  29  17
 136 256 227  52 123  48  11 132   4 210  89  60 129 128 220 204  30  70
 228   0 138 201 230  67 141 231 154  75 153  86 257 187  33  94 181  27
 155 259  34 238 143 191 183 217 118  93 150  85 148 246  87  49  76  90
  45 215  62 179 151 199 178 160  92 186  44 211 106 239 116  97  13 142
 173 195  47 127  21 119  22 235 110 251 254  91 177 209  40 226  28  19
 108 109  59 157 133 158 146 244 126  39  23  16 258 174  54  46 167  65
 102 112  79 193 196  41   9 237 130 202  56 213 255  55 241  37  38 121
  42 222 224 240  10 234  81 156 248  61 236 176  68 223 162 249  63 124
 194   1 169 229 152   8  25 147 113 252 192 100  12 166  88 247 120 105
 188 149  57 182  35 219  64 205  82 216  26 260 172  53 203 197  72 206
 165  95 111 212   7 189 122 117   2 134 145  83  15 242   5 168 180 170
  58 161  74  51 218  14 101 232 175 135 225  31  77 200  66  50  96 131
 104  84 221 164  36  43 198 250 207 245]

eliteFit: 2408.0
percentError: 1.2615643397813288
computationTime: 0.705s