instanceName: gil262
n: 262
optFit: 2378

genTime, gen, eliteFit, percentError:
0.0002469000028213486, 0, 24449.0, 928.133
0.05476020000060089, 1, 2530.0, 6.392
0.019141999990097247, 2, 2508.0, 5.467
0.02229010000883136, 3, 2493.0, 4.836
0.020414200000232086, 4, 2450.0, 3.028
0.025659100007032976, 5, 2436.0, 2.439
0.02093419998709578, 6, 2436.0, 2.439
0.01819049999176059, 7, 2419.0, 1.724
0.017168500009574927, 8, 2419.0, 1.724
0.024721099995076656, 9, 2417.0, 1.640
0.017794500003219582, 10, 2414.0, 1.514
0.016944000002695248, 11, 2413.0, 1.472
0.015036500000860542, 12, 2412.0, 1.430
0.014207999993232079, 13, 2409.0, 1.304
0.009782000008272007, 14, 2409.0, 1.304
0.009557299999869429, 15, 2404.0, 1.093
0.007863500009989366, 16, 2404.0, 1.093
0.007483699999283999, 17, 2404.0, 1.093
0.006435599992983043, 18, 2404.0, 1.093
0.006073399999877438, 19, 2404.0, 1.093
0.005986899996059947, 20, 2404.0, 1.093
0.006461600001784973, 21, 2402.0, 1.009
0.0069038999936310574, 22, 2402.0, 1.009
0.006529299993417226, 23, 2394.0, 0.673
0.007993299994268455, 24, 2392.0, 0.589
0.007204699999419972, 25, 2392.0, 0.589
0.006890299991937354, 26, 2385.0, 0.294
0.006697999997413717, 27, 2385.0, 0.294
0.006227000005310401, 28, 2385.0, 0.294
0.006514299995615147, 29, 2385.0, 0.294
0.006027499999618158, 30, 2385.0, 0.294
0.006524399999761954, 31, 2384.0, 0.252
0.005449400006909855, 32, 2384.0, 0.252
0.006788099999539554, 33, 2384.0, 0.252
0.0067115999991074204, 34, 2384.0, 0.252
0.005634300003293902, 35, 2384.0, 0.252
0.006611999997403473, 36, 2384.0, 0.252
0.006003500006045215, 37, 2384.0, 0.252
0.0059698999975807965, 38, 2384.0, 0.252
0.005489799994393252, 39, 2384.0, 0.252
0.006169300002511591, 40, 2384.0, 0.252
0.006007699994370341, 41, 2384.0, 0.252
0.00620350000099279, 42, 2384.0, 0.252
0.006239300011657178, 43, 2384.0, 0.252
0.006233799998881295, 44, 2384.0, 0.252
0.005807200010167435, 45, 2384.0, 0.252
0.006954399999813177, 46, 2384.0, 0.252
0.006321199994999915, 47, 2384.0, 0.252
0.006232200001250021, 48, 2384.0, 0.252
0.005896199989365414, 49, 2384.0, 0.252
0.0073521000012988225, 50, 2384.0, 0.252
0.0068466999946394935, 51, 2384.0, 0.252
0.0057087000022875145, 52, 2384.0, 0.252
0.005681599999661557, 53, 2384.0, 0.252
0.006637800004682504, 54, 2384.0, 0.252
0.005632899992633611, 55, 2384.0, 0.252
0.006907800008775666, 56, 2384.0, 0.252
0.006490300002042204, 57, 2384.0, 0.252
0.005707900010747835, 58, 2384.0, 0.252
0.007020599994575605, 59, 2384.0, 0.252
0.006320700005744584, 60, 2384.0, 0.252
0.005542200000490993, 61, 2384.0, 0.252
0.005955200002063066, 62, 2384.0, 0.252
0.006576900006621145, 63, 2384.0, 0.252
0.006987499989918433, 64, 2384.0, 0.252
0.005644299992127344, 65, 2384.0, 0.252
0.00676650000968948, 66, 2384.0, 0.252
0.005907999991904944, 67, 2384.0, 0.252
0.005542399987461977, 68, 2384.0, 0.252
0.006579499997314997, 69, 2384.0, 0.252
0.005830999987665564, 70, 2384.0, 0.252
0.006943200001842342, 71, 2384.0, 0.252
0.006000099994707853, 72, 2384.0, 0.252
0.008306600007927045, 73, 2384.0, 0.252
0.005841300007887185, 74, 2384.0, 0.252
0.007212700002128258, 75, 2384.0, 0.252
0.006961199993384071, 76, 2384.0, 0.252
0.006635199999436736, 77, 2384.0, 0.252
0.007173100006184541, 78, 2384.0, 0.252
0.005699000001186505, 79, 2384.0, 0.252
0.006466099992394447, 80, 2384.0, 0.252
0.0061264999967534095, 81, 2384.0, 0.252

tour:
[ 43  21 119  22 235 110 251 254  91 177 209  40 226  28  19 108 109  59
 157 133 158 146 244 126  39  23  16 258 174  54  46 167  65 102 112  79
 193 196  41   9 237 130 213  56 202  12 166  88 247 120 105 188 149  57
 182  35 219  64 205  82 216 194   1 169 229 152   8  25 147 113 252 100
 192 124  63 223 162 249  68 176 236  61 248 156  81 234  10 240 224  42
 222 121 241 255  55  37  38 101  14  51 168 180 170  58 161  74 218 232
 175 135 225  31  77 200  66  50  96 131 104  84 221 164  36   5 242  15
  83 145 134   2 117 122   7 189 111 212 214 115 125 103  73 140  24 245
   6 159 163 139 171 185  80   3 114 144  99  20 137 208 253 233  32  71
  18 184 165 206  95  72 197 203  53 260  26 172 227  52 123 256 136  17
  29 190 261  78   4 132  11  48 210  89  60 129 128 220 204  30  70 228
   0 138 201 230  67 141 231  69  98 243 107 154  75 153  86 257 187  33
  94 181  27 155 259  34 238 143 191 183 217 118  93 150  85 148 246  87
  49  90  76 211 106 239 116  97  13 142 173 195  47 127  44 186  92  45
 160 178 199  62 215 179 151 207 250 198]

eliteFit: 2384.0
percentError: 0.2523128679562658
computationTime: 0.775s