instanceName: gil262
n: 262
optFit: 2378

genTime, gen, eliteFit, percentError:
0.000247900010435842, 0, 25150.0, 957.611
0.03318549999676179, 1, 2546.0, 7.065
0.01940180000383407, 2, 2508.0, 5.467
0.01947140000993386, 3, 2482.0, 4.373
0.019757600006414577, 4, 2466.0, 3.701
0.018716499995207414, 5, 2466.0, 3.701
0.01863700000103563, 6, 2454.0, 3.196
0.018294599998625927, 7, 2454.0, 3.196
0.01912830000219401, 8, 2439.0, 2.565
0.017410000000381842, 9, 2396.0, 0.757
0.018436900005326606, 10, 2396.0, 0.757
0.0176756999862846, 11, 2396.0, 0.757
0.01781529998697806, 12, 2394.0, 0.673
0.016403899993747473, 13, 2394.0, 0.673
0.008169100008672103, 14, 2394.0, 0.673
0.009115699998801574, 15, 2394.0, 0.673
0.008874999999534339, 16, 2394.0, 0.673
0.008447699990938418, 17, 2394.0, 0.673
0.008915099999285303, 18, 2394.0, 0.673
0.00864210000145249, 19, 2394.0, 0.673
0.009757599997101352, 20, 2394.0, 0.673
0.007800499995937571, 21, 2391.0, 0.547
0.00756290000572335, 22, 2391.0, 0.547
0.0074714999936986715, 23, 2391.0, 0.547
0.008465699997032061, 24, 2391.0, 0.547
0.008070800002315082, 25, 2391.0, 0.547
0.00572860000829678, 26, 2391.0, 0.547
0.006086100009270012, 27, 2391.0, 0.547
0.006383700005244464, 28, 2391.0, 0.547
0.007090400002198294, 29, 2391.0, 0.547
0.005790700000943616, 30, 2391.0, 0.547
0.007112599996617064, 31, 2391.0, 0.547
0.00630129998899065, 32, 2391.0, 0.547
0.007309199994779192, 33, 2391.0, 0.547
0.005677499997545965, 34, 2391.0, 0.547
0.006574600003659725, 35, 2391.0, 0.547
0.00641310001083184, 36, 2391.0, 0.547
0.00817409998853691, 37, 2391.0, 0.547
0.007004099999903701, 38, 2391.0, 0.547
0.005550999994738959, 39, 2391.0, 0.547
0.008863499999279156, 40, 2391.0, 0.547
0.009186900002532639, 41, 2391.0, 0.547
0.019547199990483932, 42, 2391.0, 0.547
0.010656699989340268, 43, 2391.0, 0.547
0.006542600007378496, 44, 2391.0, 0.547
0.0066728000092552975, 45, 2391.0, 0.547
0.006438199998228811, 46, 2391.0, 0.547
0.006716999996569939, 47, 2391.0, 0.547
0.006385900007444434, 48, 2391.0, 0.547
0.008149000001139939, 49, 2391.0, 0.547
0.007638900002348237, 50, 2391.0, 0.547
0.005982599992421456, 51, 2391.0, 0.547
0.007144000002881512, 52, 2391.0, 0.547
0.006971299997530878, 53, 2391.0, 0.547
0.008019300003070384, 54, 2391.0, 0.547
0.005998900000122376, 55, 2391.0, 0.547
0.005745399990701117, 56, 2391.0, 0.547
0.006310299999313429, 57, 2391.0, 0.547
0.0062212000048020855, 58, 2391.0, 0.547
0.006057099992176518, 59, 2391.0, 0.547
0.005595700000412762, 60, 2391.0, 0.547
0.005565300001762807, 61, 2391.0, 0.547
0.007114300009561703, 62, 2391.0, 0.547
0.00595449999673292, 63, 2391.0, 0.547
0.005600099990260787, 64, 2391.0, 0.547
0.008503499993821606, 65, 2391.0, 0.547
0.00603229999251198, 66, 2391.0, 0.547
0.00627159999567084, 67, 2391.0, 0.547
0.0055598000035388395, 68, 2391.0, 0.547
0.006439899996621534, 69, 2391.0, 0.547
0.006504000004497357, 70, 2391.0, 0.547
0.00628349999897182, 71, 2391.0, 0.547

tour:
[255  55  37  38 101  14  51 168 180 170  58 161  74 218 232 175 135 225
  31  77 200  66  50  96 131 104  84 221 164  36   5 242  15  83 145 134
   2 117 122   7 189 111 212 214 115 125 103  73 140  24 245 159   6 163
 139 171  71 184  18 165 206  95  72 197 203  53 172 260  26 216  82 205
  64 227  52 123 256 136  17  29 190 261  78   4 132  11  48 129  60  89
 210 128 220 204  30  70 228   0 138 201 230 231 141  67 233 253  32 137
  20 185  80   3 114 144  99 208  98  69 243 107 154  75 153  86 257 187
  33  94 181  27 155 259  34 238 143 191 183 217 118  93 150  85 148 246
  87  49  76  90  92 186  44 211 106 239 116  97  13 142 173 195  47 127
 178 160  45 215  62 199 179 151 207 250 198  43  21 119  22 235 110 251
 254  91 177 209  40 226  28  19 108 109  59 157 133 158 146 244 126  39
  23  16 258 174  54  46 167  65 102 112  79 193 196  41   9 237 130 213
  56 202 192 100 252 113 147  25   8 152  12 166  88 247 120 105 188 219
  35 149 182  57 229 169   1 194 124  63 223 162 249  68 176 236  61 248
 156  81 234  10 240 224  42 222 121 241]

eliteFit: 2391.0
percentError: 0.5466778805719091
computationTime: 0.720s