instanceName: lin105
n: 105
optFit: 14379

genTime, gen, eliteFit, percentError:
0.00011360000644344836, 0, 105729.0, 635.301
0.0057773000007728115, 1, 14569.0, 1.321
0.004506600002059713, 2, 14469.0, 0.626
0.004289600008632988, 3, 14426.0, 0.327
0.0031694000062998384, 4, 14426.0, 0.327
0.004063599990331568, 5, 14416.0, 0.257
0.0022413999977288768, 6, 14379.0, 0.000

tour:
[ 91  95  96 100 101  92  88  89  97  98  99  94  93  87  86  65  64  60
  59  38  37  34  33  13  12   3   4   8   7   2   0   1   5   6   9  10
  14 102  20  21  28  29  30  31  32  27  22  19  11  18  23  26  15  16
  17  24  25  35  36  41  40  42  45  51  52  57  56  53  50  46  43 103
  39  48  44  47  49  54  55  58 104  61  62  69  68  73  74  80  72  75
  79  85  78  76  71  63  66  67  70  77  81  82  83  84  90]

eliteFit: 14379.0
percentError: 0.0
computationTime: 0.028s