instanceName: lin105
n: 105
optFit: 14379

genTime, gen, eliteFit, percentError:
0.00012589999823831022, 0, 109847.0, 663.940
0.004930199997033924, 1, 14609.0, 1.600
0.0035558999952627346, 2, 14530.0, 1.050
0.003031200001714751, 3, 14521.0, 0.988
0.0036518999986583367, 4, 14434.0, 0.383
0.002751599997282028, 5, 14412.0, 0.230
0.0029479999939212576, 6, 14379.0, 0.000

tour:
[ 63  71  76  78  85  79  75  72  80  74  73  68  69  62  61 104  58  55
  54  49  47  44  48  39 103  43  46  50  53  56  57  52  51  45  42  40
  41  36  35  25  24  17  16  15  26  23  18  11  19  22  27  32  31  30
  29  28  21  20 102  14  10   9   6   5   1   0   2   7   8   4   3  12
  13  33  34  37  38  59  60  64  65  86  87  93  94  99  98  97  89  88
  92 101 100  96  95  91  90  84  83  82  81  77  70  67  66]

eliteFit: 14379.0
percentError: 0.0
computationTime: 0.025s