instanceName: p654
n: 654
optFit: 34643

genTime, gen, eliteFit, percentError:
0.0012493999965954572, 0, 1907177.0, 5405.230
0.2136420999886468, 1, 35320.0, 1.954
0.1364973000017926, 2, 35156.0, 1.481
0.13063050000346266, 3, 35104.0, 1.331
0.1446328000020003, 4, 35073.0, 1.241
0.12755249999463558, 5, 35033.0, 1.126
0.13512510000145994, 6, 34953.0, 0.895
0.11836569999286439, 7, 34953.0, 0.895
0.12519380000594538, 8, 34924.0, 0.811
0.1255640999879688, 9, 34912.0, 0.776
0.10793240000202786, 10, 34884.0, 0.696
0.08777290000580251, 11, 34884.0, 0.696
0.07042650000948925, 12, 34856.0, 0.615
0.06932490000326652, 13, 34856.0, 0.615
0.0818851999938488, 14, 34844.0, 0.580
0.09675499999138992, 15, 34825.0, 0.525
0.07667089998722076, 16, 34825.0, 0.525
0.0488236999954097, 17, 34797.0, 0.445
0.05722629999218043, 18, 34797.0, 0.445
0.045485099995858036, 19, 34791.0, 0.427
0.041930699997465126, 20, 34779.0, 0.393
0.038729799998691306, 21, 34770.0, 0.367
0.04105940001318231, 22, 34758.0, 0.332
0.04131040000356734, 23, 34758.0, 0.332
0.04664099999354221, 24, 34758.0, 0.332
0.043050799999036826, 25, 34758.0, 0.332
0.03987860000052024, 26, 34758.0, 0.332
0.03725510000367649, 27, 34758.0, 0.332
0.040639099999680184, 28, 34746.0, 0.297
0.0410565000056522, 29, 34746.0, 0.297
0.04224100000283215, 30, 34746.0, 0.297
0.04979760000423994, 31, 34734.0, 0.263
0.03943250000884291, 32, 34734.0, 0.263
0.046252100000856444, 33, 34734.0, 0.263
0.04210350000357721, 34, 34734.0, 0.263
0.04218820000824053, 35, 34734.0, 0.263
0.04223700000147801, 36, 34734.0, 0.263
0.04094760000589304, 37, 34734.0, 0.263
0.03849880000052508, 38, 34734.0, 0.263
0.03921259999333415, 39, 34734.0, 0.263
0.04053399999975227, 40, 34734.0, 0.263
0.039217900004587136, 41, 34734.0, 0.263
0.056092899991199374, 42, 34722.0, 0.228
0.04671690000395756, 43, 34722.0, 0.228
0.03912339999806136, 44, 34710.0, 0.193
0.03859100000408944, 45, 34710.0, 0.193
0.037048400001367554, 46, 34710.0, 0.193
0.044381500003510155, 47, 34710.0, 0.193
0.0344349999941187, 48, 34710.0, 0.193
0.04268389999924693, 49, 34710.0, 0.193
0.03798059999826364, 50, 34710.0, 0.193
0.03520779999962542, 51, 34710.0, 0.193
0.04701490000297781, 52, 34710.0, 0.193
0.043131500002346, 53, 34710.0, 0.193
0.04029250000894535, 54, 34710.0, 0.193
0.04272969999874476, 55, 34710.0, 0.193
0.04084589998819865, 56, 34710.0, 0.193
0.04186959999788087, 57, 34710.0, 0.193
0.036493600011453964, 58, 34710.0, 0.193
0.04364400000486057, 59, 34710.0, 0.193
0.04112680000253022, 60, 34710.0, 0.193
0.040522399998735636, 61, 34710.0, 0.193
0.04221780000079889, 62, 34710.0, 0.193
0.04309260001173243, 63, 34710.0, 0.193
0.039762400003382936, 64, 34710.0, 0.193
0.03967410000041127, 65, 34710.0, 0.193
0.03509940000367351, 66, 34710.0, 0.193
0.04554890000144951, 67, 34710.0, 0.193
0.04487160001008306, 68, 34710.0, 0.193
0.037719399988418445, 69, 34710.0, 0.193
0.04191280000668485, 70, 34710.0, 0.193
0.03507089999038726, 71, 34710.0, 0.193
0.045390600003884174, 72, 34710.0, 0.193
0.04226370000105817, 73, 34710.0, 0.193
0.04339960000652354, 74, 34710.0, 0.193
0.04241100000217557, 75, 34710.0, 0.193
0.03922289999900386, 76, 34710.0, 0.193
0.040943200001493096, 77, 34710.0, 0.193
0.03922390000661835, 78, 34710.0, 0.193
0.03910389999509789, 79, 34710.0, 0.193
0.053600699990056455, 80, 34710.0, 0.193
0.03812289999041241, 81, 34710.0, 0.193
0.04041020000295248, 82, 34710.0, 0.193
0.038877899991348386, 83, 34710.0, 0.193
0.03404329999466427, 84, 34710.0, 0.193
0.03745030000573024, 85, 34710.0, 0.193
0.04112809999787714, 86, 34710.0, 0.193
0.03688770000007935, 87, 34710.0, 0.193
0.03529519999574404, 88, 34710.0, 0.193
0.04626069999358151, 89, 34709.0, 0.191
0.03516200000012759, 90, 34709.0, 0.191
0.036078000004636124, 91, 34709.0, 0.191
0.0384699999995064, 92, 34709.0, 0.191
0.03765489999204874, 93, 34709.0, 0.191
0.03687039999931585, 94, 34709.0, 0.191
0.0419153999973787, 95, 34709.0, 0.191
0.044362000000546686, 96, 34709.0, 0.191
0.03587310000148136, 97, 34709.0, 0.191
0.038761700008763, 98, 34709.0, 0.191
0.03985619999002665, 99, 34709.0, 0.191
0.03496040000754874, 100, 34709.0, 0.191
0.03651540000282694, 101, 34709.0, 0.191
0.03747290000319481, 102, 34709.0, 0.191
0.03784010000526905, 103, 34709.0, 0.191
0.04512029999750666, 104, 34709.0, 0.191
0.03553219999594148, 105, 34709.0, 0.191
0.03615519999584649, 106, 34709.0, 0.191
0.039339499999186955, 107, 34709.0, 0.191
0.035934800005634315, 108, 34709.0, 0.191
0.04529299998830538, 109, 34709.0, 0.191
0.03841140000440646, 110, 34709.0, 0.191
0.04243280000810046, 111, 34709.0, 0.191
0.03948350000428036, 112, 34709.0, 0.191
0.0455587999895215, 113, 34709.0, 0.191
0.03857459999562707, 114, 34709.0, 0.191
0.038368900000932626, 115, 34709.0, 0.191
0.03924140000890475, 116, 34709.0, 0.191
0.03762060000735801, 117, 34709.0, 0.191
0.045500199994421564, 118, 34709.0, 0.191
0.03724410000722855, 119, 34709.0, 0.191
0.03762460000871215, 120, 34709.0, 0.191
0.03944610001053661, 121, 34709.0, 0.191
0.03916400000161957, 122, 34709.0, 0.191
0.044057000006432645, 123, 34709.0, 0.191
0.04815250000683591, 124, 34709.0, 0.191
0.03951239999150857, 125, 34709.0, 0.191
0.04375589999835938, 126, 34709.0, 0.191
0.0358635000011418, 127, 34709.0, 0.191
0.03966750000836328, 128, 34709.0, 0.191
0.049448699995991774, 129, 34709.0, 0.191
0.04939859999285545, 130, 34709.0, 0.191
0.03895400000328664, 131, 34709.0, 0.191
0.034531800003605895, 132, 34709.0, 0.191
0.03515880000486504, 133, 34709.0, 0.191
0.03559129999484867, 134, 34709.0, 0.191
0.040678299992578104, 135, 34709.0, 0.191
0.03531889998703264, 136, 34709.0, 0.191
0.04171559998940211, 137, 34709.0, 0.191
0.03632420000212733, 138, 34709.0, 0.191
0.03577979998954106, 139, 34709.0, 0.191

tour:
[363 364 368 367 366 362 358 354 355 356 357 353 352 351 350 346 347 348
 349 345 341 337 336 332 333 329 325 328 327 331 335 339 340 344 343 342
 338 334 330 326 322 323 324 320 321 317 316 315 319 318 314 310 311 312
 313 309 308 307 306 302 303 304 305 301 300 299 298 586 641 621 585 607
 620 640 584 583 619 639 638 618 582 606 581 637 636 605 580 604 579 635
 634 633 617 603 578 577 576 575 616 632 631 615 602 574 573 572 614 630
  15  16  14   4   3   2   1   0 548 532 490 491 492 520 533 549 550 534
 493 494 495 496 521 535 551 552 553 497 522 498 523 554 555 499 500 524
 556 536 557 537 501 502 558 538 525 539 503 504 559 109 113 117 121 120
 116 112 108 107 106 110 111 115 119 114 118 122 123 124 125 129 128 127
 126 130 131 132 133 137 136 135 134 138 139 140 141 145 144 143 142 146
 150 154 158 159 155 151 147 148 149 153 152 156 160 157 161 165 164 163
 162 166 167 168 169 173 172 171 170 174 178 182 186 190 194 198 199 195
 191 187 183 184 180 179 175 176 177 181 185 189 188 192 193 197 196 200
 201 101 100  99  98  97  96  95  94  92  89  81  85  86  87  91  93  90
  88  84  83  82  79  80  76  73  75  78  77  74 560 540 505 506 507 526
 541 561 562 542 508 509 510 511 527 543 563 564 565 512 528 513 529 566
 567 514 515 530 568 544 569 545 516 517 570 546 531 547 518 519 571 205
 204 203 202 206 207 211 210 214 215 212 208 209 213 217 216 220 221 225
 224 219 218 222 223 227 226 230 231 232 228 229 233 237 236 235 234 238
 239 240 241 245 244 243 242 246 247 248 249 253 252 251 250 254 255 256
 257 261 260 259 258 262 266 267 263 264 265 269 268 272 271 270 274 278
 282 283 279 275 276 273 277 281 280 284 285 289 293 292 288 287 286 290
 291 294 295 296 297 105 104 102 103  72  71  70  69  67  68  66  65  64
  62  63   9   8   7   5   6  12  10  11  61  13  46  42  40  39  36  35
  34  29  28  21  22  19  20  23  25  24  26  27  30  31  32  33  37  38
  41  43  44  45  47  48  50  51  56  59  60  58  57  55  54  53  52  49
  17  18 587 588 589 608 590 591 592 593 594 610 595 611 596 612 597 598
 599 613 600 601 395 394 398 399 400 404 403 402 406 410 414 418 422 426
 430 434 438 442 446 450 454 458 462 466 470 474 478 479 475 471 467 463
 459 455 451 447 443 439 435 431 427 423 419 420 424 428 432 436 440 444
 448 452 456 460 464 468 472 476 480 484 483 482 486 487 488 489 485 481
 477 473 469 465 461 457 453 449 445 441 437 433 429 425 421 417 416 415
 411 407 408 412 413 409 405 401 397 396 653 629 628 652 627 651 626 650
 649 648 647 646 645 625 609 624 644 643 623 622 642 392 393 389 388 387
 391 390 386 382 378 374 370 371 372 376 375 379 383 380 384 385 381 377
 373 369 365 361 360 359]

eliteFit: 34709.0
percentError: 0.19051467828998644
computationTime: 6.944s