instanceName: rd100
n: 100
optFit: 7910

genTime, gen, eliteFit, percentError:
0.00020680000307038426, 0, 48894.0, 518.129
0.007828000001609325, 1, 8015.0, 1.327
0.0027919999993173406, 2, 8015.0, 1.327
0.003731699995114468, 3, 7990.0, 1.011
0.0024867999891284853, 4, 7990.0, 1.011
0.0032094000052893534, 5, 7968.0, 0.733
0.0022560999932466075, 6, 7947.0, 0.468
0.002499299996998161, 7, 7947.0, 0.468
0.0026108000020030886, 8, 7913.0, 0.038
0.0022782000014558434, 9, 7913.0, 0.038
0.0017776999884517863, 10, 7913.0, 0.038
0.0021400999976322055, 11, 7910.0, 0.000

tour:
[32  9 26 91 16 71 69 37 53 72 49 45 55 18 36 27 92 76 94 58 75 57 88  1
 22 34 28 43 99 38 95 54 39 42 24 23 41  6 33 40 21  4 60 10 51 44 15 30
 83 87 65 97 93  5 78 52 98 46 56 35 63 90 80 79 29 47 64 89 50 82 67 70
  7 68 59  0 17 61 86 14 62 85 96 66 12 48 20 74 81 84 13 11  3 31  8 25
 73 19 77  2]

eliteFit: 7910.0
percentError: 0.0
computationTime: 0.041s