instanceName: rd100
n: 100
optFit: 7910

genTime, gen, eliteFit, percentError:
0.00017980000120587647, 0, 48448.0, 512.491
0.005171900003915653, 1, 8060.0, 1.896
0.00286840001353994, 2, 8048.0, 1.745
0.003045699995709583, 3, 8019.0, 1.378
0.0024802999978419393, 4, 7976.0, 0.834
0.0022828000073786825, 5, 7942.0, 0.405
0.003196100005879998, 6, 7920.0, 0.126
0.002400100012891926, 7, 7920.0, 0.126
0.002779299989924766, 8, 7913.0, 0.038
0.0021908999915467575, 9, 7913.0, 0.038
0.0022544999956153333, 10, 7913.0, 0.038
0.0021167999948374927, 11, 7911.0, 0.013
0.00250840000808239, 12, 7911.0, 0.013
0.0030639000033261254, 13, 7910.0, 0.000

tour:
[16 71 69 37 53 72 49 45 55 18 36 27 92 76 94 58 75 57 88  1 22 34 28 43
 99 38 95 54 39 42 24 23 41  6 33 40 21  4 60 10 51 44 15 30 83 87 65 97
 93  5 78 52 98 46 56 35 63 90 80 79 29 47 64 89 50 82 67 70  7 68 59  0
 17 61 86 14 62 85 96 66 12 48 20 74 81 84 13 11  3 31  8 25 73 19 77  2
 32  9 26 91]

eliteFit: 7910.0
percentError: 0.0
computationTime: 0.045s