instanceName: ch150
n: 150
optFit: 6528

genTime, gen, eliteFit, percentError:
0.0001584999990882352, 0, 49574.0, 659.406
0.010894499995629303, 1, 6855.0, 5.009
0.005957399989711121, 2, 6778.0, 3.830
0.007473399993614294, 3, 6632.0, 1.593
0.005623699995339848, 4, 6623.0, 1.455
0.006464100006269291, 5, 6615.0, 1.333
0.005589699998381548, 6, 6576.0, 0.735
0.006018100000801496, 7, 6570.0, 0.643
0.005233300005784258, 8, 6570.0, 0.643
0.0072583000001031905, 9, 6570.0, 0.643
0.005909400002565235, 10, 6550.0, 0.337
0.005033699999330565, 11, 6550.0, 0.337
0.004830499994568527, 12, 6550.0, 0.337
0.004429099994013086, 13, 6538.0, 0.153
0.005171600001631305, 14, 6538.0, 0.153
0.005359999995562248, 15, 6538.0, 0.153
0.0054788999987067655, 16, 6538.0, 0.153
0.0065902000060305, 17, 6538.0, 0.153
0.0052546000079018995, 18, 6532.0, 0.061
0.004523600000538863, 19, 6528.0, 0.000

tour:
[ 51  92 123  34  95  88   7   6  83  29  62  47  72  75  33  86   0  97
 102  81  94 106   4  99 142  96 145  25  74  17 141  84  64 131 136  49
  54  57 140  82  55  89  45  91  53 137 133 130  31  22  37  66  42 108
  50  19  24 109  80  28  85 134  69 107 101 113  98  18   1  36   5  27
   8  41 119  46 138  39  52 117  23  11 115 100  40  56  38 126  68  35
  60  10 147 129  16  65  59 139 116 128  26  30 122  73  12 105  90 118
  67 127  44  70  43  63 111 135 144 143 146  48  71  79  13 121  76 132
  14  77  20 149 114   3 103  21 124 148  61   2 112   9  93  87 120  78
  58  15 110 104  32 125]

eliteFit: 6528.0
percentError: 0.0
computationTime: 0.125s