instanceName: u1817
n: 1817
optFit: 57201

genTime, gen, eliteFit, percentError:
0.4391581999952905, 0, 2059444.0, 3500.364
2.652237400005106, 1, 65427.0, 14.381
1.4712112999986857, 2, 64352.0, 12.502
1.4711745000095107, 3, 63864.0, 11.648
1.5635067999828607, 4, 62797.0, 9.783
1.5171559000154957, 5, 62708.0, 9.627
1.3610773000109475, 6, 62645.0, 9.517
1.4500267999828793, 7, 62419.0, 9.122
1.5341653999930713, 8, 62195.0, 8.731
1.268904799973825, 9, 61913.0, 8.238
1.3183427000185475, 10, 61913.0, 8.238
1.2946589999774005, 11, 61655.0, 7.787
1.2351668999763206, 12, 61183.0, 6.961
1.2481866000161972, 13, 61183.0, 6.961
1.247027799981879, 14, 61094.0, 6.806
1.1878492000105325, 15, 61065.0, 6.755
1.1818540999956895, 16, 60934.0, 6.526
1.1110468999831937, 17, 60857.0, 6.391
0.989018499996746, 18, 60776.0, 6.250
0.951284000009764, 19, 60776.0, 6.250
0.9706389000057243, 20, 60626.0, 5.988
1.0614796000008937, 21, 60313.0, 5.440
1.055089899979066, 22, 60313.0, 5.440
0.9163198999885935, 23, 60298.0, 5.414
1.0058714999759104, 24, 60255.0, 5.339
0.9399104999902193, 25, 60153.0, 5.161
0.8078791000007186, 26, 60132.0, 5.124
0.8673234000161756, 27, 60066.0, 5.009
0.8341411000001244, 28, 59948.0, 4.802
0.7980585000186693, 29, 59798.0, 4.540
0.8356705000041984, 30, 59798.0, 4.540
0.7863313000125345, 31, 59718.0, 4.400
0.7166034999827389, 32, 59690.0, 4.351
0.5174530000076629, 33, 59690.0, 4.351
0.6230954999919049, 34, 59656.0, 4.292
0.5310061000054702, 35, 59631.0, 4.248
0.642894399992656, 36, 59617.0, 4.224
0.5557746999838855, 37, 59559.0, 4.122
0.5542990999820177, 38, 59559.0, 4.122
0.4842787999950815, 39, 59540.0, 4.089
0.6400162999925669, 40, 59481.0, 3.986
0.551268599985633, 41, 59424.0, 3.886
0.5557004000002053, 42, 59403.0, 3.850
0.5468139000004157, 43, 59335.0, 3.731
0.46533870001439936, 44, 59320.0, 3.704
0.5123001000029035, 45, 59309.0, 3.685
0.47537390000070445, 46, 59300.0, 3.670
0.40287599997827783, 47, 59300.0, 3.670
0.34072579999337904, 48, 59282.0, 3.638
0.3538921999861486, 49, 59282.0, 3.638
0.4037260999903083, 50, 59270.0, 3.617
0.38126560000819154, 51, 59270.0, 3.617
0.36919219998526387, 52, 59270.0, 3.617
0.3109581999888178, 53, 59270.0, 3.617
0.391430899995612, 54, 59270.0, 3.617
0.35894040000857785, 55, 59270.0, 3.617
0.35350369999650866, 56, 59270.0, 3.617
0.38291649997700006, 57, 59262.0, 3.603
0.3121458999812603, 58, 59262.0, 3.603
0.3257360999996308, 59, 59252.0, 3.586
0.36233780000475235, 60, 59252.0, 3.586
0.34192400000756606, 61, 59248.0, 3.579
0.3690657000115607, 62, 59246.0, 3.575
0.405446499993559, 63, 59242.0, 3.568
0.3407996000023559, 64, 59139.0, 3.388
0.43668409998645075, 65, 59139.0, 3.388
0.5152938999817707, 66, 59139.0, 3.388
0.5944857000140473, 67, 59139.0, 3.388
0.7689806999987923, 68, 59139.0, 3.388
0.855686599999899, 69, 59116.0, 3.348
0.562743100017542, 70, 59112.0, 3.341
0.40961969998897985, 71, 59097.0, 3.315
0.42381249999743886, 72, 59097.0, 3.315
0.38235110000823624, 73, 59042.0, 3.218
0.3978000999777578, 74, 58995.0, 3.136
0.38898689998313785, 75, 58995.0, 3.136
0.3536364000174217, 76, 58995.0, 3.136
0.36850899999262765, 77, 58963.0, 3.080
0.3721048000152223, 78, 58963.0, 3.080
0.3187125999829732, 79, 58963.0, 3.080
0.3627252000151202, 80, 58963.0, 3.080
0.45806789997732267, 81, 58963.0, 3.080
0.33873980000498705, 82, 58963.0, 3.080
0.36565980000887066, 83, 58963.0, 3.080
0.368042099988088, 84, 58963.0, 3.080
0.3174795999948401, 85, 58963.0, 3.080
0.349465200008126, 86, 58963.0, 3.080
0.34108469999046065, 87, 58963.0, 3.080
0.346143500006292, 88, 58963.0, 3.080
0.34718849998898804, 89, 58963.0, 3.080
0.32329070000560023, 90, 58963.0, 3.080
0.41685330000473186, 91, 58963.0, 3.080
0.3779391999996733, 92, 58963.0, 3.080
0.41340359998866916, 93, 58963.0, 3.080
0.4397245000000112, 94, 58960.0, 3.075
0.3157157000096049, 95, 58960.0, 3.075
0.33848350000334904, 96, 58960.0, 3.075
0.4351370000222232, 97, 58960.0, 3.075
0.39773060000152327, 98, 58960.0, 3.075
0.3373366000014357, 99, 58960.0, 3.075
0.36994000000413507, 100, 58960.0, 3.075
0.32715660001849756, 101, 58960.0, 3.075
0.3498399999807589, 102, 58960.0, 3.075
0.36726279999129474, 103, 58960.0, 3.075
0.37226380000356585, 104, 58960.0, 3.075
0.33351220001350157, 105, 58960.0, 3.075
0.35455089999595657, 106, 58960.0, 3.075
0.38248150001163594, 107, 58960.0, 3.075
0.3038155999965966, 108, 58960.0, 3.075
0.36615750001510605, 109, 58960.0, 3.075
0.31918320001568645, 110, 58960.0, 3.075
0.3317885999858845, 111, 58960.0, 3.075
0.350886400003219, 112, 58960.0, 3.075
0.32053699999232776, 113, 58960.0, 3.075
0.3725001999991946, 114, 58960.0, 3.075
0.36062749999109656, 115, 58960.0, 3.075
0.415632700023707, 116, 58960.0, 3.075
0.391695800004527, 117, 58960.0, 3.075
0.357300400006352, 118, 58960.0, 3.075
0.3922108999977354, 119, 58960.0, 3.075
0.35087980001117103, 120, 58960.0, 3.075
0.3493278000096325, 121, 58960.0, 3.075
0.3937183999805711, 122, 58960.0, 3.075
0.34544020000612363, 123, 58960.0, 3.075
0.3536655000061728, 124, 58960.0, 3.075
0.34761019999859855, 125, 58960.0, 3.075
0.3572623999789357, 126, 58960.0, 3.075
0.32678909998503514, 127, 58960.0, 3.075
0.3568878000078257, 128, 58960.0, 3.075
0.35887019999790937, 129, 58960.0, 3.075
0.3657437000074424, 130, 58960.0, 3.075
0.4252159000025131, 131, 58960.0, 3.075
0.33531319999019615, 132, 58960.0, 3.075
0.3488933999906294, 133, 58960.0, 3.075
0.370786900020903, 134, 58960.0, 3.075
0.33467559999553487, 135, 58960.0, 3.075
0.3476632999954745, 136, 58960.0, 3.075
0.3065544000128284, 137, 58960.0, 3.075
0.3819026999990456, 138, 58960.0, 3.075
0.34274389999336563, 139, 58960.0, 3.075
0.3510645999922417, 140, 58960.0, 3.075
0.3605966999894008, 141, 58960.0, 3.075
0.31882210000185296, 142, 58960.0, 3.075
0.342388299992308, 143, 58960.0, 3.075
0.33789429999887943, 144, 58960.0, 3.075

tour:
[ 143  144  145  213  214  215  216  209  210  211  212  146  147  148
  149  150  204  205  206  207  208 1711 1712 1713 1701 1702 1703 1704
 1705 1706 1707 1708 1709 1710 1700 1699 1698 1697 1696 1695 1694 1693
 1692 1691 1690 1689 1688 1685 1686 1687 1676 1677 1678 1675 1679 1680
 1681 1682 1683 1684  240  233  234  235  236  237  238  239  256  255
  254  253  252  251  250  249  257  258  259  260  261  262  268  269
  270  271  272  281  282  283  284  285  286  287  279  280  278  277
  276  275  274  273  267  266  265  264  263 1671 1672 1673 1674 1646
 1645 1644 1653 1654 1657 1655 1659 1658 1661 1660 1662 1670 1669 1668
 1663 1664 1667 1666 1665 1150 1149 1148 1151 1147 1146 1145 1152 1144
 1153 1154 1155 1156 1157 1159 1160 1158 1163 1164 1166 1649 1651 1656
 1652 1647 1648 1650 1165 1167 1162 1161 1170 1169 1172 1168 1173 1174
 1177 1175 1176 1178 1180 1179 1181 1182 1183 1184 1619 1620 1621 1622
 1623 1628 1627 1629 1632 1633 1636 1637 1640 1641 1171 1642 1643 1639
 1638 1635 1634 1631 1630 1626 1625 1624 1615 1614 1612 1613 1616 1617
 1618 1185 1186 1187 1188 1189 1190 1272 1271 1270 1269 1263 1262 1282
 1283 1284 1285 1286 1277 1276 1275 1274 1273 1288 1287 1278 1279 1280
 1281 1380 1381 1382 1379 1297 1296 1295 1294 1293 1292 1291 1290 1289
 1137 1138 1139 1140 1298 1299 1300 1301 1302 1304 1303 1127 1128 1134
 1135 1136 1141 1142 1143 1132 1133 1131 1130 1129 1123 1124 1125 1126
 1122 1121 1120 1119 1118 1098 1097 1096 1095 1104 1103 1102 1101 1100
 1099 1117 1116 1115 1114 1113 1112 1111 1110 1109 1108 1107 1106 1105
  312  311  310  309  308  307  306  305  304  293  291  290  288  289
  292  294  295  297  296  299  298  300  301  303  302  314  313  316
  315  317  318  321  320  323  322  324  326  327  325 1072  328  329
  330  331  334  333  332 1084 1083 1082 1081 1075 1074 1073  319 1076
 1077 1078 1079 1080 1086 1085 1087 1088 1321 1322 1323 1324 1325 1326
 1327 1320 1319 1318 1317 1089 1090 1091 1094 1093 1092 1310 1309 1308
 1307 1306 1305 1311 1312 1313 1314 1315 1316 1333 1334 1335 1328 1329
 1330 1331 1332 1370 1371 1372 1373 1374 1375 1376 1377 1378 1361 1362
 1363 1364 1365 1366 1367 1368 1369 1344 1343 1342 1341 1340 1339 1338
 1337 1336  356  357  358  359  363  362  361  360  386  395  397  396
  383  385  384  382  379  381  380  371  368  370  369  367  366  364
  365  354  355  352  353  350  351  341  342  340  339  335  338  337
  336 1069 1071 1070 1067 1068 1066 1065 1063 1064 1062 1061 1060 1059
 1057 1058  968  969  967  966  964  965  963  962  960  961  959  958
  956  957  954  955  952  953  950  951  906  905  903  904  902  901
  900  899  898  897  896  895  894  893  892  891  890  876  877  878
  879  880  881  882  883  884  849  850  885  886  887  888  889  859
  860  861  862  863  864  869  870  871  875  874  873  872  852  844
  851  843  845  846  842  848  847  838  837  825  826  827  828  829
  830  831  823  824  832  833  834  835  836  814  815  816  817  818
  819  820  821  822  772  771  791  792  793  794  813  812  811  810
  809  808  839  840  841  853  854  855  856  857  858  865  866  867
  868  909  910  911  912  913  914  915  916  917  805  806  807  798
  797  796  795  799  800  801  802  803  804  918  919  920  921  926
  927  928  929  930  931  908  907  932  933  934  925  924  923  922
  943  935  944  945  946  947  948  949  936  937  938  939  940  941
  942  979  980  981  978  977  976  975  974  972  973  982  983  984
  985  988  989  990  991  992  993  987  986 1039 1040 1041 1042 1043
 1044  971  970 1045 1046 1047 1048 1038 1037 1036 1049 1050 1051 1052
 1053 1054 1055 1056  343  344  345  346  347  348  349  372  373  374
  375  376  377  378 1028 1029 1030 1031 1032 1033 1034 1035 1021 1022
 1023 1024 1025 1026 1027 1009 1008 1019 1020  994  997  995  996 1006
  998 1007 1018  999 1017 1015 1014 1013 1012 1010 1016 1011  648  649
  650  651  652 1000 1001 1002 1003 1004 1005  657  656  655  654  653
  673  674  672  671  670  662  661  660  659  658  663  664  665  666
  667  668  669  776  777  778  779  780  781  782  783  784  785  786
  787  788  789  790  775  774  773  770  769  768  762  763  764  765
  766  759  760  761  767  751  752  753  750  754  755  756  757  758
  744  745  746  747  748  749  739  740  741  738  737  742  734  743
  735  733  736  723  724  725  732  728  729  712  711  713  730  731
  727  726  722  719  718  720  721  717  716  715  714  601  600  599
  598  597  596  595  605  610  609  608  604  603  602  710  709  708
  707  606  607  706  705  704  703  702  701  689  690  691  692  700
  699  698  697  696  694  695  693  684  683  687  685  688  686  682
  681  680  679  678  677  676  675  634  635  636  633  632  631  630
  629  628  627  626  625  624  637  638  639  640  641  642  643  644
  645  647  646  424  425  426  427  428  429  430  423  418  417  416
  415  414  413  412  411  410  409  419  420  421  422  431  432  433
  434  435  436  407  408  404  402  400  398  394  399  401  403  405
  406  391  392  393  390  389  388  387 1348 1349 1350 1351 1352 1353
 1354 1355 1356 1357 1347 1346 1345 1358 1359 1360 1391 1390 1389 1388
 1385 1384 1383 1387 1386 1396 1395 1394 1393 1392 1401 1400 1399 1398
 1397 1260 1261 1259 1258 1257 1256 1255 1264 1265 1266 1267 1268 1192
 1191 1193 1194 1195 1196 1254 1203 1202 1201 1200 1199 1198 1197 1208
 1207 1206 1205 1204 1250 1249 1251 1252 1253 1233 1234 1235 1236 1237
 1238 1239 1240 1241 1242 1243 1232 1246 1244 1231 1230 1229 1228 1227
 1225 1224 1223 1222 1221 1220 1219 1245 1247 1248 1218 1217 1216 1209
 1210 1211 1212 1213 1599 1600 1601 1611 1610 1609 1608 1607 1606 1605
 1604 1603 1602 1598 1597 1596 1595 1214 1215 1590 1582 1583 1584 1585
 1591 1592 1593 1594 1586 1587 1588 1589 1575 1576 1577 1578 1579 1580
 1581 1460 1461 1459 1458 1457 1446 1445 1444 1443 1442 1441 1440 1439
 1438 1437 1436 1435  469  468 1421 1422 1426 1427 1425 1424 1423 1434
 1433 1432 1431 1226 1430 1429 1428 1415 1416 1417 1418 1419 1420 1408
 1409 1410 1411 1412 1413 1414 1402 1403 1404 1405 1406 1407  443  442
  441  440  439  438  437  454  453  452  444  445  446  447  448  449
  450  451  455  456  623  622  621  620  619  618  617  611  612  616
  615  614  613  457  458  589  590  591  592  593  594  585  586  587
  588  459  460  461  462  467  466  465  464  574  463  575  576  577
  578  579  584  582  583  581  580  567  568  559  555  569  570  573
  572  571  554  553  556  557  558  560  564  566  565  562  563  561
  547  546  545  544  543  537  538  539  540  536  542  541  535  533
  532  531  528  529  530  534  548  550  551  549  520  552  519  518
  517  516  526  521  527  523  522  524  525  515  512  514  513  511
  510  508  507  509  506  504  505  499  496  495  492  494  497  498
  500  503  502  501  472  471  473  470  474  477  475  476  481  482
  483  480  479  478  493  491  488  490  489  487  486  485  484 1451
 1450 1452 1453 1449 1454 1448 1468 1471 1472 1475 1476 1477 1474 1473
 1470 1469 1467 1455 1456 1447 1466 1465 1464 1463 1462 1483 1480 1478
 1479 1482 1481 1484 1485 1487 1486 1489 1488 1490 1500 1501 1502 1503
 1504 1505 1514 1515 1516 1512 1513 1506 1507 1497 1498 1499 1491 1496
 1495 1494 1564 1566 1565 1493 1492 1574 1573 1572 1571 1570 1569 1567
 1568 1561 1562 1563 1508 1509 1510 1511 1517 1518 1520 1519 1521 1526
 1522 1525 1523 1524 1532 1533 1531 1530 1527 1528 1529 1545 1546 1544
 1543 1537 1542 1547 1773 1772 1771 1770 1768 1554 1553 1551 1548 1549
 1550 1552 1557 1556 1555 1769 1767 1766 1764 1765 1763 1762 1761 1760
 1558 1559 1560 1758 1759 1757 1756 1755 1754 1753 1750 1751 1752 1740
 1741 1742 1743 1744 1745 1746 1747 1748 1749 1739 1738 1737 1736 1735
 1734 1733 1732 1731 1730 1729 1728 1727 1726 1725 1724 1719 1720 1721
 1722 1723 1718 1717 1716 1715 1714  199  200  201  202  203  153  152
  151  154  155  156  198  197  196  195  194  193  160  159  158  157
  163  162  161  190  191  192  166  165  164  189  188  187  186  182
  183  184  185  167  168  169  170  171  181  180  179  178  177  176
  175  174  173  172 1798 1797 1796 1795 1794 1793 1792 1788 1789 1790
 1791 1801 1800 1799 1806 1805 1804 1803 1802 1787 1786 1785 1540 1541
 1538 1539 1535 1534 1536 1776 1774 1775 1777 1778 1779 1784 1780 1781
 1783 1782 1809 1810 1811 1812 1813 1814 1815 1816    0   11   10    9
    8    7    6    5    1    2    3    4 1808 1807   17   16   15   14
   13   12   24   23   22   21   20   19   18   30   29   28   27   26
   25   37   36   35   34   33   32   31   48   47   46   38   39   40
   42   41   43   44   45   50   49   62   61   60   51   52   53   54
   55   56   57   58   59   63   64   65   66   67   69   68   76   75
   74   73   72   71   70   87   86   85   79   78   77   81   80   82
   83   84   89   88   96   97   98   99  100  101   95   94   93   90
   92   91  103  102  104  105  106  107  108  109  110  111  112  113
  114  115  117  118  116  119  120  122  121  123  124  125  126  244
  245  246  247  248  242  243  241  131  130  129  128  127  132  133
  228  229  230  231  232  226  227  225  224  134  135  136  137  138
  139  223  222  221  220  219  218  217  140  141  142]

eliteFit: 58960.0
percentError: 3.0751210643170572
computationTime: 82.842s