instanceName: pr226
n: 226
optFit: 80369

genTime, gen, eliteFit, percentError:
0.00021329999435693026, 0, 1586685.0, 1874.250
0.02755710000928957, 1, 81351.0, 1.222
0.013707999998587184, 2, 80815.0, 0.555
0.015221200010273606, 3, 80757.0, 0.483
0.01407459999609273, 4, 80757.0, 0.483
0.013062099998933263, 5, 80530.0, 0.200
0.013597800003481098, 6, 80397.0, 0.035
0.012190800000098534, 7, 80397.0, 0.035
0.018914799991762266, 8, 80397.0, 0.035
0.014371099998243153, 9, 80385.0, 0.020
0.01069860000279732, 10, 80381.0, 0.015
0.00834519999625627, 11, 80381.0, 0.015
0.00924450000457, 12, 80369.0, 0.000

tour:
[161 162 163 164 165 166 167 168 169 170 171 172 173 174 175 176 177 178
 179 180 181 182 183 184 185 186 187 188 189 190 191 192 193 194 195 196
 197 198 199 200 201 202 203 204 205 206 207 208 209 210 211 212 213 214
 215 216 217 218 219 220 221 222 223 224 225 124 131 129 123 122 121 120
 119 118 125 127 126 128 130 132 133 134 135 109 117 108 116 115 107 106
 114 113 105 103 112 111 104 102 110  85  84  83  82  81  80  79  78  77
  76  75  74  73  72   0   1   2   3   4   5   6   7  71  70  12  11  10
   8   9  13  14  15  16  66  67  68  69  65  64  17  18  19  63  62  61
  60  59  58  57  56  55  54  53  52  51  50  49  20  21  22  23  24  25
  26  27  48  47  32  31  30  28  29  33  34  35  36  43  44  45  46  42
  41  37  38  39  40  86  94  95  88  87  96  97  89  90  98  99  91  92
 100 101  93 143 136 137 145 144 138 139 140 141 142 149 147 148 146 150
 151 152 153 154 155 156 157 158 159 160]

eliteFit: 80369.0
percentError: 0.0
computationTime: 0.180s