instanceName: bier127
n: 127
optFit: 118282

genTime, gen, eliteFit, percentError:
0.000148899998748675, 0, 558285.0, 371.995
0.008646599992061965, 1, 122870.0, 3.879
0.00449589999334421, 2, 119818.0, 1.299
0.005774099990958348, 3, 119818.0, 1.299
0.005288100001052953, 4, 118992.0, 0.600
0.004363000000012107, 5, 118992.0, 0.600
0.00513380000484176, 6, 118992.0, 0.600
0.0037933999992674217, 7, 118896.0, 0.519
0.004365399989183061, 8, 118779.0, 0.420
0.004913400000077672, 9, 118779.0, 0.420
0.003237900004023686, 10, 118705.0, 0.358
0.004104199993889779, 11, 118705.0, 0.358
0.002390099994954653, 12, 118705.0, 0.358
0.0022185999987414107, 13, 118705.0, 0.358
0.0014844999968772754, 14, 118705.0, 0.358
0.001432999997632578, 15, 118626.0, 0.291
0.0015713000029791147, 16, 118626.0, 0.291
0.0015691999869886786, 17, 118626.0, 0.291
0.001446499998564832, 18, 118626.0, 0.291
0.002412299989373423, 19, 118626.0, 0.291
0.0015254000027198344, 20, 118626.0, 0.291
0.0014659999869763851, 21, 118626.0, 0.291
0.0021431999921333045, 22, 118626.0, 0.291
0.001792600000044331, 23, 118626.0, 0.291
0.0015122000040719286, 24, 118626.0, 0.291
0.0021643999934894964, 25, 118626.0, 0.291
0.0023708999942755327, 26, 118626.0, 0.291
0.002272199999424629, 27, 118626.0, 0.291
0.0023249000078067183, 28, 118626.0, 0.291
0.0019934000010835007, 29, 118626.0, 0.291
0.0020675000123446807, 30, 118626.0, 0.291
0.002412299989373423, 31, 118626.0, 0.291
0.002635500000906177, 32, 118626.0, 0.291
0.0022630999883404, 33, 118626.0, 0.291
0.0021455999958561733, 34, 118626.0, 0.291
0.002210999999078922, 35, 118626.0, 0.291
0.002106499989167787, 36, 118626.0, 0.291
0.0022062000061850995, 37, 118626.0, 0.291
0.002226700002211146, 38, 118595.0, 0.265
0.002372799994191155, 39, 118595.0, 0.265
0.003281299999798648, 40, 118595.0, 0.265
0.003112000005785376, 41, 118595.0, 0.265
0.004774300003191456, 42, 118595.0, 0.265
0.0019831999961752445, 43, 118595.0, 0.265
0.0020284999918658286, 44, 118595.0, 0.265
0.0014331999991554767, 45, 118595.0, 0.265
0.001447799993911758, 46, 118595.0, 0.265
0.0021523999894270673, 47, 118595.0, 0.265
0.0017242000030819327, 48, 118595.0, 0.265
0.0015343999984906986, 49, 118595.0, 0.265
0.0017515999934403226, 50, 118595.0, 0.265
0.00143420000676997, 51, 118595.0, 0.265
0.0014748999965377152, 52, 118595.0, 0.265
0.0015761999966343865, 53, 118595.0, 0.265
0.002064500004053116, 54, 118595.0, 0.265
0.001434500009054318, 55, 118595.0, 0.265
0.0021917999983998016, 56, 118595.0, 0.265
0.002267999996547587, 57, 118595.0, 0.265
0.002062700004898943, 58, 118595.0, 0.265
0.002638999998453073, 59, 118595.0, 0.265
0.002089200002956204, 60, 118595.0, 0.265
0.001916599998367019, 61, 118595.0, 0.265
0.0023856000043451786, 62, 118595.0, 0.265
0.0020658000139519572, 63, 118595.0, 0.265
0.002285800001118332, 64, 118595.0, 0.265
0.0020790999988093972, 65, 118595.0, 0.265
0.002343899992411025, 66, 118595.0, 0.265
0.002135900009307079, 67, 118595.0, 0.265
0.002158900009817444, 68, 118595.0, 0.265
0.002167300001019612, 69, 118595.0, 0.265
0.0016998999926727265, 70, 118595.0, 0.265
0.00194980000378564, 71, 118595.0, 0.265
0.0023040000087348744, 72, 118595.0, 0.265
0.001831699992180802, 73, 118595.0, 0.265
0.0026093000051332638, 74, 118461.0, 0.151
0.00266389999887906, 75, 118461.0, 0.151
0.0020138999971095473, 76, 118461.0, 0.151
0.003595300004235469, 77, 118461.0, 0.151
0.002034100005403161, 78, 118461.0, 0.151
0.0021075000113341957, 79, 118461.0, 0.151
0.0019480000046314672, 80, 118461.0, 0.151
0.0018887999904109165, 81, 118461.0, 0.151
0.002223000003141351, 82, 118461.0, 0.151
0.0021551999961957335, 83, 118461.0, 0.151
0.0022115000028861687, 84, 118461.0, 0.151
0.0019577000057324767, 85, 118461.0, 0.151
0.002309100003913045, 86, 118461.0, 0.151
0.0024406000011367723, 87, 118461.0, 0.151
0.001860599993960932, 88, 118461.0, 0.151
0.0025542000075802207, 89, 118461.0, 0.151
0.0023000000073807314, 90, 118461.0, 0.151
0.0022259000106714666, 91, 118461.0, 0.151
0.002735299989581108, 92, 118461.0, 0.151
0.0021100000012665987, 93, 118461.0, 0.151
0.0024575999996159226, 94, 118461.0, 0.151
0.002070399990770966, 95, 118461.0, 0.151
0.0017978999967454001, 96, 118461.0, 0.151
0.00262910001038108, 97, 118461.0, 0.151
0.00203789999068249, 98, 118461.0, 0.151
0.0021243999944999814, 99, 118461.0, 0.151
0.0019294000085210428, 100, 118461.0, 0.151
0.0019828999938908964, 101, 118461.0, 0.151
0.002858299994841218, 102, 118461.0, 0.151
0.0022154000034788623, 103, 118461.0, 0.151
0.0020192999945720658, 104, 118461.0, 0.151
0.002272500001708977, 105, 118461.0, 0.151
0.0019896000012522563, 106, 118461.0, 0.151
0.002417700001387857, 107, 118461.0, 0.151
0.0019203999981982633, 108, 118461.0, 0.151
0.0019586000125855207, 109, 118461.0, 0.151
0.002143699995940551, 110, 118461.0, 0.151
0.0016092000005301088, 111, 118461.0, 0.151
0.001690799996140413, 112, 118461.0, 0.151
0.002171399988583289, 113, 118461.0, 0.151
0.0021032000076957047, 114, 118461.0, 0.151
0.0023255999985849485, 115, 118461.0, 0.151
0.00234390000696294, 116, 118461.0, 0.151
0.0021975999989081174, 117, 118461.0, 0.151
0.002358999990974553, 118, 118461.0, 0.151
0.002544799994211644, 119, 118461.0, 0.151
0.0023775000008754432, 120, 118461.0, 0.151
0.0021670999994967133, 121, 118461.0, 0.151
0.0022086999961175025, 122, 118461.0, 0.151
0.002197499998146668, 123, 118461.0, 0.151
0.002330100003746338, 124, 118461.0, 0.151

tour:
[ 28  31  97  96 122  94  92 126 106 110 111  93  45 117  47  52  48  46
  54  65 112  64  98  91  88 124 103 109  84  85  86  87 108  95 118  62
 101 100  82  81 125  80  83 116  77  75  74  68  69  70  67  73  72  66
   7  71  18  21   3  22  23   8  10   2  89 115  59  58  61  60  90  57
  63  99   9 119  12 114  49   1  50 120   4  51 123  55  56  53  44 102
  43  39  34  35  36  15   0   6 104 113   5 105  14 107  19  16  20  17
  76  78  79  26  30  11  13  40  29  42  33  41  38  37  25  24  32 121
  27]

eliteFit: 118461.0
percentError: 0.1513332544258636
computationTime: 0.364s