instanceName: u2152
n: 2152
optFit: 64253

genTime, gen, eliteFit, percentError:
0.0029051999999865075, 0, 2471799.0, 3746.978
3.9923258999997415, 1, 73864.0, 14.958
2.4021566999999777, 2, 72292.0, 12.511
2.342715700000099, 3, 72125.0, 12.252
2.2953350999996474, 4, 71721.0, 11.623
2.2766569000000345, 5, 71118.0, 10.684
2.1927770000002056, 6, 70926.0, 10.386
2.1752987999998368, 7, 70612.0, 9.897
2.1097500000000764, 8, 69897.0, 8.784
2.0455824999999095, 9, 69766.0, 8.580
2.2331309000001056, 10, 69729.0, 8.523
2.0778664999998, 11, 69729.0, 8.523
2.0119026000002123, 12, 69469.0, 8.118
1.9144798999996055, 13, 69348.0, 7.930
1.9646127999999408, 14, 69194.0, 7.690
1.943442000000232, 15, 68865.0, 7.178
1.80121440000039, 16, 68865.0, 7.178
2.013001400000121, 17, 68744.0, 6.990
1.6868094999999812, 18, 68634.0, 6.818
1.42318030000024, 19, 68482.0, 6.582
1.2773706999996648, 20, 68183.0, 6.116
1.1813890999997056, 21, 68183.0, 6.116
1.3486972999999125, 22, 68044.0, 5.900
1.2399178999999094, 23, 67891.0, 5.662
1.1686277000003429, 24, 67845.0, 5.590
1.0779602000002342, 25, 67676.0, 5.327
0.9491348000001381, 26, 67556.0, 5.141
0.7837558999999601, 27, 67493.0, 5.043
0.7402713000001313, 28, 67401.0, 4.899
0.5940521000002263, 29, 67369.0, 4.850
0.5679678999999851, 30, 67318.0, 4.770
0.5410554000000047, 31, 67297.0, 4.738
0.5304394999998294, 32, 67275.0, 4.703
0.5765665000003537, 33, 67271.0, 4.697
0.5274549999999181, 34, 67261.0, 4.681
0.5831818000001476, 35, 67249.0, 4.663
0.5167940000001181, 36, 67234.0, 4.639
0.5317257000001518, 37, 67212.0, 4.605
0.5863552000000709, 38, 67212.0, 4.605
0.5048317999999199, 39, 67212.0, 4.605
0.5246579999998175, 40, 67212.0, 4.605
0.4267861999996967, 41, 67212.0, 4.605
0.5128222999996979, 42, 67212.0, 4.605
0.5231605999997555, 43, 67212.0, 4.605
0.5333911000002445, 44, 67212.0, 4.605
0.4571360999998433, 45, 67212.0, 4.605
0.5248108999999204, 46, 67212.0, 4.605
0.47477210000033665, 47, 67212.0, 4.605
0.5254273999998986, 48, 67212.0, 4.605
0.4565265000001091, 49, 67212.0, 4.605
0.5479899999995723, 50, 67212.0, 4.605
0.5421860999999808, 51, 67212.0, 4.605
0.46727569999984553, 52, 67212.0, 4.605
0.4470422000003964, 53, 67212.0, 4.605
0.46843370000033246, 54, 67212.0, 4.605
0.4247116999999889, 55, 67175.0, 4.548
0.491321699999844, 56, 67175.0, 4.548
0.5437369000001127, 57, 67129.0, 4.476
0.4613499000001866, 58, 67129.0, 4.476
0.5607731999998578, 59, 67129.0, 4.476
0.5673009999995884, 60, 67129.0, 4.476
0.4796934000000874, 61, 67113.0, 4.451
0.48022770000034143, 62, 67096.0, 4.425
0.5559252999996716, 63, 67080.0, 4.400
0.5239290999998047, 64, 67080.0, 4.400
0.5646646999998666, 65, 67080.0, 4.400
0.49153709999973216, 66, 67080.0, 4.400
0.5351156000001538, 67, 67080.0, 4.400
0.48605250000036904, 68, 67064.0, 4.375
0.47369380000009187, 69, 67064.0, 4.375
0.6278692999999294, 70, 67064.0, 4.375
0.49176289999968503, 71, 67064.0, 4.375
0.47405469999966954, 72, 67064.0, 4.375
0.47381310000037047, 73, 67064.0, 4.375
0.5116542000000663, 74, 67064.0, 4.375
0.5398739000002024, 75, 67064.0, 4.375
0.6550388000000567, 76, 67064.0, 4.375
0.528556700000081, 77, 67008.0, 4.288
0.448286900000312, 78, 67008.0, 4.288
0.5267119000000093, 79, 67008.0, 4.288
0.49358940000001894, 80, 67008.0, 4.288
0.5255032999998548, 81, 66986.0, 4.253
0.5375146000001223, 82, 66986.0, 4.253
0.5477783000001182, 83, 66962.0, 4.216
0.5162497000001167, 84, 66940.0, 4.182
0.542464099999961, 85, 66940.0, 4.182
0.5962463999999272, 86, 66940.0, 4.182
0.4591052999999192, 87, 66940.0, 4.182
0.45563250000031985, 88, 66940.0, 4.182
0.45846019999999044, 89, 66940.0, 4.182
0.5630240000000413, 90, 66940.0, 4.182
0.587452299999768, 91, 66940.0, 4.182
0.5787760000002891, 92, 66940.0, 4.182
0.47223970000004556, 93, 66940.0, 4.182
0.5203305, 94, 66940.0, 4.182
0.46818430000030276, 95, 66940.0, 4.182
0.49843790000022636, 96, 66940.0, 4.182
0.5637593999999808, 97, 66904.0, 4.126
0.6140245999999934, 98, 66904.0, 4.126
0.5186614000003829, 99, 66904.0, 4.126
0.6138904999997976, 100, 66898.0, 4.117
0.5117611999999099, 101, 66898.0, 4.117
0.5508851999998114, 102, 66898.0, 4.117
0.5237544000001435, 103, 66898.0, 4.117
0.46964489999982106, 104, 66882.0, 4.092
0.5400844000000689, 105, 66875.0, 4.081
0.5603590000000622, 106, 66875.0, 4.081
0.5026783000002979, 107, 66858.0, 4.054
0.551725599999827, 108, 66858.0, 4.054
0.4754990000001271, 109, 66858.0, 4.054
0.5034110999999939, 110, 66858.0, 4.054
0.6340746999999283, 111, 66858.0, 4.054
0.4854651999999078, 112, 66858.0, 4.054
0.5711168999996517, 113, 66858.0, 4.054
0.5085422000001927, 114, 66858.0, 4.054
0.497893600000225, 115, 66858.0, 4.054
0.5208065000001625, 116, 66835.0, 4.018
0.5471289999995861, 117, 66835.0, 4.018
0.5429438999999547, 118, 66830.0, 4.011
0.5294685000003483, 119, 66830.0, 4.011
0.4944781000003786, 120, 66830.0, 4.011
0.4938801000002968, 121, 66830.0, 4.011
0.5633007999999791, 122, 66830.0, 4.011
0.48967050000010204, 123, 66830.0, 4.011
0.47465520000014294, 124, 66830.0, 4.011
0.423728299999766, 125, 66830.0, 4.011
0.5116782999998577, 126, 66830.0, 4.011
0.6148650000000089, 127, 66830.0, 4.011
0.5287077000002682, 128, 66830.0, 4.011
0.4977423999998791, 129, 66830.0, 4.011
0.5461261999998896, 130, 66829.0, 4.009
0.47102179999956206, 131, 66829.0, 4.009
0.5257891999999629, 132, 66829.0, 4.009
0.4963348999999653, 133, 66828.0, 4.008
0.49695810000002894, 134, 66828.0, 4.008
0.4667170000002443, 135, 66828.0, 4.008
0.5303474000002097, 136, 66815.0, 3.987
0.44480109999994966, 137, 66815.0, 3.987
0.5047182999996949, 138, 66815.0, 3.987
0.4930010000002767, 139, 66815.0, 3.987
0.4976529999999002, 140, 66815.0, 3.987
0.4754063000000315, 141, 66807.0, 3.975
0.5640602000003128, 142, 66807.0, 3.975
0.47552959999984523, 143, 66807.0, 3.975
0.4978894000000764, 144, 66807.0, 3.975
0.45495009999967806, 145, 66807.0, 3.975
0.613921499999833, 146, 66807.0, 3.975
0.5542479999999159, 147, 66807.0, 3.975
0.4890570000002299, 148, 66807.0, 3.975
0.5758309999996527, 149, 66807.0, 3.975
0.5232922000000144, 150, 66806.0, 3.973
0.532019599999785, 151, 66773.0, 3.922
0.5299435000001722, 152, 66773.0, 3.922
0.5176934999999503, 153, 66773.0, 3.922
0.5502467999999681, 154, 66773.0, 3.922
0.5656071000003067, 155, 66773.0, 3.922
0.4536299000001236, 156, 66773.0, 3.922
0.5297236000001249, 157, 66773.0, 3.922
0.5350276999997732, 158, 66760.0, 3.902
0.5935988000001089, 159, 66673.0, 3.766
0.6310005999998793, 160, 66673.0, 3.766
0.7179756999998972, 161, 66632.0, 3.703
0.6746788000000379, 162, 66632.0, 3.703
0.7308928000002197, 163, 66625.0, 3.692
0.8835104999998293, 164, 66597.0, 3.648
0.7677122999998574, 165, 66597.0, 3.648
0.7585954000001038, 166, 66563.0, 3.595
0.5581833000001097, 167, 66544.0, 3.566
0.6171576000001551, 168, 66522.0, 3.531
0.6318791999997302, 169, 66522.0, 3.531
0.4921128000000863, 170, 66522.0, 3.531
0.4762860999999248, 171, 66522.0, 3.531
0.4824085999998715, 172, 66522.0, 3.531
0.45116719999987254, 173, 66522.0, 3.531
0.5412737000001471, 174, 66522.0, 3.531
0.5262571000002936, 175, 66494.0, 3.488
0.5193696999999702, 176, 66489.0, 3.480
0.6233704999999645, 177, 66489.0, 3.480
0.5582253000002311, 178, 66468.0, 3.447
0.4757102000003215, 179, 66468.0, 3.447
0.4952043999996931, 180, 66448.0, 3.416
0.46496950000027937, 181, 66448.0, 3.416
0.547489399999904, 182, 66426.0, 3.382
0.5198986999998851, 183, 66426.0, 3.382
0.5587592000001678, 184, 66426.0, 3.382
0.5331264000001283, 185, 66426.0, 3.382
0.5444761000003382, 186, 66426.0, 3.382
0.5453438000004098, 187, 66426.0, 3.382
0.5823940000000221, 188, 66426.0, 3.382
0.4895683999998255, 189, 66404.0, 3.348
0.6361532999999326, 190, 66404.0, 3.348
0.5026859999998123, 191, 66404.0, 3.348
0.5480889999998908, 192, 66404.0, 3.348
0.5280634999999165, 193, 66404.0, 3.348
0.5358774000001176, 194, 66404.0, 3.348
0.4736809999999423, 195, 66404.0, 3.348
0.551849299999958, 196, 66404.0, 3.348
0.5164670000003753, 197, 66404.0, 3.348
0.6019449999998869, 198, 66404.0, 3.348
0.5297176999997646, 199, 66404.0, 3.348
0.5781854000001658, 200, 66404.0, 3.348
0.5050049999999828, 201, 66404.0, 3.348
0.4991104999999152, 202, 66404.0, 3.348
0.595605599999999, 203, 66404.0, 3.348
0.49143510000021706, 204, 66404.0, 3.348
0.5068360999998731, 205, 66404.0, 3.348
0.5457608000001528, 206, 66404.0, 3.348
0.5286976999996114, 207, 66404.0, 3.348
0.5124198000003162, 208, 66404.0, 3.348
0.5383904999998776, 209, 66404.0, 3.348
0.4935587999998461, 210, 66404.0, 3.348
0.5332430999997086, 211, 66404.0, 3.348
0.5063422999996874, 212, 66404.0, 3.348
0.5140321999997468, 213, 66404.0, 3.348
0.5369848000000275, 214, 66404.0, 3.348
0.518861300000026, 215, 66404.0, 3.348
0.5222518000000491, 216, 66404.0, 3.348
0.476141799999823, 217, 66404.0, 3.348
0.5700442000002113, 218, 66364.0, 3.285
0.5425646999997298, 219, 66364.0, 3.285
0.5415871000000152, 220, 66364.0, 3.285
0.5130384999997659, 221, 66364.0, 3.285
0.47664739999981975, 222, 66364.0, 3.285
0.47615459999997256, 223, 66364.0, 3.285
0.44716580000022077, 224, 66364.0, 3.285
0.5195893999998589, 225, 66364.0, 3.285
0.4641059000000496, 226, 66364.0, 3.285
0.4691941000000952, 227, 66364.0, 3.285
0.5571570000001884, 228, 66364.0, 3.285
0.5435742999998183, 229, 66364.0, 3.285
0.5486857000000782, 230, 66364.0, 3.285
0.534840300000269, 231, 66364.0, 3.285
0.5846286999999393, 232, 66364.0, 3.285
0.48869939999985945, 233, 66364.0, 3.285
0.5560851000000184, 234, 66364.0, 3.285
0.5451097000000118, 235, 66364.0, 3.285
0.49212330000000293, 236, 66364.0, 3.285
0.4657791999998153, 237, 66364.0, 3.285
0.5465288999998847, 238, 66362.0, 3.282
0.5809737999998106, 239, 66358.0, 3.276
0.6466815000003407, 240, 66295.0, 3.178
0.6917339000001448, 241, 66272.0, 3.142
0.5714488999997229, 242, 66258.0, 3.120
0.6888469000000441, 243, 66258.0, 3.120
0.5066557000000103, 244, 66258.0, 3.120
0.5738295000001017, 245, 66258.0, 3.120
0.5174397999999201, 246, 66258.0, 3.120
0.5026935999999296, 247, 66258.0, 3.120
0.5060238999999456, 248, 66258.0, 3.120
0.5441646999997829, 249, 66258.0, 3.120
0.5330902000000606, 250, 66258.0, 3.120
0.4799047999999857, 251, 66258.0, 3.120
0.45088699999996606, 252, 66243.0, 3.097
0.5339582000001428, 253, 66243.0, 3.097
0.4835819999998421, 254, 66243.0, 3.097
0.5991250000001855, 255, 66243.0, 3.097
0.5428267000002052, 256, 66243.0, 3.097
0.5397040999996534, 257, 66243.0, 3.097
0.5555026000001817, 258, 66243.0, 3.097
0.49399499999981344, 259, 66243.0, 3.097
0.5198765999998614, 260, 66243.0, 3.097
0.48311480000029405, 261, 66243.0, 3.097
0.5898087000000487, 262, 66243.0, 3.097
0.5058707000002869, 263, 66243.0, 3.097
0.5069892000001346, 264, 66243.0, 3.097
0.4929255000001831, 265, 66243.0, 3.097
0.4361659999999574, 266, 66243.0, 3.097
0.492946800000027, 267, 66243.0, 3.097
0.4770752999997967, 268, 66243.0, 3.097
0.48188789999994697, 269, 66243.0, 3.097
0.624283000000105, 270, 66208.0, 3.043
0.5720237999998972, 271, 66132.0, 2.924
0.6534143000003496, 272, 66132.0, 2.924
0.6908972999999605, 273, 66111.0, 2.892
0.5875630999998975, 274, 66111.0, 2.892
0.5127758000003269, 275, 66111.0, 2.892
0.4782516999998734, 276, 66111.0, 2.892
0.5098314000001665, 277, 66111.0, 2.892
0.5271135000002687, 278, 66111.0, 2.892
0.5652737999998863, 279, 66111.0, 2.892
0.48350200000004406, 280, 66111.0, 2.892
0.516775200000211, 281, 66111.0, 2.892
0.587707600000158, 282, 66111.0, 2.892
0.5280461000002106, 283, 66111.0, 2.892
0.6056514000001698, 284, 66111.0, 2.892
0.47574630000008256, 285, 66111.0, 2.892
0.4747282000002997, 286, 66111.0, 2.892
0.47813289999976405, 287, 66111.0, 2.892
0.45816149999973277, 288, 66111.0, 2.892
0.5951871000002029, 289, 66111.0, 2.892
0.5707054999998036, 290, 66111.0, 2.892
0.6059654999999111, 291, 66111.0, 2.892
0.5974036999996315, 292, 66111.0, 2.892
0.5108108999997967, 293, 66086.0, 2.853
0.5353258000000096, 294, 66086.0, 2.853
0.5627588000002106, 295, 66086.0, 2.853
0.5471041000000696, 296, 66086.0, 2.853
0.5216596000000209, 297, 66086.0, 2.853
0.4792459999998755, 298, 66086.0, 2.853
0.5838988999998946, 299, 66086.0, 2.853
0.5222355999999309, 300, 66086.0, 2.853
0.5097908000002462, 301, 66086.0, 2.853
0.5034549000001789, 302, 66086.0, 2.853
0.49881369999957315, 303, 66086.0, 2.853
0.49848599999995713, 304, 66086.0, 2.853
0.5996771000000081, 305, 66086.0, 2.853
0.4939596999997775, 306, 66086.0, 2.853
0.5915523000003304, 307, 66086.0, 2.853
0.4774560000000747, 308, 66086.0, 2.853
0.48967240000001766, 309, 66086.0, 2.853
0.48347830000011527, 310, 66086.0, 2.853
0.5438466999999036, 311, 66086.0, 2.853
0.5025940000000446, 312, 66086.0, 2.853
0.47298860000000786, 313, 66086.0, 2.853
0.5578879999998207, 314, 66086.0, 2.853
0.5160668999997142, 315, 66086.0, 2.853
0.54944069999965, 316, 66086.0, 2.853
0.4942795000001752, 317, 66086.0, 2.853
0.5371354000003521, 318, 66086.0, 2.853
0.48074780000024475, 319, 66086.0, 2.853
0.5658220000000256, 320, 66086.0, 2.853
0.5372334999997292, 321, 66086.0, 2.853
0.5023199000002023, 322, 66086.0, 2.853
0.5012928999999531, 323, 66086.0, 2.853
0.46109300000034636, 324, 66086.0, 2.853
0.5275360999999066, 325, 66086.0, 2.853
0.505908399999953, 326, 66086.0, 2.853
0.5051668000000973, 327, 66086.0, 2.853
0.6415468000000146, 328, 66086.0, 2.853
0.5324448000001212, 329, 66086.0, 2.853
0.4684292000001733, 330, 66086.0, 2.853
0.47629159999996773, 331, 66086.0, 2.853
0.4478054000001066, 332, 66086.0, 2.853
0.4972634000000653, 333, 66086.0, 2.853
0.5065401000001657, 334, 66086.0, 2.853
0.5629939999998896, 335, 66086.0, 2.853
0.48252480000019204, 336, 66086.0, 2.853
0.5277284999997391, 337, 66086.0, 2.853
0.552008399999977, 338, 66086.0, 2.853
0.48641479999969306, 339, 66086.0, 2.853
0.5203940999999759, 340, 66086.0, 2.853
0.5505692000001545, 341, 66086.0, 2.853
0.49550779999981387, 342, 66086.0, 2.853
0.52580399999988, 343, 66086.0, 2.853

tour:
[2098 2099 2102 2103 2104 2105 2107 2106 2108 2109 2111 2110 2126 2125
 2128 2127 2129 2130 2132 2131 2133 2134   10   11   12   13   14   15
   16   17   18   19   29   30   31   32    6    7    8    9    5    4
 2136 2135 2137 2138    2    3    0    1 2150 2151 2149 2148   53   54
   55   56   57   58   59   60   62   61   64   63   65   66   69   84
   85   86   87   88   89   90   91   92   94   93   77   76   75   74
   73   72   71   70   68   67   42   43   41   40   39   38 2144 2145
 2143 2142 2146 2147 2141 2140 2139   48   49   47   46   50   44   51
   52   45   33   37   36   34   28   35   26   27   25   23   24   22
   20   21   83   82   81   80   78   79   98   97   96   95  117  118
  119  121  120  131  132  133  156  157  155  154  153  152  151  160
  158  159  150  149  148  147  167  166  165  164  163  162  161  175
  174  173  172  184  185  171  170  169  168  186  187  188  189  183
  182  180  177  181  176  178  179  192  191  190  195  197  199  213
  215  214  212  200  198  196  194  193  201  202  203  204  205  206
  207  208  209  210  211 1937 1935 1936 1938 1939 1940 1965 1966 1964
 1951 1952 1963 1962 1961 1954 1956 1960 1856 1857 1959 1958 1957 1955
 1953 1950 1942 1941 1933 1932 1931 1929 1930 1927 1926 1928 1934 1944
 1925 1923 1922 1921 1919 1910 1911 1905 1904 1906 1913 1912 1909 1918
 1920 1924 1945 1943 1946 1947 1948 1949 1916 1917 1914 1915 1908 1907
 1903 1901 1900 1902 1899 1897 1896 1898 1893 1892 1861 1862 1863 1865
 1867 1869 1871 1873 1874 1872 1870 1868 1866 1864 1860 1891 1894 1895
 1859 1890 1887 1886 1885 1881 1879 1878 1875 1877 1876 1880 1882 1883
 1884 1889 1888 1858 1851 1852 1853 1854 1855 1968 1969 1970 1967 1971
 1973 1974 1972 1980 1975 1976 1978 1979 1977  227  226  225  224  223
  222  221  216  219  220  231  230  229  228  238  237  236  235  234
  232  217  218  233  146  145  144  242  241  240  239  245  244  243
  143  142  141  140  136  137  139  138  135  134  130  129  128  127
  126  125  124  123  122  116  115  114  113   99  100  101  102  103
  104  107  106  105  108  109  110  111  112  265  266  267  268  269
  270  271  272 2114 2115 2116 2117 2118 2119 2120 2121 2122 2123 2124
  318  319  320  321  322  323  324  316  317  325  326  327  328  329
 2113 2112  330  331  332  333  315  314  313  311  312  310  305  304
  303  302  298  297  296  261  260  259  258  257  256  255  253  254
  289  290  291  292  293  294  295  264  262  263  301  300  299  308
  309  307  306  273  274  275  276  277  278  279  280  281  282  283
  284  285  286  287  288  247  246  248  249  252  250  251 2020 2019
 2018 2017 2016 2015 2014 2013 2012 2011 2010 2009 2008 2007 2006 2005
 2004 2003 2002 2001 2000 1988 1989 1990 1991 1992 1999 1998 1997 1996
 1995 1994 1993 1981 1982 1983 1984 1985 1987 1986 1847 1846 1845 1848
 1844 1629 1630 1628 1627 1626 1625 1631 1632 1610 1611 1612 1613 1614
 1602 1601 1600 1615 1616 1617 1618 1621 1623 1622 1624 1619 1620 1563
 1564 1565 1566 1567 1571 1570 1569 1568 1562 1561 1560 1559 1558 1849
 1850 1557 1556 1555 1554 1553 1552 1551 1550 1549 1522 1523 1521 1520
 1519 1518 1517 1516 1515 1513 1512 1510 1508 1506 1504 1503 1502 1498
 1500 1491 1499 1501 1497 1496 1495 1505 1507 1509 1511 1514 1531 1532
 1533 1534 1535 1494 1493 1492 1380 1381 1490 1489 1488 1487 1485 1486
 1443 1444 1445 1446 1447 1448 1449 1450 1451 1452 1453 1454 1470 1472
 1474 1476 1479 1480 1483 1484 1482 1481 1477 1478 1475 1473 1471 1469
 1468 1466 1467 1465 1460 1461 1463 1464 1462  899  898  900  897  896
  895  894  890  889  887  888  886  883  885  882  884  881  879  878
  880  875  877  876  874  785  784  786  787  873  872  871  870  869
  867  891  868  892  893  907  906  905  902  901 1459 1458  903  904
  917  916  913  912  911  910  909  927  928  926  908  924  925  923
  914  915  922  921  919  920  918 1456 1457 1455 1434 1435 1436 1437
 1438 1439 1388 1440 1390 1389 1387 1441 1442 1383 1382 1379 1377 1376
 1378 1375 1374 1373 1372 1384 1385 1386 1391 1392 1429 1430 1431 1432
 1433 1427 1428 1426 1393 1394 1395 1396 1365 1366 1367 1368 1369 1370
 1371 1543 1542 1541 1539 1540 1538 1537 1536 1530 1528 1527 1524 1525
 1526 1529 1544 1545 1546 1547 1548 1574 1573 1572 1586 1585 1584 1582
 1581 1575 1576 1577 1578 1579 1580 1589 1583 1587 1588 1598 1599 1597
 1596 1595 1594 1593 1592 1591 1590 1313 1312 1311 1335 1334 1333 1332
 1331 1330 1329 1342 1343 1341 1340 1339 1338 1337 1336 1349 1350 1348
 1347 1346 1345 1344 1355 1356 1357 1358 1354 1353 1352 1351 1359 1360
 1361 1362 1363 1364 1397 1398 1399 1425 1424 1422 1421 1419 1418 1420
 1423 1401 1400 1402 1403 1404 1405 1406 1414 1415 1416 1417 1413 1412
 1411 1410 1409 1408 1407 1033 1034 1032 1031 1030 1029 1028 1026 1027
 1025 1040 1039 1035 1036 1125 1126 1127 1128 1120 1124 1123 1037 1038
 1041 1042 1043 1024 1023 1044 1045 1047 1046 1048 1122 1121 1117 1119
 1118 1116 1113 1115 1114 1112 1111 1108 1107 1106 1056 1055 1054 1052
 1051 1049 1050 1053 1059 1058 1057 1105 1104 1103 1109 1110 1160 1159
 1158 1157 1156 1155 1154 1153 1282 1281 1285 1284 1283 1152 1151 1150
 1149 1148 1147 1146 1145 1143 1142 1135 1144 1136 1137 1134 1133 1132
 1141 1140 1139 1138 1294 1293 1290 1289 1288 1287 1247 1246 1245 1244
 1243 1242 1241 1240 1239 1238 1236 1237 1301 1300 1299 1298 1297 1291
 1292 1295 1296 1318 1319 1320 1321 1131 1130 1129 1326 1327 1328 1325
 1324 1323 1322 1314 1315 1316 1317 1310 1309 1308 1307 1306 1305 1304
 1303 1302 1603 1604 1605 1606 1607 1608 1609 1633 1634 1635 1636 1841
 1842 1843 1840 1839 1637 1638 1639 1640 1641 1645 1644 1643 1642 1838
 1837 1836 1824 1825 1815 1814 1813 1812 1811 1810 1816 1817 1818 1819
 1820 1821 1822 1823 1652 1649 1646 1647 1648 1650 1651 1653 1655 1654
 1663 1656 1657 1658 1662 1661 1659 1660 1678 1677 1679 1680 1681 1682
 1684 1683 1685 1686 1690 1687 1688 1689 1788 1786 1789 1787 1790 1791
 1792 1793 1794 1795 1796 1797 1798 1799 1800 1801 2075 2076 2077 2078
 2074 2073 1802 1803 1804 1805 1806 1807 1809 1808 2045 2048 2049 2046
 2047 2051 2050 2071 2072 2068 2067 2065 2066 2069 2070 2052 2053 2054
 2040 2039 2042 2043 2041 2044 1826 1827 1828 1829 1830 1831 1832 1833
 1835 1834 2023 2022 2021 2024 2025 2026 2027 2028 2029 2030 2031 2032
 2033 2034 2035 2036 2037 2038 2055 2056 2057 2058 2059 2060 2061 2062
  341  342  343  344  340  339  338  337  336  335  334 2101 2100  346
  347  345 2095  354  353  352  351  350  349  348 2063 2064 2080 2079
 2081 2082 2083 2086 2085 2084 2094  355  360 2093 2092 2091 2090 2089
 2088 2087 1785 1784 1783 1782 1781 1780 1779  361  372  373 1764 1765
 1763 1766 1768 1767 1778 1769 1770 1777 1771 1776 1775 1772 1773 1774
 1756 1757 1758 1759 1760 1761 1762  374  375 1749 1750 1751 1752 1753
 1754 1755 1741 1740 1701 1702 1202 1203 1204 1205 1206 1207 1209 1208
 1222 1221 1220 1219 1218 1217 1700 1699 1698 1697 1696 1695 1694 1693
 1692 1691 1224 1225 1226 1665 1666 1667 1676 1675 1674 1673 1672 1671
 1670 1664 1668 1669 1234 1235 1233 1232 1231 1230 1229 1228 1227 1223
 1210 1211 1212 1253 1252 1251 1250 1249 1248 1286 1280 1279 1278 1277
 1260 1258 1259 1256 1257 1255 1254 1213 1216 1215 1214 1261 1262 1263
 1264 1265 1266 1276 1271 1275 1274 1273 1272 1165 1164 1163 1162 1161
 1169 1168 1167 1166 1184 1183 1182 1181 1180 1179 1270 1269 1268 1267
 1196 1197 1198 1199 1200 1201 1703 1704 1705 1711 1712 1739 1742 1743
 1744 1745 1746 1747 1748  384  385  403  402  401  400  399  398  397
  396  395  394 1721 1722 1723 1724 1725 1726 1727 1735 1736 1737 1738
 1734 1733 1732 1731 1730 1729 1728 1717 1718 1719 1720 1191 1192 1716
 1715 1714 1713 1710 1706 1707 1709 1708 1195 1194 1193 1190 1187 1186
 1189 1188 1185 1178 1177 1176 1175 1174 1173 1171 1172 1170 1088 1090
 1091 1094 1095 1096 1097 1102 1100 1067 1065 1064 1070 1071 1072  463
  465  466  460  454  458  455  459  461  462  464 1074 1073 1069 1068
 1066 1101 1099 1098 1093 1092 1089 1085 1087 1086 1084 1082 1083 1079
 1075 1076  456  457 1077 1078 1080 1081  428  426  427  429  430  431
  453  452  451  450  449  448  447  501  502  500  503  504  505  506
  507  508  509  499  533  536  537  535  534  532  531  530  529  623
  538  539  541  542  540  620  621  624  622  528  625  626  627  619
  618  628  617  616  615  614  613  612  543  544  545  546  547  548
  492  493  498  494  495  496  497  475  474  473  472  467  468  469
  470  471 1063 1062 1061 1060  484  476  477  486  487  488  489  490
  491  478  479  480  481  482  483  485 1018 1016 1015 1014 1013 1011
 1012 1007 1008 1009 1010 1020 1021 1019 1017 1022 1000 1001 1002 1003
 1004 1005 1006  993  994  995  996  997  998  999  984  976  983  985
  986  987  988  989  990  980  981  982  979  978  977  975  974  973
  969  968  967  966  965  964  963  962  961  970  971  972  953  954
  955  956  952  950  951  949  948  947  946  944  943  960  945  957
  958  959  834  835  837  838  839  836  833  832  831  800  840  841
  842  843  797  798  844  845  846  848  847  942  941  940  939  938
  937  936  935  934  933  932  931  930  929  853  852  851  850  849
  795  796  792  793  794  854  855  856  858  857  859  860  861  862
  863  866  865  864  788  791  789  755  790  756  753  754  752  751
  757  758  759  760  762  768  779  769  780  770  781  782  783  771
  772  773  774  775  776  777  778  767  766  765  763  764  761  746
  747  748  749  750  738  737  736  745  744  743  742  732  733  734
  735  741  740  739  718  719  720  716  717  731  730  729  728  727
  726  725  724  723  722  721  799  801  802  803  830  829  828  827
  826  825  824  823  822  804  805  806  813  814  815  819  821  820
  991  992  816  817  818  809  810  808  807  812  811  708  709  710
  711  712  713  715  714  702  703  704  705  706  707  690  701  700
  699  698  686  687  688  689  697  694  691  693  692  695  696  596
  597  598  685  680  678  679  677  681  684  683  682  674  675  676
  673  672  671  670  669  600  601  599  593  594  595  592  577  578
  579  580  581  582  583  584  585  586  587  588  589  590  591  574
  575  576  570  569  568  567  566  565  564  563  571  572  573  603
  556  557  558  559  560  562  550  549  561  551  552  553  554  555
  604  605  606  607  602  668  667  666  665  664  663  662  661  660
  659  658  611  610  609  608  657  656  655  654  653  652  650  649
  651  648  647  646  645  644  643  642  640  639  638  641  637  636
  635  634  632  633  631  629  630  527  526  525  524  523  522  521
  510  512  520  511  513  519  518  514  515  516  517  444  445  446
  443  442  440  441  439  438  437  436  435  434  433  432  425  424
  423  422  421  420  419  418  416  417  415  414  413  412  411  410
  409  408  406  407  404  405  392  393  390  391  389  388  387  386
  383  382  380  381  379  378  376  377  370  371  369  368  366  367
  365  364  362  363  358  359  357  356 2096 2097]

eliteFit: 66086.0
percentError: 2.852785083964951
computationTime: 217.856s