instanceName: kroB200
n: 200
optFit: 29437

genTime, gen, eliteFit, percentError:
0.00022479999461211264, 0, 296644.0, 907.725
0.022463200002675876, 1, 30852.0, 4.807
0.01305520000460092, 2, 30798.0, 4.623
0.011484100003144704, 3, 30430.0, 3.373
0.010980599996400997, 4, 30014.0, 1.960
0.011699399998178706, 5, 29990.0, 1.879
0.012190200010081753, 6, 29821.0, 1.304
0.009439300003577955, 7, 29636.0, 0.676
0.007901799996034242, 8, 29636.0, 0.676
0.009709399993880652, 9, 29565.0, 0.435
0.004596900005708449, 10, 29517.0, 0.272
0.005936599991400726, 11, 29446.0, 0.031
0.006794200002332218, 12, 29446.0, 0.031
0.006440800003474578, 13, 29446.0, 0.031
0.004214600005070679, 14, 29446.0, 0.031
0.003642800002126023, 15, 29446.0, 0.031
0.003971800004364923, 16, 29446.0, 0.031
0.003559100005077198, 17, 29446.0, 0.031
0.003406799994991161, 18, 29446.0, 0.031
0.004110099995159544, 19, 29446.0, 0.031
0.00393959999200888, 20, 29446.0, 0.031
0.0035465999972075224, 21, 29446.0, 0.031
0.00386699999216944, 22, 29446.0, 0.031
0.004756499998620711, 23, 29446.0, 0.031
0.0038669000059599057, 24, 29446.0, 0.031
0.0039018999959807843, 25, 29446.0, 0.031
0.00381290000223089, 26, 29446.0, 0.031
0.003372999999555759, 27, 29446.0, 0.031
0.004528800011030398, 28, 29446.0, 0.031
0.004035699996165931, 29, 29446.0, 0.031
0.003685500007122755, 30, 29446.0, 0.031
0.004087499997694977, 31, 29446.0, 0.031
0.003728299998329021, 32, 29446.0, 0.031
0.00399739999556914, 33, 29446.0, 0.031
0.0038552000041818246, 34, 29446.0, 0.031
0.005286699990392663, 35, 29446.0, 0.031
0.0037701999972341582, 36, 29446.0, 0.031
0.0042529999918770045, 37, 29446.0, 0.031
0.004337699996540323, 38, 29446.0, 0.031
0.0036366999993333593, 39, 29446.0, 0.031
0.00362989999121055, 40, 29446.0, 0.031
0.003721599990967661, 41, 29446.0, 0.031
0.003956000000471249, 42, 29446.0, 0.031
0.003471399992122315, 43, 29446.0, 0.031
0.003821799997240305, 44, 29446.0, 0.031
0.0042714000010164455, 45, 29446.0, 0.031
0.00396399998862762, 46, 29446.0, 0.031
0.003674699997645803, 47, 29446.0, 0.031
0.004479199997149408, 48, 29446.0, 0.031
0.0038776000001234934, 49, 29446.0, 0.031
0.003975999992690049, 50, 29446.0, 0.031
0.004232799998135306, 51, 29446.0, 0.031
0.003286799998022616, 52, 29446.0, 0.031
0.004148899999563582, 53, 29446.0, 0.031
0.003939200003514998, 54, 29446.0, 0.031
0.004324900000938214, 55, 29446.0, 0.031
0.00363810000999365, 56, 29446.0, 0.031
0.0041174000070896, 57, 29446.0, 0.031
0.003373899991856888, 58, 29446.0, 0.031
0.004187899990938604, 59, 29446.0, 0.031
0.0037339000118663535, 60, 29446.0, 0.031
0.0051891000039177015, 61, 29446.0, 0.031

tour:
[ 44  77 154  12 186 125  62  30  47 194  50 155 120  81 146 127 111  14
  32   5   3  82 181  63  13 124 119  41 109 108   1  15 104  76 102 182
 139 105 117 184 158  49 163  42  88 195 185  59  73 164  86 113 167 132
  65 144 198 177 130 156 171  34  60  26 175 179  93  56  33   8  24  45
 145  20  89   0  94  97 173  11 160  70 106  31 166 174  58 135  28   7
  98  75  96  90 128  27 157   2  10  92 121  84  72 141 122   9  67 110
 188 189 116  39  38 169  52 148  69 197  66 196   4 131 193  61  25  99
  55 100 149  68  74  29 180 133  48  85 137 165 107 151  37  19  79 126
 123  64 187  78 112  80 178  46 140 183  36  71 168   6  83  57  51 115
 162  53 114 172 138 190 153 176 142 170  87  22  21 192 103  54 143 159
 152  23  17 161 134 136  95 118  91 150  18 199 129  43 101 147  40 191
  16  35]

eliteFit: 29446.0
percentError: 0.03057376770730713
computationTime: 0.355s