instanceName: pr299
n: 299
optFit: 48191

genTime, gen, eliteFit, percentError:
0.0002533999941078946, 0, 680605.0, 1312.307
0.0447108000080334, 1, 51033.0, 5.897
0.026775799997267313, 2, 50214.0, 4.198
0.02608150000742171, 3, 49854.0, 3.451
0.026590699999360368, 4, 49854.0, 3.451
0.028035499999532476, 5, 49700.0, 3.131
0.024278299999423325, 6, 49594.0, 2.911
0.02643119999265764, 7, 49465.0, 2.644
0.03797480001230724, 8, 49386.0, 2.480
0.021251400001347065, 9, 49354.0, 2.413
0.016275799993309192, 10, 49157.0, 2.005
0.015084699989529327, 11, 49157.0, 2.005
0.015987699996912852, 12, 48961.0, 1.598
0.019430200001806952, 13, 48961.0, 1.598
0.01894029999675695, 14, 48925.0, 1.523
0.013688499995623715, 15, 48810.0, 1.284
0.008867799988365732, 16, 48810.0, 1.284
0.011613900001975708, 17, 48805.0, 1.274
0.009409100006450899, 18, 48774.0, 1.210
0.009470500008319505, 19, 48760.0, 1.181
0.008853000006638467, 20, 48746.0, 1.152
0.007456100007402711, 21, 48746.0, 1.152
0.008485900005325675, 22, 48746.0, 1.152
0.008298800006741658, 23, 48746.0, 1.152
0.008337099992786534, 24, 48746.0, 1.152
0.009190199998556636, 25, 48746.0, 1.152
0.009139200003119186, 26, 48561.0, 0.768
0.012062499998137355, 27, 48561.0, 0.768
0.012304999996558763, 28, 48561.0, 0.768
0.01679030001105275, 29, 48561.0, 0.768
0.019220600006519817, 30, 48446.0, 0.529
0.016742800013162196, 31, 48446.0, 0.529
0.008933000004617497, 32, 48446.0, 0.529
0.009853299998212606, 33, 48446.0, 0.529
0.0072509000019636005, 34, 48446.0, 0.529
0.00923250000050757, 35, 48446.0, 0.529
0.008877200001734309, 36, 48446.0, 0.529
0.007476800004951656, 37, 48446.0, 0.529
0.008853899998939596, 38, 48446.0, 0.529
0.007675099986954592, 39, 48446.0, 0.529
0.008487600003718399, 40, 48446.0, 0.529
0.010581900001852773, 41, 48446.0, 0.529
0.008746499996050261, 42, 48446.0, 0.529
0.010759600001620129, 43, 48446.0, 0.529
0.008644599991384894, 44, 48446.0, 0.529
0.007853800008888356, 45, 48446.0, 0.529
0.00824589999683667, 46, 48446.0, 0.529
0.00896729998930823, 47, 48446.0, 0.529
0.007197400002041832, 48, 48446.0, 0.529
0.008801899995887652, 49, 48446.0, 0.529
0.008526399993570521, 50, 48446.0, 0.529
0.007859000004827976, 51, 48446.0, 0.529
0.007886699997470714, 52, 48446.0, 0.529
0.008584099996369332, 53, 48446.0, 0.529
0.009853299998212606, 54, 48446.0, 0.529
0.008469399996101856, 55, 48446.0, 0.529
0.008591500009060837, 56, 48446.0, 0.529
0.011159799993038177, 57, 48446.0, 0.529
0.008943000008002855, 58, 48446.0, 0.529
0.008537100002286024, 59, 48446.0, 0.529
0.008493699991959147, 60, 48446.0, 0.529
0.006934100005310029, 61, 48446.0, 0.529
0.010066300004837103, 62, 48446.0, 0.529
0.00728279999748338, 63, 48446.0, 0.529
0.009121099996264093, 64, 48446.0, 0.529
0.008961999992607161, 65, 48446.0, 0.529
0.00873180000053253, 66, 48446.0, 0.529
0.0074643999978434294, 67, 48446.0, 0.529
0.007173299993155524, 68, 48446.0, 0.529
0.008834799999021925, 69, 48446.0, 0.529
0.0072687000065343454, 70, 48446.0, 0.529
0.009186400013277307, 71, 48446.0, 0.529
0.007583300000987947, 72, 48446.0, 0.529
0.008536300010746345, 73, 48446.0, 0.529
0.007554299998446368, 74, 48446.0, 0.529
0.010387799993623048, 75, 48446.0, 0.529
0.008423699997365475, 76, 48446.0, 0.529
0.00775469999643974, 77, 48446.0, 0.529
0.007542799998191185, 78, 48446.0, 0.529
0.007742599991615862, 79, 48446.0, 0.529
0.008700600010342896, 80, 48446.0, 0.529

tour:
[ 19  18  15  14  16  17  20  22  23  24  25  26  27  28  71  72  73  70
  68  69  66  67 104  63  64 106  61  62  65  32  33  29  30  31  34  35
  37  36  41  39  40  42  44  45  43  46  47  48  49  50  51  52  53  55
  54 115 113 114 116 118 117 119 179 180 181 182 183 184 185 255 256 257
 258 259 253 252 251 254 260 261 263 262 265 264 266 267 247 248 243 245
 246 244 250 249 187 189 172 171 170 178 188 186 177 175 176 174 124 120
 121 123 125 126 122 112 110 111  57  56  38  59  58  60 109 105 107 108
 127 173 168 169 194 193 190 191 192 195 241 242 269 268 270 238 239 240
 236 235 237 271 272 273 234 233 197 196 166 167 200 165 164 130 129 103
 128 131 102 132 134 135 136 137 161 162 133 163 201 198 199 227 202 228
 230 229 232 231 276 275 274 278 277 280 281 282 279 283 284 285 218 220
 221 211 212 217 215 216 286 287 288 290 289 291 292 294 293 296 295 297
 214 213 155 154 153 152 151 150 149 148 146 147 144 145 143  92  91   0
   3   2   1   5   4   6   7   8   9  10  11  12  13  87  89  90  88 140
 141 142 156 157 158 208 219 223 222 225 224 226 298 205 204 203 206 207
 209 210 159 160 139 138  96  95  93  85  84  86  94  97  82  83  98  99
 100 101  75  77  76  74  79  81  80  78  21]

eliteFit: 48446.0
percentError: 0.5291444460583926
computationTime: 1.001s