instanceName: pr299
n: 299
optFit: 48191

genTime, gen, eliteFit, percentError:
0.0004172000044491142, 0, 703371.0, 1359.548
0.04396460000134539, 1, 51310.0, 6.472
0.029272400002810173, 2, 50674.0, 5.152
0.026666499994462356, 3, 50390.0, 4.563
0.0273903000052087, 4, 50049.0, 3.855
0.024428199991234578, 5, 49467.0, 2.648
0.037605099991196766, 6, 49415.0, 2.540
0.04175450000911951, 7, 49273.0, 2.245
0.03817440000420902, 8, 49273.0, 2.245
0.0350351000088267, 9, 49019.0, 1.718
0.029487299994798377, 10, 48936.0, 1.546
0.03224749999935739, 11, 48936.0, 1.546
0.028204200003528967, 12, 48788.0, 1.239
0.029857000001356937, 13, 48652.0, 0.957
0.025267000004532747, 14, 48652.0, 0.957
0.032627699998556636, 15, 48602.0, 0.853
0.025288700009696186, 16, 48586.0, 0.820
0.018085099989548326, 17, 48572.0, 0.791
0.02272340000490658, 18, 48522.0, 0.687
0.013725799988606013, 19, 48522.0, 0.687
0.010026199990534224, 20, 48501.0, 0.643
0.008904100002837367, 21, 48487.0, 0.614
0.00906159999431111, 22, 48487.0, 0.614
0.009335599999758415, 23, 48487.0, 0.614
0.009277100005419925, 24, 48487.0, 0.614
0.007792999997036532, 25, 48487.0, 0.614
0.008441600002697669, 26, 48487.0, 0.614
0.008874299994204193, 27, 48487.0, 0.614
0.007660000002942979, 28, 48487.0, 0.614
0.009027699998114258, 29, 48487.0, 0.614
0.008061699991230853, 30, 48487.0, 0.614
0.008459899996523745, 31, 48487.0, 0.614
0.0074394999974174425, 32, 48487.0, 0.614
0.008260600006906316, 33, 48487.0, 0.614
0.009160899993730709, 34, 48487.0, 0.614
0.009166900010313839, 35, 48487.0, 0.614
0.009331000008387491, 36, 48487.0, 0.614
0.008298100001411512, 37, 48487.0, 0.614
0.009218199993483722, 38, 48487.0, 0.614
0.010098099999595433, 39, 48487.0, 0.614
0.012257599999429658, 40, 48487.0, 0.614
0.00967050000326708, 41, 48487.0, 0.614
0.010230800005956553, 42, 48487.0, 0.614
0.010484600003110245, 43, 48487.0, 0.614
0.007501799991587177, 44, 48487.0, 0.614
0.008276699998532422, 45, 48487.0, 0.614
0.006997099990257993, 46, 48487.0, 0.614
0.009750099998200312, 47, 48487.0, 0.614
0.009357799994177185, 48, 48487.0, 0.614
0.006946099994820543, 49, 48487.0, 0.614
0.011727200006134808, 50, 48487.0, 0.614
0.009133700004895218, 51, 48487.0, 0.614
0.00847559999965597, 52, 48487.0, 0.614
0.008164500002749264, 53, 48487.0, 0.614
0.0072432000015396625, 54, 48487.0, 0.614
0.009754700004123151, 55, 48487.0, 0.614
0.007415799991576932, 56, 48487.0, 0.614
0.009753300008014776, 57, 48487.0, 0.614
0.008777099996223114, 58, 48487.0, 0.614
0.01022299999021925, 59, 48487.0, 0.614
0.007976199995027855, 60, 48410.0, 0.454
0.009662700002081692, 61, 48410.0, 0.454
0.013362199999392033, 62, 48410.0, 0.454
0.01610790000995621, 63, 48410.0, 0.454
0.010999599995557219, 64, 48410.0, 0.454
0.012435399999958463, 65, 48410.0, 0.454
0.010611400008201599, 66, 48410.0, 0.454
0.010987200003000908, 67, 48410.0, 0.454
0.012183399987407029, 68, 48410.0, 0.454
0.011584399995626882, 69, 48410.0, 0.454
0.008871199999703094, 70, 48410.0, 0.454
0.008752300011110492, 71, 48410.0, 0.454
0.00852879999729339, 72, 48410.0, 0.454
0.007178899992140941, 73, 48410.0, 0.454
0.010511500004213303, 74, 48410.0, 0.454
0.008243999996921048, 75, 48410.0, 0.454
0.008147300002747215, 76, 48410.0, 0.454
0.00936589999764692, 77, 48410.0, 0.454
0.007568700006231666, 78, 48410.0, 0.454
0.01166899999952875, 79, 48410.0, 0.454
0.009642799996072426, 80, 48410.0, 0.454
0.007762100009131245, 81, 48410.0, 0.454
0.008221800002502277, 82, 48410.0, 0.454
0.007051699998555705, 83, 48410.0, 0.454
0.00877480000781361, 84, 48410.0, 0.454
0.007929799990961328, 85, 48410.0, 0.454
0.009393799991812557, 86, 48410.0, 0.454
0.008341000007931143, 87, 48410.0, 0.454
0.009213099998305552, 88, 48410.0, 0.454
0.00871259999985341, 89, 48410.0, 0.454
0.008237200003350154, 90, 48410.0, 0.454
0.008135700001730584, 91, 48410.0, 0.454
0.006913899997016415, 92, 48410.0, 0.454
0.011157400003867224, 93, 48410.0, 0.454
0.008422400002018549, 94, 48410.0, 0.454
0.007638900002348237, 95, 48410.0, 0.454
0.008812900006887503, 96, 48410.0, 0.454
0.008194099995307624, 97, 48410.0, 0.454
0.01002979998884257, 98, 48410.0, 0.454
0.00977710000006482, 99, 48410.0, 0.454
0.009666900004958734, 100, 48410.0, 0.454
0.009957700007362291, 101, 48410.0, 0.454
0.007012299989582971, 102, 48410.0, 0.454
0.010029900004155934, 103, 48410.0, 0.454
0.007876600007875822, 104, 48410.0, 0.454
0.008512900007190183, 105, 48410.0, 0.454
0.010045399991213344, 106, 48410.0, 0.454
0.008073099990724586, 107, 48410.0, 0.454
0.008297099993797019, 108, 48410.0, 0.454
0.00798439999925904, 109, 48410.0, 0.454
0.008001599999261089, 110, 48410.0, 0.454

tour:
[244 246 245 243 248 247 267 266 264 265 262 263 261 258 257 256 253 259
 260 254 251 252 185 255 184 183 182 181 180 179 119 121 120 117 118 116
 114 113 115  54  55  53  52  51  50  49  48  47  46  43  45  44  40  42
  39  41  36  37  35  34  31  30  29  33  32  65  62  61 106  64  63 104
  67  66  69  68  70  73  72  71  28  27  26  25  24  23  22  20  17  19
  18  16  14  15  84  86  93  85  90  88  89  87  13  12  11  10   9   8
   7   6   4   5   1   2   3   0  91  92 143 145 144 147 146 148 149 150
 151 152 153 154 155 213 214 297 295 296 293 294 292 291 289 290 288 287
 286 216 215 217 212 211 221 220 218 285 284 283 279 282 281 280 277 278
 274 275 276 231 232 229 230 228 226 224 225 298 205 204 203 222 223 206
 207 219 208 209 210 159 160 139 158 157 156 142 141 140 138  96  95  94
  97  82  83  98  99 100 101  81  80  78  21  74  76  79  75  77 102 131
 128 103 129 130 133 132 134 135 137 136 161 162 163 201 202 227 199 198
 200 165 164 167 166 196 197 233 234 273 272 271 237 235 236 240 239 238
 270 268 269 242 241 195 192 191 190 193 194 169 168 173 127 108 107 105
 109  60  58  59  38  56  57 111 110 112 122 126 125 123 124 174 176 175
 177 186 188 178 170 171 172 189 187 249 250]

eliteFit: 48410.0
percentError: 0.45444170073250195
computationTime: 1.457s