instanceName: ch130
n: 130
optFit: 6110

genTime, gen, eliteFit, percentError:
0.0002415000053588301, 0, 41054.0, 571.915
0.007819599995855242, 1, 6296.0, 3.044
0.005143300004419871, 2, 6189.0, 1.293
0.005333199995220639, 3, 6176.0, 1.080
0.006627499999012798, 4, 6169.0, 0.966
0.004108799999812618, 5, 6169.0, 0.966
0.005558799995924346, 6, 6144.0, 0.556
0.004581999994115904, 7, 6136.0, 0.426
0.004037200007587671, 8, 6136.0, 0.426
0.004677299992181361, 9, 6133.0, 0.376
0.0053629000030923635, 10, 6128.0, 0.295
0.005432399993878789, 11, 6128.0, 0.295
0.0030713000014657155, 12, 6128.0, 0.295
0.0017897999932756647, 13, 6128.0, 0.295
0.0015016999968793243, 14, 6128.0, 0.295
0.0018792000046232715, 15, 6128.0, 0.295
0.002238100001704879, 16, 6128.0, 0.295
0.001766499990480952, 17, 6128.0, 0.295
0.0015946999919833615, 18, 6128.0, 0.295
0.002135000002454035, 19, 6128.0, 0.295
0.0014965000009397045, 20, 6128.0, 0.295
0.0020065999997314066, 21, 6128.0, 0.295
0.0021413999929791316, 22, 6128.0, 0.295
0.0017900999955600128, 23, 6128.0, 0.295
0.0015965999918989837, 24, 6128.0, 0.295
0.0020400999928824604, 25, 6128.0, 0.295
0.0017277999868383631, 26, 6128.0, 0.295
0.0018493999959900975, 27, 6128.0, 0.295
0.0023151000059442595, 28, 6128.0, 0.295
0.0014885999989928678, 29, 6128.0, 0.295
0.0018963999900734052, 30, 6128.0, 0.295
0.0020700000022770837, 31, 6128.0, 0.295
0.0015232000005198643, 32, 6128.0, 0.295
0.0017356999887851998, 33, 6128.0, 0.295
0.0022289000044111162, 34, 6128.0, 0.295
0.0014579999988200143, 35, 6128.0, 0.295
0.001680999994277954, 36, 6128.0, 0.295
0.0023357000027317554, 37, 6128.0, 0.295
0.0015551000105915591, 38, 6128.0, 0.295
0.0018056999979307875, 39, 6128.0, 0.295
0.0023464000114472583, 40, 6128.0, 0.295
0.0017048000008799136, 41, 6128.0, 0.295
0.0018223999941255897, 42, 6128.0, 0.295
0.0022226000000955537, 43, 6128.0, 0.295
0.0015833000070415437, 44, 6128.0, 0.295
0.00157200000830926, 45, 6128.0, 0.295
0.002198400004999712, 46, 6128.0, 0.295
0.0014298000023700297, 47, 6128.0, 0.295
0.0017266000068048015, 48, 6128.0, 0.295
0.0022446999937528744, 49, 6128.0, 0.295
0.0015211999998427927, 50, 6128.0, 0.295
0.0014592000079574063, 51, 6128.0, 0.295
0.0026941999967675656, 52, 6128.0, 0.295
0.001647700002649799, 53, 6128.0, 0.295
0.0018882000003941357, 54, 6128.0, 0.295
0.0021834000071976334, 55, 6128.0, 0.295
0.0015260999934980646, 56, 6128.0, 0.295
0.0015874999953666702, 57, 6128.0, 0.295
0.0022862999903736636, 58, 6128.0, 0.295
0.0014359000051626936, 59, 6128.0, 0.295
0.0015588999958708882, 60, 6128.0, 0.295

tour:
[ 99  14  28  23 115  94  78  86  11  80 102  76  93  88 109  42 103 106
 126   0  40  38  70 129  49   1 117  79  45  19  92  43  41  50  59 119
  52  57  48  71  90   5 101  54 121  13   9  66  12  95  22  46  39  36
  21  32  20  17   7 107 113 125 120  77  65  84 124  89  58  29  82   2
 116 111 114  27  61 104 127  15  44   4  10  75 108  60 128 123  63  68
  85  87  25   6  96  69  62  67  47  24  97 112  31  35  83 118 110 122
 100  81  56   8  55  64  51  74  73  98  72  91  37 105   3  34  53  16
  33  30  26  18]

eliteFit: 6128.0
percentError: 0.2945990180032733
computationTime: 0.180s