instanceName: ch130
n: 130
optFit: 6110

genTime, gen, eliteFit, percentError:
0.00013839999155607074, 0, 41022.0, 571.391
0.011975199988228269, 1, 6341.0, 3.781
0.007555700009106658, 2, 6198.0, 1.440
0.0072465999983251095, 3, 6179.0, 1.129
0.006613699995796196, 4, 6179.0, 1.129
0.005679200010490604, 5, 6161.0, 0.835
0.005381800001487136, 6, 6161.0, 0.835
0.005765199995948933, 7, 6159.0, 0.802
0.0068328000052133575, 8, 6151.0, 0.671
0.005471000011311844, 9, 6150.0, 0.655
0.003660599992144853, 10, 6150.0, 0.655
0.004058100006659515, 11, 6134.0, 0.393
0.00520410000171978, 12, 6134.0, 0.393
0.004137000010814518, 13, 6134.0, 0.393
0.003562500001862645, 14, 6131.0, 0.344
0.0037598000053549185, 15, 6131.0, 0.344
0.002666600004886277, 16, 6131.0, 0.344
0.004117200005566701, 17, 6131.0, 0.344
0.003576300005079247, 18, 6128.0, 0.295
0.0031725000008009374, 19, 6128.0, 0.295
0.002418999996734783, 20, 6128.0, 0.295
0.0025135000032605603, 21, 6128.0, 0.295
0.0029017000051680952, 22, 6128.0, 0.295
0.00369440000213217, 23, 6128.0, 0.295
0.0015988999948604032, 24, 6128.0, 0.295
0.002270700002554804, 25, 6128.0, 0.295
0.0016936000029090792, 26, 6128.0, 0.295
0.0019389999943086877, 27, 6128.0, 0.295
0.0022647000005235896, 28, 6128.0, 0.295
0.0013363000034587458, 29, 6128.0, 0.295
0.00152009999146685, 30, 6128.0, 0.295
0.0023581999994348735, 31, 6128.0, 0.295
0.0015775000065332279, 32, 6128.0, 0.295
0.0017511999903945252, 33, 6128.0, 0.295
0.0022268000029725954, 34, 6128.0, 0.295
0.0016340000001946464, 35, 6128.0, 0.295
0.0014177999983076006, 36, 6128.0, 0.295
0.0020542000129353255, 37, 6128.0, 0.295
0.0014701999898534268, 38, 6128.0, 0.295
0.001466200003051199, 39, 6128.0, 0.295
0.002830899989930913, 40, 6128.0, 0.295
0.0014305999939097092, 41, 6128.0, 0.295
0.0018303999968338758, 42, 6128.0, 0.295
0.002174099994590506, 43, 6128.0, 0.295
0.0021351999894250184, 44, 6128.0, 0.295
0.001945500000147149, 45, 6128.0, 0.295
0.0020827999978791922, 46, 6128.0, 0.295
0.0014783999940846115, 47, 6128.0, 0.295
0.00178089999826625, 48, 6128.0, 0.295
0.0023472000029869378, 49, 6128.0, 0.295
0.0015364999999292195, 50, 6128.0, 0.295
0.0016783000028226525, 51, 6128.0, 0.295
0.002311600008397363, 52, 6128.0, 0.295
0.0015504000039072707, 53, 6128.0, 0.295
0.001705899994703941, 54, 6128.0, 0.295
0.0025076999882003292, 55, 6128.0, 0.295
0.001593599998159334, 56, 6128.0, 0.295
0.0018583000055514276, 57, 6128.0, 0.295
0.0020865999977104366, 58, 6128.0, 0.295
0.0016681999986758456, 59, 6128.0, 0.295
0.0016650000034132972, 60, 6128.0, 0.295
0.002548100004787557, 61, 6128.0, 0.295
0.001323400007095188, 62, 6128.0, 0.295
0.0020912000036332756, 63, 6128.0, 0.295
0.002077500001178123, 64, 6128.0, 0.295
0.0015801999979885295, 65, 6128.0, 0.295
0.001962099995580502, 66, 6128.0, 0.295
0.001658799999859184, 67, 6128.0, 0.295
0.0014307999954326078, 68, 6128.0, 0.295

tour:
[ 66  12  95  22  46  39  36  21  32  20  17   7 107 113 125 120  77  65
  84 124  89  58  29  82   2 116 111 114  27  61 104 127  15  44   4  10
  75 108  60 128 123  63  68  85  87  25   6  96  69  62  67  97  47  24
 112  31  35  83 118 110 122 100  81  56   8  55  64  51  74  73  98  72
  91  37 105   3  34  53  16  33  30  26  18  99  14  28  23 115  94  78
  86  11  80 102  76  93  88 109  42 103 106 126   0  40  38  70 129  49
   1 117  79  45  19  92  43  41  50  59 119  52  57  48  71  90   5 101
  54 121  13   9]

eliteFit: 6128.0
percentError: 0.2945990180032733
computationTime: 0.231s