instanceName: d657
n: 657
optFit: 48912

genTime, gen, eliteFit, percentError:
0.0009430999925825745, 0, 826864.0, 1590.514
0.2263295000011567, 1, 52863.0, 8.078
0.13380149999284185, 2, 52545.0, 7.428
0.13779690000228584, 3, 51754.0, 5.810
0.12622940000437666, 4, 51754.0, 5.810
0.13921970000956208, 5, 51599.0, 5.494
0.14849059999687597, 6, 51284.0, 4.850
0.1428955000010319, 7, 51284.0, 4.850
0.1410639999958221, 8, 51141.0, 4.557
0.1305177000031108, 9, 50900.0, 4.064
0.12808809999842197, 10, 50657.0, 3.568
0.1339770999911707, 11, 50551.0, 3.351
0.11976919999870006, 12, 50551.0, 3.351
0.12918790000549052, 13, 50421.0, 3.085
0.10125330000300892, 14, 50333.0, 2.905
0.09480629999598023, 15, 50194.0, 2.621
0.06668830000853632, 16, 50194.0, 2.621
0.05010720000427682, 17, 50122.0, 2.474
0.05833919999713544, 18, 50075.0, 2.378
0.045485099995858036, 19, 50070.0, 2.368
0.04100470000412315, 20, 50070.0, 2.368
0.040703899998334236, 21, 50070.0, 2.368
0.035814999995636754, 22, 50070.0, 2.368
0.03640639998775441, 23, 50070.0, 2.368
0.04114899999694899, 24, 50070.0, 2.368
0.04146809999656398, 25, 49923.0, 2.067
0.05496550000680145, 26, 49923.0, 2.067
0.044657000005827285, 27, 49923.0, 2.067
0.06261439999798313, 28, 49923.0, 2.067
0.06060969999816734, 29, 49923.0, 2.067
0.08653760000015609, 30, 49893.0, 2.006
0.05555240000830963, 31, 49864.0, 1.946
0.059742700002971105, 32, 49864.0, 1.946
0.0735005999886198, 33, 49804.0, 1.824
0.07138209999538958, 34, 49804.0, 1.824
0.03496710000035819, 35, 49804.0, 1.824
0.037737999999080785, 36, 49799.0, 1.813
0.04107059999660123, 37, 49799.0, 1.813
0.04432970000198111, 38, 49799.0, 1.813
0.03547479999542702, 39, 49799.0, 1.813
0.032901400001719594, 40, 49799.0, 1.813
0.044662999993306585, 41, 49799.0, 1.813
0.03474759998789523, 42, 49799.0, 1.813
0.037636999986716546, 43, 49799.0, 1.813
0.03819649999786634, 44, 49799.0, 1.813
0.03573409999080468, 45, 49799.0, 1.813
0.03737839999666903, 46, 49799.0, 1.813
0.04114349999872502, 47, 49799.0, 1.813
0.03542339999694377, 48, 49757.0, 1.728
0.04769869998563081, 49, 49757.0, 1.728
0.05577040000935085, 50, 49757.0, 1.728
0.05889960000058636, 51, 49757.0, 1.728
0.03570999999647029, 52, 49757.0, 1.728
0.037058699992485344, 53, 49757.0, 1.728
0.041406599993933924, 54, 49757.0, 1.728
0.04209870001068339, 55, 49757.0, 1.728
0.04141119999985676, 56, 49757.0, 1.728
0.04057709999324288, 57, 49757.0, 1.728
0.039752800003043376, 58, 49757.0, 1.728
0.03595419999328442, 59, 49757.0, 1.728
0.04030540000530891, 60, 49757.0, 1.728
0.04239709999819752, 61, 49757.0, 1.728
0.03975380001065787, 62, 49730.0, 1.672
0.038330700001097284, 63, 49730.0, 1.672
0.04365349998988677, 64, 49730.0, 1.672
0.03860800000256859, 65, 49730.0, 1.672
0.038219499998376705, 66, 49730.0, 1.672
0.04077639999741223, 67, 49730.0, 1.672
0.04093419999117032, 68, 49730.0, 1.672
0.03886280000733677, 69, 49730.0, 1.672
0.03899919999821577, 70, 49730.0, 1.672
0.04091809999954421, 71, 49730.0, 1.672
0.0432654000032926, 72, 49730.0, 1.672
0.044605099988984875, 73, 49730.0, 1.672
0.038941099992371164, 74, 49730.0, 1.672
0.03967309999279678, 75, 49730.0, 1.672
0.03422720001253765, 76, 49730.0, 1.672
0.045772700002999045, 77, 49730.0, 1.672
0.04267789999721572, 78, 49730.0, 1.672
0.04526630000327714, 79, 49730.0, 1.672
0.038456700000097044, 80, 49730.0, 1.672
0.03826510001090355, 81, 49730.0, 1.672
0.03688339999644086, 82, 49730.0, 1.672
0.03896309999981895, 83, 49729.0, 1.670
0.0398676000040723, 84, 49729.0, 1.670
0.036443799996050075, 85, 49729.0, 1.670
0.036721399999805726, 86, 49729.0, 1.670
0.041966300006606616, 87, 49729.0, 1.670
0.03442470000300091, 88, 49729.0, 1.670
0.03761329999542795, 89, 49729.0, 1.670
0.03720600000815466, 90, 49729.0, 1.670
0.045992500003194436, 91, 49729.0, 1.670
0.03722530000959523, 92, 49729.0, 1.670
0.03339179999602493, 93, 49729.0, 1.670
0.0371346000029007, 94, 49729.0, 1.670
0.037692799989599735, 95, 49729.0, 1.670
0.03791250000358559, 96, 49729.0, 1.670
0.041524300002492964, 97, 49729.0, 1.670
0.03825929999584332, 98, 49729.0, 1.670
0.0334389000054216, 99, 49729.0, 1.670
0.038775699998950586, 100, 49729.0, 1.670
0.051107000006595626, 101, 49729.0, 1.670
0.03774119999434333, 102, 49729.0, 1.670
0.04200919999857433, 103, 49729.0, 1.670
0.0409627999906661, 104, 49729.0, 1.670
0.040703899998334236, 105, 49729.0, 1.670
0.03966910000599455, 106, 49729.0, 1.670
0.05664510000497103, 107, 49729.0, 1.670
0.03835099999560043, 108, 49729.0, 1.670
0.044926799993845634, 109, 49729.0, 1.670
0.04185429999779444, 110, 49705.0, 1.621
0.058148399999481626, 111, 49705.0, 1.621
0.04143409999960568, 112, 49695.0, 1.601
0.05962319999525789, 113, 49695.0, 1.601
0.042905599999357946, 114, 49695.0, 1.601
0.04717009999149013, 115, 49695.0, 1.601
0.03515250000054948, 116, 49695.0, 1.601
0.044282200004090555, 117, 49695.0, 1.601
0.038148899999214336, 118, 49695.0, 1.601
0.05359229999885429, 119, 49695.0, 1.601
0.042629999996279366, 120, 49695.0, 1.601
0.04044640000211075, 121, 49695.0, 1.601
0.04325889999745414, 122, 49695.0, 1.601
0.035466799992718734, 123, 49695.0, 1.601
0.03969400000642054, 124, 49695.0, 1.601
0.04168059999938123, 125, 49695.0, 1.601
0.03344020000076853, 126, 49695.0, 1.601
0.03316360000462737, 127, 49695.0, 1.601
0.038676700001815334, 128, 49695.0, 1.601
0.036582399989129044, 129, 49695.0, 1.601
0.03532380000979174, 130, 49695.0, 1.601
0.03671159999794327, 131, 49695.0, 1.601
0.033102000001235865, 132, 49695.0, 1.601
0.04137859999900684, 133, 49695.0, 1.601
0.04121789999771863, 134, 49695.0, 1.601
0.04049250000389293, 135, 49695.0, 1.601
0.04142020001017954, 136, 49695.0, 1.601
0.03811390000919346, 137, 49695.0, 1.601
0.034592299998621456, 138, 49695.0, 1.601
0.03896200000599492, 139, 49695.0, 1.601
0.035727399997995235, 140, 49695.0, 1.601
0.03527870000107214, 141, 49695.0, 1.601
0.04324400000041351, 142, 49695.0, 1.601
0.038214200001675636, 143, 49695.0, 1.601
0.039291399996727705, 144, 49695.0, 1.601
0.04388650000328198, 145, 49695.0, 1.601
0.038569900003494695, 146, 49695.0, 1.601
0.0420089000108419, 147, 49695.0, 1.601
0.059639200000674464, 148, 49695.0, 1.601
0.03900000000430737, 149, 49695.0, 1.601
0.03473620000295341, 150, 49695.0, 1.601
0.05452130000048783, 151, 49695.0, 1.601
0.034742000003461726, 152, 49695.0, 1.601
0.042378400001325645, 153, 49695.0, 1.601
0.04265750000195112, 154, 49695.0, 1.601
0.04021259999717586, 155, 49695.0, 1.601
0.03843020000203978, 156, 49695.0, 1.601
0.04186379999737255, 157, 49670.0, 1.550
0.043179799991776235, 158, 49670.0, 1.550
0.04149869999673683, 159, 49670.0, 1.550
0.04103919999033678, 160, 49670.0, 1.550
0.039465299996663816, 161, 49670.0, 1.550
0.04314959999464918, 162, 49670.0, 1.550
0.04343779999180697, 163, 49670.0, 1.550
0.03596319998905528, 164, 49670.0, 1.550
0.04183539999939967, 165, 49670.0, 1.550
0.04580569999234285, 166, 49670.0, 1.550
0.03809539999929257, 167, 49670.0, 1.550
0.037114399994607083, 168, 49670.0, 1.550
0.046314799998071976, 169, 49670.0, 1.550
0.036049499991349876, 170, 49670.0, 1.550
0.04215570000815205, 171, 49670.0, 1.550
0.03946059998997953, 172, 49670.0, 1.550
0.04311430000234395, 173, 49670.0, 1.550
0.03995589999249205, 174, 49670.0, 1.550
0.04571550000400748, 175, 49670.0, 1.550
0.039147099989349954, 176, 49670.0, 1.550
0.04250530000717845, 177, 49670.0, 1.550
0.041473200006294064, 178, 49670.0, 1.550
0.040645700006280094, 179, 49670.0, 1.550
0.038079399993875995, 180, 49670.0, 1.550
0.04061770001135301, 181, 49670.0, 1.550
0.044556199994985946, 182, 49670.0, 1.550
0.03930430000764318, 183, 49670.0, 1.550
0.033507299987832084, 184, 49670.0, 1.550
0.03835570000228472, 185, 49670.0, 1.550
0.042200400013825856, 186, 49670.0, 1.550
0.04314120000344701, 187, 49670.0, 1.550
0.03574589999334421, 188, 49670.0, 1.550
0.039923499993165024, 189, 49670.0, 1.550
0.04087219999928493, 190, 49670.0, 1.550
0.0377950999973109, 191, 49670.0, 1.550
0.04014610000012908, 192, 49660.0, 1.529
0.039437900006305426, 193, 49660.0, 1.529
0.04868530000385363, 194, 49660.0, 1.529
0.037854199996218085, 195, 49660.0, 1.529
0.03931469999952242, 196, 49660.0, 1.529
0.036100199999054894, 197, 49660.0, 1.529
0.03587540000444278, 198, 49660.0, 1.529
0.03756490000523627, 199, 49660.0, 1.529
0.03842050000093877, 200, 49660.0, 1.529
0.0378601999982493, 201, 49660.0, 1.529
0.04841930000111461, 202, 49637.0, 1.482
0.04396100000303704, 203, 49620.0, 1.447
0.049020299993571825, 204, 49620.0, 1.447
0.062088800012134016, 205, 49620.0, 1.447
0.042305700000724755, 206, 49617.0, 1.441
0.04101000000082422, 207, 49617.0, 1.441
0.04285660000459757, 208, 49600.0, 1.407
0.04252819999237545, 209, 49600.0, 1.407
0.041756799997529015, 210, 49560.0, 1.325
0.0534373999980744, 211, 49560.0, 1.325
0.043334699992556125, 212, 49560.0, 1.325
0.0567970999982208, 213, 49560.0, 1.325
0.06000029999995604, 214, 49560.0, 1.325
0.0844169000047259, 215, 49560.0, 1.325
0.10008030000608414, 216, 49560.0, 1.325
0.07512780000979546, 217, 49560.0, 1.325
0.03387250000378117, 218, 49560.0, 1.325
0.04593170000589453, 219, 49560.0, 1.325
0.041756999999051914, 220, 49560.0, 1.325
0.044959400009247474, 221, 49560.0, 1.325
0.04774199999519624, 222, 49560.0, 1.325
0.037618099988321774, 223, 49560.0, 1.325
0.03815180000674445, 224, 49560.0, 1.325
0.03408019999915268, 225, 49560.0, 1.325
0.04461670000455342, 226, 49560.0, 1.325
0.03735600000072736, 227, 49560.0, 1.325
0.045568800007458776, 228, 49560.0, 1.325
0.04213430000527296, 229, 49560.0, 1.325
0.04190379999636207, 230, 49560.0, 1.325
0.035580199997639284, 231, 49560.0, 1.325
0.03596179999294691, 232, 49560.0, 1.325
0.03552190000482369, 233, 49560.0, 1.325
0.04986510000890121, 234, 49560.0, 1.325
0.04691119999915827, 235, 49560.0, 1.325
0.045129100006306544, 236, 49560.0, 1.325
0.04109189999871887, 237, 49560.0, 1.325
0.04122800000186544, 238, 49560.0, 1.325
0.043053999994299375, 239, 49560.0, 1.325
0.04529989999718964, 240, 49560.0, 1.325
0.03496280001127161, 241, 49560.0, 1.325
0.04119910000008531, 242, 49560.0, 1.325
0.05089050000242423, 243, 49560.0, 1.325
0.03872609999962151, 244, 49560.0, 1.325
0.04154740000376478, 245, 49560.0, 1.325
0.036769700003787875, 246, 49560.0, 1.325
0.0381548000004841, 247, 49560.0, 1.325
0.042920799998682924, 248, 49539.0, 1.282
0.050121399995987304, 249, 49539.0, 1.282
0.06872609999845736, 250, 49519.0, 1.241
0.08837379999749828, 251, 49500.0, 1.202
0.06759839999722317, 252, 49500.0, 1.202
0.08124040000257082, 253, 49500.0, 1.202
0.04698840000492055, 254, 49500.0, 1.202
0.04291969999030698, 255, 49500.0, 1.202
0.04571639999630861, 256, 49500.0, 1.202
0.04695750000246335, 257, 49500.0, 1.202
0.04022609999810811, 258, 49500.0, 1.202
0.047646299994084984, 259, 49500.0, 1.202
0.034048899993649684, 260, 49500.0, 1.202
0.037280100004863925, 261, 49500.0, 1.202
0.03820740000810474, 262, 49500.0, 1.202
0.04167550000420306, 263, 49473.0, 1.147
0.04886609999812208, 264, 49473.0, 1.147
0.05455149999761488, 265, 49473.0, 1.147
0.07900769999832846, 266, 49473.0, 1.147
0.05765979998977855, 267, 49454.0, 1.108
0.037528700006078, 268, 49454.0, 1.108
0.042136200005188584, 269, 49454.0, 1.108
0.03788270000950433, 270, 49454.0, 1.108
0.04066310000780504, 271, 49454.0, 1.108
0.03848220000509173, 272, 49454.0, 1.108
0.03980430000228807, 273, 49454.0, 1.108
0.043017100004362874, 274, 49454.0, 1.108
0.038115699993795715, 275, 49454.0, 1.108
0.040991000001668, 276, 49454.0, 1.108
0.04146389999368694, 277, 49454.0, 1.108
0.03696489999128971, 278, 49454.0, 1.108
0.03564790000382345, 279, 49454.0, 1.108
0.039124100003391504, 280, 49454.0, 1.108
0.03628000000026077, 281, 49454.0, 1.108
0.03778959999908693, 282, 49454.0, 1.108
0.042397600002004765, 283, 49454.0, 1.108
0.04452000001037959, 284, 49454.0, 1.108
0.04743690000032075, 285, 49454.0, 1.108
0.03849969999282621, 286, 49454.0, 1.108
0.063691999996081, 287, 49454.0, 1.108
0.04324569999880623, 288, 49454.0, 1.108
0.03907410000101663, 289, 49454.0, 1.108
0.03929239998979028, 290, 49454.0, 1.108
0.03462619999481831, 291, 49454.0, 1.108
0.047861200000625104, 292, 49454.0, 1.108
0.05500569999276195, 293, 49454.0, 1.108
0.050266399994143285, 294, 49454.0, 1.108
0.03769899999315385, 295, 49454.0, 1.108
0.03662129999429453, 296, 49454.0, 1.108
0.04247720001148991, 297, 49454.0, 1.108
0.03968769998755306, 298, 49454.0, 1.108
0.0358124000049429, 299, 49454.0, 1.108
0.0365184000111185, 300, 49454.0, 1.108
0.037285300000803545, 301, 49454.0, 1.108
0.04143459998886101, 302, 49454.0, 1.108
0.03778990000137128, 303, 49454.0, 1.108
0.04017190000740811, 304, 49454.0, 1.108
0.03969900000083726, 305, 49454.0, 1.108
0.040500400005839765, 306, 49454.0, 1.108
0.03642699999909382, 307, 49454.0, 1.108
0.03497120000247378, 308, 49454.0, 1.108
0.03673230001004413, 309, 49454.0, 1.108
0.036082100006751716, 310, 49454.0, 1.108
0.04198920000635553, 311, 49454.0, 1.108
0.03505829999630805, 312, 49454.0, 1.108
0.03831020000507124, 313, 49454.0, 1.108
0.03862610000942368, 314, 49421.0, 1.041
0.04644150000240188, 315, 49421.0, 1.041
0.05000939998717513, 316, 49411.0, 1.020
0.06685279999510385, 317, 49411.0, 1.020
0.059757600000011735, 318, 49411.0, 1.020
0.041451400000369176, 319, 49411.0, 1.020
0.03907240000262391, 320, 49411.0, 1.020
0.040247599987196736, 321, 49411.0, 1.020
0.03681899998628069, 322, 49411.0, 1.020
0.0394873000041116, 323, 49411.0, 1.020
0.037963799986755475, 324, 49411.0, 1.020
0.032896699995035306, 325, 49411.0, 1.020
0.03793730000325013, 326, 49411.0, 1.020
0.03638380000484176, 327, 49411.0, 1.020
0.03501670001423918, 328, 49411.0, 1.020
0.038589699994190596, 329, 49411.0, 1.020
0.044391899995389394, 330, 49411.0, 1.020
0.04436329999589361, 331, 49411.0, 1.020
0.03592890000436455, 332, 49411.0, 1.020
0.03715910000028089, 333, 49411.0, 1.020
0.04260499999509193, 334, 49411.0, 1.020
0.038444000005256385, 335, 49411.0, 1.020
0.046846700002788566, 336, 49411.0, 1.020
0.04452280000259634, 337, 49411.0, 1.020
0.041536799995810725, 338, 49411.0, 1.020
0.046341499997652136, 339, 49411.0, 1.020
0.034824300004402176, 340, 49411.0, 1.020
0.04093540000030771, 341, 49411.0, 1.020
0.039397400003508665, 342, 49411.0, 1.020
0.04502639999554958, 343, 49411.0, 1.020
0.045002900005783886, 344, 49411.0, 1.020
0.03990019999037031, 345, 49411.0, 1.020
0.040798200003337115, 346, 49411.0, 1.020
0.04147490000468679, 347, 49411.0, 1.020
0.041683200004627, 348, 49411.0, 1.020
0.03582789999200031, 349, 49411.0, 1.020
0.03865410000435077, 350, 49411.0, 1.020
0.03399110000464134, 351, 49411.0, 1.020
0.036642199993366376, 352, 49411.0, 1.020
0.04215390000899788, 353, 49411.0, 1.020
0.043994200008455664, 354, 49411.0, 1.020
0.037935600004857406, 355, 49411.0, 1.020
0.03600890000234358, 356, 49411.0, 1.020
0.03442609999910928, 357, 49411.0, 1.020
0.04466769999999087, 358, 49411.0, 1.020
0.052934899998945184, 359, 49411.0, 1.020
0.039248399989446625, 360, 49411.0, 1.020
0.03701830000500195, 361, 49411.0, 1.020
0.04209149999951478, 362, 49411.0, 1.020
0.03358760000264738, 363, 49411.0, 1.020
0.04901909999898635, 364, 49411.0, 1.020
0.03748490000725724, 365, 49411.0, 1.020
0.04407499999797437, 366, 49411.0, 1.020

tour:
[387 369 350 365 377 386 401 405 414 410 396 378 373 358 351 357 333 318
 312 305 304 311 327 326 320 310 300 276 270 250 242 226 224 207 208 214
 219 227 252 268 251 247 260 241 232 221 215 204 225 236 248 254 275 287
 292 294 325 321 309 308 288 293 299 303 323 324 334 346 340 361 372 391
 398 389 400 404 415 421 439 437 438 420 409 416 399 371 390 347 341 345
 335 322 317 307 298 290 262 289 269 237 231 235 210 220 230 238 239 253
 261 271 263 264 240 234 218 217 209 206 196 190 162 164 156 163 141 117
 131 138 129 142 137 130 128 116 101  79  78   6   5   4   3   0   1   2
  10   8   9  11  12  24  21  14  15  28  20  16  17  13  18  19 444 445
  22  29  40  50  54  49  44  45  41  39  36  35  32  33   7  53  60  64
  63  68  73  77  84  74  93  91  97  98 115 132 140 155 168 172 178 185
 195 197 199 198 191 186 180 181 187 165 157 169 171 170 161 148 139 113
 119 103 118 114 102  85  72  65  57  52  48  55  59  69  86  92  99 120
 147 149 154 177 184 179 166 158 150 143 153 167 151 176 192 188 175 211
 244 233 249 223 228 243 255 259 284 291 277 272 274 283 286 256 267 282
 285 278 281 301 295 302 296 297 306 592 279 589 586 581 582 578 574 573
 571 569 568 562 561 564 560 563 565 566 570 567 511 559 528 512 513 516
 517 518 515 514 484 489 492 495 500 501 503 502 499 504 126 507 136 133
 508 509 510 159 189 182 173 183 194 200 201 202 213 580 229 246 257 266
 258 280 273 265 245 222 216 212 205 203 193 174 160 152 135 125 506 505
 124 127 145 144 109  95  87  88 108 134 146 123 110  94  89  83  76  82
  96 100 107 111 106 122 112 121 105 104  90  70  58  46  42  38  37  34
 469  31  30  27  26  25  23 440 441 443 447 446 442 463 462 466 468 464
 458 453 449 448 450 452 451 454 461 465 455 473 456 457 459 460 467 470
  51  47  43  61  66  71  80  81  75  62  56  67 483 471 472 482 491 494
 497 496 498 493 488 487 490 486 485 480 481 479 478 477 476 475 474 520
 519 521 527 526 525 522 524 530 533 523 529 531 532 535 534 536 537 538
 539 540 541 542 543 549 550 551 556 557 555 554 558 553 548 547 544 545
 546 552 628 629 630 631 632 633 635 634 636 637 638 639 640 641 642 643
 644 646 645 647 648 649 650 651 652 653 627 654 655 626 572 656 575 579
 576 577 583 584 585 588 587 590 593 599 603 604 609 614 621 623 625 624
 427 426 408 622 620 618 617 616 615 613 619 612 611 602 594 597 596 591
 595 601 608 605 606 610 607 600 598 337 356 331 355 360 354 343 330 319
 336 316 329 338 344 353 362 332 315 314 313 328 339 359 352 363 366 368
 374 376 379 384 392 382 367 375 380 383 381 393 418 428 411 417 429 434
 433 412 407 403 394 385 395 402 406 413 425 419 424 431 423 432 435 430
 436 422 397 388 370 364 348 342 349]

eliteFit: 49411.0
percentError: 1.0201995420346746
computationTime: 17.290s