instanceName: rl5915
n: 5915
optFit: 565530

genTime, gen, eliteFit, percentError:
0.4393613999709487, 0, 41907625.0, 7310.327
80.35040639998624, 1, 645553.0, 14.150
45.67294530000072, 2, 634084.0, 12.122
46.764801599958446, 3, 627244.0, 10.913
44.62373320001643, 4, 622775.0, 10.122
46.035862000018824, 5, 620145.0, 9.657
47.09797999996226, 6, 613999.0, 8.571
47.4459028999554, 7, 613999.0, 8.571
44.47719780000625, 8, 613097.0, 8.411
42.590611100022215, 9, 610023.0, 7.867
44.601770400011446, 10, 609011.0, 7.689
39.48619679996045, 11, 608275.0, 7.558
42.09955139999511, 12, 607445.0, 7.412
45.2051634999807, 13, 605012.0, 6.981
41.342302299977746, 14, 604388.0, 6.871
42.190888300014194, 15, 602415.0, 6.522
40.76613499998348, 16, 602227.0, 6.489
42.607067900011316, 17, 600879.0, 6.251
44.05783299996983, 18, 600012.0, 6.097
41.91798149998067, 19, 599551.0, 6.016
43.23639560001902, 20, 596872.0, 5.542
37.874731399992015, 21, 596872.0, 5.542
37.02134189999197, 22, 595392.0, 5.280
39.5702442000038, 23, 595359.0, 5.275
35.24032550002448, 24, 595253.0, 5.256
34.87451809999766, 25, 593891.0, 5.015
36.40194309997605, 26, 593891.0, 5.015
37.62178619997576, 27, 593891.0, 5.015
35.96965719998116, 28, 592256.0, 4.726
37.19347999995807, 29, 591864.0, 4.657
37.80092060001334, 30, 591756.0, 4.637
34.8405836999882, 31, 589701.0, 4.274
29.894971599976998, 32, 589701.0, 4.274
26.69739380001556, 33, 589523.0, 4.243
24.14650749997236, 34, 589283.0, 4.200
17.92782929999521, 35, 588957.0, 4.142
17.72286930005066, 36, 588957.0, 4.142
19.073688200034667, 37, 588193.0, 4.007
19.224441000027582, 38, 588061.0, 3.984
15.939926199964248, 39, 587493.0, 3.884
16.444783199985977, 40, 586797.0, 3.761
18.32737019995693, 41, 586558.0, 3.718
21.457633699988946, 42, 586391.0, 3.689
23.215949399978854, 43, 586258.0, 3.665
23.105821800010744, 44, 585866.0, 3.596
21.224010499950964, 45, 585866.0, 3.596
21.80361520004226, 46, 585569.0, 3.543
21.382454800012056, 47, 585569.0, 3.543
22.648798800015356, 48, 584983.0, 3.440
18.331201599969063, 49, 584777.0, 3.403
13.51931149995653, 50, 584729.0, 3.395
11.510770199995022, 51, 584690.0, 3.388
9.182651699986309, 52, 584642.0, 3.379
8.879533500003163, 53, 584618.0, 3.375
9.313869299949147, 54, 584421.0, 3.340
6.900662100000773, 55, 584421.0, 3.340
9.1735046999529, 56, 584411.0, 3.339
8.730015499982983, 57, 584276.0, 3.315
7.812850999995135, 58, 584276.0, 3.315
11.558723099995404, 59, 584276.0, 3.315
9.686960500024725, 60, 584276.0, 3.315
6.835818399966229, 61, 584276.0, 3.315
8.296148699999321, 62, 584276.0, 3.315
7.7318556000245735, 63, 584276.0, 3.315
8.016407200018875, 64, 584276.0, 3.315
7.983237900014501, 65, 584276.0, 3.315
9.731077400036156, 66, 584276.0, 3.315
8.198804400046356, 67, 584276.0, 3.315
8.913536899955943, 68, 584244.0, 3.309
9.942415299999993, 69, 584244.0, 3.309
15.58161629998358, 70, 584244.0, 3.309
16.158868699974846, 71, 584166.0, 3.295
9.017253700003494, 72, 584166.0, 3.295
11.972265199990943, 73, 584166.0, 3.295
12.425585999968462, 74, 584045.0, 3.274
8.916579800017644, 75, 583759.0, 3.223
8.18007130001206, 76, 583759.0, 3.223
7.381447000021581, 77, 583704.0, 3.214
8.226789999986067, 78, 583550.0, 3.186
7.448471699957736, 79, 583495.0, 3.177
8.754232500039507, 80, 583425.0, 3.164
10.481413700035773, 81, 583425.0, 3.164
7.548490900022443, 82, 583370.0, 3.155
10.196490700007416, 83, 583358.0, 3.152
8.633647900016513, 84, 583314.0, 3.145
12.2761518000043, 85, 583314.0, 3.145
13.833513299992774, 86, 583314.0, 3.145
10.764067100011744, 87, 583314.0, 3.145
17.086250499996822, 88, 583314.0, 3.145
22.404016299988143, 89, 583314.0, 3.145
25.372749599977396, 90, 583314.0, 3.145
18.561915200029034, 91, 583314.0, 3.145
7.630234499985818, 92, 583235.0, 3.131
8.043033199966885, 93, 583235.0, 3.131
7.493202300043777, 94, 583235.0, 3.131
6.538774999964517, 95, 583235.0, 3.131
8.810167899995577, 96, 583235.0, 3.131
11.304560100019444, 97, 583235.0, 3.131
8.227092900022399, 98, 583235.0, 3.131
8.064242899999954, 99, 583235.0, 3.131
9.462660899967887, 100, 583235.0, 3.131
7.347783300036099, 101, 583235.0, 3.131
8.189312400005292, 102, 583142.0, 3.114
7.632309700013138, 103, 583142.0, 3.114
11.241411399969365, 104, 583142.0, 3.114
9.555001900007483, 105, 583142.0, 3.114
9.129664600011893, 106, 582950.0, 3.080
7.447516999964137, 107, 582950.0, 3.080
9.608624000044074, 108, 582950.0, 3.080
8.387790600012522, 109, 582950.0, 3.080
9.30331990000559, 110, 582950.0, 3.080
8.884170999983326, 111, 582950.0, 3.080
8.32881219999399, 112, 582709.0, 3.038
9.057671200018376, 113, 582695.0, 3.035
9.782252500008326, 114, 582490.0, 2.999
8.453981600003317, 115, 582105.0, 2.931
7.54972299997462, 116, 582060.0, 2.923
9.256584199960344, 117, 582060.0, 2.923
8.302272100001574, 118, 582060.0, 2.923
7.908801099983975, 119, 581972.0, 2.907
8.65498910000315, 120, 581803.0, 2.877
10.296797399991192, 121, 581706.0, 2.860
11.746459499991033, 122, 581655.0, 2.851
17.97268459998304, 123, 581498.0, 2.824
10.155920499993954, 124, 581498.0, 2.824
12.94637540000258, 125, 581311.0, 2.790
13.13731259998167, 126, 581311.0, 2.790
9.929922200040892, 127, 581251.0, 2.780
10.412632799998391, 128, 581251.0, 2.780
8.265917400014587, 129, 581251.0, 2.780
8.976439399993978, 130, 581251.0, 2.780
8.090777900011744, 131, 581251.0, 2.780
7.918686700053513, 132, 581251.0, 2.780
7.952386100019794, 133, 581251.0, 2.780
8.63377059996128, 134, 581049.0, 2.744
8.84648389997892, 135, 581049.0, 2.744
7.59426409995649, 136, 581049.0, 2.744
7.656110899988562, 137, 581049.0, 2.744
8.012468000000808, 138, 581049.0, 2.744
8.717111900041346, 139, 581049.0, 2.744
7.407335399999283, 140, 581049.0, 2.744
9.335832900018431, 141, 581049.0, 2.744
8.744311099988408, 142, 581049.0, 2.744
7.479523899964988, 143, 581049.0, 2.744
7.865259100042749, 144, 581049.0, 2.744
7.132570400019176, 145, 581049.0, 2.744
10.339675600000191, 146, 581049.0, 2.744
10.038469199964311, 147, 581049.0, 2.744
8.544655799982138, 148, 581049.0, 2.744
8.87501279998105, 149, 581049.0, 2.744
9.20755290001398, 150, 581049.0, 2.744
8.558835500036366, 151, 581049.0, 2.744
7.354110900021624, 152, 581049.0, 2.744
9.610730100015644, 153, 581049.0, 2.744
9.650645999994595, 154, 581008.0, 2.737
9.545478799962439, 155, 581008.0, 2.737
9.626946199976373, 156, 580969.0, 2.730
10.998434000008274, 157, 580919.0, 2.721
9.607805199979339, 158, 580653.0, 2.674
12.71153690002393, 159, 580649.0, 2.673
10.257786299975123, 160, 579726.0, 2.510
13.175522800011095, 161, 579726.0, 2.510
9.278820100007579, 162, 579474.0, 2.466
11.73363110003993, 163, 579474.0, 2.466
12.027564199990593, 164, 579474.0, 2.466
9.104611799994018, 165, 579474.0, 2.466
11.049820499960333, 166, 579474.0, 2.466
8.24619769997662, 167, 579474.0, 2.466
8.447000699990895, 168, 579474.0, 2.466
8.947655399970245, 169, 579474.0, 2.466
7.545926899998449, 170, 579474.0, 2.466
8.198241800011601, 171, 579474.0, 2.466
7.415868300013244, 172, 579474.0, 2.466
7.159894599986728, 173, 579474.0, 2.466
8.661120100005064, 174, 579474.0, 2.466
8.999257099989336, 175, 579474.0, 2.466
7.732492799987085, 176, 579474.0, 2.466
9.850069500040263, 177, 579474.0, 2.466
8.257221100036986, 178, 579474.0, 2.466
8.838971999997739, 179, 579474.0, 2.466
8.229147900012322, 180, 579474.0, 2.466
9.293651000014506, 181, 579474.0, 2.466
10.389226700004656, 182, 579474.0, 2.466
9.416395799955353, 183, 579474.0, 2.466
7.4261095999972895, 184, 579474.0, 2.466
9.062829200003762, 185, 579474.0, 2.466
8.649549300025683, 186, 579474.0, 2.466
8.704501700005494, 187, 579474.0, 2.466
8.107015199959278, 188, 579474.0, 2.466
8.779360700049438, 189, 579474.0, 2.466
8.96975749998819, 190, 579474.0, 2.466
9.254156699986197, 191, 579474.0, 2.466
7.274680799979251, 192, 579474.0, 2.466
7.419350099982694, 193, 579474.0, 2.466
7.5840131000149995, 194, 579474.0, 2.466
9.65248559997417, 195, 579368.0, 2.447
8.12210649996996, 196, 579368.0, 2.447
9.412114000006113, 197, 579368.0, 2.447
9.540809199970681, 198, 579368.0, 2.447
8.604549100040458, 199, 579368.0, 2.447
7.944461000035517, 200, 579368.0, 2.447
7.529814000008628, 201, 579368.0, 2.447
8.049923100043088, 202, 579368.0, 2.447
9.318147299985867, 203, 579368.0, 2.447
8.335745799995493, 204, 579368.0, 2.447
8.37592250003945, 205, 579368.0, 2.447
7.976056400046218, 206, 579368.0, 2.447
7.831576900032815, 207, 579368.0, 2.447
8.554051199986134, 208, 579368.0, 2.447
8.805082199978642, 209, 579368.0, 2.447
10.073005100013688, 210, 579368.0, 2.447
8.048186300031375, 211, 579368.0, 2.447
8.556782800005749, 212, 579368.0, 2.447
8.69700660003582, 213, 579368.0, 2.447
7.535087700001895, 214, 579368.0, 2.447
8.772921999974642, 215, 579368.0, 2.447
8.729453199950512, 216, 579368.0, 2.447
7.392295099969488, 217, 579368.0, 2.447
9.207555999979377, 218, 579368.0, 2.447
8.164133200014476, 219, 579368.0, 2.447
9.535915400017984, 220, 579368.0, 2.447
9.755962600000203, 221, 579368.0, 2.447
9.689660999982152, 222, 579368.0, 2.447
8.01051130000269, 223, 579368.0, 2.447
7.741162099991925, 224, 579368.0, 2.447
9.60257459996501, 225, 579368.0, 2.447
6.686296099971514, 226, 579368.0, 2.447
8.063230599975213, 227, 579368.0, 2.447
7.516610499995295, 228, 579368.0, 2.447
8.441910599998664, 229, 579368.0, 2.447
9.732100900029764, 230, 579368.0, 2.447
10.403925399994478, 231, 579368.0, 2.447
7.873992899956647, 232, 579368.0, 2.447
8.715471600007731, 233, 579368.0, 2.447
8.786031500028912, 234, 579368.0, 2.447
7.774297400028445, 235, 579368.0, 2.447
8.846278199984226, 236, 579368.0, 2.447
7.425061799993273, 237, 579368.0, 2.447
7.604754599975422, 238, 579368.0, 2.447
8.188717200013343, 239, 579368.0, 2.447
7.761055500013754, 240, 579368.0, 2.447
7.446938100038096, 241, 579368.0, 2.447
10.168376499961596, 242, 579368.0, 2.447
7.187050400010776, 243, 579368.0, 2.447
8.3859955999651, 244, 579368.0, 2.447
8.65679470001487, 245, 579368.0, 2.447

tour:
[5551 3736 3735 3951 3952 5542 5541 4844 1218 4845 1038 4846 4847  383
  171 5543 5544 5545 5546 5547 5548    6  357   40 1132  119 4848 4849
 4850 4851 4852 4853 5549  359 4854 4855 4856  235 4857  297 4858 4859
 4860 4861 1140 4862 1146 4863 1073 4864 4865 4866 4867 4868 4869 4870
 1587 5130 5131  190 5132 5133 2065 2064 2063 2062 2061 2060 2059 2058
  675 2057  674 2056  673 2055  672 2054 3937 3936 3935 3934 3933 3932
 3931 3930 3929  260   78 3928 3927 3926 3924 5476 1557 1600 1598 1597
  356 1596 1595  172 1594 1593 1592  355 1591 1378  169 1379  170 1380
  120 5504 5505   41 5506    7 5507 5508  360 3307   79 5509 1451 3957
 5512 1454 3956 3883 1436 5454 1512 1513 3905 3908 3909 3910 3911 3912
 3913 3914 3915 3185 3186  348 1749  486 1750  487 1751  488 1395  191
 1396  192 1397 2066  123 2067  676 2068 5381 4285 5678 5422 5440 3460
 3850 5141 5113 4495 5491 4497 1316 5140 1094 5139 5138 5137 5136 5135
 5134 3465 3466 3467 3468 3469 3470 1095 3471 1096 3472 1097 3473 3474
  101 3475 1098 3476 1099 3477  462 3965 3873 1679 1390 5375 5020 5019
 1344 5387 5414 1542 3491 4257 1389 3483 2716 3520 5389  137 1663   57
 1664 1665 1666 1667  424 1668 1669  425 1670 2822 3771 3090 3568 3569
 1769 1774 2615 2276 1970 5796 5819 5820 5821 5822 5823 1382 3746 1359
  149 1360  150 1361  151 1364 3822 2073 2658 3004 1285 1246 1757 4367
 2669 2449 4630 3033 2451 2450 2452 4631 4033 3101 2841 1878 4690 2374
 2175 2149 2457 3548 1747 3127 1759  491 1761 1762 1763 4916 4152 3881
 2663 5301 3904  483 5043 5042  704 2809 2810 2145 2458 3549 2408 4336
 2008 2007  652 2006 4334 4335  575 2144 2808 5041 5040   22 1247   21
 3819 3818 3817 3816 3815 5032 5033 5034 5035 5036  682 5037   70 5038
 5039 1286 2070 3749 3748 3747  146 2138 2137 2136 2135 2134  701 2133
  174 4324 4325 4326 4327 4328 4329 2139  702 2140  703 2141 2142 2143
 4333 4332 4331 4330 2527 4226 4223 2526 1358 1383 5824 2927 2949 4467
 3586 1685 1433 3813 3138 5797 1971 2272 2277 2855 1947 2610 1767 3570
 3091 3772 2823 1671 2775 1415 5648 3557 4439 1550 1561 3558 1562 5501
 5500 5499 5498 5497 1104 5496  720 5495  131 1954 1955 1956 1957 1958
 1959 1960  636 1961  209 1962  426 1963  637 1964 1965  628 1966 3776
 3775  497 3774 3773 2824 1672 2776 1416 5649 3559 1993 1992 1991 1990
 1989 1988 1987 1986 1985 1984 5685 5686 5687   58 5688 5689 5690 5691
  261 5692  326 3529 3528 3527 3526 3525 3524 3523 3522 3521  132 5664
 5665 5666 5667 5668 1546  319 1547  320 1548  321 1549 5669 5670 5671
 5672  210 5673 3530 3531 3532 5674  427 4441 2185 2184 4440 2183  327
 2182 2181 2180 2179 2178 2177 1545  318 1544  317 1543 5663  430 5662
 3203 5661 1037 5660  454 5659 5658 5657 5656 5655 5654 1868  571 1867
 1866  570 1865  194 5653 1952 1860 4014 3149 2004 1586 3187 2764 1748
 1864  564 1951 1975 1976 1977 1978 1979 1980 1981 5680 5679 1869  572
 1870  573 1871 1872  103 5681 5682 5683 5684 1983  647 1982  453 1873
 5494  574 5493 5492 5114 1317 5142 3851 3461 1523  304 1522  303 1521
 1520 3507  193 3506 1974  563 1859 1858 1863 5882 5879  350 3147  648
 3148  569 4013 4012 3146 5878 1022 5877 1054 5876 1161 5875 1144 5874
 1147 5873 1141 5872 1156 5871  299 5870  237 1154 5869 5868  256 5867
   74 1289 5449 5450 5451 5455 1514 3906 3943 3968 3969 5383 5386 4017
 4018 4019 1143 4020 1160 4021 1053 4022 1021 4023  349 4024  568 4025
  562 4026  632 4027  646 4028  302 1336  124 1337  125 1338  126 1339
  127 1340 1341  128 1342  129 1343  130 1345 5446 1391 2222 5373 5288
 5291 5101 1274 5473 3230 4281 3499 5286 3496 4785 5102 3514 1504 1468
 4317 4318 4319 4320 4321 4322 4323 2132  233 5031  645 5030 5029 5028
 5027 5026  208 5025 5024 5023 5022 5021 2847 2848 2849 2850 2851 2852
 2853 2854  627  496 2131 2130  700 2129 2128 2127 2126 2125 2124 2123
 2122  699 2121  698 2120  697 2119  189 2118 3961 5445 5444 5443  102
 5442 5441 3332 3331 3330 3329 3328 3327 3326 3325 3324 3323 3322 3321
 3320 3333 3317 1072 3316 1071 3315 1070 3314 1069 3313  298 3312 1068
 3311  236 3310 1067 3309  255 3308 1449 1292 3502 2076 1604 3432 3941
 3306 1066 3305 3304 3303 3302 3301 4842 1590 5540 1377 3209 3300 3953
 3661 3071 1622 1517 5503 1332 3737 3923 1262 1555 1237 5477 3925 5866
 3942 3433 1605 2077 3503 1288 1450 5448 3958 3884 1437 1515 3907 3944
 3970 5382 4197 3865 3877 3866 3988 3974 3977 3250 3985 2761 3188  351
 3189  649 3190 1023 3191  565 3192  633 3193 1034 3194  195 3195 1035
 3196 5423 5424 5425 5426  104 3197 1036 3198 3199 3200 3202 3201  455
 5427  916 5428 3959 3874 1680 2117 4258 3492 5415 5388 1346 5447 1392
 2223 2176 5374 5287 3495 1953 4282 3231 5474 1275 4783 5103 3515 1505
 1506  293 1507 4303 4302  262 4301 1108 4300 1191 4299 1190 4298   59
 4297 4296 4295 4294 4293 4292  917 4291  456 4290  105 4289 4288 4287
 4286 3262 3263  305 3261 1058 3260 1057 3259  196 3258 1056 3257  634
 3256  566 3255 1024 3254  650 3253  352 3252  933 3251 1055 3247 1052
 3246 1051 3245 1050 3244 1049 3243  300 3242  238 3241 1048 3240  257
 3239   75 3238    8 3237   42 3236 3099 1012 4843 4182  354 4183  168
 4184  384 4185  121 4186   43 4187    9 4188   76 4189  258 4190 1155
 4191  239 4192  301 4193 1157 4194 4198 1142 4199 1148 4200 1145 4201
 1158 3971 4202  934 4203  353 4204  651 4205 1025 4206  567 4207  635
 4208 1163 4209  197 4210 1105 4211 3334 1524 3462 3852 5143 3264 1318
 5115 1874 4496 1717 3479 3204 2712 3478 5429 3960 1293   80 1294   81
 1295   82 1296   83 1297   84 1298 1299 4784 5104 3516 1469 1551 5502
 1563 5693 1994 3560 5650 1417 2777 2778 2779  223  631 4307 4306  295
 4305 4304  211 1508  294 1509 3092 5675 3571 1768 2271 2611 1948 2856
 1428 5798 3139 3814 3581 4468 4469 4470 4471 4472  148  176 1686  432
 1687 1688 1689  433 1690  434 1691  435 1692  436 1693  437 1694  438
 1695 1696   24   72 2199 2198 2197 2196 2195 2194 2193 2192 2191 2190
 2189 2188 2187 2186  499 4442  630 4443  222  431 4444 4445 4446 4447
 4448 4449 4450 4451 4452 4453 4454 4455 4456 4457 2201 2200 1697  439
 1698  440 1699 2202 4458 1760 3128 2409 3550 2459 4337 2375 4691 2171
 1879 2842 3102 3547 3546 3545 3544 3543 3542 3541 3540 3539 3538 3537
 3536 3535 3534  629 3533  498 2857 2858  953 2859  175 2860  147 2861
  954 2862 2863  887 2864  489 2865  893 2866   71 2867   23 2868  955
 2869 2870 3789  576 3788 4029 3787 3786 3785 3784 3783 3782 3781 3780
 3779 3778 3777 2970 4222 2973 2262 3510 3750 2069 2659 3005 1754 1755
 1758 4368 2670 1287 2005 1248 2453 3034 2259 2257 2270 4573 3918 2969
 4632 4633  484 4634 2009  418 2010  366 2011  653 2012 2013  654 2014
  655 2015  656 2016  657 2017  658 2018  659 2019  660 2020  278 4649
 4648 4647 4646 4645 4644 4643 4642 4641 4640 4639 4638 4637 4636 4635
 2215 3791  419 3790 2871 4695 4696 4697 4698 4699 4700 4701 4702 2698
  367 3792 3793  983 3794  848 3795  718 3796 1133 3797 3798 3574 3575
 3576 3800 3799 3062 3063 3064 3801 1026 3802  279 3803  980 3804  906
 3805 3806 3807 3673 5193 5194 3808 3809 3810 5195 5196 5197 5198 5199
 5200 4724 4723 4722 4721 4719 4718 4717 4716  240 4715 4714 4713 4712
 4711 4710 4709 4708 4707 4706 4705 4704 4703  719 2335 2334  766 2333
  765 2332  764 2331 2330 2329 4462 4461 2205 2206 2207 2208 2209 2214
 3989 4001 3572 3983 1708  447 1707  446 1706  445 1705  444 1704  443
 1703  442 1702 4486 4485 4484 4483 1701 2204  368 4460 2328 2327 4459
 2203 1700 4482  441 4481 4480 4479 4478 4477 4476 4475 4474 4473 4313
 4312 4311 4310 4309 4308 2780 2781 2782 2783 2784 2785 2786  888 2787
  490 2788  894 2789   73 2790   25 2791  941 2792  577 2793  485 2794
  420 2795  369 2796  942 2797  911 2798  943 2799 3854 3832 2574 3990
 4002 3573 3984 3002 4493 3055 4834 3043 3157 5015 3061 5398 5367 3126
 3003 3001 3000 2999 4487 4488 4489 4490  448 1709  449 4491 4492 4494
 3156 1488 3646 1715 2936 2805 2704 4268 2689 2875 3031 3094 3674 5192
 4115 3137 1438 5564 3627 2590 3668 2575 4782 2943 4582 3590 4534 2711
 4656 4404 2671 4720 3812 4946 4242 5766 5082 4215 5175 3724 5726 5624
 3423 5259 3267 5337 4160 5598 1828 4963 4965 4964 4966 4967 3700 4059
 4058 3743 3489 4595 3652 4407 2770 3373 1780 4174 1803 3761 2525 3367
 3284 4123 3351 1585 2534 4097 4084 4277 5405 2642 4841 3077 1252 3625
 4255 4042 5413 1366 3431 4134 2001 1539 4181 2608 1564 4234 1283 4739
 4912 1473 3299 4159 4075 5106 1422 5117 1490 5312 3229 3847 5530 4583
 4584 4585  118 4586    2 4587 4588 4592 5437 3752 2685 4745 2937 4235
 5313 5456 1577  335 1576  334 1575  333 1574  332 1573 1572  331 1571
 1570  330 1569  216 1568  329 1567  266 1566   69 1565  328 2609 3404
 3714 1350 2655  868 2607  162 2606  867 2605   29 2604  866 2603  865
 2602  864 2601  863 2600  347 2599  862 2598  831  536 2597 2596  516
 4173 4167 4166 4165 4164 2589  861 2588  860 2587  859 2586  858 4163
 4162 2585  556 4161 2584  857 2583  856 2582  855 2581  854 2580  853
 2579  852 2578  851 2577  850 2576  849 1716 1714 1713  452 1712  451
 1711  450 1710 3158 3159 3160 3161 3162 3163 3164 3165 3166 3167 3168
 3169 3170 3171 3172 3173 3174 3175 3176 5261 5260 5258 5257 5256 5255
 5254 5253 5252 5251 5250 5249 5248 5247 5246  280 5245 5244 5243 5242
 5241 5240  767 2336  768 2337  769 2338 2339 2340 2341 2342 2343  770
 2344  771 2345  772 2346  773 2347 2348 2349 2350 2351  774 2352  775
 2353  776 2354  777 2355  778 2356  779 2357 2362 1827 3699 3182 4057
 3742 3488 4594 3651 4406 2769 2595 3372 1779 4172 1802 3760 2524 3366
 3283 4072 4121 3349 1583 2532 4095 4082 4275 5403 2640 4839 3075 1250
 3623 4253 3216 3217 1043 3218  161 5276 5275   28 5274 1007 5273 1217
 5272  885 5271 1173 5270  346 5269  830 5268  535 5267  515 5266 1207
 5265 1103 5264 1168 5263 5262  555 3177 1027 4060 4061 4062 4063 4064
 4065 4073 4122 3350 1584 2533 4096 4083 4276 5404 2641 4840 3076 1251
 3624 4254 4041 5412 1365 3430 4133 2000 1538 4180 4233 1282 4738 4911
 1472 3298 4158 4074 5105 1421 5116 1489 5311 3228 3846 5529 1330 2649
 3636 3659 2760 2286 2635 3682 5300 5515 5485 4003 3707 5526 5828 5571
 2371 5567 1232 1244 2326 5463 4109 3728 4591 5436 3751 2684 4744 3753
 3754  288 1500  287 1499  286 1498  285 1497  284 1496  283 1495 1494
  282 1493  117 1492  281 1491 3227  215 3226 1047 3225  265 3224   68
 3223 1046 3222 1045 3221  139 3220 1044 3219  160 5220 1165 5219 1042
 5218   27 5217 1006 5216 1216 5215  884 4274 5214 1172 5213  345 5212
  829 5211  534 5210  514 5209 1206 5208 1102 5207 1167 5206 1033 5205
  554 5204  785 5203 1221 5202 1059 5201 5336 3266 4731 3422 5623 5725
 3723 3722 5174 4214 5081 5765 4241 4945 3811 1442  243 1441  242 1440
  241 1439 4114 4650 4651 4652 4653 4654 4655 2672  254 2673  895 2674
  896 2675  897 2676  898 2677  899 2678 5597 2361 1826 2683 5335 3265
 4730 3421 5622 5724 3721 5173 4213 5080 5764 4240 4944 1448 4403 2030
 2029 2028 2027  665 2026  664 2025  663 2024  662 2023 2022  661 2021
 3155 1487 2935 2804 2876 2431  798 2430  797 2429  796 2428  795 2427
 2426 2425  277 5707 5708 5709 5710 5711 5712 5713 5714 5715 5716 5717
 5718 5719 5720 5721 5722 5723 3268 3269 3270  552 3271  784 2444  804
 2443  803 2442  802 2441  801 2440  800 2439  799 2438  253 2437 2436
 2435 2434 2433 2432 2877 2878 2879 2880 2881 2882 2883 2884 2885 2886
 2887 2888 2889 2890  553 2891  956 2892  957 2893  958 2894  959 2895
  960 2896  512 2897  532 2898  827 2899  343 2900  961 2901  962 4099
 4098 2530 3347 1581 2535 2539 4085 4086  882 4087 1174 4088 1004 4093
 3621 4251 3214 3289 4038 5410 3428 5281 1260 1999 1537 2654 4179 3837
 1357 3713 3403 4232 1376 1281 4737 4910 1471 1323 4157 4080 1420 5110
 4147 5122 5309 5233 2281 2320 1328  114 1327  113 1326  112 1325  111
 1324 4076 4148 4143 5123 5310 5234 5527 2282 2283 2284  116 4430 4429
 1197 4428 5118 4142 1169 4141 4140 4139 4138  167   66  263 3297 3296
 3295 3294 3293 1351 1255   32 1254   31 1253   30 3290 3291 3292 4137
 4136 4135 3429 5411 4040 4039 3215 4252 3622 1249 3074 4838 2639 5402
 4273 4081 4094 2531 1582 3348 4120 4071 3282 3365 2523 3759 1801 4171
 1778 3371 2594 2768 3650 4593 3487 3741 4056 3181 3698 4405  513 4408
  533 4409  828 4410  344 4411 1171 4412 1188 4413  883 4414 1196 4415
 1005 4416   26 4417 1041 4418 1164 4419  159 4420 1367 1368  163 1369
  164 1370  138 4421 4422 4423 4424 4425 4426 4427  214 3843 1134 3842
  264 3841   67 3840 3839 3838 5221 1182 5222 5223 5224 5225 5226 5227
 5228 3844 1135 5229 3845 5528 1329 2648 3635 3658 2759 2285 2634 3681
 5299 5514 5484 1242 1243    1 4004 4005 4006 4007 4008 4009 3733 3732
 3731 3730 3729 4108 5462 2325 4431 5486    0 4432  763 4433 2686 2687
 4743 1211 4742 1205 4435    3 1233 4741 4590 5435 5457 5434 5433 1198
    5 5538 5537 5536 5535 5534   14 5516 5513 5298 3680 2633 5533 5532
  115 5531  760 2321  761 2322 2323  762 2324 5432 5461 4107 5431 1235
 5488 5566 2370 5570 5827 5525 3706 5520 1241 5297 3679 2632 2758 3657
 3634 2647 4618 4619  759 4620 4621   13 4622  788 4623 1209 4624 1177
 4625    4 4627 5460 5459 2369  787 2368   12 2367  786 5296 5295  748
  213 4617 1170 4616 1181 4615  110 4614   65 4613  166 4612 1187 4611
  145 4610   39 4609 1087 4608 1040 4607 1121 4606 1003 4605 1208 4604
  881 4603  965 4602  841 4601  342 4600 3346 4119 4070 3281 3758 3280
 3279 3278 1062 3274 1061 3273 1060 3272 1032 3338 3339 3340 3341 3342
  511 3343  531 3344  826 3345 1077 4599 4598 4597 4596 4055 3180 3697
 3337 1825 2447 2360 5596 2682 5334 4729 3420 5621 3720 5172 4212 5079
 5763 4239 4943 1447 4402 2035 2710 4533 3589 4581 2942 4781 3667 3626
 5563 3136 4113 2667 3672 3093 3030 2688 4267 2703 2803 2934 3645 1486
 3069 3054 3048 4833 3154 3580 5014 5372 5397 3125 5239 3982 3995 4000
 2213 2948 2573 3831 3853 2998 5285 5127 3053 2697 5858 5697 5049 5698
 5699 5700 5701 5702 5703 5704 5705 5706 2424  794 2423 2422  793 2421
  792 2420 2419 2418 2944 3049 2417 2416 2415 2414  365 2413 2412 2411
 2410 3882 5044 1149 5045 1179 5046  417 5047  364 5048 4919 4918 4917
 1937 1938 1939 1940 4920 4921  995 4922  717 4923 3999 1162 4924 1159
 4925 1017 4926 1219 4927 1114 4928 1001 4929 1002 4930  276 4931 1126
 4932  979 4933  944 4934  905 4935 2690 3029 3095 2941 4936 1020 4937
 4938 4939 1115 4940  670 4941  252 4942 4959 4947 4948 1130 4949 1085
 4950 1210 4951 1220 4952  904 4953  783 4954  551 4955 1076 4956 1031
 4957 1166 4962 4958 3740 3486 3277 3649 2767 2593 3370 1777 4170 1800
 3757 2522 3364 4069 4118 1580 2538 4272 2906 4102 5401 2638 4837 3073
 4092 3620 4250 3213 3288 4037 5409 3427 5280 1259 1998 1536 2653 4178
 3836 1356 3712 3402 4231 1375 1280 4736 4909 1470 1322 4156 4079 1419
 5109 4146 5121 5308 5232 5294 2280 2319 2646 3633 3656 2757 2366 3678
 2631 2756 2755 2754 2753 2752  212 1477  269 1478  270 3637  219 1424
  218 1423  217 1418 1476  268 1475  267 1474  109 2751   64 2750  165
 2749  932 2748  144 3405 3401 2747 1535  316 1534  315 1533  314 1532
  313 1531  312 1530  311 1529  310 1528 1527 2537 1579 4117 4068 3363
 2521 3756 1799 4169 1776 3369 2592 2766 3648 3276 3485 3739 4961 3179
 3696 3336 1824 2446 2359 2681 5333 4728 3377 3418 4047 4220 3719 5171
 2721 5094 1918 5761 4237 1445 4400 2033 2707 4531 3587 4779 4778 4777
 4776 4775 4774 4773 4772 4771 4770 1213 4769 1212 4768 1139 4767 4766
 4765 4764 5057 5056 5055 5054 5053 1656  415 1655  414 1654  413 1653
  412 1652 2562 2563 2564 5853 5852 5851 5862 5863 5864 5865 5854 2565
 2566  362 5855 5856 5857 2567 2568 2569 2570 2571  846 2572  847 5058
  715 1016 5059 5060 5061 5062 5063 5064 5065 5066 5067  978  914 5581
 5580  274 5579 1000  711 5578 5577 5576 5604 5603 5602  716 3123 3124
 2163 2162 2161 2160 2159  705 2158  620 3830 3829 3828 3827 3826 2155
 2156 2157 3855 3856 3857 3858 2164  706 2165  707 2166  708 3056 3644
 2702 4577 4578 4579 4580 1446 4401 2034 2708 4532 3588 3666 3628 4780
 3665 3632 5562 2940 3135 3098 4112 2666 3671 4576 3028 2693 4266 2701
 4265 4264 2802 2933 3643 1485 3060 3068 3047 4832 3153 2170 5605 5606
 5607 5608 5609 5610 5611 5612 5613 5614 5615 5616 5617 5618 5619  922
 5591  607 5590  250 5589  669 5588  915 5587 1214 5586 1125  982 5585
 5584  892 5583 5582  909 5068 5069 5070 5071 5072 5073 5074 5075 5076
 5077 5592 1083 5593 1222 5594  902 5595 4051 4050 4049 4048 2722 5762
 4238 1919 5078  923 2723  924 2724  925 2725  903 2726  782 2727  550
 4052 4053 4054 2728  926 2729  927 2730  928 2731  929 2732  930 2733
 2734 2735 2736  931 2737  341  840 2738 2739 2740 2741 2742 2743 2744
 2745 2746   38 3400 3399 3398 3397 3396 3395 3394 3393 3392 3391 3390
  825 3389 3388  530  510 3387 3386 3385 3384 3383 3382 3381 3380 3379
 3378 3419 5620 4221  601 1912  251 1911  600 1910 2709  599 1909  598
 1908  597 1907  596 1906  595 1905  594 1904  593 1903  592 1902  591
 1901  275 1900  590 1899  589 1898  588 1897  587 1896  586 1895  585
 1894  584 1893  583 1892  582 1891  581 1890  580 1889  579 1888  578
 1887  363 1886  416 1885 1884 1883 1882 1881 4898 4899 4900 4901 4902
 4903 4904 2154 2153 2152 2151 2150 2456 2148 2174 2373 4689 2840 3100
 4032 3921 2807 4572 2261 2256 4629 3032 2268 2266  739 2265 4894 4895
 4896 4897 1880  950 2838 2837 2836 2835 2834 2833  949 2832 2831 2830
  173  837 4891 4892 4893 2264 2263 4890 4889 4888 2928 4359 4360 4361
 4362 4363 4364  158 4365 4366 5844 5843 5842 5841 5840 5839 5838 5837
 2548 2549 2550 2551 2552 2553 2554 2555 5845 5846 5847 5848 5849 5850
 2561 2560 2559 2558 2557 2556   20 1645  405 1644 1643  404 1642  403
 1641  402 1640 1639  401 1638 2954 4466 3585 1684 1432 5795 2547 2546
 2545 2544  845 3770 5833  504 5834  625 5835  643 5836  231 4358 4357
 4356 4355 1011 4354  946 4353 4352 4351  206  939 2821 2820 2819 1413
  205 1412  204 1411  203 1410  202 1409 1408 2814 4789 5100 2846 1465
 5472 2815 2816 2817 2818 4350 5647 5646 4349 4348 4347 5643 5644 5645
 4878 4877 4876 1466 1467 4879 4880  207 4881  940 4882  947 4883 4884
 4885 4886 4887  232 2829  644 2828  626 2827  505 2826  948 2825 5818
 5817 5816 5815 5814 5813 5812 5811 5810 5809 5808  188 5807  461 5806
 1201 5805 1227 5804 5803 5802 5801 5380 4105 1335 5652 3505 1519 1973
 1394 1753 1950 3464 1857 5129 1862 5881 2003 1589 1153 3898 3897 3896
 3895 3894 3893  671 3892 3891 3890 3889 1152 3888 1151 3887 1150 3886
 3885 3945 3946 3947 3949 3864 4196 4016 5385 3967 1511 5453 1435 5482
  234 3437 3438  296 3439 1089 3440 1090 3441 1091 3442 1092 3443 1093
 3444   85 3445 3446 3447 3448 3449 3451 1306   90 1305   89 1304   88
 1303   87 1302   86 1301 3876 3319 3939 2053 3867 3869 3987 3249 3973
 3917 3184 3976 3145 2763 4011 3900 4872   91 1307   92 1308   93 1309
   94 3454 3453 3452 5627 5626 5628 5629 5630 5631 5632 5633 5634 4340
 1192 4341 1193 4342 1194 4343 4344  460 5640 5639 5638 5637 5636 1137
 5635 3459 3458 3457 3456 3455 1310   95 1311   96 1312   97 1313   98
 1314   99 1315  100 5490 4499 1720 1877 3207 2715 3482 3964 3872 1678
 1388 3519 4256 3490 5416 5419 5392 1662 1349 5018 2221 4875   56 5642
 4346  136 5641  187 4345 4259 5469  459 5468 1200 5467 1226 5466 5465
 5112 4339 3849 5439 5421 5677 4284 5800 5379 4104 1334  122 5769 5768
 5770 1176 5771 1189 5772 1224 5773 1225 5774 1136 5775 5776 5777 5778
 5779 5780  458 1199 1202 4541 1203 4542 1204 4543 4544 4545 4546  185
 5781  186 5470  135 5471   55 3232 5783   54 5782  134 4547 4548 4549
 4550 4551  325  292 1107  201 5784 5785 5786 5787 5788 5789 3088 3089
 5790 5791 5792 5793 5794  642  624  503 1113  844  938 1010 1110 4552
 4553 4554 4555 4556 4557 4558 4559 4560  230 4561 3143 2930 3745 1385
 2529 4225 2972 3509 1363 3821 2072 2657 4747 3006 3007 3008 4750 4749
 4748 1646  406 1647  407 1648  408 1649  409 1650  410 1651  411 4753
 4752 4751 3009 3010 3011 3103 2984 2983  993 2982  988 2981 4502 4501
 4031 3920 2968 2966 2965  945 2980 4571 4570 4569 4568 4567 4566  992
 4565 1186 4564  836 4563  183 4562  400 2974  157 2975  681 2976 2977
 2978 2979 2964 2963 2962 2961 2960 2959  985 2958  984 2957  835 2956
  182 2955  399 2952 3142 2953 4465 3584 1683 1431 1969 2275 2614 1946
 1773 5832 3567 2543 3769 2774 3087 3556 4438 1560 1554 4316 1503 3513
 1407 2813 4788 5099 2845 1464 3235 4280 1273 3498 5290 5377 4874 2220
 5017 1348 1661 5391 5418 3494 1541 4261 3518 1387 1677 3871 3963 3481
 2714 3206 1876 1719  457 4658  184 4659  133 4660   53 4661  200 4662
 1106 4663  291 4664  324 4665 1109 4666 1009 4667  937 4668  843 4669
 1112 4670  502 4671  623 4672  641 4673  229 4674  398 4675  181 4676
  834 4677 1185 4678  991 4679  156 4680  680 4681   19 4682  807 4683
  745 4684  742 4685 4686  987 4687  952 4688 1195 2372  482 5302 4370
 4371 4372 4373 4374 4375 4508 4507 4506 4505 4504 4503 2986 2985 3104
 3105 3013 3012 4754 4755 4756 4757 4758 4759 4760 4761 4762 4763 3022
 3021 3020 3019 3018 3017 3016 3015 3014 3106 2987 2988 2989 2990 3107
 3108 3109  361 2991 2992 2993 2994 3110 3111 3112 3113 3114  996 3115
 1013 3116  714 3117 1014 3122 3994 3121 3981 5238 3862 5575 5396 5371
 5013 3579 2169 3152 4831 3046 3067 3059 1484 3642 2932 2801 2700 4263
 2692 3027 4575 3670 2665 4111 3097 3134 2939 5561 3631 3664 3685 3686
 3687 3688  921 5083 5084 5085 1082 3690 3689  606  249 4535 4536 4539
 4236 5760 1917 2720 5170 3718 4219 4046 3417 3376 4727 5332 2680 3353
 3354 3355 3694  781 3693 3692 1129 3691  901 5086 5087 1829  557 1830
  558 1831  559 1832  560 1833 1798  537 1804  538 1805  539 1806  340
 1807  540 1808 4271 2905 4101 5400 2637 4836 3072 4091 3619 4249 3212
 3287 4036 5408 3426 5279 1258 1997 2652 4177 3835 1355 3711 3409 4230
 1374 1279 4735 4908 1820  549 1819 1818  143  561 1852   63 1851 1850
 1849 1848 1847 3081 3080 3079 3078 1842 1843 1844 1845 1846   37  548
 1817 1816  547 1815  546 1814  545 1813  544 1812  543 1811  542 1810
  541 1809  309 1841 1840 1839 1838 1837 1836 1835 1834  509 5091 5090
 5089 5088 3695 3356 1030 3357 1078 3358 1065 3359  508 3360 1079 3361
  824 4067 3362 5092 5093 5096 2520 4116 4124  339 4125  839 4126  308
 4127  964 4128  880 4129 1178 4130 4090 4132 3618 4248 3211 3286 4035
 5407 3425 5278 3083 1257 1996 2651 4176 3834 1354 3710 3408 4229 1373
 1823 1278 4734 4907 1855 1321 4155 4078 5108 4145 5120 5307 5231 5293
 2279 2318 2645 1427 3655 1481 2365 2630 3677 3640 1240 5519 3705 5524
 4589 4740 5539 4434 5569 5826 5565 5487 4106 5430 1234 4626 5458 3704
 5523   11 3703 1127  221 2629  747 2628  877 2627  876 2626  875 2625
  108 2624   62 2623  874 2622  142 2621  873 2620   36 2619  872 2618
  871 2617 4247 3617 1120 3616 1119 3615  879 3614  963 3613  307 3612
  838 3611  338 3610 1118 3609  823 3608 1117 3607  507 3606 1064 3605
 1101 3604 1029 3603 1075 3602  780 3601  900 3600 1116 3599 1081 3598
  920 3597  605 3596  248 3595 3594 2405 2404  789 2403 3591  668 4399
 4398 4397 4396 4395 4394 4393 4392 4391 4390  913  908  891  981 1124
 1128 4530 4529 4528 4527 4526 4525 4524  977 4523 4522 4521 4520 4519
 4518 4517 4516 4515 4514 4513 4512 4511 4510 4509 4376 4377 4378 4379
 4380 4381 4382 4383 4384 4385 4386 4387 4388 4389 1619  382 1618  381
 1617  380 1616  379 1615  378 1614  377 1613  376 1612  375 1611  374
 1610  373 1609  372 1608  371 1607  370 1606 2382 2383 2384 2385 2386
 2387 2388 2389 2390 2391 2392 2393 2394 2395  273 2396 2397 2398 2399
 2400 2401 2402 5753 5752 5751 5750 5749 5748 5747 5746 5745 5744 5743
 5742 5741 5740 5739 5738 5737 5736 5735 5734 5733 5732 5731 5730 2381
 2380 2379  495 2378  684 2377 2376 3129 2287 2288 2289 2290 2291 2292
 2293 2294 2295 2296 2297 2298 2299 2300 2301 2302 2303 2304 2305 2306
 2307  749 2308  750 2309  751 2310  752 2311  753 2312  754 2313  755
 2314 5754 5755 5756  791 5757  247 5758 5759 1916 2719 5169 3717 4218
 4045 3416 4726 3375 3415 5331 2679 3352 2358 2445 3335 3178 4960 3738
 3484 3275 3647 2765 2591 3368 1775 4168 1797 3755 5095 2519 4066 1578
 2536 1526 4270 2904 4100 5399 2636 4835 4131 4089 4246 2616 3210 3285
 4034 5406 3424 5277 3082 1256 1995 2650 4175 3833 1353 3709 3407 4228
 1372 1822 1277 4733 4906 1854 1320 4154 4077 5107 4144 5119 5306 5230
 5292 2278 2317 2644 1426 3654 1480 2364 3702 3676 3639 1239 5518 5522
 2923   10 2924  974 2925  975 2926 5568 5825 5521 5517 1238 3638 3675
 3701 2363 1479 3653 1425 2643  220 2922  746 2921  973 2920  972 2919
  106 2918   60 2917  971 2916  140 2915  529 2914   33 2913  970 2912
  969 2911  869 2910  968 2909  967 2908  878 2907 2902  966 2903 4269
 1525 1936  617 1935  336 1934  616 1933 1932 1931 1930 1929  506 2047
 2048 2049 2050 2051  519 1783  518 1782  517 1781 5184 5185 5186 1784
 5187  337 5188 5189  306 5190 5191 1785  520 1786 1787  521 1788  522
 1789  523 1790  524 1791  525 1792  526 1793  527 1794   34 1795  528
 1796 1352 3708 3406 4227 1371 1821 1276 4732 4905 1853 1319 4153 5366
 1180 5364  107 5363   61 5362 1084 5361  141 5360  886 5359   35 5358
 1086 5357 1039 5356  870 5355 1175 5354 1215 5353 5352 5351 5350 5349
 5348 5347 5346 5345 5344 5343 1063 5183 5182 1100 5181 5180 1028 5342
 5341 1074 5340 5179 2116 2043 2044 2045 2046 1928  615 1927  614 1926
  613 1925  612 1924  611 1923  610 1922  609 1921  608 1920 1913 4243
 5914 5913  666 5912  756 5911  694 5910 1122 5909  822 5908  890 5907
  907 5906  912 5905  976 5904  271 1620 3641 1483 3058 3066 3045 5315
 3151 2168 3578 5553 5369 5394 5573 3860 5236 3979 3992 3119 3997 2211
 2946 5600 3024 5145 2996 1942 5283 5125 3051 2695 5695 3726 5051 3824
 2217 1658 2873 1674 3562 5728 1765 4914 4150 3879 2661 5304 3131 3902
 5859 1744 3551 4692 3041 5884 1018 5885  889 5886  492 5887 1231 5888
  428 5889  421 5890 1131 5891 1230 5892  910 5893  618 5894  994 5895
 1229 5896  712 5897 1015 5898 1138 5899 1228 5900 1223 5901  709 5902
  999 5903 1482 3057 3065 3044 5314 3150 2167 3577 5552 5368 5393 5572
 3859 5235 3978 3991 3118 3996 2210 2945 5599 3023 5144 2995 1941 5282
 5124 3050 2694 5694 3725 5050 3823 2216 1657 2872 1673 3561 5727 1764
 4913 4149 3878 2660 5303 3130 3901 5883 1743  479 1742  478 1741  477
 1740  476 1739  475 1738  474 1737  473 1736  472 1735  471 1734  470
 1733   15 1732  469 1731  152 1730  468 1729  467 1728  466 1727  177
 1726  394 1725  224 1724  465 1723  464 1722  463 1721 3765 3764  935
 3762 3763 3084 4968 3554 4436 1558 1552 4314 1501 3511 1405 2811 4786
 5097 2843 1462 3233 4278 1271   51 1270   50 1269   49 1268   48 1267
   47 1266   46 1265   45 1263   44 1264 1455 1456 1398 1399 1400 1457
 1458 1401 1402 1403 1459 1460 1461 1414  198 1404 1623 1624  385 1625
  289 1626  322 1627  386 1628  387 1629  388 1630 2771 3766 2540 3564
 5829 1770 4790 1944 2612 2273 1967 1429 1681 3582 4463 3140 2950 1636
  393 1635  225 1634  392 1633  391 1632  390 1631  389 3085 4969 2772
 3767 2541 3565 5830 1771 4791 1945 2613 2274 1968 1430 1682 3583 4464
 3141 2951 1637 2929 3744 1384 2528 4224 2971 3508 1362 3820 2071 2656
 4746 1284 1245 1756 2668 2448 2269 2267 4628 2260 2258 2806 2967 3919
 4030 4500 2839 4369 2254 2172 2146 2454  480 2460  808 2461  809 2462
  810 2463  493 2464  811 2465  429 2466  422 2467  812 2468  813 2469
  814 2470  619 2471  815 2472  816 2473  817 2474 2475  818 2476  819
  713 5146 5147 5148 5149 5150 5151 5152 5153 5154 5155 5156 5157 2931
 2800 2699 4262 2691 3026 4574 3669 2664 4110 3096 3133 2938 2487 3629
 3662 3683 2105 2107  696 2108 2036 2037  244 2109 2110  602 2111 2112
 2038 2039 2040 2041 2042 2115 2114 2113 5176 5177 5178 5339 5338 4725
 3374 5365 5330 1080 5329  918 5328  603 5327  245 5326  667 5325  757
 5324 5323 5322 5321 5320 5319 5318 5317 5316 5554 5555  272 5556 5557
 5558 5559 5560 3630 3663 3684 2106 2315 2517 3592 2705 2031 3410 2406
 1443 4537 4244 1914 2717 3715 4216 4043 5167 5166 5165 5164 5163 5162
  695 5161 1123 5160 5159 5158 2486 2485 2484 2483 2482 2481 2480  710
 2479  821 2478  820 2477 5370 5395 5574 3861 5237 3980 3993 3120 3998
 2212 2947 5601 3025 2997 1943 5284 5126 3052 2696 5696 3727 5052 3825
 2218 1659 2874 1675 3563 5729 1766 4915 4151 3880 2662 5305 3132 3903
 3042 4693 3552 1745 5860 4993 4994 1019 4995 4996 4997 4998 4999 5000
 5001 5002 5003 5004 5005 5006 5007 5008 5009 5010 5011 5012 2094 2093
 2092 2091 2090 2089 2088 2087 2086 2085 2084 2083 2082 2081 2080  685
 2079 2078 4813  494 4814 4815 4816 4817 4818 4819 4820 4821 4822 4823
 4824 4825 4826 4827 4828 4829 4830 2095 2096  686 2097 2098  687 2099
  688 2100  689 2101  690 2102  691 2103  692 2104  693 2316 2518 3411
 2407 1444 4538 4245 1915 2718 5168 3716 4217 4044  919 3414  604 3413
  246 3412  790 2032 2706 3593  758 2516 2515 2514 2513 2512 2511 2510
 2509 2508 2507 2506 2505 2504 2503 2502 2501 2500 2499 2498 2497 2496
 2495 2494  423 2493 2492 2491 2490  683 2489 2488 4694 3553 1746 5861
 2455 2147 2173 2255 2253  737 2252  736 2251  735 2250  734 2249  733
 2248  732 2247  731 2246   18 2245  679 2244  155 2243  730 2242  729
 2241  728 2240  180 2239  397 2238  228 2237  640 2236  622 2235  501
 2234  727 2233  726 2232  725 2231  724 2230  723 2229  323 2228  290
 2227  722 2226  199 2219  721 2224   52 2225 3086 2773 3768 2542 3566
 5831 1772  621 4792 4793  639 4794  227 4795  396 4796  179 4797  833
 4798 1184 4799  990 4800  154 4801  678 4802   17 4803  806 4804  744
 4805  741 4806 4807 4808 4809 4810 4811 4812  998 3040  481 3039  997
 3038  951 3037  986 3036  738 3035 4992 4991 4990 4989 4988 4987  740
 4986  743 4985  805 4984   16 4983  677 4982  153 4981  989 4980 1183
 4979  832 4978  178 4977  395 4976  226 4975  638 4974  500 4973 1111
 4972  842 4971  936 4970 1008 3555 4437 1559 1553 4315 1502 3512 1406
 2812 4787 5098 2844 1463 3234 4279 1272 3497 5289 5376 4873 5016 1347
 1660 5390 5417 3493 1540 4260 3517 1386 1676 3870 3962 3480 2713 3205
 1875 1718 4657 4498 5489 5464 5111 4540 4338 3848 5438 5420 5676 4283
 5799 5378 4103 1333 5767 5651 3504 1518 1972 1393 5625 1752 1949 3463
 1856 5128 1861 5880 2002 1588 3899 4871 3450 4010 2762 3144 3975 3183
 3916 3972 3248 3986 3868 2052 3938 3318 1300 3875 3948 3863 4195 4015
 5384 3966 1510 5452 5483 1434 3954 1452 5510 1290 5550 3500 1601 3940
 2074 3734 3950 3208 3660 3070 1621 1381 1516 1331 3922 1261 1599 1236
 1556 1602 1603 3434 1088 3435 3436  259   77 5481 5480 5479  358 5478
 5475 2075 3501 3955 1453 5511 1291]

eliteFit: 579368.0
percentError: 2.446908209997701
computationTime: 3515.513s