instanceName: bier127
n: 127
optFit: 118282

genTime, gen, eliteFit, percentError:
0.0001314999972237274, 0, 563893.0, 376.736
0.008093599986750633, 1, 121251.0, 2.510
0.004302500004996546, 2, 121251.0, 2.510
0.005669400008628145, 3, 119663.0, 1.168
0.0061366999871097505, 4, 119074.0, 0.670
0.004128500004298985, 5, 118822.0, 0.457
0.004127899999730289, 6, 118768.0, 0.411
0.00427960000524763, 7, 118768.0, 0.411
0.006013199992594309, 8, 118759.0, 0.403
0.004099800004041754, 9, 118551.0, 0.227
0.004675899996072985, 10, 118551.0, 0.227
0.004032299999380484, 11, 118431.0, 0.126
0.005169500000192784, 12, 118431.0, 0.126
0.0025768999912543222, 13, 118431.0, 0.126
0.0018300000083399937, 14, 118400.0, 0.100
0.0015700999938417226, 15, 118387.0, 0.089
0.0014184000028762966, 16, 118387.0, 0.089
0.0021927999914623797, 17, 118356.0, 0.063
0.0015330000023823231, 18, 118356.0, 0.063
0.00162310000450816, 19, 118356.0, 0.063
0.0021594000136246905, 20, 118356.0, 0.063
0.0014439999940805137, 21, 118356.0, 0.063
0.0014325000083772466, 22, 118356.0, 0.063
0.002036899997619912, 23, 118326.0, 0.037
0.0017592999938642606, 24, 118326.0, 0.037
0.0020170000061625615, 25, 118282.0, 0.000

tour:
[113   5 105  14 107  19  16  20  17  76  78  79  30  26  29  11  13  40
  35  36  34  39  42  33  41  38  37  25  24  32 121  27  28  31  97  96
 122  94  92 126 106 110 111  93  45 117  47  52  48  46  54  65 112  64
  98  91  88 124 103 109  84  85  86  87 108  95 118  62 101 100  82  81
 125  80  83 116  77  75  74  68  69  70  67  73  72  66   7  71  18  21
   3  22  23   8  10   2  89 115  59  58  61  60  90  57  63  99   9 119
  12 114  49   4  51 123  55 120  56  53  44 102  43  50   1  15   0   6
 104]

eliteFit: 118282.0
percentError: 0.0
computationTime: 0.099s