instanceName: bier127
n: 127
optFit: 118282

genTime, gen, eliteFit, percentError:
0.0001508999994257465, 0, 582640.0, 392.586
0.012410199997248128, 1, 122287.0, 3.386
0.005751300006522797, 2, 121149.0, 2.424
0.005147499992744997, 3, 120089.0, 1.528
0.006838500004960224, 4, 118630.0, 0.294
0.005526099994312972, 5, 118630.0, 0.294
0.00567379999847617, 6, 118630.0, 0.294
0.005038400006014854, 7, 118435.0, 0.129
0.006020800006808713, 8, 118435.0, 0.129
0.00430850000702776, 9, 118435.0, 0.129
0.002680799996596761, 10, 118435.0, 0.129
0.0035478000063449144, 11, 118361.0, 0.067
0.003995899998699315, 12, 118361.0, 0.067
0.0030999000009614974, 13, 118282.0, 0.000

tour:
[ 30  79  78  76  17  20  16  19 107  14 105   5 113 104   6   0  15   1
  50  43 102  44  53  56 120  55 123  51   4  49 114  12 119   9  99  63
  57  90  60  61  58  59 115  89   2  10   8  23  22   3  21  18  71   7
  66  72  73  67  70  69  68  74  75  77 116  83  80 125  81  82 100 101
  62 118  95 108  87  86  85  84 109 103 124  88  91  98  64 112  65  54
  46  48  52  47 117  45  93 111 110 106 126  92  94 122  96  97  31  28
  27 121  32  24  25  37  38  41  33  42  39  34  36  35  40  13  11  29
  26]

eliteFit: 118282.0
percentError: 0.0
computationTime: 0.080s