instanceName: d2103
n: 2103
optFit: 80450

genTime, gen, eliteFit, percentError:
0.0026978999999300868, 0, 3171222.0, 3841.855
3.6909941000001254, 1, 93349.0, 16.034
2.071892299999945, 2, 91032.0, 13.154
2.0048259999998663, 3, 89777.0, 11.594
1.903087400000004, 4, 89006.0, 10.635
1.9434284999999818, 5, 88290.0, 9.745
1.948991400000068, 6, 86899.0, 8.016
1.8340674999999464, 7, 86639.0, 7.693
1.7414083999999548, 8, 86639.0, 7.693
1.7328901999999289, 9, 86249.0, 7.208
1.566844700000047, 10, 86081.0, 6.999
1.550167300000112, 11, 85749.0, 6.587
1.5161467999998877, 12, 85203.0, 5.908
1.5094460999998773, 13, 84468.0, 4.994
1.426046999999926, 14, 84330.0, 4.823
1.1994182999999339, 15, 84008.0, 4.423
1.0828229999999621, 16, 83815.0, 4.183
1.0486806999999772, 17, 83694.0, 4.032
0.8223991999998361, 18, 83593.0, 3.907
0.7822237000000314, 19, 83395.0, 3.661
0.7743600999999671, 20, 83237.0, 3.464
0.6060379000000466, 21, 83237.0, 3.464
0.5628781000000345, 22, 82914.0, 3.063
0.5028056999999535, 23, 82914.0, 3.063
0.52434170000015, 24, 82865.0, 3.002
0.5062436000000616, 25, 82865.0, 3.002
0.40934070000002976, 26, 82865.0, 3.002
0.4047892999999476, 27, 82865.0, 3.002
0.39815969999995104, 28, 82865.0, 3.002
0.4121005999998033, 29, 82865.0, 3.002
0.40601839999999356, 30, 82865.0, 3.002
0.4431590000001506, 31, 82865.0, 3.002
0.5165690999999697, 32, 82851.0, 2.984
0.5137108999999782, 33, 82824.0, 2.951
0.6152289999999994, 34, 82809.0, 2.932
0.7497121999999763, 35, 82772.0, 2.886
0.8445887999998831, 36, 82690.0, 2.784
1.1064461999999367, 37, 82647.0, 2.731
1.149261499999966, 38, 82647.0, 2.731
1.1180799999999635, 39, 82597.0, 2.669
1.1652882999999292, 40, 82543.0, 2.602
1.097485000000006, 41, 82504.0, 2.553
1.0569032000000789, 42, 82440.0, 2.474
0.9721001000000342, 43, 82430.0, 2.461
1.1141379000000597, 44, 82417.0, 2.445
1.019599499999913, 45, 82272.0, 2.265
1.115087899999935, 46, 82272.0, 2.265
1.1585928000001786, 47, 82252.0, 2.240
0.8417707000000973, 48, 82229.0, 2.211
0.637692700000116, 49, 82207.0, 2.184
0.561828099999957, 50, 82199.0, 2.174
0.7223057000001063, 51, 82189.0, 2.162
0.4843410999999378, 52, 82183.0, 2.154
0.45464349999997467, 53, 82183.0, 2.154
0.4383946000000378, 54, 82165.0, 2.132
0.40541619999999057, 55, 82165.0, 2.132
0.510238500000014, 56, 82165.0, 2.132
0.40478650000000016, 57, 82165.0, 2.132
0.4097752000000128, 58, 82165.0, 2.132
0.44373300000006566, 59, 82165.0, 2.132
0.41281739999999445, 60, 82165.0, 2.132
0.44685790000016823, 61, 82165.0, 2.132
0.4043334999998933, 62, 82165.0, 2.132
0.3721654999999373, 63, 82165.0, 2.132
0.43627730000002884, 64, 82165.0, 2.132
0.39491899999984525, 65, 82165.0, 2.132
0.40881279999985054, 66, 82165.0, 2.132
0.4074410999999145, 67, 82165.0, 2.132
0.40651470000011614, 68, 82165.0, 2.132
0.3936945000000378, 69, 82165.0, 2.132
0.4722958000002109, 70, 82165.0, 2.132
0.4751225999998496, 71, 82165.0, 2.132
0.3761872999998559, 72, 82165.0, 2.132
0.3946743999999853, 73, 82165.0, 2.132
0.3990068999999039, 74, 82165.0, 2.132
0.41861599999992904, 75, 82165.0, 2.132
0.40533300000015515, 76, 82165.0, 2.132
0.4378189999999904, 77, 82165.0, 2.132
0.43905689999996866, 78, 82165.0, 2.132
0.42118170000003374, 79, 82165.0, 2.132
0.4333957000001192, 80, 82165.0, 2.132
0.4576145999999426, 81, 82165.0, 2.132
0.4088596999999936, 82, 82165.0, 2.132
0.4056753999998364, 83, 82165.0, 2.132
0.44997110000008433, 84, 82165.0, 2.132
0.39233899999999267, 85, 82165.0, 2.132
0.45911420000015823, 86, 82165.0, 2.132
0.4378624999999374, 87, 82165.0, 2.132
0.4182534999999916, 88, 82165.0, 2.132
0.39367399999991903, 89, 82165.0, 2.132
0.5071286999998392, 90, 82165.0, 2.132
0.45886209999980565, 91, 82138.0, 2.098
0.4869966999999633, 92, 82138.0, 2.098
0.44380980000005366, 93, 82138.0, 2.098
0.48353629999996883, 94, 82138.0, 2.098
0.4259330999998383, 95, 82138.0, 2.098
0.41955800000005183, 96, 82138.0, 2.098
0.41131289999998444, 97, 82138.0, 2.098
0.3872552000000269, 98, 82138.0, 2.098
0.4554800000000796, 99, 82071.0, 2.015
0.3935934000000998, 100, 82071.0, 2.015
0.41894269999988865, 101, 82071.0, 2.015
0.40632320000008804, 102, 82057.0, 1.998
0.3811478000000079, 103, 82057.0, 1.998
0.4600060999998732, 104, 82031.0, 1.965
0.5987379999999121, 105, 81969.0, 1.888
0.5369383999998263, 106, 81957.0, 1.873
0.5728939999999056, 107, 81935.0, 1.846
0.541224800000009, 108, 81926.0, 1.835
0.5179513999999017, 109, 81892.0, 1.792
0.4339311999999609, 110, 81892.0, 1.792
0.499151700000084, 111, 81892.0, 1.792
0.3787147000000459, 112, 81892.0, 1.792
0.3926315999999588, 113, 81892.0, 1.792
0.39156230000003234, 114, 81892.0, 1.792
0.4344430999999531, 115, 81892.0, 1.792
0.41110840000010285, 116, 81892.0, 1.792
0.4314165000000685, 117, 81892.0, 1.792
0.4297180000000935, 118, 81892.0, 1.792
0.46263439999984257, 119, 81892.0, 1.792
0.4159144999998716, 120, 81892.0, 1.792
0.3950565000000097, 121, 81892.0, 1.792
0.3993815999999697, 122, 81892.0, 1.792
0.4029345999999805, 123, 81892.0, 1.792
0.4252268999998705, 124, 81892.0, 1.792
0.44750859999999193, 125, 81892.0, 1.792
0.4290708999999424, 126, 81892.0, 1.792
0.4236490999999205, 127, 81892.0, 1.792
0.4166903000000275, 128, 81892.0, 1.792
0.410686799999894, 129, 81892.0, 1.792
0.4224815000000035, 130, 81892.0, 1.792
0.3943630999999641, 131, 81892.0, 1.792
0.392281199999843, 132, 81892.0, 1.792
0.4255087999999887, 133, 81892.0, 1.792
0.43851010000003043, 134, 81892.0, 1.792
0.4867194000000836, 135, 81892.0, 1.792
0.43971160000000964, 136, 81892.0, 1.792
0.45504860000005465, 137, 81892.0, 1.792
0.3971028999999362, 138, 81892.0, 1.792
0.4245381999999154, 139, 81892.0, 1.792
0.4212207999999009, 140, 81892.0, 1.792
0.4088575000000674, 141, 81892.0, 1.792
0.4673400000001493, 142, 81892.0, 1.792
0.485497500000065, 143, 81892.0, 1.792
0.4011004999999841, 144, 81892.0, 1.792
0.5100373000000218, 145, 81892.0, 1.792
0.38591889999997875, 146, 81892.0, 1.792
0.423461399999951, 147, 81892.0, 1.792
0.4486772000000201, 148, 81892.0, 1.792
0.40250030000015613, 149, 81892.0, 1.792
0.38609709999991537, 150, 81892.0, 1.792
0.430614500000047, 151, 81892.0, 1.792
0.4962875000001077, 152, 81892.0, 1.792
0.4216989999999896, 153, 81880.0, 1.778
0.548936299999923, 154, 81880.0, 1.778
0.606980399999884, 155, 81870.0, 1.765
0.8032842000000073, 156, 81870.0, 1.765
0.7934465999999247, 157, 81850.0, 1.740
0.8308193000000301, 158, 81850.0, 1.740
0.47714829999995345, 159, 81848.0, 1.738
0.41643619999990733, 160, 81848.0, 1.738
0.46634069999981875, 161, 81848.0, 1.738
0.385683699999845, 162, 81848.0, 1.738
0.4374911999998403, 163, 81848.0, 1.738
0.4685755999998946, 164, 81848.0, 1.738
0.4178664999999455, 165, 81848.0, 1.738
0.4492209999998522, 166, 81848.0, 1.738
0.4490685000000667, 167, 81848.0, 1.738
0.42822190000015325, 168, 81848.0, 1.738
0.4716343999998571, 169, 81848.0, 1.738
0.4489143000000695, 170, 81848.0, 1.738
0.4068222999999307, 171, 81848.0, 1.738
0.43823780000002444, 172, 81848.0, 1.738
0.40180559999998877, 173, 81848.0, 1.738
0.4165287000000717, 174, 81848.0, 1.738
0.40344870000012634, 175, 81848.0, 1.738
0.4375494000000799, 176, 81848.0, 1.738
0.36085990000015045, 177, 81848.0, 1.738
0.39175520000003416, 178, 81848.0, 1.738
0.4313601999999719, 179, 81848.0, 1.738
0.38986560000012105, 180, 81848.0, 1.738
0.3883927000001677, 181, 81848.0, 1.738
0.4049388999999337, 182, 81848.0, 1.738
0.4137564000000111, 183, 81848.0, 1.738
0.4795784000000367, 184, 81848.0, 1.738
0.4628932000000532, 185, 81848.0, 1.738
0.4444887999998173, 186, 81848.0, 1.738
0.5204780999999912, 187, 81848.0, 1.738
0.45905309999989186, 188, 81848.0, 1.738
0.39446049999992283, 189, 81848.0, 1.738
0.5130295999999817, 190, 81848.0, 1.738
0.48453879999988203, 191, 81848.0, 1.738
0.396955700000035, 192, 81848.0, 1.738
0.3812195000000429, 193, 81848.0, 1.738
0.4493056000001161, 194, 81848.0, 1.738
0.4357174000001578, 195, 81822.0, 1.705
0.4890402000000904, 196, 81822.0, 1.705
0.408580099999881, 197, 81822.0, 1.705
0.3921650999998292, 198, 81822.0, 1.705
0.42117959999995946, 199, 81804.0, 1.683
0.48867089999998825, 200, 81804.0, 1.683
0.46927260000006754, 201, 81804.0, 1.683
0.40071919999991223, 202, 81804.0, 1.683
0.40277209999999286, 203, 81804.0, 1.683
0.3951701000000867, 204, 81804.0, 1.683
0.4734017999999196, 205, 81804.0, 1.683
0.3883080999999038, 206, 81804.0, 1.683
0.47741339999993215, 207, 81804.0, 1.683
0.5201042000001053, 208, 81804.0, 1.683
0.4278177000001051, 209, 81804.0, 1.683
0.43469779999986713, 210, 81804.0, 1.683
0.39325830000007045, 211, 81804.0, 1.683
0.4020888999998533, 212, 81804.0, 1.683
0.45103329999983544, 213, 81804.0, 1.683
0.47592600000007224, 214, 81804.0, 1.683
0.40679849999992257, 215, 81804.0, 1.683
0.4038545000000795, 216, 81804.0, 1.683
0.41403109999987464, 217, 81804.0, 1.683
0.4588346000000456, 218, 81804.0, 1.683
0.370955800000047, 219, 81804.0, 1.683
0.45876880000014353, 220, 81804.0, 1.683
0.43288460000007944, 221, 81804.0, 1.683
0.44798930000001747, 222, 81804.0, 1.683
0.4109535000000051, 223, 81782.0, 1.656
0.4886034999999538, 224, 81754.0, 1.621
0.4935299000001123, 225, 81733.0, 1.595
0.5240535999998883, 226, 81719.0, 1.577
0.46900040000014087, 227, 81711.0, 1.567
0.4696610999999393, 228, 81711.0, 1.567
0.4930693999999676, 229, 81711.0, 1.567
0.47735480000005737, 230, 81711.0, 1.567
0.5156551999998555, 231, 81711.0, 1.567
0.4533122000000276, 232, 81711.0, 1.567
0.46314779999988787, 233, 81711.0, 1.567
0.4613676999999825, 234, 81711.0, 1.567
0.407553599999801, 235, 81711.0, 1.567
0.4541928999999527, 236, 81711.0, 1.567
0.4748525999998492, 237, 81711.0, 1.567
0.5456087000000025, 238, 81711.0, 1.567
0.38472120000005816, 239, 81711.0, 1.567
0.45837540000002264, 240, 81711.0, 1.567
0.4632673999999497, 241, 81711.0, 1.567
0.45741320000001906, 242, 81711.0, 1.567
0.43564119999996365, 243, 81711.0, 1.567
0.4531386000001021, 244, 81711.0, 1.567
0.40932649999990645, 245, 81711.0, 1.567
0.47901870000009694, 246, 81711.0, 1.567
0.40844210000000203, 247, 81711.0, 1.567
0.3700356000001648, 248, 81711.0, 1.567
0.4037321000000702, 249, 81711.0, 1.567
0.42852210000000923, 250, 81711.0, 1.567
0.3941532000001189, 251, 81711.0, 1.567
0.4542500000000018, 252, 81711.0, 1.567
0.480203500000016, 253, 81711.0, 1.567
0.41945989999999256, 254, 81711.0, 1.567
0.41159829999992326, 255, 81711.0, 1.567
0.4256077000000005, 256, 81711.0, 1.567
0.4199767999998585, 257, 81711.0, 1.567
0.42977750000000015, 258, 81711.0, 1.567
0.37047770000003766, 259, 81711.0, 1.567
0.4204620000000432, 260, 81711.0, 1.567
0.4673598000001675, 261, 81711.0, 1.567
0.4579350000001341, 262, 81711.0, 1.567
0.42309479999994437, 263, 81711.0, 1.567
0.4557724999999664, 264, 81711.0, 1.567
0.3918535999998767, 265, 81711.0, 1.567
0.49605700000006436, 266, 81711.0, 1.567
0.4336144000001241, 267, 81711.0, 1.567
0.3731473000000278, 268, 81711.0, 1.567
0.43316860000004453, 269, 81711.0, 1.567
0.46802980000006755, 270, 81711.0, 1.567
0.4259506999999303, 271, 81711.0, 1.567
0.40738409999994474, 272, 81711.0, 1.567
0.4286127000000306, 273, 81711.0, 1.567
0.3961894999999913, 274, 81711.0, 1.567
0.408005699999876, 275, 81711.0, 1.567
0.4861966000000848, 276, 81711.0, 1.567
0.4712833999999475, 277, 81711.0, 1.567

tour:
[1538 1539 1540 1541 1542 1543 1544 1545 1546 1547 1548 1569 1568 1567
 1566 1565 1564 1563 1562 1561 1560 1559 1558 1557 1616 1615 1614 1613
 1612 1611 1610 1609 1608 1607 1606 1605 1604 1603 1602 1570 1571 1572
 1573 1574 1575 1576 1577 1578 1579 1580 1581 1582 1583 1584 1585 1586
 2057 2061 2060 2059 2058 2076 2073 2074 2075 2078 2077 2080 2079 2082
 2081 2083 2084 2054 2055 2056 1587 1588 1589 1590 1591 1592 1593 1594
 1595 1596 1597 1598 1599 1600 1601 1633 1632 1631 1630 1629 1628 1627
 1626 1625 1624 1623 1622 1621 1620 1619 1618 1617 1676 1675 1674 1673
 1672 1671 1670 1669 1668 1667 1666 1665 1664 1663 1662 1661 1660 1659
 1634 1635 1636 1637 1638 1639 1640 1641 1642 1643 1644 1645 1646 1647
 1648 1649 1650 1651 1652 1653 1654 1655 1656 1657 1658 1696 1695 1694
 1693 1692 1691 1690 1689 1688 1687 1686 1685 1684 1683 1682 1681 1680
 1679 1678 1677 1736 1735 1734 1733 1732 1731 1730 1729 1728 1727 1726
 1725 1724 1723 1722 1721 1720 1719 1718 1717 1716 1715 1714 1697 1698
 1699 1700 1701 1702 1703 1704 1705 1706 1707 1708 1709 1710 1711 1712
 1713 1766 1765 1764 1763 1762 1761 1760 1759 1758 1757 1756 1755 1754
 1753 1752 1751 1750 1749 1748 1747 1746 1745 1744 1743 1742 1741 1740
 1739 1738 1737 1796 1795 1794 1793 1792 1791 1790 1789 1788 1787 1786
 1785 1784 1783 1782 1781 1780 1779 1778 1777 1776 1775 1774 1773 1772
 1771 1770 1769 1768 1767 1826 1825 1824 1823 1822 1821 1820 1819 1818
 1817 1816 1815 1814 1813 1812 1811 1810 1809 1808 1807 1806 1805 1804
 1803 1802 1801 1800 1799 1798 1797 1856 1855 1854 1853 1852 1851 1850
 1849 1848 1847 1846 1845 1844 1843 1842 1841 1840 1839 1838 1837 1836
 1835 1834 1833 1832 1831 1830 1829 1828 1827 2093 2089 2085 2086 2087
 2088 2092 2091 2090 2094 1886 1885 1884 1883 1882 1881 1880 1879 1878
 1877 1876 1875 1874 1873 1872 1871 1870 1869 1868 1867 1866 1865 1864
 1863 1862 1861 1860 1859 1858 1857 1916 1915 1914 1913 1912 1911 1910
 1909 1908 1907 1906 1905 1904 1903 1902 1901 1900 1899 1898 1897 1896
 1895 1894 1893 1892 1891 1890 1889 1888 1887 1946 1945 1944 1943 1942
 1941 1940 1939 1938 1937 1936 1935 1934 1933 1932 1931 1930 1929 1928
 1927 1926 1925 1924 1923 1922 1921 1920 1919 1918 1917 1976 1975 1974
 1973 1972 1971 1970 1969 1968 1967 1966 1965 1964 1963 1962 1961 1960
 1959 1958 1957 1956 1955 1954 1953 1952 1951 1950 1949 1948 1947 2095
 2096 2097 2098 2102 2101 2100 2099 2053 2052 2051 2050 2049 2048 2047
 2046 2045 2044 2043 2042 2041 2040 2039 2038 2037 2033 2032 2031 2030
 2029 2028 2027 2026 2025 2024 2023 2022 2021 2020 2019 2018 2017 2016
 2015 2014 2013 2012 2011 2010 2009 2008 2007 2006 2005 2004 2003 2002
 2001 2000 1999 1998 1997 1996 1995 1994 1993 1992 1991 1990 1989 1988
 1987 1986 1985 1984 1983 1982 1981 1980 1979 1978 1977 2034 2035 2036
 1315 1308 1307 1306 1305 1304 1303 1302 1301 1300 1299 1298 1297 1296
 1295 1294 1293 1292 1291 1290 1289 1288 1287 1286 1285 1284 1283 1282
 1281 1280 1279 1278 1277 1276 1275 1274 1273 1309 1272 1271 1270 1269
 1268 1267 1266 1265 1243 1205 1206 1207 1244 1208 1209 1210 1211 1212
 1213 1214 1215 1216 1217 1218 1219 1220 1221 1222 1223 1224 1225 1226
 1227 1228 1229 1230 1231 1232 1233 1234 1186 1185 1184 1183 1182 1181
 1180 1179 1178 1177 1176 1175 1174 1173 1172 1171 1170 1169 1168 1167
 1166 1165 1164 1163 1162 1161 1160 1159 1158 1157 1156 1155 1154 1153
 1152 1151 1150 1149 1148 1147 1146 1145 1144 1134 1135 1088 1089 1090
 1091 1092 1093 1094 1095 1096 1097 1098 1099 1100 1101 1102 1103 1104
 1105 1106 1107 1108 1109 1110 1111 1112 1113 1114 1115 1116 1117 1118
 1119 1120 1121 1122 1123 1124 1125 1126 1127 1128 1083 1082 1081 1080
 1079 1078 1077 1076 1075 1074 1073 1072 1071 1070 1069 1068 1067 1066
 1065 1064 1063 1062 1061 1060 1059 1058 1057 1056 1055 1054 1053 1052
 1051 1050 1049 1048 1047 1046 1045 1044 1043 1087 1086 1041 1042 1032
 1033  987  988  989  990  991  992  993  994  995  996  997  998  999
 1000 1001 1002 1003 1004 1005 1006 1007 1008 1009 1010 1011 1012 1013
 1014 1015 1016 1017 1018 1019 1020 1021 1022 1023 1024 1025 1026 1027
  980  979  978  977  976  975  974  973  972  971  970  969  968  967
  966  965  964  963  962  961  960  959  958  957  956  955  954  953
  952  951  950  949  948  947  946  945  944  943  942  941  940  939
  986  985  938  935  937  981  984 1028 1031 1034 1037 1038 1129 1131
 1132 1136 1137 1142 1141 1190 1191 1192 1193 1194 1195 1196 1197 1198
 1199 1200 1238 1237 1201 1202 1236 1203 1204 1235 1314 1313 1312 1311
 1264 1263 1262 1261 1260 1259 1245 1246 1258 1247 1257 1256 1248 1249
 1250 1251 1252 1310 1239 1240 1241 1253 1254 1255 1242 1189 1188 1187
 1143 1140 1139 1138 1133 1130 1085 1084 1039 1040 1036 1035 1030 1029
  983  982  936  934  932  933  928  927  881  880  834  830  827   21
  825  831  832  833  826  822  823  824   25   27   72   71   26   24
   20  828  829  835  879  882  926  929  883  836  837  884  930  931
  885  886  887  888  889  890  891  892  893  894  895  896  897  898
  899  900  901  902  903  904  905  906  907  908  909  910  911  912
  913  914  915  916  917  918  919  920  921  922  923  924  925  878
  877  876  875  874  873  872  871  870  869  868  867  866  865  864
  863  862  861  860  859  858  857  856  855  854  853  852  851  850
  849  848  847  846  845  844  843  842  841  840  839  838   19   23
   22   29   28   73   74   30   31   32   33   34   35   36   37   38
   39   40   41   42   43   44   45   46   47   48   49   50   51   52
   53   54   55   56   57   58   59   60   61   62   63   64   65   66
   67   68   69   70  115  114  113  112  111  110  109  108  107  106
  105  104  103  102  101  100   99   98   97   96   95   94   93   92
   91   90   89   88   87   86   85   84   83   82   81   80   79   78
   77   76   75  116  117  118  119  123  122  121  120  205  204  203
  202  201  124  125  126  200  199  198  127  128  197  196  129  130
  195  194  131  132  193  192  191  133  134  135  190  189  136  137
  138  139  140  141  142  143  144  145  146  147  148  149  150  151
  152  153  154  155  156  157  158  159  160  161  162  163  164  165
  166  167  168  169  170  171  172  173  174  175  176  177  178  179
  180  181  182  183  184  185  186  187  188  233  232  231  230  229
  228  227  226  225  224  223  222  221  220  219  218  217  210  207
  206  209  216  215  258  214  211  208  212  213  259  260  261  305
  306  309  310  356  400   14   18   17   16   15   11   12   13  448
  494  495  499  500  546  547  593  594  599  600  604  605  650  651
  699  700  706  709  713    8    9   10    6    1    0    2    3    5
  714    7  759    4  805  715  712  708  705  701  698  652  649  653
  697  702  654  606  607  602  603  597  596  601  598  595  592  548
  545  501  498  502  549  550  551  552  553  554  555  556  557  558
  559  560  561  562  563  564  565  566  567  568  569  570  571  572
  573  574  527  526  525  524  523  522  521  520  519  518  517  516
  515  514  513  512  511  510  509  508  507  506  505  504  503  496
  497  492  493  450  449  405  406  404  403  402  401  358  357  313
  314  311  312  308  307  262  263  264  265  266  267  268  269  270
  271  272  273  274  275  276  277  278  279  280  281  234  235  282
  283  236  237  238  239  240  241  242  243  244  245  246  247  248
  249  250  251  252  253  254  255  256  257  304  303  302  301  300
  299  298  297  296  295  294  293  292  291  290  289  288  287  286
  285  284  336  337  338  339  340  341  342  343  344  345  346  347
  348  349  350  351  352  353  354  355  399  398  397  396  395  394
  393  392  391  390  389  388  387  386  385  384  383  382  381  380
  379  335  334  333  332  331  330  329  328  327  326  325  324  323
  322  321  320  319  318  317  316  315  359  360  361  362  363  364
  365  366  367  368  369  370  371  372  373  374  375  376  377  378
  428  427  426  425  424  423  422  421  420  419  418  417  416  415
  414  413  412  411  410  409  408  407  451  452  453  454  455  456
  457  458  459  460  461  462  463  464  465  466  467  468  469  470
  471  472  473  429  430  431  432  433  434  435  436  437  438  439
  440  441  442  443  444  445  446  447  491  490  489  488  487  486
  485  484  483  482  481  480  479  478  477  476  475  474  528  529
  530  531  532  533  534  535  536  537  538  539  540  541  542  543
  544  591  590  589  588  587  586  585  584  583  582  581  580  579
  578  577  576  575  631  630  629  628  627  626  625  624  623  622
  621  620  619  618  617  616  615  614  613  612  611  610  609  608
  656  655  703  704  710  711  707  657  658  659  660  661  662  663
  664  665  666  667  668  669  670  671  672  673  674  675  676  677
  678  679  742  741  740  739  738  737  736  735  734  733  732  731
  730  729  773  728  727  726  725  724  723  722  721  720  719  718
  717  716  760  806  807  808  761  762  763  809  810  764  765  766
  811  804  767  812  768  769  770  813  814  771  772  815  816  774
  775  776  777  817  818  803  778  779  819  820  780  781  821  782
  783  784  785  786  787  743  744  788  789  745  746  790  791  792
  747  748  749  793  794  750  751  795  796 1316  797  798  799  800
  801  802  758  757  756  755  754  753  752  691  690  689  688  687
  686  685  684  683  682  681  680  632  633  634  635  636  637  638
  639  640  641  642  643  644  692  693  645  646  647  694  695  696
  648 1437 1438 1439 1440 1441 1442 1443 1444 1445 1446 1447 1448 1449
 1450 1451 1452 1453 1454 1455 1456 1457 1458 1459 1460 1461 1462 1463
 1464 1465 1466 1407 1408 1409 1410 1411 1412 1413 1414 1415 1416 1417
 1418 1419 1420 1421 1422 1423 1424 1425 1426 1427 1428 1429 1430 1431
 1432 1433 1434 1435 1436 1377 1378 1379 1380 1381 1382 1383 1384 1385
 1386 1387 1388 1389 1390 1391 1392 1393 1394 1395 1396 1397 1398 1399
 1400 1401 1402 1403 1404 1405 1406 1347 1348 1349 1350 1351 1352 1353
 1354 1355 1356 1357 1358 1359 1360 1361 1362 1363 1364 1365 1366 1367
 1368 1369 1370 1371 1372 1373 1374 1375 1376 1317 1318 1319 1320 1321
 1322 1323 1324 1325 1326 1327 1328 1329 1330 1331 1332 1333 1334 1335
 1336 1337 1338 1339 1340 1341 1342 1343 1344 1345 1346 2066 2065 2067
 2071 2070 2069 2068 2063 2064 2072 2062 1467 1468 1469 1470 1471 1472
 1473 1474 1475 1476 1477 1478 1479 1480 1481 1482 1483 1484 1485 1486
 1487 1488 1489 1490 1491 1492 1493 1494 1495 1496 1500 1499 1498 1497
 1556 1555 1554 1553 1552 1551 1550 1549 1501 1502 1503 1504 1505 1506
 1507 1508 1509 1510 1511 1512 1513 1514 1515 1516 1517 1518 1519 1520
 1521 1522 1523 1524 1525 1526 1527 1528 1529 1530 1531 1532 1533 1534
 1535 1536 1537]

eliteFit: 81711.0
percentError: 1.5674331883157242
computationTime: 155.548s