instanceName: d493
n: 493
optFit: 35002

genTime, gen, eliteFit, percentError:
0.00043000000005122274, 0, 429173.0, 1126.139
0.1272696999949403, 1, 37633.0, 7.517
0.07691550000163261, 2, 36884.0, 5.377
0.0746794000006048, 3, 36884.0, 5.377
0.07819119999476243, 4, 36724.0, 4.920
0.07742540001345333, 5, 36526.0, 4.354
0.07400209999468643, 6, 36339.0, 3.820
0.07348300000012387, 7, 36290.0, 3.680
0.07295420000446029, 8, 36280.0, 3.651
0.06590039998991415, 9, 36154.0, 3.291
0.06435800000326708, 10, 36154.0, 3.291
0.061239700007718056, 11, 35989.0, 2.820
0.06615080000483431, 12, 35909.0, 2.591
0.05794670000614133, 13, 35869.0, 2.477
0.06718350001028739, 14, 35826.0, 2.354
0.057539599991287105, 15, 35795.0, 2.266
0.0664357000059681, 16, 35732.0, 2.086
0.05046329999458976, 17, 35682.0, 1.943
0.07998989999759942, 18, 35674.0, 1.920
0.05301799999142531, 19, 35646.0, 1.840
0.05476860000635497, 20, 35588.0, 1.674
0.04783940000925213, 21, 35552.0, 1.571
0.045085799996741116, 22, 35540.0, 1.537
0.038966300009633414, 23, 35512.0, 1.457
0.030148399993777275, 24, 35509.0, 1.448
0.033488800007035024, 25, 35498.0, 1.417
0.029320100002223626, 26, 35489.0, 1.391
0.029043599992292002, 27, 35489.0, 1.391
0.04172649999964051, 28, 35489.0, 1.391
0.03511140000773594, 29, 35489.0, 1.391
0.04371579999860842, 30, 35489.0, 1.391
0.04739300000073854, 31, 35483.0, 1.374
0.037849899992579594, 32, 35483.0, 1.374
0.03237269999226555, 33, 35445.0, 1.266
0.040065499997581355, 34, 35444.0, 1.263
0.03735179999785032, 35, 35439.0, 1.249
0.023632600001292303, 36, 35439.0, 1.249
0.023843399991164915, 37, 35439.0, 1.249
0.0236192000011215, 38, 35439.0, 1.249
0.021167599988984875, 39, 35428.0, 1.217
0.023588600000948645, 40, 35428.0, 1.217
0.02139220001117792, 41, 35428.0, 1.217
0.03323729999829084, 42, 35428.0, 1.217
0.028757399995811284, 43, 35428.0, 1.217
0.02353019999281969, 44, 35428.0, 1.217
0.021987899992382154, 45, 35428.0, 1.217
0.02592499999445863, 46, 35428.0, 1.217
0.024406700002145953, 47, 35428.0, 1.217
0.021220299997366965, 48, 35428.0, 1.217
0.02816609998990316, 49, 35428.0, 1.217
0.02256850000412669, 50, 35428.0, 1.217
0.020712199999252334, 51, 35428.0, 1.217
0.01847859998815693, 52, 35428.0, 1.217
0.022044500001356937, 53, 35428.0, 1.217
0.02165790001163259, 54, 35428.0, 1.217
0.021656099997926503, 55, 35428.0, 1.217
0.0201766999962274, 56, 35428.0, 1.217
0.02047139999922365, 57, 35428.0, 1.217
0.024224700013292022, 58, 35428.0, 1.217
0.02111719999811612, 59, 35428.0, 1.217
0.023486300007789396, 60, 35428.0, 1.217
0.022021500000846572, 61, 35428.0, 1.217
0.019633699994301423, 62, 35428.0, 1.217
0.01780240000516642, 63, 35428.0, 1.217
0.021225799995590933, 64, 35428.0, 1.217
0.0240922000084538, 65, 35428.0, 1.217
0.022881800003233366, 66, 35428.0, 1.217
0.022185900001204573, 67, 35428.0, 1.217
0.0216909000009764, 68, 35428.0, 1.217
0.021878100000321865, 69, 35428.0, 1.217
0.02160100000037346, 70, 35428.0, 1.217
0.022475200006738305, 71, 35412.0, 1.171
0.02026849999674596, 72, 35412.0, 1.171
0.020966299998690374, 73, 35412.0, 1.171
0.024972400002297945, 74, 35412.0, 1.171
0.021498000001884066, 75, 35412.0, 1.171
0.02142019999155309, 76, 35412.0, 1.171
0.02111739999963902, 77, 35412.0, 1.171
0.02417560000321828, 78, 35412.0, 1.171
0.020812500006286427, 79, 35412.0, 1.171
0.023665900007472374, 80, 35412.0, 1.171
0.018420499996864237, 81, 35412.0, 1.171
0.022788699992815964, 82, 35412.0, 1.171
0.018205400003353134, 83, 35412.0, 1.171
0.022370999999111518, 84, 35412.0, 1.171
0.02190110000083223, 85, 35412.0, 1.171
0.031658800013246946, 86, 35412.0, 1.171
0.018999699997948483, 87, 35412.0, 1.171
0.020839400007389486, 88, 35412.0, 1.171
0.024454600003082305, 89, 35412.0, 1.171
0.024083199998131022, 90, 35412.0, 1.171
0.02010189999418799, 91, 35412.0, 1.171
0.023851999998441897, 92, 35412.0, 1.171
0.02741500000411179, 93, 35412.0, 1.171
0.018793100010952912, 94, 35412.0, 1.171
0.024902000004658476, 95, 35412.0, 1.171
0.020813000010093674, 96, 35412.0, 1.171
0.02113120000285562, 97, 35412.0, 1.171
0.02141499999561347, 98, 35412.0, 1.171
0.02162500000849832, 99, 35412.0, 1.171
0.02087039999605622, 100, 35412.0, 1.171
0.021131599991349503, 101, 35412.0, 1.171
0.02095410000765696, 102, 35412.0, 1.171
0.022841300000436604, 103, 35412.0, 1.171
0.02574119999189861, 104, 35412.0, 1.171
0.01984660000016447, 105, 35412.0, 1.171
0.021181100004469045, 106, 35412.0, 1.171
0.0205736999923829, 107, 35412.0, 1.171
0.022018599993316457, 108, 35412.0, 1.171
0.019843100002617575, 109, 35412.0, 1.171
0.021783400006825104, 110, 35412.0, 1.171
0.019857400009641424, 111, 35412.0, 1.171
0.02072990000306163, 112, 35412.0, 1.171
0.021816099993884563, 113, 35412.0, 1.171
0.020632100000511855, 114, 35412.0, 1.171
0.02193200000328943, 115, 35412.0, 1.171
0.023432299989508465, 116, 35412.0, 1.171
0.019814100000075996, 117, 35412.0, 1.171
0.022645599994575605, 118, 35412.0, 1.171
0.0221898999880068, 119, 35412.0, 1.171
0.021507600002223626, 120, 35412.0, 1.171
0.023888100011390634, 121, 35412.0, 1.171

tour:
[225 213 177 195 182 176 164 157 156 150 142 140 123 117 108 110 103 102
  93  90  91  92  88  87  89  74  75  76  78  95  81  82  79  80  77  73
  70  71  72  69  67  68  66  65  19  18  17  16  15  14  13  12  11   7
   6  10   9   8   5   4   3   1   0   2  51  50  47  48  49  43  42  45
  46  44  41  40  21  22  23  32  33  34  35  37  36  39  38  31  30  29
  28  27  26  25 398 391 384 422 421 428  24 456 461 463 465 462 460 457
 442 430 396 389 410 397 390 381 333 341 368 369 370 357 348 349 336 322
 317 329 342 356 367 363 376 380 395 388 408 423 431 424 432 443 444 458
 459 464 466 467 468 469 470 471 472 480 482 449 448 447 446 445 433 434
 435 436 437 450 438 451 452 439 440 453 454 441 455 485 479 477 476 473
 474 475 478 481 487 486 484 483 492 491 490 361 334 371 347 394 427 489
 426 429 488 425 420 400 393 378 383 372 365 360 353 346 338 331 327 319
 315 306 314 301 287 274 273 269 238 253 264 252 251 231 236 250 249 248
 247 246 245 258 259 260 261 262 263 286 299 302 307 295 285 284 283 282
 281 280 279 290 291 292 293 294 311 312 321 328 358 374 355 339 343 330
 318 310 323 335 350 354 362 366 375 379 387 409 419 418 401 386 402 417
 416 403 404 415 405 414 413 406 407 412 411 399 382 392 385 377 373 364
 359 352 345 337 332 326 320 305 313 308 289 278 288 255 241 242 243 256
 257 244 237 232 226 227 228 233 240 266 270 272 277 298 303 309 316 324
 340 351 344 325 296 275 271 267 254 297 304 276 239 208 215 209 224 265
 300 268 234 223  20  64  54  53  55  52  56  57  58  59  60  61  62  83
  84  85  63  86 115 105  98  96  97 100 106 116 118 112 111 107 104  99
  94 101 109 113 114 119 122 126 136 134 130 132 133 129 137 139 141 143
 149 147 146 155 165 166 161 159 158 153 151 144 145 135 128 131 124 125
 120 121 127 138 148 154 160 162 169 172 170 174 180 189 200 175 173 179
 193 185 188 184 178 197 196 214 221 229 235 230 222 217 210 205 207 211
 216 212 218 220 219 206 202 201 183 181 171 168 152 163 167 186 190 203
 199 191 187 192 194 198 204]

eliteFit: 35412.0
percentError: 1.1713616364779156
computationTime: 3.960s