instanceName: d493
n: 493
optFit: 35002

genTime, gen, eliteFit, percentError:
0.0004228999896440655, 0, 429293.0, 1126.481
0.12666979999630712, 1, 37456.0, 7.011
0.07761459999892395, 2, 36930.0, 5.508
0.0754875999991782, 3, 36687.0, 4.814
0.08170730000711046, 4, 36546.0, 4.411
0.0736112000013236, 5, 36124.0, 3.206
0.07420220000494737, 6, 36118.0, 3.188
0.07122030000027735, 7, 36043.0, 2.974
0.07111920000170358, 8, 36011.0, 2.883
0.06374510000750888, 9, 35899.0, 2.563
0.06724279999616556, 10, 35854.0, 2.434
0.06766320001042914, 11, 35781.0, 2.226
0.05878889998712111, 12, 35781.0, 2.226
0.050750299997162074, 13, 35781.0, 2.226
0.050554000001284294, 14, 35742.0, 2.114
0.05335440000635572, 15, 35675.0, 1.923
0.054422400004114024, 16, 35675.0, 1.923
0.053941699996357784, 17, 35637.0, 1.814
0.05622640000365209, 18, 35621.0, 1.768
0.049044999992474914, 19, 35577.0, 1.643
0.03620770000270568, 20, 35542.0, 1.543
0.026356000002124347, 21, 35542.0, 1.543
0.03640879999147728, 22, 35507.0, 1.443
0.043250800008536316, 23, 35507.0, 1.443
0.04969399998662993, 24, 35496.0, 1.411
0.04078999999910593, 25, 35496.0, 1.411
0.024648999999044463, 26, 35494.0, 1.406
0.028020900004776195, 27, 35491.0, 1.397
0.026995300009730272, 28, 35490.0, 1.394
0.025449799999478273, 29, 35490.0, 1.394
0.027523299999302253, 30, 35490.0, 1.394
0.02849870000500232, 31, 35486.0, 1.383
0.02529829999548383, 32, 35486.0, 1.383
0.026845599990338087, 33, 35486.0, 1.383
0.02332939999178052, 34, 35486.0, 1.383
0.021492800005944446, 35, 35486.0, 1.383
0.02088119999098126, 36, 35486.0, 1.383
0.026513000004342757, 37, 35486.0, 1.383
0.02074910000374075, 38, 35486.0, 1.383
0.021275699997204356, 39, 35486.0, 1.383
0.02408810000633821, 40, 35486.0, 1.383
0.02083299998776056, 41, 35486.0, 1.383
0.021164699996006675, 42, 35486.0, 1.383
0.029560399998445064, 43, 35480.0, 1.366
0.02123270000447519, 44, 35480.0, 1.366
0.024150099998223595, 45, 35480.0, 1.366
0.02239230000122916, 46, 35480.0, 1.366
0.022345799996401183, 47, 35480.0, 1.366
0.021999799995683134, 48, 35480.0, 1.366
0.02109829999972135, 49, 35480.0, 1.366
0.020791200004168786, 50, 35480.0, 1.366
0.021754000001237728, 51, 35480.0, 1.366
0.02806579999742098, 52, 35480.0, 1.366
0.023095699987607077, 53, 35480.0, 1.366
0.02039780000632163, 54, 35475.0, 1.351
0.02097880000656005, 55, 35475.0, 1.351
0.021115399998961948, 56, 35475.0, 1.351
0.03775329999916721, 57, 35475.0, 1.351
0.024187600007280707, 58, 35475.0, 1.351
0.02074180000636261, 59, 35475.0, 1.351
0.02472210000269115, 60, 35475.0, 1.351
0.02451610000571236, 61, 35475.0, 1.351
0.022726600000169128, 62, 35471.0, 1.340
0.021713299996918067, 63, 35471.0, 1.340
0.026712499995483086, 64, 35471.0, 1.340
0.02311129998997785, 65, 35471.0, 1.340
0.019436800008406863, 66, 35471.0, 1.340
0.019543400005204603, 67, 35471.0, 1.340
0.022747399998479523, 68, 35471.0, 1.340
0.026287199987564236, 69, 35471.0, 1.340
0.023616500009666197, 70, 35471.0, 1.340
0.02167820000613574, 71, 35471.0, 1.340
0.020135900005698204, 72, 35471.0, 1.340
0.026134999992791563, 73, 35471.0, 1.340
0.022816299999249168, 74, 35471.0, 1.340
0.028031299996655434, 75, 35471.0, 1.340
0.021868700001505204, 76, 35471.0, 1.340
0.02400889999989886, 77, 35455.0, 1.294
0.0216255999985151, 78, 35455.0, 1.294
0.023463499994250014, 79, 35453.0, 1.288
0.022563699996680953, 80, 35453.0, 1.288
0.023763000004692003, 81, 35453.0, 1.288
0.021123400001670234, 82, 35453.0, 1.288
0.026320999997551553, 83, 35453.0, 1.288
0.02663860000029672, 84, 35453.0, 1.288
0.021825799994985573, 85, 35453.0, 1.288
0.021306599999661557, 86, 35453.0, 1.288
0.02017119999800343, 87, 35453.0, 1.288
0.022284699996816926, 88, 35453.0, 1.288
0.024077900001429953, 89, 35453.0, 1.288
0.02064560000144411, 90, 35453.0, 1.288
0.02346279998891987, 91, 35453.0, 1.288
0.024540700003854, 92, 35453.0, 1.288
0.021082000006572343, 93, 35453.0, 1.288
0.020980400004191324, 94, 35453.0, 1.288
0.022179300009156577, 95, 35453.0, 1.288
0.022044900004402734, 96, 35453.0, 1.288
0.020809599998756312, 97, 35453.0, 1.288
0.019648599991342053, 98, 35453.0, 1.288
0.0324444999860134, 99, 35453.0, 1.288
0.01948400000401307, 100, 35453.0, 1.288
0.02306510000198614, 101, 35453.0, 1.288
0.020809599998756312, 102, 35453.0, 1.288
0.024818499994580634, 103, 35453.0, 1.288
0.019510199999785982, 104, 35453.0, 1.288
0.02249759998812806, 105, 35453.0, 1.288
0.023498800001107156, 106, 35453.0, 1.288
0.020498900004895404, 107, 35453.0, 1.288
0.021977700002025813, 108, 35453.0, 1.288
0.023873400001320988, 109, 35453.0, 1.288
0.023111500006052665, 110, 35453.0, 1.288
0.0282158000045456, 111, 35453.0, 1.288
0.024310499997227453, 112, 35453.0, 1.288
0.022051100007956848, 113, 35453.0, 1.288
0.020611799991456792, 114, 35453.0, 1.288
0.023011799989035353, 115, 35453.0, 1.288
0.02494420000584796, 116, 35453.0, 1.288
0.024299400000018068, 117, 35453.0, 1.288
0.021093899995321408, 118, 35453.0, 1.288
0.021467300000949763, 119, 35453.0, 1.288
0.022902599986991845, 120, 35453.0, 1.288
0.023193500004708767, 121, 35453.0, 1.288
0.019780999995418824, 122, 35453.0, 1.288
0.024337299997569062, 123, 35453.0, 1.288
0.030471000005491078, 124, 35453.0, 1.288
0.029553999993368052, 125, 35453.0, 1.288
0.024693800005479716, 126, 35453.0, 1.288
0.02181160000327509, 127, 35453.0, 1.288
0.023694899995462038, 128, 35453.0, 1.288
0.021546699994360097, 129, 35453.0, 1.288

tour:
[ 47  50  51   2   0   1   3   4   5   8   9  10   6   7  11  18  17  16
  15  14  13  12  52  56  55  53  54  57  58  59  64 138 127 121 120 125
 124 131 128 135 144 151 153 154 148 160 162 169 172 170 174 180 189 200
 175 173 179 193 185 188 184 178 165 166 161 158 159 155 145 146 147 149
 143 141 139 137 129 133 132 130 134 136 126 122 119 114 113 109 101  94
  99 104 107 111 112 118 116 106 100  97  96  98 105 115  86  63  85  84
  83  62  61  60  19  65  66  68  67  69  71  70  72  73  77  80  79  82
  81  95  78  75  74  76  89  87  88  92  91  90  93 102 103 110 108 117
 123 140 152 163 167 186 190 187 191 199 203 204 198 194 192 195 182 176
 164 157 142 150 156 177 213 225 269 274 273 264 252 253 238 231 236 251
 263 250 262 249 261 248 260 259 247 246 258 257 245 244 237 232 226 227
 228 233 241 255 242 243 256 278 288 305 303 317 329 342 356 367 380 395
 408 388 376 363 357 348 349 336 322 309 298 277 272 270 266 240 230 222
 217 210 205 207 211 216 212 218 220 219 206 202 201 183 181 168 171 196
 197 214 221 229 235 271 275 296 316 324 340 351 344 325 341 333 381 390
 397 368 369 370 396 389 410 457 460 442 430 431 423 424 432 443 459 458
 444 445 433 446 447 448 436 435 434 413 414 406 407 412 411 399 392 385
 377 382 373 359 345 332 320 313 308 289 279 290 280 281 291 292 282 283
 293 294 311 312 321 328 326 337 352 364 358 374 355 339 343 330 318 302
 307 295 284 285 286 299 310 323 335 350 354 366 379 386 401 402 403 404
 405 415 416 417 418 419 409 387 375 362 365 353 338 327 314 301 287 306
 315 319 331 346 360 372 378 393 383 400 420 425 429 488 489 426 427 394
 347 371 334 361 490 491 492 483 484 486 487 481 478 475 474 473 476 477
 479 485 455 441 454 453 440 452 451 439 438 450 437 449 482 480 472 471
 470 469 468 467 466 464 462 465 463 461 456  24 428 421 422  25 398 391
 384 304 276 297 267 254 239 208 215 224 209  20 223 234 265 268 300  21
  22  23  30  29  28  26  27  31  32  33  38  39  36  37  35  34  40  41
  44  46  45  42  43  49  48]

eliteFit: 35453.0
percentError: 1.288497800125707
computationTime: 4.025s