instanceName: eil51
n: 51
optFit: 426

genTime, gen, eliteFit, percentError:
8.47999908728525e-05, 0, 1381.0, 224.178
0.0013784999900963157, 1, 432.0, 1.408
0.0010372999968240038, 2, 430.0, 0.939
0.0007048000115901232, 3, 428.0, 0.469
0.0007259999983943999, 4, 428.0, 0.469
0.0007206000009318814, 5, 426.0, 0.000

tour:
[ 9 48  8 29 33 49 15 20 28  1 19 34 35  2 27 30 25  7 21  0 31 10 37  4
 36 16  3 17 46 11 45 50 26  5 47 22  6 42 23 13 24 12 40 39 18 41 43 14
 44 32 38]

eliteFit: 426.0
percentError: 0.0
computationTime: 0.008s