instanceName: eil51
n: 51
optFit: 426

genTime, gen, eliteFit, percentError:
9.469999349676073e-05, 0, 1420.0, 233.333
0.001990999997360632, 1, 428.0, 0.469
0.0007792999967932701, 2, 427.0, 0.235
0.0007372000109171495, 3, 427.0, 0.235
0.0007063999946694821, 4, 427.0, 0.235
0.0012953999976161867, 5, 427.0, 0.235
0.0006523999909404665, 6, 427.0, 0.235
0.0003934999986086041, 7, 427.0, 0.235
0.00042070000199601054, 8, 427.0, 0.235
0.00041449999844189733, 9, 427.0, 0.235
0.0004377000004751608, 10, 427.0, 0.235
0.00037059999885968864, 11, 427.0, 0.235
0.0006545000069309026, 12, 427.0, 0.235
0.0005950999911874533, 13, 427.0, 0.235
0.00043479999294504523, 14, 427.0, 0.235
0.000397100011468865, 15, 427.0, 0.235
0.00042779999785125256, 16, 427.0, 0.235
0.00041110000165645033, 17, 427.0, 0.235
0.0004415000003064051, 18, 427.0, 0.235
0.0006688999856123701, 19, 427.0, 0.235
0.0005348999984562397, 20, 427.0, 0.235
0.0004101999948034063, 21, 427.0, 0.235
0.0004383000050438568, 22, 427.0, 0.235
0.0003966999938711524, 23, 427.0, 0.235
0.0004393999988678843, 24, 427.0, 0.235
0.0004011999990325421, 25, 427.0, 0.235
0.0007786999922245741, 26, 427.0, 0.235
0.0005218000005697832, 27, 427.0, 0.235
0.0005633999971905723, 28, 427.0, 0.235
0.00039059999107848853, 29, 427.0, 0.235
0.0004228000034345314, 30, 427.0, 0.235
0.00041149999015033245, 31, 427.0, 0.235
0.0003802999999606982, 32, 427.0, 0.235
0.0004349999944679439, 33, 427.0, 0.235
0.0007992000028025359, 34, 427.0, 0.235
0.0005074000073364004, 35, 427.0, 0.235
0.0004133000038564205, 36, 427.0, 0.235
0.00040180000360123813, 37, 427.0, 0.235
0.00042290000419598073, 38, 427.0, 0.235
0.000375000003259629, 39, 427.0, 0.235
0.00043200000072829425, 40, 427.0, 0.235
0.00040869999793358147, 41, 427.0, 0.235
0.0007805000059306622, 42, 427.0, 0.235
0.0006274999905144796, 43, 427.0, 0.235
0.0003961999900639057, 44, 427.0, 0.235
0.0005576999974437058, 45, 427.0, 0.235
0.0003875999973388389, 46, 427.0, 0.235
0.0004599999956553802, 47, 427.0, 0.235
0.0004015000013168901, 48, 427.0, 0.235
0.0008329999982379377, 49, 427.0, 0.235
0.0005696000007446855, 50, 427.0, 0.235
0.00040070000977721065, 51, 427.0, 0.235
0.0004538999928627163, 52, 427.0, 0.235

tour:
[20 28 19 34 35  2 27 30  7 25  6 42 23 22 47  5 26 50 45 11 46  3 17 13
 24 12 40 18 39 41 43 16 36 14 44 32 38  9 29  8 48  4 37 10 31  0 21  1
 15 49 33]

eliteFit: 427.0
percentError: 0.2347417840375587
computationTime: 0.054s