instanceName: eil51
n: 51
optFit: 426

genTime, gen, eliteFit, percentError:
0.0001581999968038872, 0, 1434.0, 236.620
0.0018005999882007018, 1, 434.0, 1.878
0.0006887000054121017, 2, 429.0, 0.704
0.0007210999901872128, 3, 429.0, 0.704
0.0007309000066015869, 4, 428.0, 0.469
0.0011839000071631745, 5, 428.0, 0.469
0.000934299998334609, 6, 428.0, 0.469
0.0006182999932207167, 7, 427.0, 0.235
0.0006394000083673745, 8, 427.0, 0.235
0.0006261999951675534, 9, 427.0, 0.235
0.0008892999903764576, 10, 427.0, 0.235
0.0009560000034980476, 11, 426.0, 0.000

tour:
[49 33 29  8 48  9 38 32 44 14 43 41 18 39 40 12 24 13 23 42  6 22 47  5
 26 50 45 11 46 17  3 16 36  4 37 10 31  0 21  7 25 30 27  2 35 34 19  1
 28 20 15]

eliteFit: 426.0
percentError: 0.0
computationTime: 0.017s