instanceName: u159
n: 159
optFit: 42080

genTime, gen, eliteFit, percentError:
0.00015700000221841037, 0, 411172.0, 877.120
0.011529700015671551, 1, 43879.0, 4.275
0.007272899994859472, 2, 43430.0, 3.208
0.006767799990484491, 3, 42963.0, 2.098
0.008036699990043417, 4, 42688.0, 1.445
0.006275300023844466, 5, 42577.0, 1.181
0.00870589999249205, 6, 42254.0, 0.413
0.006218199996510521, 7, 42254.0, 0.413
0.007020599994575605, 8, 42239.0, 0.378
0.005799500009743497, 9, 42080.0, 0.000

tour:
[143 142 141 140 138 139 137 136 135 134 132 133 131 130 127 126 125 124
 128 123 129 122 121 120 119 118 117 116 115 114 113 112 111 110 109 108
 107  92  91  90  89  88  93  87  86  95  94 106 105 104 103 102 101 100
  99  98  97  96  85  84  83  82  81  80  79  78  77  76  75  74  73  72
  71  70  69  68  67  66  65  64  63  62  61  60  59  58  57  56  55  54
  53  52  51  50  49  48  47  46  45  44  43  42  41  40  39  38  37  35
  36  34  33  32  31  30  29  28  27  26  25  24  23  22  21  20  19  18
  17  16  15  14  13  12  10  11   9   8   7   6 151 152   5   4   3   1
   2   0 158 157 156 155 154 153 150 149 147 148 146 145 144]

eliteFit: 42080.0
percentError: 0.0
computationTime: 0.073s