instanceName: lin105
n: 105
optFit: 14379

genTime, gen, eliteFit, percentError:
0.00013609998859465122, 0, 107896.0, 650.372
0.005312099994625896, 1, 14630.0, 1.746
0.0028599999932339415, 2, 14467.0, 0.612
0.0032722000032663345, 3, 14447.0, 0.473
0.0030939999996917322, 4, 14401.0, 0.153
0.0028358999988995492, 5, 14401.0, 0.153
0.002870600001187995, 6, 14401.0, 0.153
0.002956399999675341, 7, 14379.0, 0.000

tour:
[ 64  60  59  38  37  34  33  13  12   3   4   8   7   2   0   1   5   6
   9  10  14 102  20  21  28  29  30  31  32  27  22  19  11  18  23  26
  15  16  17  24  25  35  36  41  40  42  45  51  52  57  56  53  50  46
  43 103  39  48  44  47  49  54  55  58 104  61  62  69  68  73  74  80
  72  75  79  85  78  76  71  63  66  67  70  77  81  82  83  84  90  91
  95  96 100 101  92  88  89  97  98  99  94  93  87  86  65]

eliteFit: 14379.0
percentError: 0.0
computationTime: 0.028s