instanceName: lin105
n: 105
optFit: 14379

genTime, gen, eliteFit, percentError:
0.00012939999578520656, 0, 106583.0, 641.241
0.005660199996782467, 1, 14563.0, 1.280
0.0033589999948162585, 2, 14520.0, 0.981
0.0033496999967610464, 3, 14497.0, 0.821
0.003598800001782365, 4, 14448.0, 0.480
0.0026917000068351626, 5, 14448.0, 0.480
0.0036395000061020255, 6, 14379.0, 0.000

tour:
[ 36  35  25  24  17  16  15  26  23  18  11  19  22  27  32  31  30  29
  28  21  20 102  14  10   9   6   5   1   0   2   7   8   4   3  12  13
  33  34  37  38  59  60  64  65  86  87  93  94  99  98  97  89  88  92
 101 100  96  95  91  90  84  83  82  81  77  70  67  66  63  71  76  78
  85  79  75  72  80  74  73  68  69  62  61 104  58  55  54  49  47  44
  48  39 103  43  46  50  53  56  57  52  51  45  42  40  41]

eliteFit: 14379.0
percentError: 0.0
computationTime: 0.026s