instanceName: pcb1173
n: 1173
optFit: 56892

genTime, gen, eliteFit, percentError:
0.0013189000019337982, 0, 1368339.0, 2305.152
0.8121868000016548, 1, 63416.0, 11.467
0.48737299999629613, 2, 62581.0, 10.000
0.4691979000053834, 3, 62258.0, 9.432
0.4877989000087837, 4, 62069.0, 9.100
0.5110751000029268, 5, 61650.0, 8.363
0.49181079999834765, 6, 61195.0, 7.563
0.5174334999901475, 7, 60881.0, 7.012
0.5086977000028128, 8, 60881.0, 7.012
0.4926345999992918, 9, 60721.0, 6.730
0.4995823999925051, 10, 60509.0, 6.358
0.4849448000022676, 11, 60509.0, 6.358
0.47135019999404904, 12, 60473.0, 6.294
0.4499560999975074, 13, 60340.0, 6.061
0.49118430000089575, 14, 59925.0, 5.331
0.4284183999989182, 15, 59925.0, 5.331
0.48436360000050627, 16, 59925.0, 5.331
0.414318800001638, 17, 59757.0, 5.036
0.43233609999879263, 18, 59662.0, 4.869
0.41484770001261495, 19, 59530.0, 4.637
0.4233367000124417, 20, 59510.0, 4.602
0.3595121999969706, 21, 59449.0, 4.494
0.330076199999894, 22, 59444.0, 4.486
0.3555661999998847, 23, 59390.0, 4.391
0.34451460000127554, 24, 59220.0, 4.092
0.3875065000029281, 25, 59220.0, 4.092
0.38683649999438785, 26, 59116.0, 3.909
0.33391040000424255, 27, 59060.0, 3.811
0.39425219999975525, 28, 59060.0, 3.811
0.40512960001069587, 29, 59001.0, 3.707
0.37683920000563376, 30, 58994.0, 3.695
0.3058778999984497, 31, 58933.0, 3.587
0.2920332999929087, 32, 58911.0, 3.549
0.27527769999869633, 33, 58872.0, 3.480
0.33521879999898374, 34, 58852.0, 3.445
0.2488240999955451, 35, 58820.0, 3.389
0.25423559999035206, 36, 58820.0, 3.389
0.31194590000086464, 37, 58790.0, 3.336
0.2825687000004109, 38, 58766.0, 3.294
0.25175290000333916, 39, 58719.0, 3.211
0.24104029999580234, 40, 58706.0, 3.188
0.1828889999887906, 41, 58705.0, 3.187
0.20863350000581704, 42, 58677.0, 3.138
0.14340039998933207, 43, 58677.0, 3.138
0.136565699998755, 44, 58670.0, 3.125
0.12444549999781884, 45, 58670.0, 3.125
0.11799310000787955, 46, 58649.0, 3.088
0.1370664999994915, 47, 58649.0, 3.088
0.1325721000030171, 48, 58648.0, 3.087
0.12059020000742748, 49, 58640.0, 3.072
0.12928009999450296, 50, 58639.0, 3.071
0.12163750000763685, 51, 58609.0, 3.018
0.11254019998887088, 52, 58609.0, 3.018
0.1458392000058666, 53, 58609.0, 3.018
0.16333270000177436, 54, 58609.0, 3.018
0.1300001999916276, 55, 58609.0, 3.018
0.11192270000174176, 56, 58609.0, 3.018
0.11220119999779854, 57, 58609.0, 3.018
0.13329729999531992, 58, 58591.0, 2.986
0.11202669999329373, 59, 58591.0, 2.986
0.12900729999819305, 60, 58591.0, 2.986
0.11325340000621509, 61, 58591.0, 2.986
0.13857939999434166, 62, 58573.0, 2.955
0.12908400000014808, 63, 58573.0, 2.955
0.1390261000051396, 64, 58573.0, 2.955
0.12391769999521784, 65, 58573.0, 2.955
0.13122860000294168, 66, 58573.0, 2.955
0.11521560000255704, 67, 58573.0, 2.955
0.1444224999868311, 68, 58573.0, 2.955
0.12847139999212231, 69, 58573.0, 2.955
0.12391029999707825, 70, 58573.0, 2.955
0.122062200010987, 71, 58573.0, 2.955
0.12097950000315905, 72, 58573.0, 2.955
0.11431350000202656, 73, 58573.0, 2.955
0.117430800004513, 74, 58573.0, 2.955
0.11548340000445023, 75, 58573.0, 2.955
0.12107400000968482, 76, 58573.0, 2.955
0.12482919999456499, 77, 58573.0, 2.955
0.12338389999058563, 78, 58563.0, 2.937
0.1338069000048563, 79, 58563.0, 2.937
0.1474434999981895, 80, 58563.0, 2.937
0.12426229999982752, 81, 58563.0, 2.937
0.17257539999263827, 82, 58563.0, 2.937
0.11728069999662694, 83, 58563.0, 2.937
0.11973849999776576, 84, 58563.0, 2.937
0.15188729998772033, 85, 58543.0, 2.902
0.1370214000053238, 86, 58543.0, 2.902
0.1397655000037048, 87, 58543.0, 2.902
0.157897299999604, 88, 58543.0, 2.902
0.13017380000383127, 89, 58543.0, 2.902
0.13642280000203755, 90, 58543.0, 2.902
0.10782249999465421, 91, 58543.0, 2.902
0.13411459999042563, 92, 58543.0, 2.902
0.12924219999695197, 93, 58543.0, 2.902
0.11570779999601655, 94, 58543.0, 2.902
0.1737144999933662, 95, 58543.0, 2.902
0.1309484999947017, 96, 58543.0, 2.902
0.12368079999578185, 97, 58542.0, 2.900
0.1322785000083968, 98, 58542.0, 2.900
0.13594979999470524, 99, 58542.0, 2.900
0.12719949999882374, 100, 58542.0, 2.900
0.12174449999292847, 101, 58542.0, 2.900
0.1398674999945797, 102, 58542.0, 2.900
0.16300719999708235, 103, 58542.0, 2.900
0.13412650000827853, 104, 58542.0, 2.900
0.15382939999108203, 105, 58542.0, 2.900
0.12305510000442155, 106, 58542.0, 2.900
0.14374620000307914, 107, 58527.0, 2.874
0.13753029999497812, 108, 58527.0, 2.874
0.16646439999749418, 109, 58519.0, 2.860
0.16572350000205915, 110, 58497.0, 2.821
0.1734063000039896, 111, 58497.0, 2.821
0.14033539999218192, 112, 58497.0, 2.821
0.14712900000449736, 113, 58497.0, 2.821
0.12947079999139532, 114, 58497.0, 2.821
0.12123999999312218, 115, 58494.0, 2.816
0.18031369999516755, 116, 58494.0, 2.816
0.12739670000155456, 117, 58494.0, 2.816
0.14297919999808073, 118, 58450.0, 2.739
0.12847759999567643, 119, 58450.0, 2.739
0.14990140000008978, 120, 58450.0, 2.739
0.12311000000045169, 121, 58450.0, 2.739
0.12678950000554323, 122, 58450.0, 2.739
0.13098249999166, 123, 58450.0, 2.739
0.13910970000142697, 124, 58450.0, 2.739
0.1259169999975711, 125, 58450.0, 2.739
0.13613149999582674, 126, 58450.0, 2.739
0.1345246999990195, 127, 58450.0, 2.739
0.11993099999381229, 128, 58450.0, 2.739
0.14119809999829158, 129, 58450.0, 2.739
0.13573619999806397, 130, 58450.0, 2.739
0.14685170000302605, 131, 58450.0, 2.739
0.11912509999820031, 132, 58450.0, 2.739
0.13638369999534916, 133, 58440.0, 2.721
0.15731149999191985, 134, 58440.0, 2.721
0.14089500000409316, 135, 58402.0, 2.654
0.1886812999873655, 136, 58402.0, 2.654
0.13242059999902267, 137, 58402.0, 2.654
0.13568739999027457, 138, 58402.0, 2.654
0.12688890000572428, 139, 58402.0, 2.654
0.11129879999498371, 140, 58402.0, 2.654
0.12517620000289753, 141, 58402.0, 2.654
0.13061749999178573, 142, 58402.0, 2.654
0.13008129999798257, 143, 58402.0, 2.654
0.11516549999942072, 144, 58402.0, 2.654
0.14869940000062343, 145, 58402.0, 2.654
0.11522160000458825, 146, 58402.0, 2.654
0.1309149000007892, 147, 58402.0, 2.654
0.13381610000215005, 148, 58402.0, 2.654
0.1365866999985883, 149, 58402.0, 2.654
0.120747000008123, 150, 58370.0, 2.598
0.13917370000854135, 151, 58370.0, 2.598
0.11872769999899901, 152, 58370.0, 2.598
0.1396719999902416, 153, 58370.0, 2.598
0.11887920000299346, 154, 58370.0, 2.598
0.13285809999797493, 155, 58370.0, 2.598
0.14662800000223797, 156, 58370.0, 2.598
0.12576870000339113, 157, 58370.0, 2.598
0.11140770000929479, 158, 58370.0, 2.598
0.1279969000024721, 159, 58370.0, 2.598
0.13867640000535175, 160, 58370.0, 2.598
0.1486282999976538, 161, 58370.0, 2.598
0.11800220000441186, 162, 58370.0, 2.598
0.15459579999151174, 163, 58370.0, 2.598
0.1325327000085963, 164, 58370.0, 2.598
0.1310436999920057, 165, 58370.0, 2.598
0.12040600000182167, 166, 58370.0, 2.598
0.15225529999588616, 167, 58370.0, 2.598
0.11698430000978988, 168, 58370.0, 2.598
0.1290387000044575, 169, 58365.0, 2.589
0.1719152000005124, 170, 58343.0, 2.550
0.18122159999620635, 171, 58343.0, 2.550
0.1858734999987064, 172, 58343.0, 2.550
0.14668299999902956, 173, 58343.0, 2.550
0.15333169999939855, 174, 58343.0, 2.550
0.14156929998716805, 175, 58336.0, 2.538
0.10816099999647122, 176, 58336.0, 2.538
0.12507780001033098, 177, 58314.0, 2.499
0.14637360000051558, 178, 58314.0, 2.499
0.10943810000026133, 179, 58313.0, 2.498
0.11625869999988936, 180, 58313.0, 2.498
0.1075769000017317, 181, 58313.0, 2.498
0.11566320000565611, 182, 58313.0, 2.498
0.13188980000268202, 183, 58313.0, 2.498
0.14449799999420065, 184, 58313.0, 2.498
0.1147140999964904, 185, 58313.0, 2.498
0.13573300000280142, 186, 58313.0, 2.498
0.11728759999095928, 187, 58313.0, 2.498
0.14552540000295267, 188, 58313.0, 2.498
0.14067170000635087, 189, 58313.0, 2.498
0.1368120999977691, 190, 58313.0, 2.498
0.12916490000498015, 191, 58313.0, 2.498
0.127794800006086, 192, 58313.0, 2.498
0.11341760000505019, 193, 58313.0, 2.498
0.1353201000019908, 194, 58313.0, 2.498
0.145752900003572, 195, 58313.0, 2.498
0.12842449999880046, 196, 58313.0, 2.498
0.11944330000551417, 197, 58313.0, 2.498
0.11213439999846742, 198, 58313.0, 2.498
0.12330360000487417, 199, 58313.0, 2.498
0.12081739999121055, 200, 58313.0, 2.498
0.11768390001088846, 201, 58313.0, 2.498
0.14006839999638032, 202, 58313.0, 2.498
0.12324329999682959, 203, 58313.0, 2.498
0.137558699992951, 204, 58313.0, 2.498
0.12673370000266004, 205, 58313.0, 2.498
0.11991910000506323, 206, 58313.0, 2.498
0.1292585000046529, 207, 58313.0, 2.498
0.14175590001104865, 208, 58313.0, 2.498
0.13735630000883248, 209, 58313.0, 2.498
0.12267050000082236, 210, 58313.0, 2.498
0.12257320000207983, 211, 58313.0, 2.498
0.12620769999921322, 212, 58313.0, 2.498
0.1356726000085473, 213, 58313.0, 2.498
0.16511180000088643, 214, 58313.0, 2.498
0.1415798999951221, 215, 58313.0, 2.498
0.15313530000275932, 216, 58313.0, 2.498
0.14412040000024717, 217, 58265.0, 2.413
0.1452819999976782, 218, 58265.0, 2.413
0.19582160000572912, 219, 58265.0, 2.413
0.21664840000448748, 220, 58265.0, 2.413
0.13129060000937898, 221, 58265.0, 2.413
0.1091755999950692, 222, 58265.0, 2.413
0.15704120000009425, 223, 58265.0, 2.413
0.12154269999882672, 224, 58265.0, 2.413
0.12685900001088157, 225, 58265.0, 2.413
0.147062799995183, 226, 58265.0, 2.413
0.11871089998749085, 227, 58265.0, 2.413
0.11530279999715276, 228, 58265.0, 2.413
0.12335659998643678, 229, 58265.0, 2.413
0.15561139999772422, 230, 58265.0, 2.413
0.1064706000033766, 231, 58265.0, 2.413
0.11618169999564998, 232, 58265.0, 2.413
0.13489100000879262, 233, 58265.0, 2.413
0.1250553999998374, 234, 58265.0, 2.413
0.11991420001140796, 235, 58265.0, 2.413
0.11293319999822415, 236, 58265.0, 2.413
0.10758900000655558, 237, 58265.0, 2.413
0.12526830000570044, 238, 58265.0, 2.413
0.1279206999897724, 239, 58265.0, 2.413
0.12303060000704136, 240, 58265.0, 2.413
0.12699640000937507, 241, 58265.0, 2.413
0.1313475000060862, 242, 58265.0, 2.413
0.11404300000867806, 243, 58265.0, 2.413
0.14099449999048375, 244, 58191.0, 2.283
0.11547770000470337, 245, 58191.0, 2.283
0.1421321999951033, 246, 58191.0, 2.283
0.16164679999928921, 247, 58191.0, 2.283
0.13195039999845903, 248, 58191.0, 2.283
0.14779099999577738, 249, 58191.0, 2.283
0.15468050001072697, 250, 58191.0, 2.283
0.11179749999428168, 251, 58191.0, 2.283
0.12236290000146255, 252, 58191.0, 2.283
0.11776019999524578, 253, 58191.0, 2.283
0.13142400000651833, 254, 58191.0, 2.283
0.12443080000230111, 255, 58191.0, 2.283
0.1291775999998208, 256, 58191.0, 2.283
0.14013559999875724, 257, 58191.0, 2.283
0.12203470000531524, 258, 58191.0, 2.283
0.12828990000707563, 259, 58191.0, 2.283
0.13698959999601357, 260, 58191.0, 2.283
0.16337660000135656, 261, 58191.0, 2.283
0.14387089999218006, 262, 58191.0, 2.283
0.11686080000072252, 263, 58191.0, 2.283
0.13138910000270698, 264, 58191.0, 2.283
0.12099999999918509, 265, 58191.0, 2.283
0.12000759999500588, 266, 58191.0, 2.283
0.11714570000185631, 267, 58191.0, 2.283
0.13017050000780728, 268, 58185.0, 2.273
0.11904389999108389, 269, 58185.0, 2.273
0.11578400000871625, 270, 58185.0, 2.273
0.12617930000124034, 271, 58185.0, 2.273
0.11531340000510681, 272, 58185.0, 2.273
0.1378227999957744, 273, 58185.0, 2.273
0.12597209999512415, 274, 58185.0, 2.273
0.12137959999381565, 275, 58185.0, 2.273
0.13662360000307672, 276, 58185.0, 2.273
0.11995389999356121, 277, 58185.0, 2.273
0.1263327000051504, 278, 58177.0, 2.259
0.16450610000174493, 279, 58177.0, 2.259
0.22042519999376964, 280, 58172.0, 2.250
0.23175619999528863, 281, 58123.0, 2.164
0.21028790000127628, 282, 58123.0, 2.164
0.231693699999596, 283, 58112.0, 2.144
0.23076740000396967, 284, 58107.0, 2.136
0.3213454999931855, 285, 58098.0, 2.120
0.20243130000017118, 286, 58073.0, 2.076
0.22954260000551585, 287, 58065.0, 2.062
0.2575645000033546, 288, 58051.0, 2.037
0.2066941999946721, 289, 58046.0, 2.028
0.14311689999885857, 290, 58038.0, 2.014
0.15793119999580085, 291, 58033.0, 2.006
0.20324930000060704, 292, 58032.0, 2.004
0.19302919998881407, 293, 58028.0, 1.997
0.19812139999703504, 294, 58020.0, 1.983
0.24283289999584667, 295, 58014.0, 1.972
0.190048200005549, 296, 58011.0, 1.967
0.13781169999856502, 297, 58002.0, 1.951
0.18606379999255296, 298, 58002.0, 1.951
0.14264010000624694, 299, 58002.0, 1.951
0.1709495999966748, 300, 57991.0, 1.932
0.15988049999577925, 301, 57976.0, 1.905
0.16284190000442322, 302, 57966.0, 1.888
0.14123989999643527, 303, 57966.0, 1.888
0.14000379999924917, 304, 57966.0, 1.888
0.12036770000122488, 305, 57966.0, 1.888
0.1636852999945404, 306, 57966.0, 1.888
0.11507479999272618, 307, 57966.0, 1.888
0.15260739999939688, 308, 57966.0, 1.888
0.14431499999773223, 309, 57966.0, 1.888
0.11973449999641161, 310, 57966.0, 1.888
0.11562919999414589, 311, 57966.0, 1.888
0.1481377999880351, 312, 57966.0, 1.888
0.1949010999960592, 313, 57966.0, 1.888
0.15364399999089073, 314, 57966.0, 1.888
0.13639040000271052, 315, 57966.0, 1.888
0.15485210000770167, 316, 57966.0, 1.888
0.1239142999984324, 317, 57966.0, 1.888
0.12587399999029003, 318, 57966.0, 1.888
0.13030359998811036, 319, 57946.0, 1.853
0.14339270000346005, 320, 57876.0, 1.730
0.1545365999918431, 321, 57876.0, 1.730
0.1881823000003351, 322, 57876.0, 1.730
0.11515579999831971, 323, 57876.0, 1.730
0.11350179999135435, 324, 57876.0, 1.730
0.13298919999215286, 325, 57876.0, 1.730
0.14745080001011956, 326, 57876.0, 1.730
0.13180449999345, 327, 57876.0, 1.730
0.13182539999252185, 328, 57876.0, 1.730
0.14084570000704844, 329, 57876.0, 1.730
0.11867840000195429, 330, 57876.0, 1.730
0.13613420000183396, 331, 57876.0, 1.730
0.13418900000397116, 332, 57876.0, 1.730
0.12489750000531785, 333, 57876.0, 1.730
0.12190719999489374, 334, 57876.0, 1.730
0.1327583000093, 335, 57876.0, 1.730
0.13693330000387505, 336, 57876.0, 1.730
0.14798369999334682, 337, 57876.0, 1.730
0.14027679999708198, 338, 57876.0, 1.730
0.1472081999963848, 339, 57876.0, 1.730
0.12339649999921676, 340, 57876.0, 1.730
0.15329489999567159, 341, 57876.0, 1.730
0.11210980000032578, 342, 57876.0, 1.730
0.12188449999666773, 343, 57876.0, 1.730
0.11280039999110159, 344, 57876.0, 1.730
0.12787860000389628, 345, 57876.0, 1.730
0.12841259999549948, 346, 57876.0, 1.730
0.12559249998594169, 347, 57876.0, 1.730
0.13180110001121648, 348, 57876.0, 1.730
0.11222589999670163, 349, 57876.0, 1.730
0.13745209999615327, 350, 57876.0, 1.730
0.1285211999929743, 351, 57876.0, 1.730
0.11335569999937434, 352, 57876.0, 1.730
0.15612189999956172, 353, 57876.0, 1.730
0.11954400000104215, 354, 57876.0, 1.730
0.12220670000533573, 355, 57876.0, 1.730
0.12875370000256225, 356, 57876.0, 1.730
0.1460335000010673, 357, 57876.0, 1.730
0.12619629999971949, 358, 57876.0, 1.730
0.14691410001250915, 359, 57876.0, 1.730
0.128800799997407, 360, 57876.0, 1.730
0.12253639999835286, 361, 57876.0, 1.730
0.12936700000136625, 362, 57876.0, 1.730
0.1278057000017725, 363, 57876.0, 1.730
0.14063829999940936, 364, 57876.0, 1.730
0.12383469998894725, 365, 57876.0, 1.730
0.13153470000543166, 366, 57876.0, 1.730
0.13099819999479223, 367, 57876.0, 1.730
0.14385060001222882, 368, 57876.0, 1.730
0.1505299999989802, 369, 57876.0, 1.730
0.1448802000086289, 370, 57876.0, 1.730

tour:
[ 387  386  385  384  383  382  380  214  213  212  211  199  198  340
  350  351  352  353  354  370  567  369  368  367  562  563  564  565
  566  571  568  569  561  570  559  556  555  554  553  552  560  551
  550  548  547  537  538  539  536  540  541  546  542  543  544  549
  558  557  875  876  877  878  879  880  881  995 1022 1033 1048 1049
 1060 1061 1062 1063 1064 1057 1058 1066 1067 1065 1068 1069 1070 1059
 1071 1158 1159 1160 1161 1162 1163 1094 1164 1165 1166 1167 1168 1169
 1172 1171 1170 1155 1156 1137 1120 1121 1119 1118 1117 1110 1098 1099
 1097 1096  989  988  987  984  983  982  981  965  980  979  964  978
  977  976  986  990  975  963  949  935  934  938  948  947  946  945
  944  943  930  929  928  942  960  855  831  830  832  833  850  845
  846  851  852  847  848  849  854  853  856  966  967  968  961  969
  970  971  972  962  973  974  985  993 1072 1073 1074 1082 1075 1076
  992  991 1078 1079 1077 1081 1095 1090 1089 1088 1087 1086 1085 1093
 1084 1083 1091 1092 1104 1103 1100 1126 1124 1128 1127 1129 1130 1111
 1112 1105 1101 1106 1107 1108 1109 1102 1116 1115 1114 1113 1133 1140
 1134 1135 1136 1141 1145 1154 1153 1157 1152 1144 1150 1149 1143 1139
 1132 1131 1138 1142 1148 1151 1147 1122 1146 1123 1125 1044 1047 1056
 1055 1054 1046 1053 1052 1051 1050 1045 1042 1034 1035 1036 1037 1038
 1039 1043 1040 1041 1032 1030 1029 1028 1007 1012 1011 1017 1016 1018
 1019 1021 1020 1080 1013 1014 1015 1010 1009 1008 1002 1003 1004 1005
 1006 1027 1031 1026 1025 1024 1023  996 1001 1000  999  998  997  994
  864  863  865  872  874  873  871  870  869  866  868  867  545  528
  858  859  860  532  861  531  862  844  843  842  841  840  828  827
  819  818  497  482  481  480  479  478  483  477  476  475  474  473
  472  471  470  452  453  268  454  451  455  456  469  457  458  459
  460  461  468  467  462  464  463  466  465  710  769  777  778  779
  780  784  817  820  821  822  823  824  825  829  826  907  908  909
  910  911  912  931  932  933  927  913  914  915  916  936  917  937
  950  951  952  953  939  940  941  954  955  956  957  958  959  926
  925  924  923  922  921  920  919  918  800  801  799  802  803  804
  805  806  807  808  811  812  813  815  816  814  768  767  766  761
  762  763  809  810  758  757  756  748  753  752  751  750  749  730
  729  728  731  727  726  732  725  724  723  722  721  720  704  703
  702  701  700  699  698  706  707  708  716  717  718  719  735  736
  737  734  733  738  785  739  740  741  742  743  744  745  788  787
  798  797  796  795  786  794  793  792  791  790  789  775  773  772
  774  783  782  781  776  771  715  714  770  713  712  711  709  705
  697  696  695  694  449  448  447  446  450  445  444  443  442  441
  440  439  438  239  240  422  436  423  424  425  437  426  427  428
  429  430  431  432  433  434  435  615  616  617  618  619  620  621
  626  622  623  624  625  646  647  648  649  650  651  652  653  654
  655  656  657  658  659  679  678  680  681  682  683  684  685  686
  747  764  759  746  754  755  760  765  693  691  690  692  688  689
  687  666  665  664  667  668  669  676  670  661  671  672  673  677
  675  674  660  131  128  132  133  134  129  135  136  137  662  663
  138  139  127  118  126  117  125  124  123  122  121  120  119  116
  115  114  130  628  641  642  640  629  639  638  643  644  637  636
  635  634  630  633  645  632  631  614  613  612  611  603  610  609
  608  607  602  601  606  605  600  604  421  420  419  418  417  416
  415  414  413  412  411  410   39  238  237  236  235  234  233  232
  231   29   30   31   28   32   33   34   36   35   38   57   58   59
   60   61   62  407   63   64   55   65  408  409   67   56   84   85
   86   87   88   89   90   91   82   83   92   66   93   94  105  106
  107  108  109  104  110  111  112  113  627  103  102  101  100   99
   96   98   97   95   79   78   77   76   75   74   72   71   73   81
   80   70   69   68   54   50   49   48   53   47   46   45   52   44
   51   43   42   41   40   37   26   25   24   23   22   27   21   20
    8    7    6    5    4    3    2    1    0    9   10   11   19   18
   17   16   15   14   13   12  140  141  219  147  175  176  148  149
  177  207  206  205  204  203  202  201  200  229  230  228  227  226
  225  224  257  256  223  222  221  220  218  217  216  215  241  242
  243  244  245  246  247  248  249  250  251  252  255  253  254  258
  259  260  261  262  263  264  265  266  267  269  271  272  273  274
  275  276  270  277  278  279  280  281  282  283  284  285  286  287
  288  289  290  486  488  484  485  489  487  490  498  491  492  493
  494  495  496  499  500  510  509  508  507  506  505  504  503  502
  501  303  294  293  301  302  304  305  300  306  299  298  292  291
  295  296  297  308  313  314  315  320  316  317  321  326  322  323
  514  525  318  515  516  517  518  519  512  513  520  521  522  523
  524  511  834  835  839  836  837  838  327  534  857  335  533  325
  334  535  333  530  529  331  330  324  329  526  328  527  336  349
  348  347  363  364  366  365  362  361  360  358  357  356  355  341
  338  342  343  359  344  339  345  346  337  195  194  332  166  169
  165  193  312  311  310  319  309  307  210  209  208  188  187  186
  185  184  183  182  181  180  179  178  150  151  152  153  154  155
  156  157  158  159  160  161  189  190  162  163  167  191  192  168
  164  170  171  196  197  172  173  174  143  142  144  145  146  406
  405  404  403  402  401  390  391  392  393  400  394  399  395  396
  397  398  581  582  583  584  585  586  587  588  596  597  598  599
  900  901  902  903  904  905  906  899  898  897  896  895  894  893
  891  892  890  889  888  883  887  886  882  885  884  590  589  591
  592  593  594  595  580  579  578  572  577  576  575  574  573  389
  379  378  381  388  377  376  375  374  373  372  371]

eliteFit: 57876.0
percentError: 1.7295929128875767
computationTime: 62.192s