instanceName: pcb1173
n: 1173
optFit: 56892

genTime, gen, eliteFit, percentError:
0.0015048000059323385, 0, 1345736.0, 2265.422
0.7781185999920126, 1, 63587.0, 11.768
0.5005157999985386, 2, 62812.0, 10.406
0.48743999999715015, 3, 62147.0, 9.237
0.49842000000353437, 4, 61703.0, 8.456
0.5380249000008916, 5, 61388.0, 7.903
0.49842160000116564, 6, 60755.0, 6.790
0.49009960000694264, 7, 60614.0, 6.542
0.4248513000056846, 8, 60614.0, 6.542
0.47173900000052527, 9, 60614.0, 6.542
0.49550940000335686, 10, 60591.0, 6.502
0.445085300001665, 11, 60465.0, 6.280
0.36730149999493733, 12, 60383.0, 6.136
0.4093008999916492, 13, 60098.0, 5.635
0.43164290000277106, 14, 60038.0, 5.530
0.4462121999968076, 15, 60038.0, 5.530
0.4462719000002835, 16, 59850.0, 5.199
0.4384182000067085, 17, 59850.0, 5.199
0.376296899994486, 18, 59620.0, 4.795
0.30764519999502227, 19, 59620.0, 4.795
0.3438384000037331, 20, 59620.0, 4.795
0.34509619999153074, 21, 59576.0, 4.718
0.27954630000749603, 22, 59493.0, 4.572
0.20019000000320375, 23, 59493.0, 4.572
0.27347099999315105, 24, 59480.0, 4.549
0.2904787000006763, 25, 59341.0, 4.305
0.23700200000894256, 26, 59341.0, 4.305
0.22672829999646638, 27, 59284.0, 4.204
0.19925679999869317, 28, 59219.0, 4.090
0.23470859999360982, 29, 59197.0, 4.052
0.2127347999921767, 30, 59189.0, 4.037
0.2489711999951396, 31, 59156.0, 3.979
0.23197029999573715, 32, 59120.0, 3.916
0.23426689999178052, 33, 59111.0, 3.900
0.24777060000633355, 34, 59076.0, 3.839
0.23314270000264514, 35, 59018.0, 3.737
0.2748896999983117, 36, 59004.0, 3.712
0.29761940000753384, 37, 58869.0, 3.475
0.30856169998878613, 38, 58869.0, 3.475
0.30582850000064354, 39, 58869.0, 3.475
0.2597228999948129, 40, 58845.0, 3.433
0.3258310000092024, 41, 58745.0, 3.257
0.29464370000641793, 42, 58672.0, 3.129
0.2358756000030553, 43, 58672.0, 3.129
0.16207599999324884, 44, 58631.0, 3.057
0.1926508000033209, 45, 58622.0, 3.041
0.19709929999953602, 46, 58604.0, 3.009
0.19032160000642762, 47, 58553.0, 2.920
0.18005270000139717, 48, 58547.0, 2.909
0.19032019999576733, 49, 58522.0, 2.865
0.144005099995411, 50, 58515.0, 2.853
0.16070659999968484, 51, 58505.0, 2.835
0.18215140000393149, 52, 58466.0, 2.767
0.18977989999984857, 53, 58439.0, 2.719
0.1601053999911528, 54, 58407.0, 2.663
0.17642370000248775, 55, 58407.0, 2.663
0.1407335999974748, 56, 58406.0, 2.661
0.106820200002403, 57, 58406.0, 2.661
0.13485859999491367, 58, 58362.0, 2.584
0.1313942999986466, 59, 58361.0, 2.582
0.2034535999991931, 60, 58361.0, 2.582
0.2558891999942716, 61, 58361.0, 2.582
0.14170530000410508, 62, 58361.0, 2.582
0.13079060000018217, 63, 58361.0, 2.582
0.13742179999826476, 64, 58361.0, 2.582
0.12317049999546725, 65, 58361.0, 2.582
0.14914160000625998, 66, 58361.0, 2.582
0.10955229999672156, 67, 58361.0, 2.582
0.13357630000973586, 68, 58361.0, 2.582
0.12938539999595378, 69, 58361.0, 2.582
0.13320339999336284, 70, 58361.0, 2.582
0.1654588999954285, 71, 58361.0, 2.582
0.10941689999890514, 72, 58361.0, 2.582
0.12926300000981428, 73, 58361.0, 2.582
0.13629359999322332, 74, 58361.0, 2.582
0.13157979999959935, 75, 58361.0, 2.582
0.12244780000764877, 76, 58361.0, 2.582
0.11709250000421889, 77, 58361.0, 2.582
0.1288866999966558, 78, 58361.0, 2.582
0.134273799994844, 79, 58361.0, 2.582
0.13403510001080576, 80, 58361.0, 2.582
0.11008849999052472, 81, 58361.0, 2.582
0.1279826999962097, 82, 58361.0, 2.582
0.11361240000405814, 83, 58361.0, 2.582
0.13336120000167284, 84, 58358.0, 2.577
0.14778329999535345, 85, 58358.0, 2.577
0.17354840000916738, 86, 58358.0, 2.577
0.26670340000418946, 87, 58274.0, 2.429
0.22900259999732953, 88, 58274.0, 2.429
0.2658098000101745, 89, 58221.0, 2.336
0.25137630000244826, 90, 58219.0, 2.332
0.13260589999845251, 91, 58219.0, 2.332
0.1344803999963915, 92, 58219.0, 2.332
0.12364949999027885, 93, 58219.0, 2.332
0.13111660000868142, 94, 58219.0, 2.332
0.11834410000301432, 95, 58219.0, 2.332
0.14741910000157077, 96, 58219.0, 2.332
0.11924450000515208, 97, 58219.0, 2.332
0.12337650000699796, 98, 58219.0, 2.332
0.11337510000157636, 99, 58219.0, 2.332
0.14421640000364278, 100, 58219.0, 2.332
0.13516819999495056, 101, 58219.0, 2.332
0.14845300000160933, 102, 58219.0, 2.332
0.14119880000362173, 103, 58219.0, 2.332
0.15239240000664722, 104, 58219.0, 2.332
0.1614865000010468, 105, 58219.0, 2.332
0.13811749999877065, 106, 58219.0, 2.332
0.13794079999206588, 107, 58219.0, 2.332
0.13433070000610314, 108, 58219.0, 2.332
0.14519519999157637, 109, 58219.0, 2.332
0.10635299999557901, 110, 58219.0, 2.332
0.12908519999473356, 111, 58219.0, 2.332
0.12065000001166482, 112, 58219.0, 2.332
0.11649910001142416, 113, 58219.0, 2.332
0.11949759999697562, 114, 58219.0, 2.332
0.13711049999983516, 115, 58219.0, 2.332
0.12391599999682512, 116, 58219.0, 2.332
0.13554250000743195, 117, 58219.0, 2.332
0.15449899999657646, 118, 58219.0, 2.332
0.12369009999383707, 119, 58219.0, 2.332
0.1367958000046201, 120, 58219.0, 2.332
0.12698260000615846, 121, 58219.0, 2.332
0.12401210000098217, 122, 58216.0, 2.327
0.12014169999747537, 123, 58166.0, 2.239
0.1731179000053089, 124, 58165.0, 2.238
0.2082654999976512, 125, 58117.0, 2.153
0.15839079998841044, 126, 58117.0, 2.153
0.15171700000064448, 127, 58117.0, 2.153
0.16629359999205917, 128, 58110.0, 2.141
0.13038560000131838, 129, 58110.0, 2.141
0.12815250000858214, 130, 58110.0, 2.141
0.12663899999461137, 131, 58110.0, 2.141
0.11830689999624155, 132, 58110.0, 2.141
0.11791680000897031, 133, 58110.0, 2.141
0.11568219999026041, 134, 58110.0, 2.141
0.11040269999648444, 135, 58110.0, 2.141
0.11851099999330472, 136, 58110.0, 2.141
0.11636310000903904, 137, 58103.0, 2.129
0.15031850000377744, 138, 58103.0, 2.129
0.1384094999957597, 139, 58103.0, 2.129
0.15089509999961592, 140, 58103.0, 2.129
0.13797659998817835, 141, 58103.0, 2.129
0.126903600001242, 142, 58103.0, 2.129
0.12125140000716783, 143, 58103.0, 2.129
0.1194169999944279, 144, 58103.0, 2.129
0.14094890000706073, 145, 58103.0, 2.129
0.12950860000273678, 146, 58103.0, 2.129
0.13943459998699836, 147, 58103.0, 2.129
0.11697980000462849, 148, 58103.0, 2.129
0.11104079999495298, 149, 58088.0, 2.102
0.12915009999414906, 150, 58088.0, 2.102
0.1421524000033969, 151, 58088.0, 2.102
0.1159202999988338, 152, 58088.0, 2.102
0.1080109999893466, 153, 58088.0, 2.102
0.1589838000072632, 154, 58088.0, 2.102
0.12763790000462905, 155, 58071.0, 2.072
0.11745640001026914, 156, 58071.0, 2.072
0.1345768000028329, 157, 58071.0, 2.072
0.1429719000007026, 158, 58062.0, 2.057
0.11551069999404717, 159, 58062.0, 2.057
0.14280180000059772, 160, 58062.0, 2.057
0.09984859998803586, 161, 58062.0, 2.057
0.1306858000025386, 162, 58062.0, 2.057
0.10818539999308996, 163, 58062.0, 2.057
0.12002550000033807, 164, 58062.0, 2.057
0.1469951999897603, 165, 58062.0, 2.057
0.10930480000388343, 166, 58062.0, 2.057
0.12222979999205563, 167, 58062.0, 2.057
0.12795639999967534, 168, 58021.0, 1.984
0.14051409999956377, 169, 58021.0, 1.984
0.12670490000164136, 170, 58021.0, 1.984
0.1505096000037156, 171, 58017.0, 1.977
0.1214202999981353, 172, 58017.0, 1.977
0.13824919999751728, 173, 58017.0, 1.977
0.12187730000005104, 174, 58017.0, 1.977
0.14032059999590274, 175, 58016.0, 1.976
0.12106620000849944, 176, 58016.0, 1.976
0.12202569999499246, 177, 58016.0, 1.976
0.12378330000501592, 178, 58016.0, 1.976
0.11914450000040233, 179, 58016.0, 1.976
0.13391340000089258, 180, 58016.0, 1.976
0.1386761000030674, 181, 58016.0, 1.976
0.12664240000594873, 182, 58016.0, 1.976
0.11957180000899825, 183, 58016.0, 1.976
0.13679410000622738, 184, 58016.0, 1.976
0.13889970000309404, 185, 58016.0, 1.976
0.14219879999291152, 186, 58016.0, 1.976
0.12162910000188276, 187, 58016.0, 1.976
0.1417442999954801, 188, 58016.0, 1.976
0.1553316000063205, 189, 57997.0, 1.942
0.12200119999761228, 190, 57997.0, 1.942
0.1646535999898333, 191, 57958.0, 1.874
0.19281029999547172, 192, 57958.0, 1.874
0.1776026000006823, 193, 57928.0, 1.821
0.13194510000175796, 194, 57928.0, 1.821
0.1570274999976391, 195, 57928.0, 1.821
0.14596580000943504, 196, 57928.0, 1.821
0.14218520000576973, 197, 57928.0, 1.821
0.1175370999990264, 198, 57928.0, 1.821
0.11781719999271445, 199, 57928.0, 1.821
0.13242049999826122, 200, 57928.0, 1.821
0.11398920000647195, 201, 57928.0, 1.821
0.1403993999992963, 202, 57928.0, 1.821
0.12929719999374356, 203, 57928.0, 1.821
0.12506479999865405, 204, 57928.0, 1.821
0.15408550000574905, 205, 57928.0, 1.821
0.117263100008131, 206, 57928.0, 1.821
0.11661050000111572, 207, 57928.0, 1.821
0.12322459999995772, 208, 57928.0, 1.821
0.12021229999663774, 209, 57928.0, 1.821
0.1340146000002278, 210, 57928.0, 1.821
0.11903219998930581, 211, 57928.0, 1.821
0.14344220000202768, 212, 57928.0, 1.821
0.13266180000209715, 213, 57928.0, 1.821
0.13603199999488425, 214, 57928.0, 1.821
0.12811400000646245, 215, 57928.0, 1.821
0.1322924999985844, 216, 57928.0, 1.821
0.13801819999935105, 217, 57928.0, 1.821
0.12817320000613108, 218, 57928.0, 1.821
0.1376146999973571, 219, 57928.0, 1.821
0.12690600000496488, 220, 57928.0, 1.821
0.14829379999719094, 221, 57928.0, 1.821
0.13389620000089053, 222, 57928.0, 1.821
0.1262649000127567, 223, 57928.0, 1.821
0.13394590000098106, 224, 57928.0, 1.821
0.13132850000692997, 225, 57928.0, 1.821
0.15349070000229403, 226, 57928.0, 1.821
0.12743770000815857, 227, 57928.0, 1.821
0.12029020000773016, 228, 57928.0, 1.821
0.13051139999879524, 229, 57928.0, 1.821
0.12617089999548625, 230, 57928.0, 1.821
0.12915130000328645, 231, 57928.0, 1.821
0.11391569999977946, 232, 57928.0, 1.821
0.14508429999114014, 233, 57928.0, 1.821
0.10591060000297148, 234, 57928.0, 1.821
0.1182461999997031, 235, 57928.0, 1.821
0.11706180000328459, 236, 57928.0, 1.821
0.12974160000158008, 237, 57928.0, 1.821
0.12692929999320768, 238, 57928.0, 1.821
0.11959109999588691, 239, 57928.0, 1.821
0.1136728999990737, 240, 57928.0, 1.821
0.12175120000028983, 241, 57928.0, 1.821
0.11860889999661595, 242, 57928.0, 1.821
0.12461329999496229, 243, 57928.0, 1.821

tour:
[ 479  478  483  477  476  475  474  473  472  471  470  452  453  268
  454  455  451  456  469  457  458  459  460  461  468  467  462  464
  463  466  465  710  769  711  712  713  770  771  715  714  706  707
  708  716  717  718  719  735  736  737  734  733  738  785  739  740
  741  742  732  725  724  723  722  721  720  704  703  702  701  700
  699  698  697  696  705  709  695  694  449  448  447  446  450  445
  444  443  442  441  440  439  438  239  240  422  436  423  424  425
  437  426  427  428  429  430  431  432  433  434  435  615  616  617
  618  619  620  621  626  622  623  624  625  646  647  648  649  650
  651  652  726  727  731  728  729  730  749  750  751  752  753  802
  803  804  805  806  807  808  809  810  758  748  757  756  755  754
  746  682  683  684  685  686  747  764  759  760  761  762  763  768
  767  766  765  693  691  690  692  688  689  687  666  665  664  667
  668  663  662  137  138  139  127  118  126  117  125  124  123  122
  121  120  119  116  115  114  102  103  101  100   99   96   98   97
   95   79   78   77   76   75   74   82   72   71   73   81   80   70
   69   68   54   50   56   84   85   86   87   88   89   90   91   92
   83   66   93   94  105  106  107  108  109  104  110  111  112  113
  627  628  130  131  128  132  660  133  134  129  135  136  661  669
  676  670  671  672  673  674  675  677  681  680  678  679  659  658
  657  656  655  654  653  644  643  642  641  640  629  639  638  637
  636  635  634  630  633  645  632  631  614  613  612  611  603  610
  609  608  607  602  601  606  605  600  604  421  420  419  418  417
  416  415  414  413  412  411  410   39  238  237  236  235  234  233
  232  231   29   30   31   32   33   34   36   35   38   57   58   59
   60   61   62  407   63   64  408  409   67   65   55   49   48   53
   47   46   45   52   44   51   43   42   41   40   37   26   25   24
   23   28   27   22   21   20    8    7    6    5    4    3    2    1
    0    9   10   11   19   18   17   16   15   14   13   12  140  141
  219  147  175  176  148  149  177  207  206  205  204  203  202  201
  200  229  230  228  227  226  225  224  257  256  255  223  222  221
  220  218  217  216  215  241  242  243  244  245  246  247  248  249
  250  251  252  253  254  258  259  260  261  262  263  264  265  266
  267  269  271  272  273  274  275  276  270  277  278  279  280  281
  282  283  284  285  286  292  291  295  296  297  298  299  306  308
  313  314  315  320  316  317  321  326  322  323  336  527  328  526
  329  536  539  540  541  546  542  543  544  549  559  556  555  554
  553  552  560  551  550  548  538  537  547  366  367  368  562  563
  564  565  566  571  568  569  561  570  580  579  578  572  577  576
  575  574  573  389  379  378  381  388  377  376  369  375  374  373
  372  567  370  371  387  386  390  385  384  383  382  380  214  213
  212  211  199  198  197  196  340  350  351  352  353  354  356  357
  358  360  361  362  365  364  363  349  348  347  346  345  359  355
  341  338  342  343  344  339  337  195  194  332  166  169  165  193
  312  311  310  319  309  307  210  208  188  187  186  185  184  183
  182  181  180  179  178  150  151  152  153  154  155  156  157  158
  159  160  161  189  190  162  163  167  191  209  192  168  164  170
  171  172  173  174  143  142  144  145  146  406  405  404  403  402
  401  391  392  393  400  394  399  395  396  397  398  581  582  583
  584  585  586  587  588  596  597  598  595  594  593  592  591  589
  590  884  885  882  886  891  887  883  888  889  890  892  899  898
  897  896  895  894  893  599  900  901  902  903  904  905  906 1060
 1061 1062 1063 1064 1057 1058 1066 1067 1065 1068 1069 1070 1059 1071
 1158 1159 1160 1161 1162 1163 1094 1164 1165 1166 1167 1168 1169 1172
 1171 1170 1155 1156 1120 1121 1118 1119 1137 1154 1153 1152 1157 1150
 1144 1145 1141 1136 1115 1135 1134 1140 1133 1132 1139 1143 1149 1148
 1151 1147 1142 1138 1131 1111 1130 1129 1127 1128 1124 1122 1146 1123
 1125 1126 1100 1074 1073 1072  993  985  974  973  962  972  971  970
  969  961  968  967  966  856  994  997  998  999 1000 1001  996 1023
 1024 1025 1026 1031 1027 1028 1007 1006 1005 1004 1003 1002 1008 1009
 1010 1015 1014 1013 1080 1020 1021 1019 1018 1016 1011 1012 1017 1029
 1030 1032 1041 1040 1044 1047 1056 1055 1054 1053 1046 1043 1039 1038
 1037 1036 1035 1034 1042 1045 1052 1051 1050 1049 1048 1033 1022  995
  881  880  879  878  877  876  875  557  558  545  867  868  866  869
  870  871  873  874  872  865  864  863  862  531  861  532  860  859
  858  528  534  857  335  533  325  334  535  333  530  529  331  330
  324  525  318  514  515  516  517  518  519  512  513  520  521  522
  523  524  327  838  837  836  839  844  843  842  841  840  827  828
  834  835  511  510  500  509  508  507  506  505  504  503  502  501
  303  294  302  304  301  305  300  293  287  288  289  290  486  484
  485  488  489  487  490  498  491  492  493  494  495  499  496  497
  818  819  820  821  817  822  823  824  825  833  845  846  847  848
  849  854  853  852  851  850  832  829  826  830  831  855  960  942
  943  944  945  946  947  948  949  935  934  938  933  932  931  930
  929  928  907  908  909  910  911  912  913  927  914  915  916  936
  937  950  963  975  990  986  976  977  978  964  979  980  991  992
 1075 1076 1078 1079 1077 1081 1095 1090 1089 1088 1087 1086 1085 1093
 1084 1083 1082 1091 1092 1103 1104 1112 1105 1101 1106 1107 1108 1113
 1114 1109 1102 1116 1110 1117 1098 1099 1097 1096  989  988  987  984
  983  982  981  965  953  952  951  939  940  941  954  955  956  957
  958  959  816  815  814  813  812  811  926  925  924  923  922  921
  920  919  918  917  800  801  799  745  744  743  787  788  798  797
  796  795  786  794  793  792  791  790  789  775  773  772  774  783
  782  781  776  780  784  779  778  777  482  481  480]

eliteFit: 57928.0
percentError: 1.8209941643816354
computationTime: 42.956s