instanceName: pcb1173
n: 1173
optFit: 56892

genTime, gen, eliteFit, percentError:
0.0012294000043766573, 0, 1354138.0, 2280.191
0.8041681000031531, 1, 63545.0, 11.694
0.5180311000003712, 2, 62570.0, 9.980
0.4724484000034863, 3, 62156.0, 9.253
0.4696869999897899, 4, 60947.0, 7.128
0.5068949999986216, 5, 60947.0, 7.128
0.5295621999975992, 6, 60947.0, 7.128
0.4874551000102656, 7, 60646.0, 6.598
0.4921359999862034, 8, 60646.0, 6.598
0.45153140000184067, 9, 60407.0, 6.178
0.46637329999066424, 10, 60407.0, 6.178
0.4583967000071425, 11, 60254.0, 5.909
0.4225181999936467, 12, 59961.0, 5.394
0.48865259999001864, 13, 59961.0, 5.394
0.447133900001063, 14, 59822.0, 5.150
0.47253070000442676, 15, 59822.0, 5.150
0.4055907000001753, 16, 59822.0, 5.150
0.3796803000004729, 17, 59785.0, 5.085
0.35931450000498444, 18, 59772.0, 5.062
0.34210379999422, 19, 59627.0, 4.807
0.36037409999698866, 20, 59627.0, 4.807
0.3635493000037968, 21, 59590.0, 4.742
0.4126940999994986, 22, 59563.0, 4.695
0.3743583000032231, 23, 59475.0, 4.540
0.38135279998823535, 24, 59475.0, 4.540
0.4058490999886999, 25, 59447.0, 4.491
0.4299561000079848, 26, 59434.0, 4.468
0.41197770000144374, 27, 59397.0, 4.403
0.42072409999673255, 28, 59267.0, 4.175
0.37950029999774415, 29, 59194.0, 4.046
0.4454619000025559, 30, 59194.0, 4.046
0.37630190000345465, 31, 59193.0, 4.045
0.34991610000724904, 32, 59113.0, 3.904
0.24086189999070484, 33, 59082.0, 3.849
0.1697301999956835, 34, 59020.0, 3.740
0.17722680000588298, 35, 59015.0, 3.732
0.19095190000371076, 36, 59007.0, 3.718
0.17364519998955075, 37, 58955.0, 3.626
0.15233850000367966, 38, 58955.0, 3.626
0.18434340000385419, 39, 58913.0, 3.552
0.12424819999432657, 40, 58896.0, 3.522
0.17776750000484753, 41, 58877.0, 3.489
0.123643600003561, 42, 58835.0, 3.415
0.1413587999995798, 43, 58801.0, 3.355
0.1365918000083184, 44, 58799.0, 3.352
0.1653574999945704, 45, 58799.0, 3.352
0.12191850000817794, 46, 58799.0, 3.352
0.1409562999906484, 47, 58799.0, 3.352
0.12530639999022242, 48, 58799.0, 3.352
0.11783659999491647, 49, 58799.0, 3.352
0.14371779999055434, 50, 58799.0, 3.352
0.13349469999957364, 51, 58799.0, 3.352
0.11810349998995662, 52, 58799.0, 3.352
0.12074490000668447, 53, 58799.0, 3.352
0.12696750000759494, 54, 58799.0, 3.352
0.12555009999778122, 55, 58776.0, 3.312
0.15122850000625476, 56, 58776.0, 3.312
0.20859730000665877, 57, 58776.0, 3.312
0.23704629999701865, 58, 58776.0, 3.312
0.2567602000053739, 59, 58776.0, 3.312
0.2251061999995727, 60, 58776.0, 3.312
0.18811840000853408, 61, 58740.0, 3.248
0.2826809999969555, 62, 58699.0, 3.176
0.3618436999968253, 63, 58632.0, 3.058
0.34898369999427814, 64, 58632.0, 3.058
0.3725489999924321, 65, 58631.0, 3.057
0.3447218000073917, 66, 58576.0, 2.960
0.2962299999926472, 67, 58502.0, 2.830
0.21649299999990035, 68, 58479.0, 2.789
0.3064206999988528, 69, 58479.0, 2.789
0.3559915999940131, 70, 58441.0, 2.723
0.26143310000770725, 71, 58441.0, 2.723
0.25273059999744873, 72, 58395.0, 2.642
0.19710510000004433, 73, 58393.0, 2.638
0.3006399000005331, 74, 58368.0, 2.594
0.2630879000062123, 75, 58333.0, 2.533
0.2794626000104472, 76, 58322.0, 2.514
0.23859879998781253, 77, 58322.0, 2.514
0.13390780000190716, 78, 58319.0, 2.508
0.14134889999695588, 79, 58319.0, 2.508
0.1693273999990197, 80, 58311.0, 2.494
0.22544059999927413, 81, 58311.0, 2.494
0.28070029999071267, 82, 58309.0, 2.491
0.2379122999991523, 83, 58297.0, 2.470
0.1890404000005219, 84, 58297.0, 2.470
0.18249419999483507, 85, 58297.0, 2.470
0.21197409999149386, 86, 58274.0, 2.429
0.2737483999953838, 87, 58266.0, 2.415
0.28525939999963157, 88, 58246.0, 2.380
0.25036099999852013, 89, 58224.0, 2.341
0.21981999999843538, 90, 58224.0, 2.341
0.21702119999099523, 91, 58217.0, 2.329
0.12255430000368506, 92, 58217.0, 2.329
0.14014139999926556, 93, 58212.0, 2.320
0.14168860000791028, 94, 58212.0, 2.320
0.1408643999893684, 95, 58207.0, 2.311
0.12361409999721218, 96, 58205.0, 2.308
0.12712099999771453, 97, 58195.0, 2.290
0.13331190000462811, 98, 58195.0, 2.290
0.13393060000089463, 99, 58195.0, 2.290
0.11831079999683425, 100, 58168.0, 2.243
0.15417219999653753, 101, 58168.0, 2.243
0.12476039999455679, 102, 58168.0, 2.243
0.12173369999800343, 103, 58168.0, 2.243
0.13080229998740833, 104, 58168.0, 2.243
0.14146579999942333, 105, 58168.0, 2.243
0.1389342000038596, 106, 58168.0, 2.243
0.12299309999798425, 107, 58168.0, 2.243
0.14429959999688435, 108, 58168.0, 2.243
0.12483029998838902, 109, 58168.0, 2.243
0.11822760000359267, 110, 58131.0, 2.178
0.11871520000568125, 111, 58131.0, 2.178
0.15260460000718012, 112, 58131.0, 2.178
0.18002079999132548, 113, 58131.0, 2.178
0.1168688000034308, 114, 58131.0, 2.178
0.14214799999899697, 115, 58131.0, 2.178
0.13691229998948984, 116, 58131.0, 2.178
0.16277419999823906, 117, 58131.0, 2.178
0.1277572999970289, 118, 58131.0, 2.178
0.1520205000124406, 119, 58131.0, 2.178
0.12132269999710843, 120, 58131.0, 2.178
0.15201750000414904, 121, 58131.0, 2.178
0.162385900010122, 122, 58131.0, 2.178
0.1173218000039924, 123, 58131.0, 2.178
0.16765020000457298, 124, 58131.0, 2.178
0.12619379999523517, 125, 58131.0, 2.178
0.11792520000017248, 126, 58131.0, 2.178
0.11715469999762718, 127, 58131.0, 2.178
0.14816849998896942, 128, 58131.0, 2.178
0.14532780001172796, 129, 58104.0, 2.130
0.1394025000045076, 130, 58104.0, 2.130
0.10855660001107026, 131, 58104.0, 2.130
0.12462400000367779, 132, 58098.0, 2.120
0.12850299999990966, 133, 58098.0, 2.120
0.1311996000004001, 134, 58098.0, 2.120
0.12142679998942185, 135, 58098.0, 2.120
0.13264589999744203, 136, 58098.0, 2.120
0.14286320000246633, 137, 58098.0, 2.120
0.13108659999852534, 138, 58098.0, 2.120
0.12925069998891558, 139, 58098.0, 2.120
0.12819619999208953, 140, 58098.0, 2.120
0.12685339999734424, 141, 58098.0, 2.120
0.13267130000167526, 142, 58098.0, 2.120
0.1475749000092037, 143, 58098.0, 2.120
0.12169390000053681, 144, 58098.0, 2.120
0.13446789998852182, 145, 58098.0, 2.120
0.14131010000710376, 146, 58098.0, 2.120
0.12453390000155196, 147, 58031.0, 2.002
0.11408210000081453, 148, 58029.0, 1.999
0.13052460001199506, 149, 58029.0, 1.999
0.11593820000416599, 150, 58029.0, 1.999
0.1300100999942515, 151, 58029.0, 1.999
0.12910520000150427, 152, 58029.0, 1.999
0.13408059999346733, 153, 58029.0, 1.999
0.13156650000019, 154, 58029.0, 1.999
0.13483850000193343, 155, 58029.0, 1.999
0.1268800999969244, 156, 58029.0, 1.999
0.12140190000354778, 157, 58029.0, 1.999
0.11855700000887737, 158, 58029.0, 1.999
0.11872529999527615, 159, 58029.0, 1.999
0.12972799999988638, 160, 58029.0, 1.999
0.1219651999999769, 161, 58029.0, 1.999
0.13302649999968708, 162, 58029.0, 1.999
0.1182120000012219, 163, 58029.0, 1.999
0.12474389999988489, 164, 58029.0, 1.999
0.11791869999433402, 165, 58029.0, 1.999
0.12160270000458695, 166, 58029.0, 1.999
0.12907490000361577, 167, 58029.0, 1.999
0.11757489999581594, 168, 58029.0, 1.999
0.13025139999808744, 169, 58026.0, 1.993
0.174185200012289, 170, 58026.0, 1.993
0.19506130000809208, 171, 58026.0, 1.993
0.27270739999949, 172, 57985.0, 1.921
0.2310975000000326, 173, 57985.0, 1.921
0.20704409999598283, 174, 57985.0, 1.921
0.24349330000404734, 175, 57985.0, 1.921
0.2773439000011422, 176, 57985.0, 1.921
0.31176320000668056, 177, 57985.0, 1.921
0.18507700000191107, 178, 57985.0, 1.921
0.10950760000559967, 179, 57985.0, 1.921
0.12979839999752585, 180, 57985.0, 1.921
0.14729570000781678, 181, 57985.0, 1.921
0.1282236999977613, 182, 57985.0, 1.921
0.13263619999634102, 183, 57985.0, 1.921
0.12813280000409577, 184, 57985.0, 1.921
0.1270827999978792, 185, 57985.0, 1.921
0.12623449999955483, 186, 57985.0, 1.921
0.12872300000162795, 187, 57985.0, 1.921
0.12207399999897461, 188, 57985.0, 1.921
0.14358650000940543, 189, 57985.0, 1.921
0.14545869998983108, 190, 57985.0, 1.921
0.1365769999974873, 191, 57985.0, 1.921
0.12008150000474416, 192, 57985.0, 1.921
0.1402105000015581, 193, 57985.0, 1.921
0.10934159999305848, 194, 57985.0, 1.921
0.12831150001147762, 195, 57985.0, 1.921
0.12058989999059122, 196, 57985.0, 1.921
0.14194809999025892, 197, 57985.0, 1.921
0.11072060000151396, 198, 57985.0, 1.921
0.11930259999644477, 199, 57985.0, 1.921
0.11994630000845063, 200, 57985.0, 1.921
0.14335030000074767, 201, 57985.0, 1.921
0.11013859999366105, 202, 57985.0, 1.921
0.1397216000041226, 203, 57985.0, 1.921
0.11589100000855979, 204, 57985.0, 1.921
0.11902779999945778, 205, 57985.0, 1.921
0.12600509999901988, 206, 57985.0, 1.921
0.13655779999680817, 207, 57985.0, 1.921
0.1180675999930827, 208, 57985.0, 1.921
0.11665569999604486, 209, 57971.0, 1.897
0.12958970000909176, 210, 57971.0, 1.897
0.1274806000001263, 211, 57971.0, 1.897
0.1276436000043759, 212, 57971.0, 1.897
0.13909299999068025, 213, 57971.0, 1.897
0.13929380000627134, 214, 57971.0, 1.897
0.10464269999647513, 215, 57971.0, 1.897
0.1137995999888517, 216, 57971.0, 1.897
0.1167146999941906, 217, 57971.0, 1.897
0.11536690000502858, 218, 57971.0, 1.897
0.13516289999824949, 219, 57971.0, 1.897
0.13226660000509582, 220, 57971.0, 1.897
0.13403020000259858, 221, 57971.0, 1.897
0.12847530000726692, 222, 57971.0, 1.897
0.11849839999922551, 223, 57971.0, 1.897
0.1246349000139162, 224, 57971.0, 1.897
0.12380709999706596, 225, 57971.0, 1.897
0.12712370000372175, 226, 57971.0, 1.897
0.12815420000697486, 227, 57952.0, 1.863
0.15078179999545682, 228, 57952.0, 1.863
0.192172400013078, 229, 57952.0, 1.863
0.1569969999982277, 230, 57952.0, 1.863
0.11306199998944066, 231, 57952.0, 1.863
0.14616420000675134, 232, 57952.0, 1.863
0.12305579999519978, 233, 57952.0, 1.863
0.11979870000504889, 234, 57952.0, 1.863
0.10541180000291206, 235, 57952.0, 1.863
0.1292014999926323, 236, 57952.0, 1.863
0.11877820000518113, 237, 57952.0, 1.863
0.1383332999976119, 238, 57952.0, 1.863
0.12006089999340475, 239, 57952.0, 1.863
0.11490719999710564, 240, 57952.0, 1.863
0.11742550000781193, 241, 57952.0, 1.863
0.12244969999301247, 242, 57952.0, 1.863
0.11222679998900276, 243, 57952.0, 1.863
0.1560810999944806, 244, 57952.0, 1.863
0.11934919998748228, 245, 57952.0, 1.863
0.12129660000209697, 246, 57952.0, 1.863
0.12907139999151696, 247, 57952.0, 1.863
0.11666700000932906, 248, 57952.0, 1.863
0.1375532999954885, 249, 57952.0, 1.863
0.12669370000367053, 250, 57952.0, 1.863
0.14248070000030566, 251, 57952.0, 1.863
0.11930140000185929, 252, 57952.0, 1.863
0.1292942000000039, 253, 57952.0, 1.863
0.11572980000346433, 254, 57952.0, 1.863
0.11871310000424273, 255, 57952.0, 1.863
0.1233704000042053, 256, 57952.0, 1.863
0.11739699999452569, 257, 57952.0, 1.863
0.1184398999903351, 258, 57952.0, 1.863
0.1153133999905549, 259, 57952.0, 1.863
0.13556450000032783, 260, 57952.0, 1.863
0.18269909999798983, 261, 57952.0, 1.863
0.12910520000150427, 262, 57952.0, 1.863
0.12169020000146702, 263, 57952.0, 1.863
0.12042819999624044, 264, 57952.0, 1.863
0.12986539999837987, 265, 57952.0, 1.863
0.13671220000833273, 266, 57952.0, 1.863
0.12221999999019317, 267, 57952.0, 1.863
0.16393430001335219, 268, 57952.0, 1.863
0.12838920000649523, 269, 57952.0, 1.863
0.1163966000021901, 270, 57952.0, 1.863
0.13861229999747593, 271, 57952.0, 1.863
0.1533208999899216, 272, 57952.0, 1.863
0.12913050000497606, 273, 57952.0, 1.863
0.12250480000511743, 274, 57952.0, 1.863
0.13876669999444857, 275, 57952.0, 1.863
0.12874640000518411, 276, 57952.0, 1.863
0.11968249999335967, 277, 57952.0, 1.863

tour:
[ 799  753  752  751  750  749  730  729  728  731  727  726  732  725
  724  723  722  721  720  704  703  702  701  700  699  707  708  716
  717  718  719  735  736  737  734  733  738  785  739  740  741  742
  743  744  745  788  787  798  797  796  795  786  794  793  792  791
  790  789  775  773  772  774  783  782  781  780  784  779  778  777
  769  465  710  711  709  712  713  770  776  771  715  714  706  698
  697  705  696  695  694  449  448  447  446  450  445  444  443  442
  441  440  439  438  451  455  456  469  457  458  459  460  461  464
  462  467  463  466  482  481  480  468  479  478  483  477  476  475
  474  473  484  485  488  489  487  490  498  491  492  493  494  495
  496  497  499  500  511  510  509  508  507  506  505  504  503  502
  501  303  302  304  317  321  323  322  326  320  316  315  314  313
  308  312  311  310  319  309  307  291  295  296  297  292  298  299
  306  300  305  301  293  294  486  290  289  288  287  286  285  284
  283  282  281  280  279  278  277  276  270  275  274  273  272  271
  472  471  470  454  268  453  452  267  269  266  265  264  263  262
  261  260  259  258  252  251  250  249  248  247  245  244  243  242
  246  218  217  216  215  241  239  240  422  436  423  424  425  437
  426  427  428  429  430  431  432  433  434  435  615  616  617  618
  619  620  621  626  622  623  624  625  646  647  648  649  650  651
  652  653  654  655  656  657  658  659  679  678  680  681  682  683
  684  685  686  747  764  759  746  754  755  756  757  748  810  758
  763  768  767  762  761  766  760  765  693  691  690  692  688  689
  687  666  665  664  667  668  669  663  662  661  670  676  671  672
  673  677  675  674  641  642  640  629  639  643  644  638  637  636
  635  634  630  633  645  632  631  614  613  612  611  603  610  609
  608  607  602  601  606  605  600  604  421  420  419  418  417  416
  415  414  413  412  411  410   39  238  237  236  235  234  233  220
  221  222  223  225  224  257  256  255  253  254  207  206  205  204
  203  202  201  200  229  230  228  226  227  231  232   29   30   31
   32   33   34   36   35   38   57   58   59   60   61   62  407   63
   64   65  408  409   67   56   84   85   86   87   88   89   90   91
   82   83   92   66   93   94  105  106  107  108  109  104  110  111
  112  113  627  628  130  131  128  132  660  133  134  129  135  136
  137  138  139  127  118  126  117  125  124  123  122  121  120  119
  116  115  114  102  103  101  100   99   96   98   97   95   79   78
   77   76   75   74   72   71   73   81   80   70   69   68   54   50
   49   55   48   53   47   46   45   52   44   51   43   42   41   40
   37   26   25   24   23   28   27   22   21   20    8    7    6    5
    4    3    2    1    0    9   10   11   19   18   17   16   15   14
   13   12  140  141  219  147  175  176  148  149  177  178  150  151
  179  180  152  153  181  182  154  155  183  184  156  157  185  186
  158  159  187  188  160  161  189  208  210  209  190  162  163  167
  191  192  168  164  170  171  172  173  174  143  142  144  145  146
  406  405  404  403  402  401  391  392  393  400  394  399  395  396
  388  397  398  581  582  583  584  585  586  587  588  596  597  598
  599  900  901  902  903  904  905  906  899 1048 1049 1060 1061 1062
 1063 1064 1057 1066 1067 1065 1068 1069 1070 1059 1071 1158 1159 1160
 1161 1162 1163 1094 1164 1165 1166 1167 1168 1169 1172 1171 1170 1155
 1156 1137 1120 1121 1118 1119 1116 1110 1117 1098 1099 1097 1095 1081
 1077 1079 1078 1076 1075  992  991  979  980  965  981  982  983  984
  987  988 1096  989  959  958  957  956  955  954  953  941  940  939
  952  951  964  978  977  976  986  990  975  963  985  974  973  962
  972  971  970  969  961  968  967  966  856  853  848  849  854  994
  997  998  999 1000 1001  996 1023 1024 1025 1026 1031 1027 1028 1007
 1029 1030 1017 1016 1018 1019 1015 1014 1009 1010 1011 1012 1006 1005
 1004 1003 1002 1008 1013 1080 1020 1021  993 1072 1073 1074 1082 1083
 1084 1091 1092 1103 1104 1112 1105 1106 1101 1093 1085 1086 1087 1088
 1089 1090 1102 1109 1108 1107 1113 1114 1115 1136 1135 1134 1140 1141
 1145 1154 1153 1157 1152 1144 1150 1143 1149 1148 1151 1147 1142 1138
 1139 1133 1132 1131 1111 1130 1129 1127 1128 1122 1146 1123 1124 1125
 1126 1100 1032 1041 1040 1044 1047 1056 1055 1058 1054 1046 1043 1039
 1038 1037 1036 1053 1052 1051 1050 1045 1042 1035 1034 1033 1022  995
  881  880  879  878  877  876  875  557  558  545  867  868  866  869
  870  871  873  874  872  865  864  863  862  531  861  532  860  859
  858  528  534  857  335  533  325  334  535  333  530  529  331  324
  330  536  539  540  541  546  542  543  544  549  559  556  555  554
  553  552  560  551  550  548  538  537  547  366  367  368  562  563
  564  565  566  571  568  569  561  570  589  590  884  885  882  886
  891  887  883  888  889  890  892  898  897  896  895  894  893  591
  592  593  594  595  580  579  578  572  577  576  575  574  573  389
  379  378  381  377  376  369  375  374  373  372  567  370  371  387
  386  390  385  384  383  382  380  214  213  212  211  199  198  197
  196  340  350  351  352  353  354  356  355  343  342  341  338  332
  166  169  165  193  194  195  337  345  339  344  359  357  358  360
  361  362  365  364  363  346  347  348  349  336  527  328  526  329
  525  318  514  515  516  517  518  519  512  513  520  521  522  523
  524  327  838  837  836  835  834  839  844  843  842  841  840  828
  827  818  819  820  821  817  822  823  824  825  833  845  846  847
  852  851  850  832  829  826  830  831  855  960  942  943  944  945
  946  947  932  931  930  929  928  907  908  909  910  911  912  913
  927  933  938  948  949  935  934  914  915  916  936  950  937  917
  800  918  919  920  921  922  923  924  925  926  816  815  814  813
  812  811  809  808  807  806  805  804  803  802  801]

eliteFit: 57952.0
percentError: 1.8631793573788933
computationTime: 51.755s