instanceName: pcb1173
n: 1173
optFit: 56892

genTime, gen, eliteFit, percentError:
0.0012254000030225143, 0, 1361464.0, 2293.068
0.795433299994329, 1, 62852.0, 10.476
0.5110952999966685, 2, 62641.0, 10.105
0.5190931999968598, 3, 61922.0, 8.841
0.5228838000039104, 4, 61456.0, 8.022
0.49697499998728745, 5, 61426.0, 7.969
0.5031061000045156, 6, 61141.0, 7.469
0.47039060000679456, 7, 61042.0, 7.295
0.49630250000336673, 8, 60810.0, 6.887
0.4950853000045754, 9, 60806.0, 6.880
0.4483922000072198, 10, 60806.0, 6.880
0.45109440000669565, 11, 60371.0, 6.115
0.46189990000857506, 12, 60316.0, 6.018
0.40995839999231976, 13, 60219.0, 5.848
0.45501940000394825, 14, 60057.0, 5.563
0.44323059999442194, 15, 59980.0, 5.428
0.44242629999644123, 16, 59926.0, 5.333
0.4417184000049019, 17, 59731.0, 4.990
0.4165662000013981, 18, 59731.0, 4.990
0.4112464999925578, 19, 59669.0, 4.881
0.4039097000058973, 20, 59310.0, 4.250
0.33178269999916665, 21, 59310.0, 4.250
0.37833070001215674, 22, 59273.0, 4.185
0.38855689999763854, 23, 59177.0, 4.016
0.37865440000314265, 24, 59177.0, 4.016
0.2664776999881724, 25, 59121.0, 3.918
0.33997039998939727, 26, 59109.0, 3.897
0.3151157000102103, 27, 59073.0, 3.834
0.39161750000494067, 28, 59045.0, 3.784
0.34497879999980796, 29, 59045.0, 3.784
0.3717209000024013, 30, 59043.0, 3.781
0.39160269999410957, 31, 59032.0, 3.762
0.38143270000000484, 32, 58949.0, 3.616
0.34197279998625163, 33, 58949.0, 3.616
0.3647696999978507, 34, 58949.0, 3.616
0.35207720000471454, 35, 58886.0, 3.505
0.26457529999606777, 36, 58886.0, 3.505
0.2949407000123756, 37, 58859.0, 3.457
0.2945805999916047, 38, 58859.0, 3.457
0.3182070000038948, 39, 58855.0, 3.450
0.30741380000836216, 40, 58838.0, 3.421
0.3588356999971438, 41, 58803.0, 3.359
0.2904280000075232, 42, 58796.0, 3.347
0.19182890000229236, 43, 58796.0, 3.347
0.1395182999985991, 44, 58792.0, 3.340
0.12187129999801982, 45, 58792.0, 3.340
0.1230208000051789, 46, 58792.0, 3.340
0.13135580001107883, 47, 58792.0, 3.340
0.12970320000022184, 48, 58792.0, 3.340
0.14522299999953248, 49, 58792.0, 3.340
0.1375555999984499, 50, 58792.0, 3.340
0.12060420001216698, 51, 58792.0, 3.340
0.11815369999385439, 52, 58792.0, 3.340
0.1357754000055138, 53, 58739.0, 3.247
0.13631010000244714, 54, 58739.0, 3.247
0.13563639999483712, 55, 58739.0, 3.247
0.17936579999513924, 56, 58728.0, 3.227
0.14677069999743253, 57, 58728.0, 3.227
0.14396000000124332, 58, 58728.0, 3.227
0.1493350999953691, 59, 58675.0, 3.134
0.11823520000325516, 60, 58675.0, 3.134
0.15280879999045283, 61, 58675.0, 3.134
0.14942509999673348, 62, 58675.0, 3.134
0.13484719999541994, 63, 58648.0, 3.087
0.11797500000102445, 64, 58639.0, 3.071
0.1674026000109734, 65, 58631.0, 3.057
0.13100950000807643, 66, 58630.0, 3.055
0.12102180000510998, 67, 58622.0, 3.041
0.12349440000252798, 68, 58622.0, 3.041
0.12393629999132827, 69, 58622.0, 3.041
0.12768390000564978, 70, 58622.0, 3.041
0.12593420001212507, 71, 58611.0, 3.022
0.1957387999864295, 72, 58611.0, 3.022
0.19081110000843182, 73, 58565.0, 2.941
0.20410299999639392, 74, 58526.0, 2.872
0.16152819999842905, 75, 58526.0, 2.872
0.14836240001022816, 76, 58526.0, 2.872
0.1551331999944523, 77, 58526.0, 2.872
0.12213349998637568, 78, 58526.0, 2.872
0.11599849999765866, 79, 58526.0, 2.872
0.1175016999914078, 80, 58526.0, 2.872
0.12055600000894628, 81, 58526.0, 2.872
0.12589609999849927, 82, 58526.0, 2.872
0.12193770000885706, 83, 58526.0, 2.872
0.11663430000771768, 84, 58526.0, 2.872
0.12372090001008473, 85, 58526.0, 2.872
0.12034929999208543, 86, 58523.0, 2.867
0.11400349999894388, 87, 58523.0, 2.867
0.1233871000004001, 88, 58523.0, 2.867
0.15747760000522248, 89, 58522.0, 2.865
0.14050090000091586, 90, 58508.0, 2.840
0.1284841000015149, 91, 58475.0, 2.782
0.18120750000525732, 92, 58475.0, 2.782
0.19821180000144523, 93, 58474.0, 2.781
0.18852709999191575, 94, 58457.0, 2.751
0.2011418999900343, 95, 58457.0, 2.751
0.2204753999976674, 96, 58457.0, 2.751
0.25979650000226684, 97, 58394.0, 2.640
0.33855850000691134, 98, 58394.0, 2.640
0.3411084999970626, 99, 58394.0, 2.640
0.2200793999945745, 100, 58330.0, 2.528
0.26686679999693297, 101, 58329.0, 2.526
0.2791897999995854, 102, 58329.0, 2.526
0.23393170000053942, 103, 58329.0, 2.526
0.13184810000529978, 104, 58329.0, 2.526
0.11883310000121128, 105, 58329.0, 2.526
0.13660849998996127, 106, 58329.0, 2.526
0.1250482000032207, 107, 58299.0, 2.473
0.12202869998873211, 108, 58299.0, 2.473
0.14126370000303723, 109, 58267.0, 2.417
0.16447389998938888, 110, 58267.0, 2.417
0.18639509999775328, 111, 58237.0, 2.364
0.2336617999972077, 112, 58237.0, 2.364
0.20274370000697672, 113, 58237.0, 2.364
0.12916289998975117, 114, 58237.0, 2.364
0.17590170000039507, 115, 58237.0, 2.364
0.11409899999853224, 116, 58237.0, 2.364
0.1238764000008814, 117, 58237.0, 2.364
0.14158410001255106, 118, 58237.0, 2.364
0.1261464999988675, 119, 58205.0, 2.308
0.16137200000230223, 120, 58205.0, 2.308
0.1957890000048792, 121, 58205.0, 2.308
0.2944503999897279, 122, 58205.0, 2.308
0.33114319999003783, 123, 58175.0, 2.255
0.2540727000014158, 124, 58147.0, 2.206
0.1490986000135308, 125, 58147.0, 2.206
0.13384660000156146, 126, 58147.0, 2.206
0.1153869000117993, 127, 58147.0, 2.206
0.13490400000591762, 128, 58130.0, 2.176
0.1371657999989111, 129, 58088.0, 2.102
0.1529656999919098, 130, 58084.0, 2.095
0.19994829999632202, 131, 58084.0, 2.095
0.16852730000391603, 132, 58084.0, 2.095
0.13777839999238495, 133, 58062.0, 2.057
0.13185499999963213, 134, 58062.0, 2.057
0.14829840000311378, 135, 58054.0, 2.042
0.1340386999945622, 136, 58054.0, 2.042
0.1207596000022022, 137, 58054.0, 2.042
0.11155919999873731, 138, 58054.0, 2.042
0.1264876000059303, 139, 58054.0, 2.042
0.1296038000000408, 140, 58054.0, 2.042
0.11896920000435784, 141, 58053.0, 2.041
0.11711979999381583, 142, 58053.0, 2.041
0.15451520000351593, 143, 58053.0, 2.041
0.12300539998977911, 144, 58053.0, 2.041
0.14002099999925122, 145, 58053.0, 2.041
0.1125088999979198, 146, 58053.0, 2.041
0.11890479999419767, 147, 58053.0, 2.041
0.1298265000077663, 148, 58053.0, 2.041
0.14708680000330787, 149, 58019.0, 1.981
0.12373920000391081, 150, 58019.0, 1.981
0.14587659999961033, 151, 58019.0, 1.981
0.12098470001365058, 152, 58015.0, 1.974
0.1352168999874266, 153, 58015.0, 1.974
0.154549799990491, 154, 58015.0, 1.974
0.13124610000522807, 155, 58015.0, 1.974
0.1299111999978777, 156, 58015.0, 1.974
0.11099060000560712, 157, 58015.0, 1.974
0.13039169998955913, 158, 58015.0, 1.974
0.1590128999960143, 159, 57986.0, 1.923
0.12677160000021104, 160, 57986.0, 1.923
0.15208179999899585, 161, 57964.0, 1.884
0.17592130000411998, 162, 57964.0, 1.884
0.14078000000154134, 163, 57964.0, 1.884
0.14453780000621919, 164, 57964.0, 1.884
0.1387713000003714, 165, 57964.0, 1.884
0.1357616000022972, 166, 57962.0, 1.881
0.1323372000042582, 167, 57957.0, 1.872
0.1456903000071179, 168, 57928.0, 1.821
0.19136789999902248, 169, 57928.0, 1.821
0.27301380000426434, 170, 57924.0, 1.814
0.2583296000084374, 171, 57859.0, 1.700
0.21045929999672808, 172, 57859.0, 1.700
0.22787139999854844, 173, 57800.0, 1.596
0.2178577999875415, 174, 57784.0, 1.568
0.14701659999263939, 175, 57784.0, 1.568
0.14317950000986457, 176, 57784.0, 1.568
0.12061669999093283, 177, 57784.0, 1.568
0.124140100000659, 178, 57784.0, 1.568
0.12304109999968205, 179, 57784.0, 1.568
0.1302270000014687, 180, 57784.0, 1.568
0.12111389999336097, 181, 57784.0, 1.568
0.11469210000359453, 182, 57784.0, 1.568
0.14128480000363197, 183, 57784.0, 1.568
0.12157630000729114, 184, 57784.0, 1.568
0.12354610000329558, 185, 57784.0, 1.568
0.11703130000387318, 186, 57784.0, 1.568
0.13526150000689086, 187, 57784.0, 1.568
0.1338573999964865, 188, 57784.0, 1.568
0.11173930000222754, 189, 57784.0, 1.568
0.14781789999688044, 190, 57784.0, 1.568
0.13534139998955652, 191, 57784.0, 1.568
0.16043720000016037, 192, 57762.0, 1.529
0.1367065999947954, 193, 57762.0, 1.529
0.18044939999526832, 194, 57762.0, 1.529
0.272555999996257, 195, 57762.0, 1.529
0.2214720999909332, 196, 57762.0, 1.529
0.13167190000240225, 197, 57762.0, 1.529
0.1219347000005655, 198, 57762.0, 1.529
0.1413687000022037, 199, 57762.0, 1.529
0.14273929999035317, 200, 57762.0, 1.529
0.13944069998979103, 201, 57762.0, 1.529
0.10841179999988526, 202, 57762.0, 1.529
0.14134189998731017, 203, 57762.0, 1.529
0.17675060000328813, 204, 57762.0, 1.529
0.14336470000853296, 205, 57762.0, 1.529
0.10989859999972396, 206, 57762.0, 1.529
0.13090420000662562, 207, 57762.0, 1.529
0.13335449999431148, 208, 57762.0, 1.529
0.1352787000068929, 209, 57762.0, 1.529
0.1267431000014767, 210, 57762.0, 1.529
0.11680340000020806, 211, 57762.0, 1.529
0.1288156000082381, 212, 57762.0, 1.529
0.13081750000128523, 213, 57762.0, 1.529
0.12135460000718012, 214, 57762.0, 1.529
0.1504414000082761, 215, 57762.0, 1.529
0.11870350000390317, 216, 57762.0, 1.529
0.13306519998877775, 217, 57762.0, 1.529
0.12356769999314565, 218, 57762.0, 1.529
0.14108329999726266, 219, 57762.0, 1.529
0.12052620000031311, 220, 57762.0, 1.529
0.14494270000432152, 221, 57762.0, 1.529
0.12434059999941383, 222, 57762.0, 1.529
0.16065659999730997, 223, 57762.0, 1.529
0.11530379999021534, 224, 57762.0, 1.529
0.12361049999890383, 225, 57762.0, 1.529
0.12801039998885244, 226, 57762.0, 1.529
0.15257239999482408, 227, 57762.0, 1.529
0.11819149999064393, 228, 57762.0, 1.529
0.12235140000120737, 229, 57762.0, 1.529
0.1192155000026105, 230, 57762.0, 1.529
0.13752749998820946, 231, 57762.0, 1.529
0.14426849999290425, 232, 57762.0, 1.529
0.1423475000046892, 233, 57762.0, 1.529
0.11433890000625979, 234, 57762.0, 1.529
0.13341660000151023, 235, 57762.0, 1.529
0.141463299994939, 236, 57762.0, 1.529
0.14099630000418983, 237, 57762.0, 1.529
0.10748730000341311, 238, 57762.0, 1.529
0.164305800004513, 239, 57762.0, 1.529
0.12809009999909904, 240, 57762.0, 1.529
0.13728789999731816, 241, 57762.0, 1.529
0.12398669999674894, 242, 57762.0, 1.529

tour:
[1050 1045 1049 1048 1033 1034 1042 1035 1036 1037 1038 1039 1043 1040
 1044 1041 1032 1100 1074 1073 1021 1020 1080 1013 1014 1015 1019 1018
 1016 1017 1012 1011 1010 1009 1008 1002 1003 1004 1005 1006 1007 1030
 1029 1028 1027 1031 1026 1025 1024 1023 1022  995  996 1001 1000  999
  998  997  994  864  865  863  862  531  861  532  860  859  858  528
  534  857  335  533  325  334  535  333  530  529  331  330  324  329
  526  328  527  336  349  348  347  363  361  362  365  364  366  367
  368  562  563  564  565  566  571  568  569  561  570  559  556  555
  554  553  552  560  551  550  548  547  537  538  539  536  540  541
  546  542  543  544  549  545  867  868  866  869  870  871  873  874
  872  881  880  879  878  877  876  875  557  558  589  590  884  885
  882  886  891  887  883  888  889  890  892  899  898  897  896  895
  894  893  591  592  593  594  595  580  579  578  572  577  576  575
  574  573  389  379  378  381  388  377  376  369  375  374  373  372
  387  371  370  567  360  358  359  355  357  356  354  353  352  351
  350  340  341  338  342  343  344  339  345  346  337  195  194  332
  166  169  165  193  312  311  310  319  309  307  295  296  291  282
  283  284  285  292  286  287  288  289  290  486  484  485  488  489
  487  490  498  491  492  493  494  495  496  497  499  500  511  510
  509  508  507  506  505  504  503  502  501  303  304  302  294  293
  301  305  300  306  299  298  297  308  313  314  315  320  316  317
  321  326  322  323  514  525  318  515  516  517  518  519  512  513
  520  521  522  523  524  327  838  837  836  835  834  839  844  843
  842  841  840  828  827  818  819  820  821  817  822  823  824  825
  833  832  850  851  845  846  847  852  853  848  849  854  856  966
  967  968  961  969  970  971  972  962  973  974  985  993 1072  990
  975  986  976  977  978  964  979  991  992 1075 1076 1078 1079 1077
 1081 1095 1090 1089 1088 1087 1086 1085 1093 1084 1083 1082 1091 1092
 1103 1104 1112 1105 1101 1106 1107 1113 1114 1108 1109 1102 1116 1137
 1120 1121 1119 1118 1117 1110 1098 1099 1097 1096  989  988  987  984
  983  982  981  980  965  954  953  952  951  939  940  941  955  956
  957  958  959  816  815  814  813  812  926  925  924  923  922  921
  920  919  918  917  937  950  963  949  948  947  946  945  944  943
  942  960  855  831  830  829  826  907  928  929  930  931  932  933
  938  934  935  936  916  915  914  927  913  912  911  910  909  908
  789  790  792  791  775  773  772  774  783  782  781  780  784  779
  778  777  482  481  480  468  479  478  483  477  476  475  474  473
  472  471  470  452  453  268  454  451  455  456  469  457  458  459
  460  461  464  462  467  463  466  465  710  769  711  709  712  713
  770  776  771  715  714  706  707  708  716  717  718  719  735  736
  737  734  733  738  739  740  741  785  793  794  786  795  796  797
  798  788  787  742  743  744  745  799  800  801  802  803  804  805
  806  807  808  811  809  763  768  767  762  761  766  765  760  759
  746  754  755  756  757  758  810  748  753  752  751  750  749  730
  729  728  731  727  726  732  725  724  723  722  721  720  704  703
  702  701  700  699  698  697  705  696  695  694  449  448  447  446
  450  445  444  443  442  441  440  439  438  239  240  422  436  423
  424  425  437  426  427  428  429  430  431  432  433  434  435  615
  616  617  618  619  620  621  626  622  623  624  625  646  647  648
  649  650  651  652  653  654  655  656  657  658  659  679  678  680
  681  682  683  684  685  686  747  764  693  691  690  692  688  689
  687  666  665  664  667  668  669  676  670  671  672  673  677  675
  674  641  642  640  639  643  644  638  637  636  635  634  630  633
  645  632  631  614  613  612  611  603  610  609  608  607  602  601
  606  605  600  604  421  420  419  418  417  416  415  414  413  412
  411  410   39  238  237  236  235  234  233  232  231   29   30   31
   32   33   34   36   35   38   57   58   59   60   61   62  407   63
   64   65  408  409   67   56   84   85   86   87   88   89   90   91
   83   92   66   93   94  105  106  107  108  109  104  110  111  112
  113  627  629  628  130  131  128  132  660  133  134  129  135  136
  661  662  663  137  138  139  127  118  126  117  125  124  123  122
  121  120  119  116  115  114  102  103  101  100   99   96   98   97
   95   79   78   77   76   75   74   82   72   71   73   81   80   70
   69   68   54   50   49   55   48   53   47   46   45   52   44   51
   43   42   41   40   37   26   25   24   23   28   27   22   21   20
    8    7    6    5    4    3    2    1    0    9   10   11   19   18
   17   16   15   14   13   12  140  141  219  147  148  149  177  176
  175  204  203  202  201  200  229  230  228  227  226  225  224  223
  222  221  220  218  217  216  215  241  242  243  244  245  246  247
  248  249  250  251  259  260  261  262  263  264  265  266  267  269
  271  272  273  274  275  270  276  277  278  279  281  280  258  252
  253  254  255  256  257  205  206  207  178  150  151  179  180  152
  153  181  182  154  155  183  184  156  157  185  186  158  159  187
  188  160  161  189  208  210  209  190  162  191  192  167  163  168
  164  170  171  172  196  197  198  211  212  213  214  199  173  174
  143  142  144  145  146  380  382  383  384  386  385  406  405  404
  403  402  401  390  391  392  393  400  394  399  395  396  397  398
  581  582  583  584  585  586  587  588  596  597  598  599  900  901
  902  903  904  905  906 1060 1061 1062 1063 1064 1057 1058 1066 1067
 1065 1068 1069 1070 1059 1071 1158 1159 1160 1161 1162 1163 1094 1164
 1165 1166 1167 1168 1169 1170 1172 1171 1156 1155 1154 1153 1145 1141
 1136 1115 1135 1134 1133 1140 1144 1152 1157 1150 1149 1143 1138 1139
 1132 1131 1111 1130 1129 1127 1128 1142 1148 1151 1147 1122 1146 1123
 1124 1126 1125 1047 1056 1055 1046 1054 1053 1052 1051]

eliteFit: 57762.0
percentError: 1.5292132461506012
computationTime: 47.224s