instanceName: u1060
n: 1060
optFit: 224094

genTime, gen, eliteFit, percentError:
0.001280399999814108, 0, 6430226.0, 2769.432
0.6127231999998912, 1, 245773.0, 9.674
0.4243170999980066, 2, 243084.0, 8.474
0.3971626000129618, 3, 240791.0, 7.451
0.3942383000103291, 4, 240403.0, 7.278
0.4051790999947116, 5, 236174.0, 5.391
0.3616867000237107, 6, 235576.0, 5.124
0.3912498999852687, 7, 234986.0, 4.860
0.3869708000274841, 8, 234677.0, 4.723
0.40875469997990876, 9, 234677.0, 4.723
0.3501631999970414, 10, 234495.0, 4.641
0.2976959999941755, 11, 233798.0, 4.330
0.23344680000445805, 12, 233701.0, 4.287
0.3383905000227969, 13, 233286.0, 4.102
0.2904590999823995, 14, 232711.0, 3.845
0.30875910000759177, 15, 232711.0, 3.845
0.31728210000437684, 16, 232432.0, 3.721
0.2932784000004176, 17, 232202.0, 3.618
0.3007497999933548, 18, 231941.0, 3.502
0.244372499990277, 19, 231549.0, 3.327
0.22451190001447685, 20, 231424.0, 3.271
0.17523130000336096, 21, 231029.0, 3.095
0.16849459998775274, 22, 230939.0, 3.055
0.14238669999758713, 23, 230754.0, 2.972
0.1613540000107605, 24, 230754.0, 2.972
0.1609584000252653, 25, 230370.0, 2.801
0.15198969998164102, 26, 230331.0, 2.783
0.1827280999859795, 27, 230331.0, 2.783
0.18933299998752773, 28, 230331.0, 2.783
0.12425530000473373, 29, 230331.0, 2.783
0.11514129998977296, 30, 230331.0, 2.783
0.09696689998963848, 31, 230331.0, 2.783
0.11454429998411797, 32, 230331.0, 2.783
0.09418929999810643, 33, 230331.0, 2.783
0.10641710000345483, 34, 230331.0, 2.783
0.09696640001493506, 35, 230331.0, 2.783
0.10825809999369085, 36, 230331.0, 2.783
0.083535399986431, 37, 230331.0, 2.783
0.12446510000154376, 38, 230331.0, 2.783
0.09796409998671152, 39, 230331.0, 2.783
0.10484909999649972, 40, 230331.0, 2.783
0.11439629999222234, 41, 230331.0, 2.783
0.10203609999734908, 42, 230331.0, 2.783
0.12388860000646673, 43, 230331.0, 2.783
0.09187539998674765, 44, 230331.0, 2.783
0.10622610000427812, 45, 230314.0, 2.776
0.11334250000072643, 46, 230314.0, 2.776
0.095487900020089, 47, 229991.0, 2.631
0.111739200016018, 48, 229974.0, 2.624
0.1467498000129126, 49, 229857.0, 2.572
0.1041131999809295, 50, 229793.0, 2.543
0.09348169999429956, 51, 229793.0, 2.543
0.11886029999004677, 52, 229741.0, 2.520
0.0997790000110399, 53, 229583.0, 2.449
0.10340580000774935, 54, 229583.0, 2.449
0.10662269999738783, 55, 229583.0, 2.449
0.09508369999821298, 56, 229583.0, 2.449
0.1040352999989409, 57, 229583.0, 2.449
0.11450300001888536, 58, 229583.0, 2.449
0.10170070000458509, 59, 229583.0, 2.449
0.10317409998970106, 60, 229583.0, 2.449
0.1098741999885533, 61, 229583.0, 2.449
0.10538809999707155, 62, 229583.0, 2.449
0.10819510000874288, 63, 229583.0, 2.449
0.10645900000235997, 64, 229583.0, 2.449
0.11081149999517947, 65, 229583.0, 2.449
0.12834530000691302, 66, 229583.0, 2.449
0.12703390000388026, 67, 229583.0, 2.449
0.11889310000697151, 68, 229583.0, 2.449
0.10142489999998361, 69, 229583.0, 2.449
0.10757819999707863, 70, 229583.0, 2.449
0.10352679999778047, 71, 229583.0, 2.449
0.09877250000135973, 72, 229583.0, 2.449
0.09702380001544952, 73, 229583.0, 2.449
0.12002400000346825, 74, 229583.0, 2.449
0.10569310002028942, 75, 229583.0, 2.449
0.10995830001775175, 76, 229583.0, 2.449
0.11086610000347719, 77, 229583.0, 2.449
0.11803389998385683, 78, 229583.0, 2.449
0.11227450001752004, 79, 229583.0, 2.449
0.10790699999779463, 80, 229583.0, 2.449
0.09174720000009984, 81, 229583.0, 2.449
0.09953910001786426, 82, 229583.0, 2.449
0.09955680000712164, 83, 229583.0, 2.449
0.10425249999389052, 84, 229583.0, 2.449
0.10292020000633784, 85, 229583.0, 2.449
0.10723399999551475, 86, 229583.0, 2.449
0.09153409997816198, 87, 229583.0, 2.449
0.09646250001969747, 88, 229583.0, 2.449
0.12545389999286272, 89, 229583.0, 2.449
0.09676059999037534, 90, 229554.0, 2.436
0.09557770000537857, 91, 229540.0, 2.430
0.11298860001261346, 92, 229540.0, 2.430
0.11589089999324642, 93, 229540.0, 2.430
0.10542680000071414, 94, 229540.0, 2.430
0.11099970000213943, 95, 229540.0, 2.430
0.10707940001157112, 96, 229540.0, 2.430
0.11314430000493303, 97, 229540.0, 2.430
0.11749319999944419, 98, 229540.0, 2.430
0.09529459997429512, 99, 229540.0, 2.430
0.11242930000298657, 100, 229530.0, 2.426
0.1196977999934461, 101, 229472.0, 2.400
0.1033469999965746, 102, 229472.0, 2.400
0.11085299999103881, 103, 229455.0, 2.392
0.09911139999167062, 104, 229455.0, 2.392
0.0976991000061389, 105, 229455.0, 2.392
0.098295900010271, 106, 229455.0, 2.392
0.09791769998264499, 107, 229455.0, 2.392
0.10358180000912398, 108, 229455.0, 2.392
0.10238920000847429, 109, 229455.0, 2.392
0.09250920001068152, 110, 229455.0, 2.392
0.09872529999120161, 111, 229455.0, 2.392
0.09491889999480918, 112, 229455.0, 2.392
0.11007789999712259, 113, 229455.0, 2.392
0.10352969999075867, 114, 229393.0, 2.365
0.10176030002185144, 115, 229393.0, 2.365
0.16202710001380183, 116, 229385.0, 2.361
0.11484769999515265, 117, 229385.0, 2.361
0.12202420001267456, 118, 229385.0, 2.361
0.09583789997850545, 119, 229385.0, 2.361
0.11930459999712184, 120, 229385.0, 2.361
0.09240970000973903, 121, 229385.0, 2.361
0.09681860002456233, 122, 229385.0, 2.361
0.09702070002094842, 123, 229385.0, 2.361
0.1057755000074394, 124, 229385.0, 2.361
0.12085350000415929, 125, 229385.0, 2.361
0.0985217000124976, 126, 229385.0, 2.361
0.11912550000124611, 127, 229385.0, 2.361
0.10899269999936223, 128, 229385.0, 2.361
0.09433849999913946, 129, 229385.0, 2.361
0.11047919999691658, 130, 229385.0, 2.361
0.08792940000421368, 131, 229385.0, 2.361
0.10115229999064468, 132, 229385.0, 2.361
0.0969743000168819, 133, 229385.0, 2.361
0.0979976000089664, 134, 229385.0, 2.361
0.09409659999073483, 135, 229385.0, 2.361
0.09476300000096671, 136, 229385.0, 2.361
0.09879109999747016, 137, 229385.0, 2.361
0.10592820000601932, 138, 229385.0, 2.361
0.1125136999762617, 139, 229334.0, 2.338
0.0984943000075873, 140, 229334.0, 2.338
0.11264220002340153, 141, 229334.0, 2.338
0.12306969999917783, 142, 229292.0, 2.320
0.10116130000096746, 143, 229287.0, 2.317
0.11301100000855513, 144, 229287.0, 2.317
0.08926840001367964, 145, 229287.0, 2.317
0.12404830000014044, 146, 229287.0, 2.317
0.10756850001052953, 147, 229287.0, 2.317
0.11266469999100082, 148, 229287.0, 2.317
0.11963060000562109, 149, 229287.0, 2.317
0.1173189000110142, 150, 229287.0, 2.317
0.13309310001204722, 151, 229287.0, 2.317
0.10628770000766963, 152, 229287.0, 2.317
0.10293630001251586, 153, 229287.0, 2.317
0.09598359998199157, 154, 229287.0, 2.317
0.1204823000007309, 155, 229287.0, 2.317
0.08712280000327155, 156, 229287.0, 2.317
0.11274989999947138, 157, 229287.0, 2.317
0.09617420000722632, 158, 229287.0, 2.317
0.10694209998473525, 159, 229287.0, 2.317
0.09868130000540987, 160, 229287.0, 2.317
0.10419670000555925, 161, 229287.0, 2.317
0.09276440000394359, 162, 229287.0, 2.317
0.11115069998777471, 163, 229287.0, 2.317
0.11406569997780025, 164, 229287.0, 2.317
0.12102429999504238, 165, 229287.0, 2.317
0.11527150002075359, 166, 229287.0, 2.317
0.09120700001949444, 167, 229287.0, 2.317
0.09832469999673776, 168, 229287.0, 2.317
0.1270508999878075, 169, 229287.0, 2.317
0.09070609998889267, 170, 229287.0, 2.317
0.09939749998738989, 171, 229287.0, 2.317
0.0979718999878969, 172, 229287.0, 2.317
0.09205399997881614, 173, 229287.0, 2.317
0.09819799999240786, 174, 229287.0, 2.317
0.0948701000015717, 175, 229287.0, 2.317
0.10230739999678917, 176, 229287.0, 2.317
0.10777969998889603, 177, 229287.0, 2.317
0.09515040001133457, 178, 229287.0, 2.317
0.09665619998122565, 179, 229287.0, 2.317
0.09809430001769215, 180, 229162.0, 2.262
0.1149009000218939, 181, 229162.0, 2.262
0.11354389999178238, 182, 229162.0, 2.262
0.1166901999968104, 183, 229162.0, 2.262
0.1491894000209868, 184, 229162.0, 2.262
0.11660850001499057, 185, 229162.0, 2.262
0.11216620000777766, 186, 229162.0, 2.262
0.12558230001013726, 187, 229162.0, 2.262
0.09488319998490624, 188, 229162.0, 2.262
0.09653369997977279, 189, 229162.0, 2.262
0.09325209999224171, 190, 229162.0, 2.262
0.09620860000723042, 191, 229162.0, 2.262
0.11436709997360595, 192, 229162.0, 2.262
0.11576849999255501, 193, 229162.0, 2.262
0.09915080000064336, 194, 229162.0, 2.262
0.13879860000452027, 195, 229162.0, 2.262
0.0956986999954097, 196, 229162.0, 2.262
0.10168399999383837, 197, 229065.0, 2.218
0.09623570000985637, 198, 229065.0, 2.218
0.11505510000279173, 199, 229065.0, 2.218
0.09834980001323856, 200, 229065.0, 2.218
0.08988980000140145, 201, 229065.0, 2.218
0.11041500000283122, 202, 229065.0, 2.218
0.09897079999791458, 203, 229065.0, 2.218
0.10339249999378808, 204, 229065.0, 2.218
0.10012940000160597, 205, 229065.0, 2.218
0.09450860001379624, 206, 229065.0, 2.218
0.10157560001243837, 207, 229065.0, 2.218
0.11480979999760166, 208, 229065.0, 2.218
0.11246959998970851, 209, 229065.0, 2.218
0.09166969999205321, 210, 229065.0, 2.218
0.10761840001214296, 211, 229065.0, 2.218
0.08294809999642894, 212, 229065.0, 2.218
0.11548710000352003, 213, 229065.0, 2.218
0.09763360000215471, 214, 229065.0, 2.218
0.10632550000445917, 215, 229065.0, 2.218
0.10153600000194274, 216, 229065.0, 2.218
0.09817700000712648, 217, 229057.0, 2.215
0.09365039999829605, 218, 229057.0, 2.215
0.10834349997458048, 219, 229011.0, 2.194
0.08920329998363741, 220, 229011.0, 2.194
0.10966970000299625, 221, 228772.0, 2.088
0.1247758999816142, 222, 228772.0, 2.088
0.13654269999824464, 223, 228772.0, 2.088
0.10116440002457239, 224, 228772.0, 2.088
0.11318160002701916, 225, 228772.0, 2.088
0.09635039998102002, 226, 228772.0, 2.088
0.0980697000049986, 227, 228772.0, 2.088
0.1059123000013642, 228, 228772.0, 2.088
0.10266379997483455, 229, 228772.0, 2.088
0.08569480001460761, 230, 228725.0, 2.067
0.10854319998179562, 231, 228725.0, 2.067
0.10646800001268275, 232, 228725.0, 2.067
0.10655870000482537, 233, 228699.0, 2.055
0.08874959999229759, 234, 228699.0, 2.055
0.1066512999823317, 235, 228699.0, 2.055
0.10699919998296537, 236, 228699.0, 2.055
0.1309010999975726, 237, 228599.0, 2.010
0.10340310001629405, 238, 228599.0, 2.010
0.10245039997971617, 239, 228599.0, 2.010
0.10795640002470464, 240, 228599.0, 2.010
0.11168870000983588, 241, 228599.0, 2.010
0.10687660000985488, 242, 228531.0, 1.980
0.09377050001057796, 243, 228531.0, 1.980
0.1203766000107862, 244, 228531.0, 1.980
0.10233210001024418, 245, 228531.0, 1.980
0.0964465000142809, 246, 228531.0, 1.980
0.12923089999821968, 247, 228531.0, 1.980
0.10649949999060482, 248, 228507.0, 1.969
0.10816089998115785, 249, 228507.0, 1.969
0.12103940002270974, 250, 228487.0, 1.960
0.11159070002031513, 251, 228487.0, 1.960
0.11346269998466596, 252, 228487.0, 1.960
0.10739999997895211, 253, 228487.0, 1.960
0.10252079999190755, 254, 228487.0, 1.960
0.10341760001028888, 255, 228487.0, 1.960
0.116799399984302, 256, 228487.0, 1.960
0.09796059998916462, 257, 228487.0, 1.960
0.11327729999902658, 258, 228487.0, 1.960
0.09995219999109395, 259, 228487.0, 1.960
0.09212670000852086, 260, 228487.0, 1.960
0.09614209999563172, 261, 228487.0, 1.960
0.10448639999958687, 262, 228487.0, 1.960
0.10509510000701994, 263, 228487.0, 1.960
0.0961830000160262, 264, 228487.0, 1.960
0.10127270000521094, 265, 228487.0, 1.960
0.10055580001790076, 266, 228487.0, 1.960
0.09210089998668991, 267, 228487.0, 1.960
0.1298329000128433, 268, 228487.0, 1.960
0.10091529999044724, 269, 228487.0, 1.960
0.10150920000160113, 270, 228487.0, 1.960
0.11127069999929518, 271, 228487.0, 1.960
0.10969019998447038, 272, 228487.0, 1.960
0.10632019999320619, 273, 228487.0, 1.960
0.10365640002419241, 274, 228487.0, 1.960
0.11521210000501014, 275, 228482.0, 1.958
0.10238619998563081, 276, 228482.0, 1.958
0.14631169999483973, 277, 228482.0, 1.958
0.10215120000066236, 278, 228482.0, 1.958
0.09724329999880865, 279, 228482.0, 1.958
0.12292569997953251, 280, 228482.0, 1.958
0.1233150000043679, 281, 228423.0, 1.932
0.11508899999898858, 282, 228380.0, 1.913
0.11687030000030063, 283, 228380.0, 1.913
0.14397829998051748, 284, 228380.0, 1.913
0.10620519999065436, 285, 228380.0, 1.913
0.09713400001055561, 286, 228380.0, 1.913
0.10627479999675415, 287, 228367.0, 1.907
0.1130360999959521, 288, 228332.0, 1.891
0.0940505999897141, 289, 228332.0, 1.891
0.09559719997923821, 290, 228332.0, 1.891
0.11674389999825507, 291, 228332.0, 1.891
0.09455400001024827, 292, 228332.0, 1.891
0.11411500000394881, 293, 228332.0, 1.891
0.09373319998849183, 294, 228332.0, 1.891
0.09541979999630712, 295, 228332.0, 1.891
0.09713519999058917, 296, 228332.0, 1.891
0.11290400000871159, 297, 228332.0, 1.891
0.10636439998052083, 298, 228332.0, 1.891
0.10392520000459626, 299, 228332.0, 1.891
0.11110680000274442, 300, 228332.0, 1.891
0.11276709998492151, 301, 228332.0, 1.891
0.11215790000278503, 302, 228332.0, 1.891
0.11633520000032149, 303, 228294.0, 1.874
0.12718159999349155, 304, 228294.0, 1.874
0.10873010000796057, 305, 228294.0, 1.874
0.10243189998436719, 306, 228294.0, 1.874
0.14032940001925454, 307, 228294.0, 1.874
0.11064790000091307, 308, 228294.0, 1.874
0.09251170000061393, 309, 228294.0, 1.874
0.09946979998494498, 310, 228294.0, 1.874
0.11025769999832846, 311, 228294.0, 1.874
0.1055587999871932, 312, 228268.0, 1.863
0.1280391000036616, 313, 228268.0, 1.863
0.10892020000028424, 314, 228268.0, 1.863
0.10347549998550676, 315, 228268.0, 1.863
0.09410679998109117, 316, 228268.0, 1.863
0.12123019999125972, 317, 228268.0, 1.863
0.10101929999655113, 318, 228268.0, 1.863
0.10633909999160096, 319, 228268.0, 1.863
0.09797549998620525, 320, 228268.0, 1.863
0.10108510000281967, 321, 228268.0, 1.863
0.10111150000011548, 322, 228268.0, 1.863
0.11499080000794493, 323, 228268.0, 1.863
0.10601499999756925, 324, 228199.0, 1.832
0.10802159999730065, 325, 228199.0, 1.832
0.1260799000156112, 326, 228199.0, 1.832
0.11906850000377744, 327, 228199.0, 1.832
0.09241519999341108, 328, 228199.0, 1.832
0.12453629999072291, 329, 228199.0, 1.832
0.11883550000493415, 330, 228199.0, 1.832
0.10703080001985654, 331, 228199.0, 1.832
0.1129746999940835, 332, 228185.0, 1.826
0.10193030000664294, 333, 228185.0, 1.826
0.12199450001935475, 334, 228185.0, 1.826
0.10491749999346212, 335, 228185.0, 1.826
0.09274820002610795, 336, 228185.0, 1.826
0.09662769999704324, 337, 228185.0, 1.826
0.10639259999152273, 338, 228185.0, 1.826
0.10467749999952503, 339, 228185.0, 1.826
0.09630669999751262, 340, 228185.0, 1.826
0.10175680002430454, 341, 228185.0, 1.826
0.09146930000861175, 342, 228185.0, 1.826
0.09958710000501014, 343, 228185.0, 1.826
0.10877310001524165, 344, 228185.0, 1.826
0.10744140000315383, 345, 228185.0, 1.826
0.09190899998066016, 346, 228185.0, 1.826
0.09100640000542626, 347, 228185.0, 1.826
0.1236151999910362, 348, 228185.0, 1.826
0.1153881999780424, 349, 228185.0, 1.826
0.12674750000587665, 350, 228185.0, 1.826
0.11842250000336207, 351, 228144.0, 1.807
0.10950550000416115, 352, 228144.0, 1.807
0.10947219998342916, 353, 228077.0, 1.777
0.1464587000082247, 354, 228036.0, 1.759
0.10980509998626076, 355, 228036.0, 1.759
0.15353329997742549, 356, 228036.0, 1.759
0.13295639998978004, 357, 228031.0, 1.757
0.1092196999816224, 358, 228031.0, 1.757
0.09393030000501312, 359, 228031.0, 1.757
0.10184459999436513, 360, 228031.0, 1.757
0.14084189999266528, 361, 228031.0, 1.757
0.10358349999296479, 362, 228007.0, 1.746
0.09119549999013543, 363, 228007.0, 1.746
0.10046069999225438, 364, 228007.0, 1.746
0.0878050000173971, 365, 228007.0, 1.746
0.10464410000713542, 366, 228007.0, 1.746
0.1024848000088241, 367, 228007.0, 1.746
0.10180820000823587, 368, 228007.0, 1.746
0.10382499999832362, 369, 228007.0, 1.746
0.12951040000189096, 370, 228007.0, 1.746
0.09244269999908283, 371, 228007.0, 1.746
0.10475519997999072, 372, 228007.0, 1.746
0.10081070000887848, 373, 228007.0, 1.746
0.09664509998401627, 374, 228007.0, 1.746
0.10176640001009218, 375, 228007.0, 1.746
0.10973540000850335, 376, 228007.0, 1.746
0.11282869998831302, 377, 228007.0, 1.746
0.08875749999424443, 378, 228007.0, 1.746
0.11042889999225736, 379, 228007.0, 1.746
0.1272813999967184, 380, 228007.0, 1.746
0.11105810001026839, 381, 228007.0, 1.746
0.10230629998841323, 382, 228007.0, 1.746
0.09353949999785982, 383, 228007.0, 1.746
0.11790320000727661, 384, 228007.0, 1.746
0.09439959999872372, 385, 228007.0, 1.746
0.08955909998621792, 386, 228007.0, 1.746
0.10501520000980236, 387, 228007.0, 1.746
0.12018160001025535, 388, 228007.0, 1.746
0.10511940001742914, 389, 228007.0, 1.746
0.1057816999964416, 390, 228007.0, 1.746
0.11411920000682585, 391, 228007.0, 1.746
0.10649030000786297, 392, 228007.0, 1.746
0.10448099998757243, 393, 228007.0, 1.746
0.1137250000028871, 394, 228007.0, 1.746
0.10406569999759085, 395, 228007.0, 1.746
0.09526259999256581, 396, 228007.0, 1.746
0.09985090000554919, 397, 228007.0, 1.746
0.0971097000001464, 398, 227966.0, 1.728
0.09861020001699217, 399, 227966.0, 1.728
0.09148829997866414, 400, 227966.0, 1.728
0.10228180000558496, 401, 227966.0, 1.728
0.09836189998895861, 402, 227966.0, 1.728
0.1192845000186935, 403, 227966.0, 1.728
0.08775259999674745, 404, 227966.0, 1.728
0.09817589999875054, 405, 227966.0, 1.728
0.1293842000013683, 406, 227966.0, 1.728
0.11226630001328886, 407, 227966.0, 1.728
0.11867580001126043, 408, 227966.0, 1.728
0.121037900011288, 409, 227966.0, 1.728
0.10137820002273656, 410, 227966.0, 1.728
0.09752750000916421, 411, 227966.0, 1.728
0.09947580000152811, 412, 227966.0, 1.728
0.08542059999308549, 413, 227966.0, 1.728
0.11269370000809431, 414, 227966.0, 1.728
0.11860399998840876, 415, 227966.0, 1.728
0.09131260000867769, 416, 227966.0, 1.728
0.09393200001795776, 417, 227966.0, 1.728
0.10338529999717139, 418, 227966.0, 1.728
0.10094140001456253, 419, 227966.0, 1.728
0.09639389999210835, 420, 227966.0, 1.728
0.10977749997982755, 421, 227966.0, 1.728
0.12032919999910519, 422, 227966.0, 1.728
0.11190709998481907, 423, 227966.0, 1.728
0.11779760001809336, 424, 227815.0, 1.660
0.12486989999888465, 425, 227815.0, 1.660
0.10624739999184385, 426, 227815.0, 1.660
0.11276960000395775, 427, 227815.0, 1.660
0.09208390000276268, 428, 227815.0, 1.660
0.09462659998098388, 429, 227815.0, 1.660
0.10671449999790639, 430, 227815.0, 1.660
0.10305539998807944, 431, 227815.0, 1.660
0.09416090001468547, 432, 227815.0, 1.660
0.1007023999991361, 433, 227815.0, 1.660
0.11907139999675564, 434, 227815.0, 1.660
0.11180449998937547, 435, 227815.0, 1.660
0.1017950999957975, 436, 227815.0, 1.660
0.10789049998857081, 437, 227815.0, 1.660
0.0981731999781914, 438, 227815.0, 1.660
0.11895160001586191, 439, 227815.0, 1.660
0.09051629999885336, 440, 227815.0, 1.660
0.09942020001471974, 441, 227815.0, 1.660
0.10928139998577535, 442, 227815.0, 1.660
0.09336590001475997, 443, 227815.0, 1.660
0.10108520000358112, 444, 227815.0, 1.660
0.14067789999535307, 445, 227815.0, 1.660
0.12105650000739843, 446, 227815.0, 1.660
0.1062534999800846, 447, 227815.0, 1.660
0.09659619999001734, 448, 227815.0, 1.660
0.12649310001870617, 449, 227815.0, 1.660
0.09400809998624027, 450, 227815.0, 1.660
0.10576559999026358, 451, 227815.0, 1.660
0.08681460001389496, 452, 227815.0, 1.660
0.10690620000241324, 453, 227815.0, 1.660
0.0922382999851834, 454, 227815.0, 1.660
0.11821919999783859, 455, 227815.0, 1.660
0.10170339999604039, 456, 227815.0, 1.660
0.09919660000014119, 457, 227815.0, 1.660
0.11629679999896325, 458, 227815.0, 1.660
0.11210080000455491, 459, 227815.0, 1.660
0.11281369999051094, 460, 227815.0, 1.660
0.10453229999984615, 461, 227815.0, 1.660
0.10122399998363107, 462, 227815.0, 1.660
0.11095219998969696, 463, 227815.0, 1.660
0.09577539999736473, 464, 227815.0, 1.660
0.1303749999788124, 465, 227815.0, 1.660
0.10424449999118224, 466, 227815.0, 1.660
0.10520369998994283, 467, 227815.0, 1.660
0.11136179999448359, 468, 227815.0, 1.660
0.11820009999792092, 469, 227815.0, 1.660
0.12477890000445768, 470, 227815.0, 1.660
0.11818200000561774, 471, 227755.0, 1.634
0.0907924999773968, 472, 227755.0, 1.634
0.09426069998880848, 473, 227714.0, 1.615
0.11252200001035817, 474, 227714.0, 1.615
0.08945090000634082, 475, 227683.0, 1.602
0.11159480002243072, 476, 227683.0, 1.602
0.10014700001920573, 477, 227683.0, 1.602
0.12468979999539442, 478, 227683.0, 1.602
0.13114350000978447, 479, 227683.0, 1.602
0.09648539999034256, 480, 227683.0, 1.602
0.09754469999461435, 481, 227683.0, 1.602
0.10339239999302663, 482, 227683.0, 1.602
0.10747969997464679, 483, 227683.0, 1.602
0.11945759999798611, 484, 227683.0, 1.602
0.12816690001636744, 485, 227683.0, 1.602
0.10437730001285672, 486, 227683.0, 1.602
0.10843520000344142, 487, 227683.0, 1.602
0.10188310002558865, 488, 227683.0, 1.602
0.10109209999791346, 489, 227683.0, 1.602
0.10681060000206344, 490, 227683.0, 1.602
0.11651399999391288, 491, 227683.0, 1.602
0.11631359998136759, 492, 227683.0, 1.602
0.10783520000404678, 493, 227683.0, 1.602
0.13824939998448826, 494, 227683.0, 1.602
0.09996769999270327, 495, 227683.0, 1.602
0.09255489998031408, 496, 227683.0, 1.602
0.08930510000209324, 497, 227683.0, 1.602
0.10620099998777732, 498, 227683.0, 1.602
0.10540619998937473, 499, 227683.0, 1.602
0.09555289999116212, 500, 227683.0, 1.602
0.12129280000226572, 501, 227683.0, 1.602
0.10313360000145622, 502, 227683.0, 1.602
0.10211039998102933, 503, 227683.0, 1.602
0.11702149998745881, 504, 227683.0, 1.602
0.11363179999170825, 505, 227683.0, 1.602
0.09829930000705644, 506, 227683.0, 1.602
0.08500339998863637, 507, 227683.0, 1.602
0.10582060000160709, 508, 227683.0, 1.602
0.113700499990955, 509, 227683.0, 1.602
0.09291680000023916, 510, 227683.0, 1.602
0.147219500009669, 511, 227634.0, 1.580
0.08961310001905076, 512, 227634.0, 1.580
0.10680149999097921, 513, 227634.0, 1.580
0.10647070000413805, 514, 227634.0, 1.580
0.09808280001743697, 515, 227634.0, 1.580
0.11268709998694248, 516, 227634.0, 1.580
0.11321239999961108, 517, 227634.0, 1.580
0.11388759998953901, 518, 227599.0, 1.564
0.10171879999688827, 519, 227599.0, 1.564
0.11239610001211986, 520, 227599.0, 1.564
0.09963449998758733, 521, 227599.0, 1.564
0.10622719998355024, 522, 227599.0, 1.564
0.09834909997880459, 523, 227599.0, 1.564
0.11341550000361167, 524, 227599.0, 1.564
0.08644719998119399, 525, 227599.0, 1.564
0.09352590001071803, 526, 227599.0, 1.564
0.08642179999151267, 527, 227599.0, 1.564
0.12101810000604019, 528, 227599.0, 1.564
0.09245250001549721, 529, 227599.0, 1.564
0.09268930001417175, 530, 227599.0, 1.564
0.10201969998888671, 531, 227599.0, 1.564
0.0888666000100784, 532, 227599.0, 1.564
0.10909829998854548, 533, 227599.0, 1.564
0.11331590000190772, 534, 227599.0, 1.564
0.09567530002095737, 535, 227599.0, 1.564
0.1191234000143595, 536, 227599.0, 1.564
0.12637099999119528, 537, 227599.0, 1.564
0.09721680000075139, 538, 227599.0, 1.564
0.09382150002056733, 539, 227599.0, 1.564
0.10939379999763332, 540, 227599.0, 1.564
0.12369979999493808, 541, 227599.0, 1.564
0.11051590001443401, 542, 227599.0, 1.564
0.11839590000454336, 543, 227599.0, 1.564
0.09863490000134334, 544, 227599.0, 1.564
0.09228589999838732, 545, 227599.0, 1.564
0.1236565999861341, 546, 227599.0, 1.564
0.09723200000007637, 547, 227599.0, 1.564
0.1195607999979984, 548, 227599.0, 1.564
0.10645829999702983, 549, 227599.0, 1.564
0.1285795000148937, 550, 227599.0, 1.564
0.09393180001643486, 551, 227599.0, 1.564
0.11041999998269603, 552, 227599.0, 1.564
0.09261839999817312, 553, 227599.0, 1.564
0.11341329998685978, 554, 227599.0, 1.564
0.11441880001802929, 555, 227599.0, 1.564
0.10258570002042688, 556, 227599.0, 1.564
0.09195319999707863, 557, 227599.0, 1.564
0.09282960000564344, 558, 227599.0, 1.564
0.09693719999631867, 559, 227599.0, 1.564
0.12123719998635352, 560, 227599.0, 1.564
0.11176120000891387, 561, 227599.0, 1.564
0.09329780002008192, 562, 227599.0, 1.564
0.13580700001330115, 563, 227599.0, 1.564
0.10630260000471026, 564, 227599.0, 1.564
0.09229709999635816, 565, 227599.0, 1.564
0.12967709999065846, 566, 227599.0, 1.564
0.10604010001407005, 567, 227599.0, 1.564
0.10522920000948943, 568, 227599.0, 1.564

tour:
[ 402  400  401  427  428  429  430  431  432  434  433  435  436  610
  609  620  619  618  612  611  613  614  615  616  617  623  622  621
  625  624  626  627  631  628  629  630  635  636  637  638  645  646
  647  650  649  651  652  653  658  654  656  655  665  664  657  659
  660  648  644  639  640  643  661  662  663  666  669  667  642  641
  668  634  633  632  672  671  673  674  681  680  679  675  676  678
  677  715  716  717  718  714  713  712  711  710  709  708  719  720
  721  707  706  705  701  702  704  703  689  688  687  686  685  684
  683  682  670  607  608  606  605  603  604  602  601  600  437  438
  439  442  443  444  599  598  445  450  451  597  596  595  593  592
  591  594  452  453  454  558  557  559  560  556  555  459  460  553
  554  561  562  563  564  565  566  567  571  572  573  574  575  736
  737  735  577  576  578  579  580  581  697  582  583  584  585  586
  587  569  570  568  588  589  590  696  695  694  693  692  691  690
  700  698  699  722  723  724  725  726  727  728  730  729  734  733
  731  732  738  739  740  741  742  743  744  745  746  747  748  537
  536  535  538  539  540  541  542  543  546  545  544  547  548  552
  551  550  549  528  529  530  526  527  525  478  480  479  477  476
  468  467  466  464  465  469  470  472  473  471  475  474  481  482
  496  495  494  491  490  492  493  507  508  506  509  510  505  512
  511  513  504  500  499  498  497  501  502  503  517  518  519  515
  514  516  520  521  522  523  524  531  532  533  534  749  750  751
  752  755  756  757  758  759  754  753  760  761  762  763  764  765
  766  767  768  769  776  777  775  770  771  772  773  774  778  779
  780  783  781  782  784  785  786  787  788  789  790  791  792  793
  794  795  797  796  798  799  800  801  802  803  804  342  341  343
  346  347  345  344  348  354  355  356  357  361  360  359  358  365
  366  368  367  489  488  487  486  485  484  483  411  420  421  422
  463  462  461  458  455  456  457  449  448  446  447  441  440  426
  425  423  424  417  416  415  418  413  414  419  412  410  409  408
  407  406  405  387  386  385  384  383  382  381  380  379  378  377
  376  375  374  373  280  281  289  290  291  292  293  294  300  302
  303  304  305  317  318  319  301  299  297  298  296  295  370  372
  371  369  364  363  362  352  353  351  349  350  320  325  326  322
  321  323  324  329  328  327  338  339  340  337  336  335  334  332
  330  331  333  812  811  810  809  806  805  807  808  824  825  823
  822  821  834  833  832  826  831  830  829  828  827  940  941  943
  942  966  967  968  965  947  944  945  946  933  932  931  928  930
  929  927  952  951  953  950  954  955  949  948  963  964  962  961
  960  959  956  958  957   79   78   77   81   80   76   75   74   73
   72   71   70   69   68   67   66  992  991  990  989  985  983  979
  978  976  975  974  970  969  971  972  973  981  977  980  982  984
  986  987  988  993  994  995  996  997 1002 1001  998  999 1000 1011
 1013 1014 1012 1015 1016 1017 1019 1010 1008 1007 1006 1004 1003 1005
 1023 1022 1024 1025 1021 1009 1020 1026 1018 1027 1029 1028   63   64
   65   62   61   59   60 1030 1036 1037 1035 1034 1033 1032 1031   56
   55   57   58   54   53   38   37   36 1038 1039 1040 1044 1045 1047
 1048 1046 1041 1043 1042 1049   31   28   27   26   25   23   24   32
   33   35   34   40   39   41   42   52   51   50   49   48   43   44
   45   47   46   82   88   89   90   91   87   86   85   84   99   83
   22   21   20  100  101   97   98   93   92  891   94   95   96  107
  102  103  106  105  104   14   15   17   16   18   19   13   12   11
   29   30   10    9 1052 1053 1050 1051 1054 1055 1056 1057 1058 1059
    3    0    2    1    4    5    6    7    8  121  122  123  128  127
  130  129  124  125  126  136  135  132  134  133  131  883  885  886
  884  137  138  139  140  141  142  143  144  145  146  147  148  149
  150  151  152  153  154  155  156  157  164  165  159  158  160  161
  162  163  166  167  168  169  170  171  172  173  174  175  176  177
  178  179  180  181  182  183  185  184  186  187  188  189  190  191
  192  193  194  198  204  203  202  201  200  206  207  208  216  211
  210  209  205  212  213  215  214  866  867  868  870  871  869  874
  875  876  878  877  873  872  879  880  881  888  882  887  113  111
  112  114  115  119  120  117  118  116  110  108  109  889  890  892
  893  895  897  898  896  894  900  899  901  902  903  905  904  906
  908  909  910  907  911  912  913  914  915  916  917  923  925  926
  924  937  936  935  934  939  938  837  835  836  818  819  820  817
  813  814  816  815  316  315  306  307  314  308  312  313  244  245
  243  241  240  242  839  838  840  841  842  843  844  845  851  846
  847  848  849  850  922  919  921  920  918  860  861  862  863  864
  865  217  218  220  222  221  219  858  857  859  856  854  855  224
  225  226  853  852  228  227  229  230  236  237  238  239  246  235
  234  233  231  232  223  259  260  258  199  197  196  195  266  265
  264  263  261  262  257  256  255  253  254  252  251  249  250  248
  247  309  310  311  286  287  288  284  285  283  282  279  278  277
  267  271  270  269  272  268  276  389  388  275  274  273  390  391
  392  393  394  395  404  403  396  397  398  399]

eliteFit: 227599.0
percentError: 1.564075789623997
computationTime: 66.362s