instanceName: u1060
n: 1060
optFit: 224094

genTime, gen, eliteFit, percentError:
0.0015211999998427927, 0, 6451952.0, 2779.128
0.6167393999930937, 1, 244825.0, 9.251
0.40370049999910407, 2, 242570.0, 8.245
0.4037389000004623, 3, 240586.0, 7.359
0.396780300012324, 4, 238833.0, 6.577
0.41029729999718256, 5, 238562.0, 6.456
0.3964970000088215, 6, 237580.0, 6.018
0.38442489999579266, 7, 236876.0, 5.704
0.3861909999977797, 8, 236614.0, 5.587
0.38866160000907257, 9, 235456.0, 5.070
0.4022060999996029, 10, 235456.0, 5.070
0.3829078999988269, 11, 234461.0, 4.626
0.37640330000431277, 12, 234461.0, 4.626
0.38476640000590123, 13, 234456.0, 4.624
0.38588280000840314, 14, 234146.0, 4.486
0.3549648000043817, 15, 232626.0, 3.807
0.3120244999881834, 16, 232489.0, 3.746
0.23936149998917244, 17, 232369.0, 3.693
0.19646090001333505, 18, 232260.0, 3.644
0.13095289998454973, 19, 232014.0, 3.534
0.1022289999818895, 20, 231808.0, 3.442
0.11442260001786053, 21, 231420.0, 3.269
0.12379179999697953, 22, 231294.0, 3.213
0.12490870000328869, 23, 231294.0, 3.213
0.1365749999822583, 24, 231159.0, 3.153
0.09658570002648048, 25, 231159.0, 3.153
0.11367970000719652, 26, 231118.0, 3.134
0.1015254000085406, 27, 231118.0, 3.134
0.10391710000112653, 28, 231118.0, 3.134
0.10009520000312477, 29, 231118.0, 3.134
0.10372310000821017, 30, 231118.0, 3.134
0.10533390002092347, 31, 231118.0, 3.134
0.09837670001434162, 32, 231118.0, 3.134
0.09304800000973046, 33, 231118.0, 3.134
0.10596449999138713, 34, 231043.0, 3.101
0.10241750002023764, 35, 231043.0, 3.101
0.1427982000168413, 36, 230885.0, 3.030
0.1306476999889128, 37, 230762.0, 2.976
0.12450320000061765, 38, 230762.0, 2.976
0.1306136999919545, 39, 230671.0, 2.935
0.15133289998630062, 40, 230564.0, 2.887
0.12245190000976436, 41, 230564.0, 2.887
0.11202359999879263, 42, 230564.0, 2.887
0.10780100000556558, 43, 230564.0, 2.887
0.10903019999386743, 44, 230564.0, 2.887
0.09848310000961646, 45, 230564.0, 2.887
0.09678550000535324, 46, 230564.0, 2.887
0.1003768999944441, 47, 230564.0, 2.887
0.0983970999950543, 48, 230564.0, 2.887
0.10818179999478161, 49, 230558.0, 2.885
0.099785400001565, 50, 230558.0, 2.885
0.10187129999394529, 51, 230405.0, 2.816
0.11936059998697601, 52, 230405.0, 2.816
0.11398140000528656, 53, 230405.0, 2.816
0.11872689999290742, 54, 230305.0, 2.772
0.10226139999576844, 55, 230305.0, 2.772
0.11929299999610521, 56, 230305.0, 2.772
0.10318229999393225, 57, 230305.0, 2.772
0.10337429997161962, 58, 230305.0, 2.772
0.10643200000049546, 59, 230305.0, 2.772
0.10403600000427105, 60, 230305.0, 2.772
0.09863870000117458, 61, 230305.0, 2.772
0.1333536999882199, 62, 230305.0, 2.772
0.09244519998901524, 63, 230305.0, 2.772
0.10852360000717454, 64, 230305.0, 2.772
0.12967789999675006, 65, 230305.0, 2.772
0.09776390000479296, 66, 230305.0, 2.772
0.11004500000854023, 67, 230305.0, 2.772
0.0990499000181444, 68, 230305.0, 2.772
0.12199189999955706, 69, 230305.0, 2.772
0.11022709999815561, 70, 230305.0, 2.772
0.10691810000571422, 71, 230305.0, 2.772
0.13182559999404475, 72, 230305.0, 2.772
0.10425000000395812, 73, 230305.0, 2.772
0.10845890000928193, 74, 230305.0, 2.772
0.12537009999505244, 75, 230305.0, 2.772
0.11149219999788329, 76, 230253.0, 2.748
0.11006239999551326, 77, 230253.0, 2.748
0.10574639998958446, 78, 230201.0, 2.725
0.10964809998404235, 79, 230201.0, 2.725
0.11716049999813549, 80, 230177.0, 2.714
0.11809340000036173, 81, 230073.0, 2.668
0.1477761999994982, 82, 230036.0, 2.652
0.12079780001658946, 83, 230018.0, 2.644
0.09925749999820255, 84, 229996.0, 2.634
0.12544100001105107, 85, 229830.0, 2.560
0.10983449997729622, 86, 229830.0, 2.560
0.10713610000675544, 87, 229755.0, 2.526
0.11526670001330785, 88, 229715.0, 2.508
0.12227180000627413, 89, 229715.0, 2.508
0.16543359999195673, 90, 229669.0, 2.488
0.12459670001408085, 91, 229669.0, 2.488
0.10956670000450686, 92, 229669.0, 2.488
0.11716970000998117, 93, 229669.0, 2.488
0.10741689999122173, 94, 229592.0, 2.453
0.10905809997348115, 95, 229525.0, 2.424
0.10685070001636632, 96, 229525.0, 2.424
0.11328229997889139, 97, 229525.0, 2.424
0.0939492000034079, 98, 229525.0, 2.424
0.09865169998374768, 99, 229525.0, 2.424
0.1090140999876894, 100, 229525.0, 2.424
0.10633010001038201, 101, 229525.0, 2.424
0.09883579998859204, 102, 229525.0, 2.424
0.09831010000198148, 103, 229525.0, 2.424
0.11021030001575127, 104, 229525.0, 2.424
0.11524320000899024, 105, 229273.0, 2.311
0.11787879999610595, 106, 229273.0, 2.311
0.13807019998785108, 107, 229273.0, 2.311
0.1456719000125304, 108, 229273.0, 2.311
0.1813423999992665, 109, 229273.0, 2.311
0.28898829998797737, 110, 229273.0, 2.311
0.2909208000055514, 111, 229223.0, 2.289
0.1890789000026416, 112, 229223.0, 2.289
0.16315450001275167, 113, 229223.0, 2.289
0.21756980000645854, 114, 229223.0, 2.289
0.23729969997657463, 115, 229223.0, 2.289
0.2482144999958109, 116, 229223.0, 2.289
0.24179100000765175, 117, 229223.0, 2.289
0.10214370000176132, 118, 229223.0, 2.289
0.11224069999298081, 119, 229223.0, 2.289
0.09889910000492819, 120, 229223.0, 2.289
0.10100219998275861, 121, 229223.0, 2.289
0.09135070000775158, 122, 229223.0, 2.289
0.0932545000105165, 123, 229223.0, 2.289
0.10162259999196976, 124, 229047.0, 2.210
0.1242128000012599, 125, 228924.0, 2.155
0.10877170000458136, 126, 228823.0, 2.110
0.11196539999218658, 127, 228823.0, 2.110
0.13457729999208823, 128, 228740.0, 2.073
0.10046309998142533, 129, 228740.0, 2.073
0.12404930000775494, 130, 228682.0, 2.047
0.0976164999883622, 131, 228682.0, 2.047
0.12269419999211095, 132, 228682.0, 2.047
0.09434940002392977, 133, 228682.0, 2.047
0.10396969999419525, 134, 228682.0, 2.047
0.10295679999398999, 135, 228682.0, 2.047
0.10840689999167807, 136, 228682.0, 2.047
0.10017530000186525, 137, 228682.0, 2.047
0.11314840000704862, 138, 228682.0, 2.047
0.09833840001374483, 139, 228682.0, 2.047
0.0931360999820754, 140, 228682.0, 2.047
0.10553369999979623, 141, 228682.0, 2.047
0.09478859999217093, 142, 228677.0, 2.045
0.10036519999266602, 143, 228677.0, 2.045
0.13293369999155402, 144, 228677.0, 2.045
0.12284039999940433, 145, 228557.0, 1.992
0.12667480000527576, 146, 228552.0, 1.989
0.12811819999478757, 147, 228552.0, 1.989
0.13629450000007637, 148, 228552.0, 1.989
0.11739349999697879, 149, 228552.0, 1.989
0.10009729999001138, 150, 228552.0, 1.989
0.11459789998480119, 151, 228552.0, 1.989
0.09872059998451732, 152, 228552.0, 1.989
0.10841779998736456, 153, 228552.0, 1.989
0.10239479999290779, 154, 228552.0, 1.989
0.1059086000022944, 155, 228552.0, 1.989
0.10975050000706688, 156, 228552.0, 1.989
0.11188090001814999, 157, 228552.0, 1.989
0.09974179998971522, 158, 228511.0, 1.971
0.10869940000702627, 159, 228511.0, 1.971
0.12363980000372976, 160, 228511.0, 1.971
0.09753479997743852, 161, 228511.0, 1.971
0.12790699998731725, 162, 228511.0, 1.971
0.10134319998905994, 163, 228511.0, 1.971
0.10474300000350922, 164, 228511.0, 1.971
0.10710749999270774, 165, 228511.0, 1.971
0.10782669999753125, 166, 228511.0, 1.971
0.10385680000763386, 167, 228511.0, 1.971
0.10442790001980029, 168, 228511.0, 1.971
0.0913760999974329, 169, 228484.0, 1.959
0.11667759998817928, 170, 228484.0, 1.959
0.09635789997992106, 171, 228484.0, 1.959
0.09495719999540597, 172, 228484.0, 1.959
0.11327729999902658, 173, 228484.0, 1.959
0.13542509998660535, 174, 228484.0, 1.959
0.10615609999513254, 175, 228484.0, 1.959
0.10847390000708401, 176, 228484.0, 1.959
0.1016622000024654, 177, 228484.0, 1.959
0.10077849999652244, 178, 228431.0, 1.935
0.09170910000102594, 179, 228431.0, 1.935
0.09362719999626279, 180, 228431.0, 1.935
0.09458470001118258, 181, 228400.0, 1.922
0.1046968000009656, 182, 228400.0, 1.922
0.10324039999977686, 183, 228400.0, 1.922
0.12420450002537109, 184, 228400.0, 1.922
0.13141449997783639, 185, 228400.0, 1.922
0.1046718999859877, 186, 228400.0, 1.922
0.10104939999291673, 187, 228400.0, 1.922
0.10264540000935085, 188, 228400.0, 1.922
0.10040229998412542, 189, 228400.0, 1.922
0.0906474000075832, 190, 228400.0, 1.922
0.10873830001219176, 191, 228400.0, 1.922
0.10293330001877621, 192, 228400.0, 1.922
0.09592700001667254, 193, 228400.0, 1.922
0.10048069999902509, 194, 228400.0, 1.922
0.10300370000186376, 195, 228400.0, 1.922
0.09628299999167211, 196, 228400.0, 1.922
0.11989520001225173, 197, 228400.0, 1.922
0.10048140000435524, 198, 228400.0, 1.922
0.10251130000688136, 199, 228400.0, 1.922
0.09715169999981299, 200, 228293.0, 1.874
0.10994470000150613, 201, 228249.0, 1.854
0.09712139997282065, 202, 228249.0, 1.854
0.10314970000763424, 203, 228249.0, 1.854
0.13271640002494678, 204, 228249.0, 1.854
0.11381539999274537, 205, 228249.0, 1.854
0.09520869998959824, 206, 228249.0, 1.854
0.09493940000538714, 207, 228249.0, 1.854
0.08916609999141656, 208, 228249.0, 1.854
0.10959360000560991, 209, 228249.0, 1.854
0.11003559999517165, 210, 228249.0, 1.854
0.1219307999999728, 211, 228249.0, 1.854
0.09698490001028404, 212, 228249.0, 1.854
0.09978339998633601, 213, 228249.0, 1.854
0.09815239999443293, 214, 228249.0, 1.854
0.09718129999237135, 215, 228249.0, 1.854
0.09113330001127906, 216, 228249.0, 1.854
0.08907789998920634, 217, 228249.0, 1.854
0.10622310001053847, 218, 228249.0, 1.854
0.09934409998822957, 219, 228249.0, 1.854
0.10173500000382774, 220, 228249.0, 1.854
0.1138265999907162, 221, 228249.0, 1.854
0.09435769999981858, 222, 228249.0, 1.854
0.09669649999705143, 223, 228249.0, 1.854
0.08264959999360144, 224, 228249.0, 1.854
0.10807049999129958, 225, 228249.0, 1.854
0.09907189998193644, 226, 228249.0, 1.854
0.0898285000002943, 227, 228249.0, 1.854
0.1047891000052914, 228, 228220.0, 1.841
0.08623449999140576, 229, 228220.0, 1.841
0.10310579999350011, 230, 228098.0, 1.787
0.11151829999289475, 231, 228098.0, 1.787
0.1117184000031557, 232, 228098.0, 1.787
0.12385130001348443, 233, 228098.0, 1.787
0.10634320002282038, 234, 228098.0, 1.787
0.09458710000035353, 235, 228098.0, 1.787
0.1076939000049606, 236, 228098.0, 1.787
0.10191349999513477, 237, 228074.0, 1.776
0.09934290000819601, 238, 228074.0, 1.776
0.12510140001541004, 239, 228074.0, 1.776
0.11295919999247417, 240, 228074.0, 1.776
0.10617050001746975, 241, 228074.0, 1.776
0.12412699998822063, 242, 228074.0, 1.776
0.10164439998334274, 243, 228074.0, 1.776
0.12557609999203123, 244, 228074.0, 1.776
0.12218619999475777, 245, 228074.0, 1.776
0.10098319998360239, 246, 228074.0, 1.776
0.1108179000148084, 247, 228074.0, 1.776
0.12485349999042228, 248, 227892.0, 1.695
0.09986859999480657, 249, 227892.0, 1.695
0.10642580001149327, 250, 227884.0, 1.691
0.10752280001179315, 251, 227884.0, 1.691
0.09377799998037517, 252, 227884.0, 1.691
0.09405750001315027, 253, 227884.0, 1.691
0.10292689999914728, 254, 227884.0, 1.691
0.10734550000051968, 255, 227879.0, 1.689
0.09237219998613, 256, 227879.0, 1.689
0.1244140999915544, 257, 227879.0, 1.689
0.10616080000181682, 258, 227879.0, 1.689
0.09283439998398535, 259, 227879.0, 1.689
0.09585009998409078, 260, 227879.0, 1.689
0.11208610000903718, 261, 227879.0, 1.689
0.10447610000846907, 262, 227879.0, 1.689
0.12040879999403842, 263, 227879.0, 1.689
0.1005130999838002, 264, 227879.0, 1.689
0.0943727999983821, 265, 227879.0, 1.689
0.10217179998289794, 266, 227879.0, 1.689
0.10214010000345297, 267, 227879.0, 1.689
0.11561629999778233, 268, 227879.0, 1.689
0.12616040001739748, 269, 227879.0, 1.689
0.09819509999942966, 270, 227879.0, 1.689
0.12730770002235658, 271, 227879.0, 1.689
0.08926410001004115, 272, 227879.0, 1.689
0.09781089998432435, 273, 227879.0, 1.689
0.09154819999821484, 274, 227879.0, 1.689
0.09685430000536144, 275, 227879.0, 1.689
0.08695709999301471, 276, 227879.0, 1.689
0.11040760000469163, 277, 227879.0, 1.689
0.0933804000087548, 278, 227879.0, 1.689
0.1001811999885831, 279, 227879.0, 1.689
0.08654780001961626, 280, 227867.0, 1.684
0.1341485000157263, 281, 227867.0, 1.684
0.09144559997366741, 282, 227867.0, 1.684
0.11460430000443012, 283, 227867.0, 1.684
0.10910279999370687, 284, 227867.0, 1.684
0.10702809999929741, 285, 227867.0, 1.684
0.10134079999988899, 286, 227867.0, 1.684
0.09699759999057278, 287, 227867.0, 1.684
0.10064630000852048, 288, 227867.0, 1.684
0.10989329998847097, 289, 227867.0, 1.684
0.09544190001906827, 290, 227867.0, 1.684
0.10695449999184348, 291, 227867.0, 1.684
0.09739720000652596, 292, 227867.0, 1.684
0.10573119999025948, 293, 227867.0, 1.684
0.09395130001939833, 294, 227867.0, 1.684
0.09275849998812191, 295, 227867.0, 1.684
0.09653390001039952, 296, 227867.0, 1.684
0.10593920000246726, 297, 227867.0, 1.684
0.11562950001098216, 298, 227867.0, 1.684
0.09021319999010302, 299, 227823.0, 1.664
0.10506030000397004, 300, 227823.0, 1.664
0.112469300016528, 301, 227823.0, 1.664
0.10602360000484623, 302, 227823.0, 1.664
0.11174860000028275, 303, 227823.0, 1.664
0.09399850000045262, 304, 227823.0, 1.664
0.147505100001581, 305, 227823.0, 1.664
0.1095680000144057, 306, 227823.0, 1.664
0.1002845999901183, 307, 227823.0, 1.664
0.1007458999811206, 308, 227823.0, 1.664
0.10538090000045486, 309, 227823.0, 1.664
0.11198820002027787, 310, 227823.0, 1.664
0.10855169998831116, 311, 227823.0, 1.664
0.11852720001479611, 312, 227823.0, 1.664
0.09258080000290647, 313, 227823.0, 1.664
0.11222750000888482, 314, 227823.0, 1.664
0.10208240000065416, 315, 227823.0, 1.664
0.10125969999353401, 316, 227823.0, 1.664
0.09187679999740794, 317, 227823.0, 1.664
0.10839080001460388, 318, 227823.0, 1.664
0.08529570000246167, 319, 227823.0, 1.664
0.11812209998606704, 320, 227823.0, 1.664
0.09345980000216514, 321, 227823.0, 1.664
0.11356070000329055, 322, 227823.0, 1.664
0.10855900001479313, 323, 227823.0, 1.664
0.10463919999892823, 324, 227823.0, 1.664
0.11296900000888854, 325, 227823.0, 1.664
0.10138800001004711, 326, 227823.0, 1.664
0.09225899999728426, 327, 227823.0, 1.664
0.09588559999247082, 328, 227823.0, 1.664
0.10577090000151657, 329, 227823.0, 1.664
0.1192223000107333, 330, 227823.0, 1.664
0.09670039999764413, 331, 227823.0, 1.664
0.1210006000183057, 332, 227823.0, 1.664
0.09496729998500086, 333, 227823.0, 1.664
0.11721589998342097, 334, 227823.0, 1.664
0.1222315999912098, 335, 227823.0, 1.664
0.12089560000458732, 336, 227823.0, 1.664
0.10412319999886677, 337, 227689.0, 1.604
0.10626539998338558, 338, 227689.0, 1.604
0.10184700001263991, 339, 227689.0, 1.604
0.10121130000334233, 340, 227689.0, 1.604
0.10502240000641905, 341, 227689.0, 1.604
0.10047090001171455, 342, 227689.0, 1.604
0.11282000000937842, 343, 227689.0, 1.604
0.09482139997999184, 344, 227689.0, 1.604
0.11454320000484586, 345, 227689.0, 1.604
0.12253120000241324, 346, 227689.0, 1.604
0.128386500000488, 347, 227689.0, 1.604
0.09695380000630394, 348, 227689.0, 1.604
0.11283960001310334, 349, 227689.0, 1.604
0.08995999998296611, 350, 227689.0, 1.604
0.10022220000973903, 351, 227689.0, 1.604
0.09356409998144954, 352, 227689.0, 1.604
0.09975580000900663, 353, 227689.0, 1.604
0.10576679999940097, 354, 227689.0, 1.604
0.09007469998323359, 355, 227689.0, 1.604
0.09825439998530783, 356, 227689.0, 1.604
0.09869670000625774, 357, 227689.0, 1.604
0.1032742999959737, 358, 227689.0, 1.604
0.10079840000253171, 359, 227689.0, 1.604
0.10372059998917393, 360, 227689.0, 1.604
0.10279839998111129, 361, 227689.0, 1.604
0.09983339998871088, 362, 227689.0, 1.604
0.1047975999827031, 363, 227689.0, 1.604
0.08816640000441112, 364, 227689.0, 1.604
0.09822080002049915, 365, 227689.0, 1.604
0.10361459999694489, 366, 227689.0, 1.604
0.12028939998708665, 367, 227689.0, 1.604
0.109337100002449, 368, 227689.0, 1.604
0.13891869998769835, 369, 227689.0, 1.604
0.11145520000718534, 370, 227689.0, 1.604
0.12254529999336228, 371, 227689.0, 1.604
0.10959290000027977, 372, 227689.0, 1.604
0.11266909999540076, 373, 227689.0, 1.604
0.10294100001920015, 374, 227689.0, 1.604
0.09273639999446459, 375, 227689.0, 1.604
0.1187975000066217, 376, 227689.0, 1.604
0.099279000016395, 377, 227689.0, 1.604
0.09905230000731535, 378, 227689.0, 1.604
0.10785969998687506, 379, 227689.0, 1.604
0.09822660000645556, 380, 227689.0, 1.604
0.09483850002288818, 381, 227689.0, 1.604
0.08673989999806508, 382, 227689.0, 1.604
0.11897009998210706, 383, 227689.0, 1.604
0.10941630002344027, 384, 227689.0, 1.604
0.09080569999059662, 385, 227689.0, 1.604
0.0972458999895025, 386, 227689.0, 1.604
0.10700229997746646, 387, 227689.0, 1.604

tour:
[ 773  772  771  770  775  777  776  769  768  767  766  765  764  763
  762  761  760  759  758  757  756  754  753  755  752  751  750  749
  748  747  746  745  744  743  742  741  740  739  738  732  731  730
  729  733  734  735  577  576  575  574  736  737  544  545  546  547
  548  543  542  537  535  536  541  540  539  538  533  534  532  531
  525  478  527  526  530  529  528  549  550  551  552  564  563  562
  565  566  567  571  572  573  578  579  580  728  727  726  725  724
  723  722  699  698  700  697  581  582  583  584  585  586  587  569
  570  568  588  589  590  696  695  691  690  692  694  693  686  687
  688  689  703  704  702  701  705  706  707  721  720  719  708  709
  710  712  711  679  680  681  675  676  678  677  715  714  713  716
  717  718  655  656  654  658  653  652  648  651  649  650  647  646
  645  639  644  660  659  657  662  661  643  640  638  637  636  635
  630  629  628  626  624  622  623  617  616  613  615  614  611  612
  618  619  620  621  625  627  631  632  633  634  668  641  642  663
  664  665  666  667  669  672  671  673  674  670  682  683  684  685
  592  591  594  593  595  596  597  598  599  603  604  605  606  608
  607  609  610  602  601  600  436  437  435  433  432  434  438  439
  442  443  444  445  450  451  452  453  454  558  557  559  560  561
  556  555  554  553  459  460  462  461  458  455  456  457  449  448
  446  447  441  440  426  425  423  424  418  414  413  415  417  416
  431  430  429  428  427  401  400  402  399  398  397  396  403  404
  395  394  393  392  391  390  389  388  275  276  274  273  272  269
  270  271  267  268  277  278  279  282  283  281  280  373  374  375
  376  377  378  379  380  381  382  383  384  385  386  387  405  406
  407  408  409  411  410  412  419  420  421  422  463  464  466  467
  468  470  469  465  472  473  471  474  475  476  477  479  480  481
  482  495  496  502  503  517  519  518  524  523  522  521  520  515
  514  516  513  504  511  512  505  510  509  508  507  506  498  499
  500  501  497  494  493  492  490  491  483  484  485  486  487  488
  489  367  368  366  365  358  359  360  361  357  362  363  364  369
  371  372  370  295  296  298  299  297  294  293  292  289  290  291
  288  287  286  284  285  310  309  311  308  312  313  314  307  303
  302  300  301  319  304  318  317  305  306  315  316  815  816  814
  813  817  820  819  818  838  839  242  240  241  243  244  245  239
  246  247  248  250  249  251  252  254  253  255  256  257  262  261
  260  259  258  199  263  264  265  266  195  196  197  198  194  193
  192  191  190  189  188  187  186  184  185  183  182  181  180  179
  178  177  176  175  174  173  172  170  169  171  168  167  166  163
  162  161  160  158  159  165  164  155  157  156  154  153  152  151
  150  149  148  147  146  145  144  143  142  141  140  139  138  137
  135  132  134  133  130  129  127  128  123  124  125  126  136    7
    8  121  122   14   15  104  105  106  103  102  107   96   95   94
  116  118  117  120  119  115  114  112  111  108  110  109  888  882
  887  113  131  883  885  886  884  876  875  874  878  877  873  869
  868  870  871  872  879  880  881  908  909  910  865  867  866  214
  215  213  212  211  210  209  205  204  203  202  201  200  206  207
  208  216  217  218  220  221  222  223  232  231  233  234  235  238
  237  236  230  229  227  228  852  853  842  843  841  840  844  845
  851  846  847  848  849  850  854  226  225  224  855  856  859  857
  858  219  863  864  862  861  860  918  920  921  922  919  917  923
  924  926  925  916  915  914  913  912  911  907  906  904  905  903
  902  901  899  900  894  896  898  897  895  893  892  890  889  891
   92   93   98   97  101  100   18   17   16   19   13   12   11   29
   30 1053 1052   10    9 1058 1059    3    4    6    5    1    2    0
 1057 1056 1055 1054 1051 1050   31   28   27   26   25   24   23   22
   21   20   99   83   84   85   86   91   90   89   88   87   82   46
   47   45   48   49   44   43   42   50   51   52   53   38   37   39
   41   40   34   35   32   33 1041 1043 1042 1049 1048 1047 1046 1045
 1044 1040 1039   36 1038 1037 1036 1035 1030 1031 1032 1034 1033   56
   55   57   58   54   60   59   61   62   65   64   63 1028 1029 1027
 1026 1020 1019 1018 1017 1016 1015 1014 1012 1011 1013 1000  999  998
 1001 1008 1010 1009 1007 1002 1006 1021 1025 1024 1023 1022 1005 1004
 1003  997  996  995  994  993  988  987  986  984  982  980  981  973
  972  970  971  969  974  975  976  977  978  979  983  985  989  990
  991  992   66   67   68   69   70   71   72   73   74   75   76   80
   81   77   78   79  957  958  956  959  960  961  962  964  963  948
  949  955  954  950  953  951  952  927  929  930  928  931  932  933
  946  945  944  947  965  968  967  966  942  943  941  940  939  935
  934  937  936  938  837  835  836  834  821  822  823  833  832  827
  828  826  831  829  830  825  824  808  807  805  806  809  810  811
  812  333  324  323  322  321  320  325  326  350  349  351  352  353
  348  354  355  356  347  345  346  343  344  327  328  329  330  331
  332  334  335  336  337  340  339  338  341  342  804  803  802  801
  800  799  798  797  796  795  794  793  792  791  790  789  788  787
  786  785  784  782  781  783  780  779  778  774]

eliteFit: 227689.0
percentError: 1.6042375074745419
computationTime: 47.778s