instanceName: u2152
n: 2152
optFit: 64253

genTime, gen, eliteFit, percentError:
0.0024927000004026922, 0, 2473148.0, 3749.078
3.957477800000106, 1, 74214.0, 15.503
2.2792859999999564, 2, 72658.0, 13.081
2.2591819999997824, 3, 71760.0, 11.684
2.1534412999999404, 4, 71325.0, 11.006
2.2751988999998503, 5, 71123.0, 10.692
2.2299432999998317, 6, 70862.0, 10.286
2.213708300000235, 7, 70390.0, 9.551
2.264546999999766, 8, 70266.0, 9.358
2.10325980000016, 9, 70172.0, 9.212
2.020012299999962, 10, 69833.0, 8.684
2.260841899999832, 11, 69521.0, 8.199
2.056510999999773, 12, 69510.0, 8.182
2.1165100000002894, 13, 69110.0, 7.559
2.1527165999996214, 14, 69110.0, 7.559
2.076036800000111, 15, 69007.0, 7.399
1.9528600999997252, 16, 69007.0, 7.399
1.8850486000001183, 17, 69007.0, 7.399
1.5001843000000008, 18, 68873.0, 7.190
1.3284356999997726, 19, 68838.0, 7.136
1.1634589000000233, 20, 68556.0, 6.697
1.3057788999999502, 21, 68475.0, 6.571
1.2645998999996664, 22, 68369.0, 6.406
1.0849899999998343, 23, 68217.0, 6.169
1.020792100000108, 24, 68124.0, 6.025
1.174204599999939, 25, 68020.0, 5.863
1.2063138000003164, 26, 67989.0, 5.815
1.1617913000000044, 27, 67747.0, 5.438
1.2043355999999221, 28, 67747.0, 5.438
1.0694972000001144, 29, 67715.0, 5.388
0.9473982999998043, 30, 67639.0, 5.270
0.8600129000001289, 31, 67581.0, 5.180
0.9233659999999873, 32, 67534.0, 5.106
0.8664608999997654, 33, 67495.0, 5.046
0.7564792000002853, 34, 67452.0, 4.979
0.7331214999999247, 35, 67415.0, 4.921
0.7887713999998596, 36, 67349.0, 4.818
0.6767025000003741, 37, 67314.0, 4.764
0.7405079000000114, 38, 67238.0, 4.646
0.9448261000002276, 39, 67237.0, 4.644
0.9764826000000539, 40, 67228.0, 4.630
1.1355259000001752, 41, 67174.0, 4.546
0.8677381000002242, 42, 67152.0, 4.512
1.0148690000000897, 43, 67144.0, 4.499
1.0002677000002222, 44, 67112.0, 4.450
0.8092710000000807, 45, 67112.0, 4.450
0.5911344000001009, 46, 67090.0, 4.415
0.6203189000002567, 47, 67084.0, 4.406
0.6230272000002515, 48, 67083.0, 4.404
0.5320475999997143, 49, 67083.0, 4.404
0.5349648000001253, 50, 67083.0, 4.404
0.5342178000000786, 51, 67083.0, 4.404
0.5728028000003178, 52, 67083.0, 4.404
0.4990195999998832, 53, 67083.0, 4.404
0.48256169999967824, 54, 67083.0, 4.404
0.5070832000001246, 55, 67083.0, 4.404
0.4467297999999573, 56, 67083.0, 4.404
0.5061833999998271, 57, 67083.0, 4.404
0.48296590000018114, 58, 67083.0, 4.404
0.48012930000004417, 59, 67083.0, 4.404
0.505429599999843, 60, 67083.0, 4.404
0.4848409000001084, 61, 67083.0, 4.404
0.46707210000022314, 62, 67083.0, 4.404
0.49297510000042166, 63, 67083.0, 4.404
0.5028804999997192, 64, 67083.0, 4.404
0.5589932000002591, 65, 67083.0, 4.404
0.5662349999997787, 66, 67083.0, 4.404
0.4671944000001531, 67, 67083.0, 4.404
0.5184726000002229, 68, 67083.0, 4.404
0.532930899999883, 69, 67028.0, 4.319
0.6765353000000687, 70, 67028.0, 4.319
0.8800141000001531, 71, 67028.0, 4.319
1.1026890999996795, 72, 67028.0, 4.319
0.7911251999998967, 73, 67028.0, 4.319
0.5029833999997209, 74, 67013.0, 4.296
0.5325329000002057, 75, 67013.0, 4.296
0.5095922000000428, 76, 66991.0, 4.261
0.5934908999997788, 77, 66991.0, 4.261
0.4993447000001652, 78, 66991.0, 4.261
0.5919527000000926, 79, 66991.0, 4.261
0.5251594000001205, 80, 66991.0, 4.261
0.6308254000000488, 81, 66991.0, 4.261
0.5204807000000073, 82, 66991.0, 4.261
0.47740459999977247, 83, 66991.0, 4.261
0.5352382999999463, 84, 66991.0, 4.261
0.5485350999997536, 85, 66991.0, 4.261
0.5584211999998843, 86, 66991.0, 4.261
0.48341660000005504, 87, 66991.0, 4.261
0.5583267000001797, 88, 66991.0, 4.261
0.5298073999997541, 89, 66991.0, 4.261
0.5201382999998714, 90, 66991.0, 4.261
0.4712427999997999, 91, 66991.0, 4.261
0.6383478000002469, 92, 66991.0, 4.261
0.5442423999998027, 93, 66973.0, 4.233
0.51409620000004, 94, 66973.0, 4.233
0.5068906000001334, 95, 66973.0, 4.233
0.5827565999998114, 96, 66972.0, 4.232
0.5207645000000412, 97, 66962.0, 4.216
0.5479872999999316, 98, 66958.0, 4.210
0.6592023000002882, 99, 66958.0, 4.210
0.5587879999998222, 100, 66958.0, 4.210
0.5206509999998161, 101, 66951.0, 4.199
0.48238030000038634, 102, 66936.0, 4.176
0.46965959999988627, 103, 66936.0, 4.176
0.46735450000005585, 104, 66936.0, 4.176
0.5610231999999087, 105, 66936.0, 4.176
0.5855204999998023, 106, 66936.0, 4.176
0.5561987000000954, 107, 66936.0, 4.176
0.4883104000000458, 108, 66936.0, 4.176
0.5742178000000422, 109, 66936.0, 4.176
0.45738359999995737, 110, 66936.0, 4.176
0.49999479999996765, 111, 66936.0, 4.176
0.4852639000000636, 112, 66936.0, 4.176
0.49857550000024276, 113, 66936.0, 4.176
0.5284630000001016, 114, 66936.0, 4.176
0.5073739000004025, 115, 66936.0, 4.176
0.5140277999998943, 116, 66936.0, 4.176
0.5284563000000162, 117, 66936.0, 4.176
0.5356704999999238, 118, 66936.0, 4.176
0.4643117999999049, 119, 66936.0, 4.176
0.5062396999996963, 120, 66936.0, 4.176
0.4758694000001924, 121, 66920.0, 4.151
0.4343327000001409, 122, 66920.0, 4.151
0.505508700000064, 123, 66920.0, 4.151
0.5011355000001458, 124, 66918.0, 4.148
0.5183519000001979, 125, 66905.0, 4.127
0.5451662999998916, 126, 66905.0, 4.127
0.47161210000012943, 127, 66903.0, 4.124
0.47987659999989773, 128, 66903.0, 4.124
0.5744909000000007, 129, 66903.0, 4.124
0.4681063000002723, 130, 66900.0, 4.120
0.5368237999996381, 131, 66889.0, 4.103
0.6042657000002691, 132, 66889.0, 4.103
0.7047379000000547, 133, 66863.0, 4.062
0.5643568000000414, 134, 66863.0, 4.062
0.5537178999998105, 135, 66863.0, 4.062
0.5157702000001336, 136, 66863.0, 4.062
0.5044439000002967, 137, 66863.0, 4.062
0.5751615999997739, 138, 66863.0, 4.062
0.4772267999996984, 139, 66863.0, 4.062
0.5634948000001714, 140, 66841.0, 4.028
0.47957240000005186, 141, 66841.0, 4.028
0.4887172999997347, 142, 66841.0, 4.028
0.518170100000134, 143, 66841.0, 4.028
0.5590689000000566, 144, 66833.0, 4.015
0.5694174000000203, 145, 66833.0, 4.015
0.6039286999998694, 146, 66833.0, 4.015
0.6969459000001734, 147, 66809.0, 3.978
0.6081271999996716, 148, 66786.0, 3.942
0.6734134999996968, 149, 66786.0, 3.942
0.8110189999997601, 150, 66764.0, 3.908
0.7486260000000584, 151, 66764.0, 3.908
0.6994327000002158, 152, 66764.0, 3.908
0.4987375999999131, 153, 66764.0, 3.908
0.5581040000001849, 154, 66764.0, 3.908
0.46248370000012073, 155, 66764.0, 3.908
0.5355038000002423, 156, 66764.0, 3.908
0.49406409999983225, 157, 66764.0, 3.908
0.5321430999997574, 158, 66764.0, 3.908
0.5107339000001048, 159, 66764.0, 3.908
0.49862209999992047, 160, 66764.0, 3.908
0.5486756000000241, 161, 66764.0, 3.908
0.5191390999998475, 162, 66764.0, 3.908
0.49039029999994455, 163, 66742.0, 3.874
0.536252500000046, 164, 66742.0, 3.874
0.529324699999961, 165, 66742.0, 3.874
0.4869360000002416, 166, 66742.0, 3.874
0.6067619000000377, 167, 66742.0, 3.874
0.47974150000027294, 168, 66742.0, 3.874
0.601455900000019, 169, 66742.0, 3.874
0.4550702999999885, 170, 66712.0, 3.827
0.4823807000002489, 171, 66712.0, 3.827
0.4997660999997606, 172, 66712.0, 3.827
0.45769319999999425, 173, 66712.0, 3.827
0.48044079999999667, 174, 66712.0, 3.827
0.565096899999844, 175, 66712.0, 3.827
0.6267462000000705, 176, 66712.0, 3.827
0.4687782999999399, 177, 66712.0, 3.827
0.46646740000005593, 178, 66712.0, 3.827
0.5453415000001769, 179, 66712.0, 3.827
0.49748189999991155, 180, 66712.0, 3.827
0.5809613000001264, 181, 66703.0, 3.813
0.543940499999735, 182, 66703.0, 3.813
0.6082427000001189, 183, 66689.0, 3.791
0.5472933000000921, 184, 66681.0, 3.779
0.48260320000008505, 185, 66681.0, 3.779
0.5221795000002203, 186, 66681.0, 3.779
0.4772345999999743, 187, 66681.0, 3.779
0.530726500000128, 188, 66666.0, 3.755
0.6388707999999497, 189, 66658.0, 3.743
0.5381995000002462, 190, 66658.0, 3.743
0.5556566999998722, 191, 66658.0, 3.743
0.5610006000001704, 192, 66658.0, 3.743
0.6484040000000277, 193, 66658.0, 3.743
0.6054683999996087, 194, 66658.0, 3.743
0.487173100000291, 195, 66658.0, 3.743
0.5089225000001534, 196, 66658.0, 3.743
0.5467404000000897, 197, 66658.0, 3.743
0.5778886000002785, 198, 66658.0, 3.743
0.6000725999997485, 199, 66648.0, 3.727
0.560527600000114, 200, 66648.0, 3.727
0.5697531999999228, 201, 66648.0, 3.727
0.6159456000000318, 202, 66648.0, 3.727
0.5310537000000295, 203, 66648.0, 3.727
0.5043835000001309, 204, 66648.0, 3.727
0.6079572999997254, 205, 66648.0, 3.727
0.48855630000025485, 206, 66648.0, 3.727
0.5640315999999075, 207, 66648.0, 3.727
0.5403928000000633, 208, 66648.0, 3.727
0.505239900000106, 209, 66648.0, 3.727
0.5643115000002581, 210, 66648.0, 3.727
0.481397300000026, 211, 66648.0, 3.727
0.502049100000022, 212, 66648.0, 3.727
0.5429793999996946, 213, 66648.0, 3.727
0.4494323000003533, 214, 66648.0, 3.727
0.528511299999991, 215, 66648.0, 3.727
0.5328286999997545, 216, 66648.0, 3.727
0.4831485999998222, 217, 66648.0, 3.727
0.5504501999998865, 218, 66648.0, 3.727
0.5389702999996189, 219, 66648.0, 3.727
0.484338199999911, 220, 66648.0, 3.727
0.5331661000000167, 221, 66648.0, 3.727
0.4612495999999737, 222, 66648.0, 3.727
0.4932013000002371, 223, 66648.0, 3.727
0.5563852000000225, 224, 66648.0, 3.727
0.5018672000001061, 225, 66648.0, 3.727
0.5655237000000852, 226, 66648.0, 3.727
0.4878006000003552, 227, 66648.0, 3.727
0.43917160000000877, 228, 66648.0, 3.727
0.4984488000000056, 229, 66648.0, 3.727
0.514994999999999, 230, 66648.0, 3.727
0.4808189999998831, 231, 66648.0, 3.727
0.5404238999999507, 232, 66648.0, 3.727
0.4824671000001217, 233, 66648.0, 3.727
0.5232670000000326, 234, 66648.0, 3.727
0.553821599999992, 235, 66648.0, 3.727
0.4960160000000542, 236, 66648.0, 3.727
0.5039692999998806, 237, 66648.0, 3.727
0.6149570000002313, 238, 66648.0, 3.727
0.5103064999998423, 239, 66648.0, 3.727
0.511067699999785, 240, 66648.0, 3.727
0.5501106000001528, 241, 66648.0, 3.727
0.43009269999993194, 242, 66648.0, 3.727
0.5184908000001087, 243, 66648.0, 3.727
0.5075859999997192, 244, 66648.0, 3.727
0.5290464999998221, 245, 66648.0, 3.727
0.5292091000001165, 246, 66648.0, 3.727
0.4991237999997793, 247, 66648.0, 3.727
0.5304986999999528, 248, 66648.0, 3.727
0.4800672000001214, 249, 66648.0, 3.727

tour:
[1902 1903 1901 1904 1905 1913 1906 1907 1908 1915 1914 1917 1916 1949
 1948 1918 1909 1912 1911 1910 1919 1921 1920 1947 1946 1943 1945 1924
 1944 1934 1933 1929 1928 1925 1922 1923 1926 1927 1930 1931 1932 1935
 1936 1938 1937  211  210  209  208  207  206  205  204  203  202  201
  193  194  196  198  200  212  214  215  213  199  197  195  190  191
  192  179  178  177  180  182  181  183  189  184  185  188  187  186
  168  169  170  171  172  173  176  174  175  161  162  163  164  165
  166  167  147  148  149  150  159  158  160  151  152  153  154  155
  157  156  133  132  131  120  121  119  118  117   95   96   97   98
   79   78   80   81   82   83   71   72   73   74   75   76   77   93
   94   92   91   90   89   88   87   86   85   84   69   70   68   66
   65   67   41   40   43   42   63   64   61   62   60   59   58   57
   56   55   54   53 2148 2149 2150 2151    0    1    2    3 2138 2137
 2135 2136 2134 2133 2131 2132 2130 2129 2127 2128 2124  318  319  320
  321  322  323  324  316  317  325  326  327  328  329 2113 2112  330
  331  332  333  315  314  313  312  311  340  339  338  337  336  335
  334 2101 2107 2109 2111 2125 2126 2110 2108 2106 2104 2105 2102 2103
 2098 2099 2097 2096  356  357  358  359  362  363  364  366  367  365
  360 2093 2092 2091 2090 2089 2088 2087 1785 1784 1783 1782 1781 1780
 1779  361 1768 1769 1770 1776 1775 1773 1774 1772 1771 1777 1778 1767
 1763 1766 1765 1764  373  372  369  368  370  371  376  377  379  378
  380  381  383  382  387  386  389  388  390  391  393  392  405  404
  407  406  408  409  411  410  413  412  415  414  416  417  419  418
  421  420  422  423  424  425  432  433  434  435  436  437  438  439
  441  440  442  443  446  445  444  517  516  506  507  508  509  499
  532  534  535  533  536  537  538  623  621  620  539  541  542  540
  612  613  614  615  616  617  618  619  627  626  625  624  622  528
  529  530  531  510  512  514  515  518  519  513  511  520  521  522
  523  524  525  526  527  629  631  630  628  634  632  635  636  637
  633  641  638  639  640  644  642  643  647  645  646  648  649  651
  650  652  653  654  655  656  657  608  606  607  609  610  611  658
  659  660  661  666  665  664  663  662  673  672  671  670  669  600
  667  668  602  601  599  678  679  677  676  675  674  682  683  684
  681  680  685  598  597  596  695  692  693  691  694  696  697  689
  688  687  686  698  699  700  701  690  707  708  709  710  711  706
  705  704  703  702  714  715  713  712  723  724  725  726  727  728
  729  730  731  717  716  722  721  720  719  718  739  740  741  735
  734  733  732  742  743  744  745  736  737  738  752  751  750  749
  748  747  746  761  764  763  765  767  777  776  775  774  773  772
  771  783  782  781  770  780  769  779  778  768  766  762  760  759
  758  757  756  753  754  790  755  789  791  788  864  865  866  863
  862  861  860  859  858  857  856  855  854  794  793  792  796  795
  849  850  851  852  853  847  848  846  845  844  798  797  839  840
  841  842  843  799  801  800  831  832  833  836  838  837  835  834
  826  825  824  823  827  828  829  830  803  802  806  805  804  822
  811  812  813  814  815  819  821  820  991  992  816  817  818  809
  810  808  807  577  578  579  580  581  582  583  584  585  586  587
  588  589  590  591  592  595  593  594  574  575  576  570  569  568
  567  566  565  564  563  571  572  573  603  556  557  558  559  560
  562  478  479  480  481  482  483  485  484  476  486  477  487  488
  489  490  491  549  550  561  551  552  553  554  555  604  605  543
  544  545  546  547  548  492  493  498  494  495  496  497  475  474
  473  472  500  505  504  503  502  501  447  448  449  450  451  452
  453  431  430  427  426  428  429 1081 1082 1086 1087 1088 1090 1091
 1094 1096 1095 1093 1092 1089 1085 1084 1083 1079 1080 1078 1075 1076
 1077  457  456  455  458  454  459  461  462  464 1074 1073 1069 1068
 1066 1101 1099 1098 1097 1102 1100 1067 1065 1064 1070 1071 1072  463
  465  466  460  467  468  469  470  471 1063 1062 1061 1060 1018 1017
 1019 1016 1015 1014 1013 1011 1012 1007 1008 1009 1010 1020 1021 1022
 1000 1001 1002 1003 1004 1005 1006  993  994  995  996  997  998  999
  984  976  975  977  978  983  985  986  987  988  989  990  980  981
  982  979  968  969  973  974  972  971  970  961  967  966  965  964
  963  962  955  956  945  960  957  958  959  943  944  946  947  948
  949  952  954  953  950  951  936  937  938  939  940  941  942  929
  930  931  932  933  934  935  920  921  919  922  923  925  924  908
  926  928  927  909  891  868  869  867  870  871  872  873  787  786
  784  785  874  875  876  877  878  880  881  879  882  884  883  885
  888  886  887  889  896  897  902  901 1459 1458  903  904  905  906
  907  895  894  890  892  893  910  911  912  914  915  913  916  917
  918 1456 1457 1455 1434 1435 1436 1437 1438 1439 1388 1389 1390 1391
 1392 1440 1429 1430 1431 1432 1433 1427 1428 1426 1393 1394 1395 1396
 1365 1366 1367 1397 1364 1363 1362 1361 1360 1359 1351 1352 1353 1354
 1358 1357 1356 1398 1425 1424 1422 1421 1419 1418 1420 1423 1401 1400
 1399 1403 1404 1405 1402 1406 1414 1415 1416 1417 1413 1412 1411 1410
 1409 1408 1407 1030 1029 1028 1026 1027 1031 1032 1034 1033 1035 1039
 1040 1025 1043 1024 1023 1047 1046 1049 1050 1053 1054 1059 1058 1055
 1052 1051 1048 1045 1044 1042 1041 1038 1122 1121 1116 1117 1120 1123
 1037 1036 1125 1126 1124 1127 1128 1119 1118 1115 1113 1112 1111 1108
 1107 1106 1056 1057 1105 1104 1103 1109 1110 1114 1146 1147 1148 1149
 1150 1151 1152 1283 1284 1285 1281 1282 1153 1154 1155 1156 1157 1158
 1159 1160 1161 1162 1163 1164 1165 1272 1273 1274 1275 1271 1179 1180
 1181 1182 1183 1184 1166 1167 1168 1169 1170 1172 1171 1173 1174 1175
 1176 1177 1178 1185 1188 1189 1193 1194 1195 1708 1709 1707 1706 1710
 1711 1705 1704 1703 1739 1712 1713 1714 1715 1716 1192 1191 1190 1187
 1186 1720 1719 1718 1717 1728 1729 1730 1731 1732 1733 1738 1737 1734
 1736 1735 1727 1726 1725 1724 1723 1722 1721  394  395  396  397  398
  399  400  401  402  403  385  384 1748 1747 1746 1745 1744 1743 1742
 1740 1741 1755 1754 1753 1752 1751 1750 1749  375  374 1762 1761 1760
 1759 1758 1757 1756 1698 1699 1700 1217 1218 1219 1220 1221 1222 1691
 1692 1693 1694 1695 1696 1697 1788 1786 1789 1787 1688 1687 1689 1690
 1686 1685 1683 1684 1682 1681 1680 1679 1677 1678 1797 1796 1795 1794
 1793 1792 1791 1790 2078 2077 2076 2075 1801 1800 1799 1798 1807 1806
 1805 1804 1803 1802 2073 2074 2064 2063  348 2080 2079 2081 2082 2083
 2086 2085  349  350  351  352  353 2084 2094  355 2095  354 2100  346
  347  345  344  343  342  341 2062 2061 2060 2059 2058 2057 2056 2055
 2038 2037  296  297  298  302  303  304  305  310  306  307  309  308
  299  300  301  263  262  264  280  279  278  277  276  275  274  273
  272  271  270  269  268  267  266  265  112  111  110  109  108  105
  106  107 2114 2115 2116 2117 2118 2119 2120 2121 2122 2123   10   11
   12   13   14   15   16   17   18   19   29   30   31   32    6    7
    8    9    5    4 2139   48 2141 2140 2147 2146 2142 2143 2145 2144
   38   39   35   36   37   52   51   46   47   49   50   44   45   33
   34   28   27   26   25   23   24   21   22   20  104  103  102  101
  100   99  113  114  115  116  122  123  126  125  124  281  282  283
  284  285  127  128  129  130  288  287  286  254  289  290  291  292
  293  294  295  261  260  259  258  257  256  255  253 2021 2024 2025
 2026 2027 2028 2029 2030 2031 2032 2033 2034 2035 2036 2042 2043 2041
 2039 2040 2054 2053 2052 2070 2069 2066 2065 2067 2068 2072 2071 2050
 2049 2051 2047 2046 2048 2045 2044 1808 1809 1826 1827 1828 1829 1830
 1831 1832 1833 1835 1834 2023 2022 2014 2015 2016 2017 2018 2019 2020
  251  250  252  249  248  246  247  138  139  137  135  134  136  140
  141  142  143  243  244  245  239  240  241  242  144  145  146  233
  218  217  232  234  235  236  237  238  228  229  230  231  220  219
  216  221  222  223  224  225  226  227 1977 1979 1976 1978 1965 1939
 1940 1941 1942 1950 1953 1952 1951 1964 1966 1963 1962 1961 1954 1955
 1957 1958 1857 1856 1959 1956 1960 1969 1970 1973 1974 1975 1980 1972
 1971 1967 1968 1855 1854 1853 1986 1987 1985 1984 1983 1982 1981 1993
 1994 1995 1996 1997 1998 1999 1992 1991 1990 1989 1988 2000 2001 2002
 2003 2004 2005 2006 2007 2008 2009 2010 2011 2012 2013 1846 1847 1848
 1845 1844 1629 1630 1628 1627 1626 1625 1631 1632 1610 1611 1612 1623
 1622 1624 1621 1618 1617 1616 1615 1600 1601 1602 1614 1613 1603 1604
 1605 1606 1607 1608 1609 1633 1634 1635 1636 1841 1842 1843 1840 1839
 1637 1638 1639 1640 1641 1645 1644 1643 1642 1838 1837 1836 1824 1825
 1815 1814 1813 1812 1811 1810 1816 1817 1818 1819 1820 1821 1822 1823
 1652 1653 1655 1656 1657 1658 1660 1659 1661 1662 1663 1654 1651 1650
 1648 1649 1646 1647 1664 1670 1671 1672 1673 1674 1675 1676 1224 1225
 1226 1665 1666 1667 1668 1669 1234 1235 1233 1232 1231 1230 1229 1228
 1227 1223 1208 1209 1207 1206 1205 1204 1203 1202 1702 1701 1201 1200
 1199 1198 1197 1196 1267 1268 1269 1270 1276 1266 1265 1264 1263 1262
 1261 1214 1215 1216 1213 1254 1255 1257 1258 1260 1277 1278 1279 1280
 1286 1248 1249 1250 1251 1252 1253 1259 1256 1212 1211 1210 1241 1240
 1239 1242 1243 1244 1245 1246 1247 1287 1288 1289 1290 1293 1294 1138
 1139 1140 1141 1142 1143 1145 1144 1136 1135 1137 1134 1133 1132 1296
 1295 1292 1291 1297 1298 1299 1300 1301 1237 1236 1238 1302 1303 1304
 1305 1306 1307 1308 1309 1310 1317 1316 1315 1318 1319 1320 1321 1131
 1130 1129 1327 1326 1328 1325 1324 1323 1322 1314 1332 1331 1330 1329
 1342 1343 1355 1344 1345 1346 1347 1348 1350 1349 1336 1337 1338 1339
 1340 1341 1333 1334 1335 1311 1312 1313 1590 1591 1592 1593 1594 1595
 1596 1597 1599 1598 1588 1589 1580 1579 1578 1577 1576 1575 1581 1582
 1584 1583 1587 1586 1585 1547 1546 1545 1544 1548 1574 1573 1572 1571
 1570 1567 1566 1565 1564 1563 1620 1619 1849 1558 1559 1560 1561 1562
 1568 1569 1551 1550 1549 1525 1524 1527 1526 1528 1530 1529 1536 1537
 1538 1539 1540 1541 1542 1543 1371 1370 1369 1368 1372 1384 1385 1386
 1387 1441 1442 1383 1382 1373 1374 1375 1378 1376 1377 1379 1380 1381
 1443 1444 1445 1446 1447 1448 1449 1450 1451 1452 1453 1454 1470 1468
 1466 1460 1461 1463  898  900  899 1462 1464 1465 1467 1469 1471 1473
 1472 1474 1475 1478 1476 1479 1477 1481 1480 1482 1484 1483 1485 1486
 1487 1488 1489 1490 1491 1499 1500 1498 1502 1503 1504 1506 1508 1510
 1512 1509 1507 1505 1495 1496 1497 1501 1492 1493 1494 1535 1534 1533
 1532 1531 1511 1514 1513 1515 1516 1517 1518 1519 1520 1521 1523 1522
 1552 1553 1554 1555 1556 1557 1850 1877 1875 1878 1876 1880 1879 1881
 1882 1883 1885 1886 1884 1887 1890 1888 1889 1851 1852 1858 1859 1894
 1891 1860 1864 1866 1868 1870 1872 1874 1873 1871 1869 1867 1865 1863
 1862 1861 1892 1893 1895 1898 1896 1897 1900 1899]

eliteFit: 66648.0
percentError: 3.727452414673245
computationTime: 176.826s