instanceName: rat783
n: 783
optFit: 8806

genTime, gen, eliteFit, percentError:
0.0008107999892672524, 0, 171788.0, 1850.806
0.315447499990114, 1, 9682.0, 9.948
0.198824400009471, 2, 9598.0, 8.994
0.19829840000602417, 3, 9455.0, 7.370
0.1944423000095412, 4, 9426.0, 7.041
0.19769800000358373, 5, 9422.0, 6.995
0.18627679999917746, 6, 9355.0, 6.234
0.206005300002289, 7, 9350.0, 6.178
0.20280489999277052, 8, 9306.0, 5.678
0.19417149999935646, 9, 9293.0, 5.530
0.20841269999800716, 10, 9262.0, 5.178
0.2094467999995686, 11, 9262.0, 5.178
0.19072689999302384, 12, 9249.0, 5.031
0.19178639999881852, 13, 9241.0, 4.940
0.22353129999828525, 14, 9241.0, 4.940
0.18926240000291727, 15, 9234.0, 4.860
0.18802169999980833, 16, 9228.0, 4.792
0.19959930000186432, 17, 9221.0, 4.713
0.17249029999948107, 18, 9195.0, 4.417
0.19577700000081677, 19, 9194.0, 4.406
0.19997960000182502, 20, 9194.0, 4.406
0.17736620000505354, 21, 9153.0, 3.940
0.15591909999784548, 22, 9153.0, 3.940
0.17517709999810904, 23, 9153.0, 3.940
0.18010829998820554, 24, 9132.0, 3.702
0.17838080000365153, 25, 9124.0, 3.611
0.15353359999426175, 26, 9117.0, 3.532
0.16383439999481197, 27, 9103.0, 3.373
0.12707180000143126, 28, 9103.0, 3.373
0.11543689999962226, 29, 9103.0, 3.373
0.13771020001149736, 30, 9099.0, 3.327
0.1425327000033576, 31, 9091.0, 3.236
0.15399130000150762, 32, 9079.0, 3.100
0.16250739998940844, 33, 9079.0, 3.100
0.14339789999939967, 34, 9060.0, 2.884
0.1270226999913575, 35, 9050.0, 2.771
0.12921599998662714, 36, 9030.0, 2.544
0.13437710001016967, 37, 9012.0, 2.339
0.12022489999071695, 38, 9012.0, 2.339
0.11847950000083074, 39, 9007.0, 2.283
0.12670419999631122, 40, 8996.0, 2.158
0.12141130000236444, 41, 8993.0, 2.124
0.12848150001082104, 42, 8990.0, 2.089
0.1418246000102954, 43, 8980.0, 1.976
0.11986169998999685, 44, 8976.0, 1.931
0.08231670000532176, 45, 8974.0, 1.908
0.10821910000231583, 46, 8974.0, 1.908
0.09358269999211188, 47, 8965.0, 1.806
0.11925799999153242, 48, 8963.0, 1.783
0.12049049999041017, 49, 8961.0, 1.760
0.1441985000128625, 50, 8961.0, 1.760
0.10386439999274444, 51, 8959.0, 1.737
0.09302820000448264, 52, 8959.0, 1.737
0.11903149999852758, 53, 8950.0, 1.635
0.09493770000699442, 54, 8948.0, 1.613
0.08687250000366475, 55, 8944.0, 1.567
0.06846260000020266, 56, 8943.0, 1.556
0.06444390000251587, 57, 8943.0, 1.556
0.057751300002564676, 58, 8943.0, 1.556
0.05836700000509154, 59, 8943.0, 1.556
0.0600646999955643, 60, 8943.0, 1.556
0.049179800000274554, 61, 8943.0, 1.556
0.055762300005881116, 62, 8943.0, 1.556
0.05518840000149794, 63, 8943.0, 1.556
0.04965910001192242, 64, 8943.0, 1.556
0.05284760000358801, 65, 8943.0, 1.556
0.05681239999830723, 66, 8943.0, 1.556
0.05833830000483431, 67, 8943.0, 1.556
0.07196580000163522, 68, 8943.0, 1.556
0.05849530000705272, 69, 8943.0, 1.556
0.04877959999430459, 70, 8943.0, 1.556
0.05117510000127368, 71, 8943.0, 1.556
0.053211199992801994, 72, 8943.0, 1.556
0.05054539999400731, 73, 8943.0, 1.556
0.052498500008368865, 74, 8943.0, 1.556
0.05238989999634214, 75, 8943.0, 1.556
0.058134399994742125, 76, 8943.0, 1.556
0.059977700002491474, 77, 8943.0, 1.556
0.06903389999934006, 78, 8943.0, 1.556
0.054851900000358, 79, 8943.0, 1.556
0.06147789998794906, 80, 8943.0, 1.556
0.05717749999894295, 81, 8943.0, 1.556
0.058413700011442415, 82, 8943.0, 1.556
0.058034500005305745, 83, 8943.0, 1.556
0.05381209999904968, 84, 8943.0, 1.556
0.0581013999908464, 85, 8943.0, 1.556
0.05425139999715611, 86, 8943.0, 1.556
0.062229500006651506, 87, 8943.0, 1.556
0.057243500006734394, 88, 8943.0, 1.556
0.051911699993070215, 89, 8943.0, 1.556
0.05087249999633059, 90, 8943.0, 1.556
0.05064689999562688, 91, 8943.0, 1.556
0.05602700001327321, 92, 8943.0, 1.556
0.06268980000459123, 93, 8943.0, 1.556
0.053033100004540756, 94, 8943.0, 1.556
0.0528070000000298, 95, 8943.0, 1.556
0.051100600001518615, 96, 8943.0, 1.556
0.05637019999267068, 97, 8943.0, 1.556
0.06086199999845121, 98, 8943.0, 1.556
0.058363300006021746, 99, 8943.0, 1.556
0.0554139000014402, 100, 8943.0, 1.556
0.05176609999034554, 101, 8943.0, 1.556
0.05894079999416135, 102, 8943.0, 1.556
0.05519170001207385, 103, 8943.0, 1.556
0.05344920000061393, 104, 8943.0, 1.556
0.04845619999105111, 105, 8943.0, 1.556
0.05388180000591092, 106, 8943.0, 1.556

tour:
[315 331 345 352 338 322 324 305 290 298 285 266 255 267 257 258 239 231
 232 224 218 211 210 208 181 189 205 216 199 197 178 175 162 168 156 163
 164 172 149 143 158 153 166 157 165 177 191 173 167 169 176 180 193 198
 192 170 134 133 148 141 147 144 130 131 140 129 128 123 120 125 117 137
 127 139 115 111 107 104 101  98  84  70  58  60  67  85  81  61  49  53
  41  50  71  91 102  92  89  77  68  43  54  59  72  95  90 103 112 118
 121 113 108 105 100  78  83  86  74  65  42  37  39   5  12  10   3  33
  27  23  26  25  20  15  31  13  21  34  30  35  19   7  29  18   4   2
   9   8  11  17   6   1  22  16   0  14  24  36  44  56  51  48  55  87
  96  99  79  69  80  66  40  45  64  46  52  57  32  28  38  62  47  63
  76  73  88  94  97  75  82  93 106 110 119 132 136 142 151 160 161 155
 150 135 152 126 114 109 122 116 124 145 138 146 154 159 174 185 179 171
 184 214 215 204 194 195 183 186 203 201 207 223 242 221 226 230 229 247
 248 273 277 272 275 276 254 245 238 235 241 234 265 269 288 304 312 301
 293 316 318 326 334 343 327 342 355 358 351 362 383 394 422 428 435 444
 451 457 452 424 442 437 454 462 485 484 483 465 481 471 498 510 525 532
 547 559 567 575 595 579 585 593 610 625 623 639 637 647 651 658 664 671
 682 696 703 724 737 733 746 768 777 760 771 764 759 744 735 734 717 704
 708 687 677 670 678 684 705 689 679 674 659 654 644 633 626 611 596 597
 589 598 587 612 618 640 643 656 648 660 665 668 683 680 690 691 697 721
 731 738 742 757 775 758 756 767 778 776 772 773 765 747 739 725 720 754
 753 736 732 712 706 718 719 698 694 685 709 699 700 688 692 672 663 666
 667 673 675 693 695 702 714 716 727 750 763 755 751 741 723 701 707 715
 722 740 745 730 729 726 749 748 761 762 769 779 780 781 782 774 770 766
 752 743 728 711 713 710 686 681 676 657 655 662 669 646 636 615 642 634
 624 622 619 601 584 582 607 594 591 581 566 573 554 549 537 545 548 544
 531 543 536 527 524 508 501 497 509 502 522 515 503 489 461 460 478 480
 470 477 467 453 450 446 439 426 420 427 441 443 412 405 403 393 398 395
 397 411 402 414 413 399 401 415 431 445 449 464 474 487 492 513 519 523
 521 526 542 552 558 572 580 592 605 603 614 628 631 641 649 661 653 652
 645 650 635 621 620 627 616 606 608 602 586 590 583 599 600 604 613 629
 632 630 638 617 609 588 571 570 574 557 564 569 576 555 563 562 565 577
 551 556 546 539 530 538 560 568 578 561 553 550 533 529 505 516 511 507
 491 494 517 518 512 514 528 534 535 540 541 520 504 506 500 499 490 482
 476 472 459 448 455 456 466 468 469 463 475 493 495 496 486 488 479 473
 458 436 433 447 440 434 438 430 418 416 417 410 390 371 369 376 392 409
 408 407 419 423 429 425 432 421 404 391 388 396 406 400 389 386 381 357
 365 370 364 375 349 346 344 332 320 321 329 335 325 317 310 294 311 300
 286 281 282 287 309 307 319 297 308 323 333 330 341 361 360 348 336 337
 339 347 363 350 353 359 374 379 385 380 382 372 367 384 387 377 378 368
 373 366 356 354 340 328 314 313 303 296 295 283 278 260 246 263 264 279
 284 253 233 237 217 213 206 222 244 240 251 271 270 262 259 243 228 227
 219 202 188 190 196 187 182 200 209 212 220 225 236 256 274 261 250 252
 249 268 280 291 302 299 289 292 306]

eliteFit: 8943.0
percentError: 1.5557574381103794
computationTime: 11.613s