instanceName: rat783
n: 783
optFit: 8806

genTime, gen, eliteFit, percentError:
0.0008076000085566193, 0, 172284.0, 1856.439
0.3241167999949539, 1, 9685.0, 9.982
0.20487390000198502, 2, 9609.0, 9.119
0.20353410000097938, 3, 9519.0, 8.097
0.19013979998999275, 4, 9460.0, 7.427
0.19753179998951964, 5, 9419.0, 6.961
0.205262200004654, 6, 9391.0, 6.643
0.23411259999556933, 7, 9331.0, 5.962
0.196912200000952, 8, 9313.0, 5.757
0.18348130000231322, 9, 9278.0, 5.360
0.18115859999670647, 10, 9278.0, 5.360
0.1814035999996122, 11, 9232.0, 4.838
0.17853699999977835, 12, 9197.0, 4.440
0.18875040000420995, 13, 9180.0, 4.247
0.16615989999263547, 14, 9180.0, 4.247
0.13851030000660103, 15, 9170.0, 4.134
0.11695390001113992, 16, 9168.0, 4.111
0.12078370001108851, 17, 9165.0, 4.077
0.10460829999647103, 18, 9157.0, 3.986
0.07703570000012405, 19, 9157.0, 3.986
0.08413279999513179, 20, 9154.0, 3.952
0.10304879999603145, 21, 9147.0, 3.872
0.10667109998757951, 22, 9138.0, 3.770
0.07031300000380725, 23, 9130.0, 3.679
0.11033680000400636, 24, 9126.0, 3.634
0.09415459999581799, 25, 9122.0, 3.588
0.05672880000201985, 26, 9120.0, 3.566
0.062493899997207336, 27, 9119.0, 3.554
0.056232100003398955, 28, 9117.0, 3.532
0.05737049999879673, 29, 9117.0, 3.532
0.08648759999778122, 30, 9117.0, 3.532
0.06966939999256283, 31, 9117.0, 3.532
0.05698310000298079, 32, 9117.0, 3.532
0.04993200000899378, 33, 9107.0, 3.418
0.06509580000420101, 34, 9104.0, 3.384
0.09690939998836257, 35, 9104.0, 3.384
0.07629729999462143, 36, 9094.0, 3.270
0.05720670000300743, 37, 9094.0, 3.270
0.06988970001111738, 38, 9094.0, 3.270
0.058334500005003065, 39, 9094.0, 3.270
0.06326169999374542, 40, 9094.0, 3.270
0.05360830000427086, 41, 9094.0, 3.270
0.05296460000681691, 42, 9094.0, 3.270
0.06112620000203606, 43, 9094.0, 3.270
0.05547089999890886, 44, 9094.0, 3.270
0.050239000003784895, 45, 9094.0, 3.270
0.054096099993330427, 46, 9094.0, 3.270
0.06048449999070726, 47, 9094.0, 3.270
0.05454490000556689, 48, 9094.0, 3.270
0.05712450000282843, 49, 9094.0, 3.270
0.05260160000761971, 50, 9094.0, 3.270
0.050779199998942204, 51, 9094.0, 3.270
0.07678499999747146, 52, 9094.0, 3.270
0.0617231000069296, 53, 9094.0, 3.270
0.05523009999888018, 54, 9094.0, 3.270
0.0592873999994481, 55, 9094.0, 3.270
0.05974739999510348, 56, 9094.0, 3.270
0.05047269999340642, 57, 9094.0, 3.270
0.05504839999775868, 58, 9094.0, 3.270
0.05591399999684654, 59, 9094.0, 3.270
0.058511000010184944, 60, 9086.0, 3.180
0.059096600001794286, 61, 9084.0, 3.157
0.07740199999534525, 62, 9084.0, 3.157
0.09299910000117961, 63, 9078.0, 3.089
0.0826426999992691, 64, 9078.0, 3.089
0.06709529999352526, 65, 9075.0, 3.055
0.06533450000279117, 66, 9069.0, 2.987
0.050587300007464364, 67, 9069.0, 2.987
0.06490409999969415, 68, 9066.0, 2.953
0.0644144999969285, 69, 9066.0, 2.953
0.06572730001062155, 70, 9065.0, 2.941
0.08909919999132399, 71, 9065.0, 2.941
0.06616339999891352, 72, 9065.0, 2.941
0.05618970000068657, 73, 9061.0, 2.896
0.07143499999074265, 74, 9061.0, 2.896
0.05717440000444185, 75, 9061.0, 2.896
0.05004479999479372, 76, 9061.0, 2.896
0.06164780000108294, 77, 9060.0, 2.884
0.055015699996147305, 78, 9059.0, 2.873
0.07475780000095256, 79, 9059.0, 2.873
0.073344200005522, 80, 9057.0, 2.850
0.06704769999487326, 81, 9056.0, 2.839
0.06610509999154601, 82, 9056.0, 2.839
0.07512100000167266, 83, 9056.0, 2.839
0.056955899999593385, 84, 9056.0, 2.839
0.054337800000212155, 85, 9056.0, 2.839
0.05163200000242796, 86, 9056.0, 2.839
0.06270619999850169, 87, 9056.0, 2.839
0.053270300006261095, 88, 9056.0, 2.839
0.05641169998853002, 89, 9056.0, 2.839
0.054208900008234195, 90, 9039.0, 2.646
0.07332130000577308, 91, 9039.0, 2.646
0.09042350000527222, 92, 9029.0, 2.532
0.09561309999844525, 93, 9029.0, 2.532
0.12906390000716783, 94, 9029.0, 2.532
0.08299029999761842, 95, 9027.0, 2.510
0.049464700001408346, 96, 9017.0, 2.396
0.05497800000011921, 97, 9015.0, 2.373
0.05248879999271594, 98, 9015.0, 2.373
0.05754819999856409, 99, 9015.0, 2.373
0.04958170000463724, 100, 9015.0, 2.373
0.059491499996511266, 101, 9015.0, 2.373
0.0697541999979876, 102, 9015.0, 2.373
0.04827179999847431, 103, 9015.0, 2.373
0.051521899993531406, 104, 9015.0, 2.373
0.05728370000724681, 105, 9006.0, 2.271
0.06332939999992959, 106, 9006.0, 2.271
0.10412049999285955, 107, 9006.0, 2.271
0.10977770001045428, 108, 9006.0, 2.271
0.06401040000491776, 109, 9006.0, 2.271
0.049800500011770055, 110, 9006.0, 2.271
0.07850829999370035, 111, 9006.0, 2.271
0.0491013999999268, 112, 9006.0, 2.271
0.05185689999780152, 113, 9006.0, 2.271
0.06651899999997113, 114, 9006.0, 2.271
0.05072120000841096, 115, 9006.0, 2.271
0.058464700006879866, 116, 9006.0, 2.271
0.055693699992843904, 117, 9006.0, 2.271
0.05623639999248553, 118, 9006.0, 2.271
0.057667499990202487, 119, 9006.0, 2.271
0.0608217999979388, 120, 9006.0, 2.271
0.049738999994588085, 121, 9006.0, 2.271
0.05802340000809636, 122, 9006.0, 2.271
0.05889650000608526, 123, 9006.0, 2.271
0.0530768999888096, 124, 9006.0, 2.271
0.05554139999730978, 125, 9006.0, 2.271
0.051811900004395284, 126, 9006.0, 2.271
0.05889210000168532, 127, 9006.0, 2.271
0.05149610000080429, 128, 9006.0, 2.271
0.062012700000195764, 129, 9006.0, 2.271
0.05362720000266563, 130, 9006.0, 2.271
0.05911279999418184, 131, 9006.0, 2.271
0.056348400001297705, 132, 9006.0, 2.271
0.05746670000371523, 133, 9006.0, 2.271
0.0561085999943316, 134, 9006.0, 2.271
0.0636773999867728, 135, 9006.0, 2.271
0.05338490000576712, 136, 9006.0, 2.271
0.05426820000866428, 137, 9006.0, 2.271
0.0576400999998441, 138, 9006.0, 2.271
0.048935300001176074, 139, 9006.0, 2.271
0.05982320000475738, 140, 9006.0, 2.271
0.06722979999904055, 141, 9006.0, 2.271
0.06577699999616016, 142, 9006.0, 2.271
0.07347169998683967, 143, 9006.0, 2.271
0.057684100000187755, 144, 9006.0, 2.271
0.05106749999686144, 145, 9006.0, 2.271
0.05907160000060685, 146, 9006.0, 2.271
0.07164229999762028, 147, 9001.0, 2.214
0.05586490000132471, 148, 9001.0, 2.214
0.06123520000255667, 149, 9001.0, 2.214
0.05586490000132471, 150, 9001.0, 2.214
0.04835080000339076, 151, 9001.0, 2.214
0.05427449999842793, 152, 9001.0, 2.214
0.0528584999992745, 153, 9001.0, 2.214
0.06585290000657551, 154, 9001.0, 2.214
0.05700319999596104, 155, 9001.0, 2.214
0.053766800003359094, 156, 9001.0, 2.214
0.05548259998613503, 157, 9001.0, 2.214
0.057455299989669584, 158, 8997.0, 2.169
0.05336689999967348, 159, 8997.0, 2.169
0.06143649999285117, 160, 8997.0, 2.169
0.06518939998932183, 161, 8997.0, 2.169
0.051571600008173846, 162, 8997.0, 2.169
0.05456380000396166, 163, 8997.0, 2.169
0.05497319999267347, 164, 8997.0, 2.169
0.06278799999563489, 165, 8997.0, 2.169
0.06826949999958742, 166, 8997.0, 2.169
0.053845800008275546, 167, 8997.0, 2.169
0.057579700005589984, 168, 8997.0, 2.169
0.04909120000957046, 169, 8997.0, 2.169
0.0507454000035068, 170, 8997.0, 2.169
0.061819399998057634, 171, 8997.0, 2.169
0.04972599999746308, 172, 8997.0, 2.169
0.0677785000007134, 173, 8997.0, 2.169
0.05491160000383388, 174, 8997.0, 2.169
0.04946870000276249, 175, 8997.0, 2.169
0.055237100008525886, 176, 8997.0, 2.169
0.07655589999922086, 177, 8996.0, 2.158
0.07153989998914767, 178, 8996.0, 2.158
0.07571439999446739, 179, 8996.0, 2.158
0.11316590000933502, 180, 8996.0, 2.158
0.11800619999121409, 181, 8996.0, 2.158
0.059719199998653494, 182, 8996.0, 2.158
0.058415099992998876, 183, 8996.0, 2.158
0.06727189999946859, 184, 8996.0, 2.158
0.07027369999559596, 185, 8996.0, 2.158
0.06120159999409225, 186, 8996.0, 2.158
0.054562200006330386, 187, 8996.0, 2.158
0.058958900001016445, 188, 8996.0, 2.158
0.057017499988432974, 189, 8996.0, 2.158
0.05344869999680668, 190, 8996.0, 2.158
0.058571500005200505, 191, 8996.0, 2.158
0.056477299993275665, 192, 8996.0, 2.158
0.06838019999850076, 193, 8996.0, 2.158
0.05449819999921601, 194, 8996.0, 2.158
0.063872699989588, 195, 8996.0, 2.158
0.06372790000750683, 196, 8996.0, 2.158
0.051758400004473515, 197, 8996.0, 2.158
0.08043209998868406, 198, 8996.0, 2.158
0.054399099986767396, 199, 8996.0, 2.158
0.055973000009544194, 200, 8996.0, 2.158
0.05270249999011867, 201, 8996.0, 2.158
0.06367280000995379, 202, 8996.0, 2.158
0.06367169998702593, 203, 8996.0, 2.158
0.05732659999921452, 204, 8996.0, 2.158
0.05658129999937955, 205, 8996.0, 2.158
0.052596299996366724, 206, 8996.0, 2.158
0.05125029999180697, 207, 8996.0, 2.158
0.05944140000792686, 208, 8996.0, 2.158
0.05608290000236593, 209, 8996.0, 2.158
0.059886199989705347, 210, 8996.0, 2.158
0.06486249998852145, 211, 8996.0, 2.158
0.06369149999227375, 212, 8996.0, 2.158
0.050933999998960644, 213, 8996.0, 2.158
0.05405289999907836, 214, 8996.0, 2.158
0.057207599995308556, 215, 8996.0, 2.158
0.049870099988766015, 216, 8996.0, 2.158
0.05555800000729505, 217, 8996.0, 2.158
0.060570799993001856, 218, 8996.0, 2.158
0.05273460000171326, 219, 8996.0, 2.158
0.05896249999932479, 220, 8996.0, 2.158
0.04749830000218935, 221, 8996.0, 2.158
0.05775999999605119, 222, 8996.0, 2.158
0.05443669999658596, 223, 8996.0, 2.158
0.059210100007476285, 224, 8996.0, 2.158
0.0559073000040371, 225, 8996.0, 2.158
0.061165599996456876, 226, 8996.0, 2.158
0.059084699998493306, 227, 8991.0, 2.101
0.06711439999344293, 228, 8991.0, 2.101
0.08448089999728836, 229, 8991.0, 2.101
0.11098530000890605, 230, 8991.0, 2.101
0.07288759999210015, 231, 8991.0, 2.101
0.04919599999266211, 232, 8991.0, 2.101
0.04564259998733178, 233, 8991.0, 2.101
0.052470399998128414, 234, 8991.0, 2.101
0.0548211999994237, 235, 8991.0, 2.101
0.05178890000388492, 236, 8991.0, 2.101
0.055690699999104254, 237, 8991.0, 2.101
0.050128499991842546, 238, 8991.0, 2.101
0.04911049999645911, 239, 8991.0, 2.101
0.047655200003646314, 240, 8991.0, 2.101
0.0508646999951452, 241, 8991.0, 2.101
0.05161249999946449, 242, 8991.0, 2.101
0.06869030000234488, 243, 8991.0, 2.101
0.06069839998963289, 244, 8991.0, 2.101
0.05369289999362081, 245, 8991.0, 2.101
0.0606339000078151, 246, 8991.0, 2.101
0.056165599991800264, 247, 8991.0, 2.101
0.05541720001201611, 248, 8991.0, 2.101
0.05833090000669472, 249, 8991.0, 2.101
0.05598280001140665, 250, 8991.0, 2.101
0.056292000008397736, 251, 8991.0, 2.101
0.05789769999682903, 252, 8991.0, 2.101
0.05418160000408534, 253, 8991.0, 2.101
0.07194490000256337, 254, 8991.0, 2.101
0.05171220000192989, 255, 8991.0, 2.101
0.05243070000142325, 256, 8991.0, 2.101
0.0552151000010781, 257, 8991.0, 2.101
0.05316029999812599, 258, 8991.0, 2.101
0.05504710000241175, 259, 8991.0, 2.101
0.053193999992799945, 260, 8991.0, 2.101
0.06282320000173058, 261, 8991.0, 2.101
0.050582600000780076, 262, 8991.0, 2.101
0.063325299997814, 263, 8991.0, 2.101
0.0579483000037726, 264, 8991.0, 2.101
0.06217169998853933, 265, 8991.0, 2.101
0.06338579999282956, 266, 8991.0, 2.101
0.05169160000514239, 267, 8991.0, 2.101
0.05548300000373274, 268, 8991.0, 2.101
0.0625510999961989, 269, 8991.0, 2.101
0.054845899998326786, 270, 8991.0, 2.101
0.054766400004155, 271, 8991.0, 2.101
0.05879389999608975, 272, 8991.0, 2.101
0.053803000002517365, 273, 8991.0, 2.101
0.05451760000141803, 274, 8991.0, 2.101
0.05029899999499321, 275, 8991.0, 2.101
0.0572192000108771, 276, 8991.0, 2.101
0.05620559999078978, 277, 8991.0, 2.101

tour:
[334 326 318 316 293 301 312 304 288 269 265 241 238 235 234 215 214 184
 171 179 185 204 194 195 183 186 203 201 207 223 242 255 266 248 247 226
 221 230 229 245 254 276 275 277 272 273 285 298 305 290 267 257 258 239
 231 232 249 268 252 250 236 256 261 274 286 281 282 287 307 309 300 311
 294 310 317 325 335 329 321 320 302 291 280 289 299 306 292 315 331 324
 322 338 352 345 349 346 332 344 359 353 350 347 339 337 336 348 360 361
 341 330 333 323 319 297 308 303 296 295 283 278 260 244 240 251 271 270
 262 259 243 228 227 219 202 188 190 196 187 182 200 212 220 225 209 208
 210 211 218 224 216 205 189 199 197 178 175 162 168 156 181 172 164 163
 149 158 166 153 140 131 130 129 128 143 123 120 125 137 117  98  84  70
  63  76 101 104 107 111 127 139 115 132 136 142 160 151 119 110 106  93
  82  75  97  94  88  73  62  57  52  46  64  45  40  66  69  79  80  99
 114 126 135 150 155 161 152 174 159 154 146 138 145 124 116 122 109  96
  87  55  48  51  56  44  36  24  14   0  16  22   1   6  17  11  32   8
   9   2   4  28  38  47  29  18   7  19  30  35  58  60  67  85  81  71
  91 102  92  68  77  89 103 112 118  95  90  72  59  54  43  50  41  53
  61  49  34  21  13  31  15  20  25  26  23  27  33   3  10  12   5  39
  37  42  65  74  86  83  78 100 105 108 113 121 133 134 148 141 147 144
 157 165 167 169 173 177 191 206 222 213 193 180 176 170 192 198 217 233
 253 237 246 263 264 279 284 314 313 328 340 354 356 366 393 403 405 412
 398 395 373 368 378 377 397 411 426 420 427 441 450 470 480 478 460 443
 461 489 503 515 522 502 509 497 477 467 453 446 439 449 464 474 487 501
 508 524 527 536 543 531 544 548 545 537 549 554 582 584 601 619 622 624
 607 594 573 566 581 591 592 605 615 636 646 634 642 662 655 657 676 681
 686 716 713 710 711 728 743 752 766 770 774 782 781 780 779 769 762 745
 740 729 730 722 715 707 701 723 741 755 763 751 750 727 714 702 695 693
 669 675 673 667 666 663 672 692 688 709 699 700 726 749 748 761 765 773
 772 776 778 767 756 758 775 757 759 764 771 760 777 768 746 733 737 724
 703 696 682 671 664 658 651 647 644 654 633 626 611 612 618 640 643 659
 674 679 689 705 684 678 670 677 687 708 704 717 734 744 735 731 742 738
 721 732 736 753 754 747 739 725 720 719 718 706 712 697 690 691 680 656
 648 660 683 698 694 685 668 665 650 645 652 653 661 649 641 631 628 614
 603 580 572 558 552 571 570 574 557 564 569 576 555 534 535 540 541 542
 526 521 523 519 513 492 488 479 473 486 496 495 493 504 520 506 500 499
 490 482 476 472 459 448 455 456 466 468 469 463 475 458 445 431 415 401
 399 413 414 402 387 384 367 372 382 363 380 385 379 374 390 371 369 376
 392 407 408 409 418 416 410 417 433 436 447 440 434 430 438 419 423 429
 425 432 421 424 442 437 454 462 485 491 507 511 516 505 529 533 550 553
 561 578 568 560 538 539 546 530 517 518 494 512 514 528 551 556 577 565
 562 563 586 602 608 590 583 599 600 613 604 588 609 617 638 630 632 629
 635 621 620 627 616 606 587 598 589 597 596 585 579 593 610 625 637 639
 623 595 575 567 559 547 532 525 510 498 471 481 483 484 465 457 452 451
 444 435 428 422 400 406 396 388 391 404 375 364 370 365 381 386 389 394
 383 362 351 358 355 342 327 343 357]

eliteFit: 8991.0
percentError: 2.100840336134454
computationTime: 19.465s