instanceName: rat783
n: 783
optFit: 8806

genTime, gen, eliteFit, percentError:
0.0008459999953629449, 0, 171742.0, 1850.284
0.32092410000041127, 1, 9709.0, 10.254
0.20461700001033023, 2, 9557.0, 8.528
0.19667580000532325, 3, 9518.0, 8.085
0.19441890000598505, 4, 9469.0, 7.529
0.19142630000715144, 5, 9392.0, 6.655
0.2205491000058828, 6, 9383.0, 6.552
0.19575539999641478, 7, 9370.0, 6.405
0.1968891000142321, 8, 9346.0, 6.132
0.18878589999803808, 9, 9346.0, 6.132
0.18878520000725985, 10, 9346.0, 6.132
0.17308419999608304, 11, 9291.0, 5.508
0.17414800000551622, 12, 9282.0, 5.405
0.12939220000407659, 13, 9277.0, 5.349
0.16611720000219066, 14, 9240.0, 4.928
0.16265989998646546, 15, 9240.0, 4.928
0.1244079000025522, 16, 9225.0, 4.758
0.12928649999957997, 17, 9224.0, 4.747
0.12914780000573955, 18, 9205.0, 4.531
0.15600820000690874, 19, 9190.0, 4.361
0.1363156000006711, 20, 9163.0, 4.054
0.12606340000638738, 21, 9157.0, 3.986
0.12063170000328682, 22, 9138.0, 3.770
0.11117989999183919, 23, 9128.0, 3.657
0.08804239999153651, 24, 9128.0, 3.657
0.10021770000457764, 25, 9107.0, 3.418
0.11363870000059251, 26, 9085.0, 3.168
0.11606770000071265, 27, 9083.0, 3.146
0.11404869999387302, 28, 9070.0, 2.998
0.07840589999977965, 29, 9062.0, 2.907
0.07333909999579191, 30, 9060.0, 2.884
0.07254870000178926, 31, 9054.0, 2.816
0.0732272000022931, 32, 9053.0, 2.805
0.06881750001048204, 33, 9049.0, 2.759
0.07180169998900965, 34, 9048.0, 2.748
0.07137030000740197, 35, 9048.0, 2.748
0.06034409999847412, 36, 9048.0, 2.748
0.05728380000800826, 37, 9048.0, 2.748
0.05838190000213217, 38, 9048.0, 2.748
0.05513540000538342, 39, 9048.0, 2.748
0.06012180000834633, 40, 9048.0, 2.748
0.06481819998589344, 41, 9048.0, 2.748
0.05475789999763947, 42, 9048.0, 2.748
0.06270070000027772, 43, 9048.0, 2.748
0.06124249999993481, 44, 9048.0, 2.748
0.05855370000062976, 45, 9048.0, 2.748
0.059123200000612997, 46, 9048.0, 2.748
0.06342560000484809, 47, 9044.0, 2.703
0.08016860000498127, 48, 9044.0, 2.703
0.09762770000088494, 49, 9044.0, 2.703
0.10362199999508448, 50, 9030.0, 2.544
0.11441850000119302, 51, 9028.0, 2.521
0.10531250000349246, 52, 9028.0, 2.521
0.11398330000520218, 53, 9028.0, 2.521
0.09836200000427198, 54, 9028.0, 2.521
0.05680749999010004, 55, 9028.0, 2.521
0.048052300000563264, 56, 9028.0, 2.521
0.0568310999951791, 57, 9028.0, 2.521
0.05291659999056719, 58, 9028.0, 2.521
0.05726940000022296, 59, 9028.0, 2.521
0.04868789999454748, 60, 9028.0, 2.521
0.056987000003573485, 61, 9028.0, 2.521
0.05047050000575837, 62, 9028.0, 2.521
0.05050620000110939, 63, 9028.0, 2.521
0.04789899999741465, 64, 9028.0, 2.521
0.05157290000352077, 65, 9028.0, 2.521
0.05264520000491757, 66, 9028.0, 2.521
0.05188480000651907, 67, 9028.0, 2.521
0.058315300004323944, 68, 9028.0, 2.521
0.05588879999413621, 69, 9028.0, 2.521
0.0557390000030864, 70, 9028.0, 2.521
0.06069790000037756, 71, 9028.0, 2.521
0.05792690000089351, 72, 9028.0, 2.521
0.06787800000165589, 73, 9028.0, 2.521
0.06018390000099316, 74, 9028.0, 2.521
0.052653400009148754, 75, 9028.0, 2.521
0.0556741000036709, 76, 9028.0, 2.521
0.060984199997619726, 77, 9028.0, 2.521
0.05776250000053551, 78, 9028.0, 2.521
0.0626339000009466, 79, 9028.0, 2.521
0.06318660000397358, 80, 9028.0, 2.521
0.05542990000685677, 81, 9028.0, 2.521
0.05084310000529513, 82, 9028.0, 2.521
0.05797690000326838, 83, 9028.0, 2.521
0.061677099991356954, 84, 9028.0, 2.521
0.053800800000317395, 85, 9026.0, 2.498
0.054456899990327656, 86, 9026.0, 2.498
0.056140200002118945, 87, 9022.0, 2.453
0.07719589999760501, 88, 9022.0, 2.453
0.050184299994725734, 89, 9022.0, 2.453
0.05690340000728611, 90, 9022.0, 2.453
0.05429089999233838, 91, 9022.0, 2.453
0.05786159999843221, 92, 9022.0, 2.453
0.056887900005676784, 93, 9022.0, 2.453
0.06595240000751801, 94, 9022.0, 2.453
0.05332180000550579, 95, 9022.0, 2.453
0.058852300004218705, 96, 9022.0, 2.453
0.06352999999944586, 97, 9022.0, 2.453
0.05885549999948125, 98, 9022.0, 2.453
0.05709729999944102, 99, 9019.0, 2.419
0.061367900008917786, 100, 9019.0, 2.419
0.057173699999111705, 101, 9019.0, 2.419
0.05647979999775998, 102, 9019.0, 2.419
0.06418249999114778, 103, 9019.0, 2.419
0.05735619999177288, 104, 9011.0, 2.328
0.06507629998668563, 105, 9011.0, 2.328
0.05793929999344982, 106, 9011.0, 2.328
0.05229449999751523, 107, 9011.0, 2.328
0.06249060000118334, 108, 9011.0, 2.328
0.057870000004186295, 109, 9011.0, 2.328
0.04839399999764282, 110, 9011.0, 2.328
0.05286020001221914, 111, 9010.0, 2.317
0.05991909999283962, 112, 9010.0, 2.317
0.05275400000391528, 113, 9008.0, 2.294
0.06344739999622107, 114, 9007.0, 2.283
0.06048910001118202, 115, 9007.0, 2.283
0.05809099999896716, 116, 9007.0, 2.283
0.06102610001107678, 117, 9007.0, 2.283
0.05365469999378547, 118, 9007.0, 2.283
0.050481799989938736, 119, 9007.0, 2.283
0.052850299995043315, 120, 9007.0, 2.283
0.05915190000087023, 121, 9007.0, 2.283
0.059953899995889515, 122, 9007.0, 2.283
0.05192700000770856, 123, 9007.0, 2.283
0.05276250001043081, 124, 9007.0, 2.283
0.04967590000887867, 125, 9007.0, 2.283
0.05893650000507478, 126, 9007.0, 2.283
0.048195299998042174, 127, 9007.0, 2.283
0.06195360000128858, 128, 9006.0, 2.271
0.047831400006543845, 129, 9006.0, 2.271
0.055892499993206, 130, 9006.0, 2.271
0.06787429998803418, 131, 9006.0, 2.271
0.05193669999425765, 132, 9006.0, 2.271
0.05392260001099203, 133, 9006.0, 2.271
0.053840199994738214, 134, 9006.0, 2.271
0.05638130000443198, 135, 9006.0, 2.271
0.05348110001068562, 136, 9006.0, 2.271
0.054569500003708526, 137, 9006.0, 2.271
0.05024390001199208, 138, 9006.0, 2.271
0.06080859999929089, 139, 9001.0, 2.214
0.05001730000367388, 140, 9001.0, 2.214
0.0631843999872217, 141, 9001.0, 2.214
0.07025920000160113, 142, 9001.0, 2.214
0.05303359999379609, 143, 9001.0, 2.214
0.05705160000070464, 144, 9001.0, 2.214
0.056312100001377985, 145, 9001.0, 2.214
0.06705640000291169, 146, 9001.0, 2.214
0.06267220000154339, 147, 9001.0, 2.214
0.06437459999870043, 148, 8987.0, 2.055
0.056904000011854805, 149, 8979.0, 1.965
0.06668219999119174, 150, 8979.0, 1.965
0.0723063000041293, 151, 8979.0, 1.965
0.06779309999546967, 152, 8979.0, 1.965
0.05574549999437295, 153, 8979.0, 1.965
0.05210790000273846, 154, 8979.0, 1.965
0.05501159999403171, 155, 8979.0, 1.965
0.051117599999997765, 156, 8979.0, 1.965
0.0598286000022199, 157, 8979.0, 1.965
0.058536099997581914, 158, 8979.0, 1.965
0.06000329999369569, 159, 8979.0, 1.965
0.05662289999600034, 160, 8979.0, 1.965
0.06286069999623578, 161, 8979.0, 1.965
0.052274200003012083, 162, 8979.0, 1.965
0.05073780000384431, 163, 8979.0, 1.965
0.05583239998668432, 164, 8979.0, 1.965
0.052801300000282936, 165, 8979.0, 1.965
0.05531670000345912, 166, 8979.0, 1.965
0.05652640000334941, 167, 8979.0, 1.965
0.054173199998331256, 168, 8979.0, 1.965
0.05456380000396166, 169, 8979.0, 1.965
0.05629769999359269, 170, 8979.0, 1.965
0.06454940000548959, 171, 8979.0, 1.965
0.05625310000323225, 172, 8979.0, 1.965
0.059267099990393035, 173, 8979.0, 1.965
0.08374029998958576, 174, 8979.0, 1.965
0.05640349999885075, 175, 8979.0, 1.965
0.05484490000526421, 176, 8979.0, 1.965
0.07358449998719152, 177, 8979.0, 1.965
0.05352149999816902, 178, 8979.0, 1.965
0.05892570001014974, 179, 8979.0, 1.965
0.05393000000913162, 180, 8979.0, 1.965
0.06127129998640157, 181, 8979.0, 1.965
0.05086499999742955, 182, 8979.0, 1.965
0.0529067000024952, 183, 8979.0, 1.965
0.05303080000157934, 184, 8973.0, 1.896
0.0631442000012612, 185, 8973.0, 1.896
0.08072070000343956, 186, 8960.0, 1.749
0.08484820000012405, 187, 8960.0, 1.749
0.06315829999221023, 188, 8960.0, 1.749
0.051948199994512834, 189, 8960.0, 1.749
0.05381650000344962, 190, 8960.0, 1.749
0.05611679999856278, 191, 8960.0, 1.749
0.059963499996229075, 192, 8960.0, 1.749
0.05362700000114273, 193, 8960.0, 1.749
0.05197280000720639, 194, 8960.0, 1.749
0.06132540000544395, 195, 8960.0, 1.749
0.05871720000868663, 196, 8960.0, 1.749
0.057759499992243946, 197, 8960.0, 1.749
0.04840279999189079, 198, 8960.0, 1.749
0.05179870000574738, 199, 8960.0, 1.749
0.05551809999451507, 200, 8960.0, 1.749
0.05546239999239333, 201, 8960.0, 1.749
0.055346900000586174, 202, 8960.0, 1.749
0.06232690000615548, 203, 8960.0, 1.749
0.058925699995597824, 204, 8960.0, 1.749
0.05782380000164267, 205, 8960.0, 1.749
0.049762499998905696, 206, 8960.0, 1.749
0.059664000000339, 207, 8960.0, 1.749
0.05697109999891836, 208, 8960.0, 1.749
0.05817200000456069, 209, 8960.0, 1.749
0.054202100000111386, 210, 8960.0, 1.749
0.0607979000051273, 211, 8960.0, 1.749
0.055724000005284324, 212, 8960.0, 1.749
0.054081499998574145, 213, 8960.0, 1.749
0.05035800000769086, 214, 8960.0, 1.749
0.0549998000060441, 215, 8960.0, 1.749
0.05543269999907352, 216, 8960.0, 1.749
0.05059889999392908, 217, 8960.0, 1.749
0.04653830001188908, 218, 8960.0, 1.749
0.05252919999475125, 219, 8960.0, 1.749
0.05560529998911079, 220, 8960.0, 1.749
0.05605890000879299, 221, 8960.0, 1.749
0.05671039999288041, 222, 8960.0, 1.749
0.051436800000374205, 223, 8960.0, 1.749
0.05480149999493733, 224, 8960.0, 1.749
0.05427969999436755, 225, 8960.0, 1.749
0.05721559999801684, 226, 8960.0, 1.749
0.05372189999616239, 227, 8960.0, 1.749
0.05408929999975953, 228, 8960.0, 1.749
0.05359409999800846, 229, 8960.0, 1.749
0.0651367999962531, 230, 8960.0, 1.749
0.0500568999996176, 231, 8960.0, 1.749
0.06167949999507982, 232, 8957.0, 1.715
0.05710210000688676, 233, 8957.0, 1.715
0.06982489999791142, 234, 8957.0, 1.715
0.07139009999809787, 235, 8957.0, 1.715
0.09241419998579659, 236, 8957.0, 1.715
0.11262860000715591, 237, 8957.0, 1.715
0.08165709998866078, 238, 8957.0, 1.715
0.049935800008825026, 239, 8957.0, 1.715
0.06399079998664092, 240, 8957.0, 1.715
0.06315449999237899, 241, 8957.0, 1.715
0.0589921999926446, 242, 8957.0, 1.715
0.05588079999142792, 243, 8957.0, 1.715
0.05121379999036435, 244, 8957.0, 1.715
0.055663200007984415, 245, 8957.0, 1.715
0.05235739999625366, 246, 8957.0, 1.715
0.05089120000775438, 247, 8957.0, 1.715
0.05564069999672938, 248, 8957.0, 1.715
0.060628699997323565, 249, 8957.0, 1.715
0.05440569999336731, 250, 8957.0, 1.715
0.053813499995158054, 251, 8957.0, 1.715
0.05464469999424182, 252, 8957.0, 1.715
0.05571570000029169, 253, 8957.0, 1.715
0.050783300001057796, 254, 8957.0, 1.715
0.051678400006494485, 255, 8957.0, 1.715
0.05817249999381602, 256, 8957.0, 1.715
0.048509300002478994, 257, 8957.0, 1.715
0.06308819999685511, 258, 8957.0, 1.715
0.0628790999908233, 259, 8957.0, 1.715
0.06140209999284707, 260, 8957.0, 1.715
0.06709140000748448, 261, 8957.0, 1.715
0.04975429999467451, 262, 8957.0, 1.715
0.05198019999079406, 263, 8957.0, 1.715
0.0513241000007838, 264, 8957.0, 1.715
0.06018880000920035, 265, 8957.0, 1.715
0.053735699999378994, 266, 8957.0, 1.715
0.06186229999002535, 267, 8957.0, 1.715
0.051684499994735233, 268, 8957.0, 1.715
0.0704563000035705, 269, 8957.0, 1.715
0.052743699998245575, 270, 8957.0, 1.715
0.061021900008199736, 271, 8957.0, 1.715
0.05119290000584442, 272, 8957.0, 1.715
0.05593980000412557, 273, 8957.0, 1.715
0.05505730000732001, 274, 8957.0, 1.715
0.07244899999932386, 275, 8957.0, 1.715
0.05841810000129044, 276, 8957.0, 1.715
0.06508040000335313, 277, 8957.0, 1.715
0.05332849999831524, 278, 8957.0, 1.715
0.05811269998957869, 279, 8957.0, 1.715
0.0508172999980161, 280, 8957.0, 1.715
0.05376480000268202, 281, 8957.0, 1.715
0.056249799992656335, 282, 8957.0, 1.715

tour:
[497 508 501 487 492 513 519 523 521 526 542 552 558 536 527 524 543 531
 544 548 545 537 549 554 515 522 509 502 503 489 478 480 470 460 461 443
 441 427 420 450 453 446 439 426 411 397 377 378 368 373 395 398 412 405
 403 393 366 356 354 340 328 313 314 284 279 264 263 296 303 295 308 297
 319 323 333 330 341 361 360 348 336 337 339 347 350 353 359 371 369 376
 375 392 407 408 409 418 416 417 410 390 374 379 385 380 363 382 372 367
 384 387 402 414 413 399 401 415 436 433 447 440 434 430 438 456 455 448
 459 472 494 512 514 518 517 530 546 539 538 560 568 578 561 553 550 533
 529 505 516 511 507 491 485 462 454 437 442 424 421 432 425 429 423 419
 404 391 388 396 406 400 389 386 381 365 370 364 352 345 338 324 322 298
 285 290 305 292 289 299 306 315 331 349 346 344 332 320 321 329 335 325
 317 311 300 309 307 287 282 281 286 294 310 302 291 280 268 252 250 261
 274 256 236 225 220 227 228 243 259 262 270 271 283 278 260 246 237 253
 233 217 213 206 222 244 251 240 219 202 188 190 196 187 182 200 212 209
 208 210 211 218 224 216 205 199 197 178 175 189 181 172 164 163 156 168
 162 139 127 115 111 107 104 101  98  84  70  58  60  67  85  81  71  91
 102  92  89  77  68  43  54  59  72  95  90 103 112 118 121 141 147 144
 130 131 140 129 128 123 120 125 117 137 149 143 158 153 166 157 177 191
 173 165 167 169 180 193 198 192 170 176 148 134 133 113 108 105 100  78
  83  86  74  65  42  37  39   5  12  10   3  33  27  23  26  20  15  25
  31  50  41  53  61  49  34  13  21  30  35  19   7  29  18   4   2   9
   8  11  32  28  38  47  63  76  73  88  94  97  75  62  57  52  46  64
  82  93 106 110 119 132 136 142 151 160 161 155 150 135 152 126 114  99
  79  69  80  66  40  45  17   6   1  22  16   0  14  24  36  44  56  51
  48  55  87  96 109 122 116 124 145 138 146 154 159 174 194 195 183 186
 203 201 207 223 239 231 232 249 258 257 267 266 255 242 221 226 230 247
 248 273 272 277 275 276 254 245 238 229 204 185 179 171 184 214 215 235
 241 234 265 269 288 304 312 301 293 316 318 326 334 357 343 327 342 355
 358 351 362 383 394 422 428 435 444 451 452 457 465 484 483 481 471 498
 510 525 532 547 559 567 575 595 623 639 637 625 610 593 579 585 596 597
 589 598 587 606 620 627 616 618 612 611 626 633 640 643 656 648 660 683
 668 665 650 645 652 653 661 649 638 630 632 629 635 621 608 602 586 590
 583 599 600 613 604 588 609 617 641 631 628 614 636 646 669 675 673 667
 666 663 672 692 688 700 699 709 685 694 698 706 712 697 691 690 680 674
 659 654 644 647 651 658 664 671 682 696 703 724 737 733 746 760 768 777
 771 764 759 744 735 734 717 704 708 687 677 670 678 684 679 689 705 721
 731 742 738 757 775 758 756 767 778 776 772 773 754 753 736 732 718 719
 720 725 739 747 765 761 748 726 749 762 769 779 780 781 782 774 770 766
 752 728 743 750 763 755 751 741 740 745 730 729 722 715 707 701 723 727
 714 702 693 695 716 713 711 710 686 681 676 657 655 662 642 634 624 622
 619 601 584 582 573 566 581 591 594 607 615 605 592 603 580 572 571 570
 574 557 564 569 576 555 563 562 565 577 556 551 528 534 535 540 541 520
 504 506 500 499 490 482 476 466 468 469 463 475 493 495 496 486 488 479
 473 458 445 431 449 464 474 467 477]

eliteFit: 8957.0
percentError: 1.7147399500340677
computationTime: 19.771s