instanceName: vm1748
n: 1748
optFit: 336556

genTime, gen, eliteFit, percentError:
0.002074699994409457, 0, 14589154.0, 4234.837
2.689338399999542, 1, 370081.0, 9.961
1.584794399997918, 2, 363634.0, 8.046
1.555148499988718, 3, 363400.0, 7.976
1.6163162000011653, 4, 361948.0, 7.545
1.6217201999970712, 5, 359529.0, 6.826
1.5497475000156555, 6, 359529.0, 6.826
1.5274680999864358, 7, 357793.0, 6.310
1.5752806000236887, 8, 357231.0, 6.143
1.482571700005792, 9, 356205.0, 5.838
1.4573361999937333, 10, 354399.0, 5.302
1.5490774000063539, 11, 354399.0, 5.302
1.6232216999924276, 12, 354171.0, 5.234
1.4011969999992289, 13, 353320.0, 4.981
1.3921439000114333, 14, 353320.0, 4.981
1.3297469000099227, 15, 352787.0, 4.823
1.2115355000132695, 16, 352589.0, 4.764
1.1809209999919403, 17, 352471.0, 4.729
1.2534044999920297, 18, 352134.0, 4.629
1.295656499976758, 19, 350668.0, 4.193
1.3949754999775905, 20, 350668.0, 4.193
1.4388165000127628, 21, 350668.0, 4.193
1.2731667000043672, 22, 350534.0, 4.153
1.3203129000030458, 23, 350534.0, 4.153
1.3376320000097621, 24, 350534.0, 4.153
1.3351916999963578, 25, 349335.0, 3.797
1.2173448000103235, 26, 349335.0, 3.797
1.4627260999986902, 27, 349335.0, 3.797
1.4221302999940235, 28, 348919.0, 3.673
1.50714830000652, 29, 348700.0, 3.608
1.2659731000021566, 30, 348700.0, 3.608
1.0831544999964535, 31, 348700.0, 3.608
0.9316129000217188, 32, 347830.0, 3.350
1.0249232999922242, 33, 347813.0, 3.345
1.0240489999996498, 34, 347231.0, 3.172
0.9330804999917746, 35, 347037.0, 3.114
1.075990199984517, 36, 346981.0, 3.098
0.8864166999992449, 37, 346955.0, 3.090
0.5961499999975786, 38, 346721.0, 3.020
0.5952411000034772, 39, 346602.0, 2.985
0.6572207999997772, 40, 346536.0, 2.965
0.7200646000273991, 41, 346479.0, 2.948
0.5756537999841385, 42, 346479.0, 2.948
0.49091489997226745, 43, 346460.0, 2.943
0.42034730000887066, 44, 346460.0, 2.943
0.6052954999904614, 45, 346056.0, 2.823
0.6337969000160228, 46, 345930.0, 2.785
0.5105936000181828, 47, 345820.0, 2.753
0.45562369999242947, 48, 345820.0, 2.753
0.4504251999896951, 49, 345820.0, 2.753
0.4084306000149809, 50, 345820.0, 2.753
0.38769450000836514, 51, 345820.0, 2.753
0.4509750999859534, 52, 345820.0, 2.753
0.41840379999484867, 53, 345820.0, 2.753
0.45256169998901896, 54, 345820.0, 2.753
0.4513208999997005, 55, 345820.0, 2.753
0.4077779999934137, 56, 345820.0, 2.753
0.35001170000759885, 57, 345820.0, 2.753
0.38795720000052825, 58, 345820.0, 2.753
0.4227437000081409, 59, 345820.0, 2.753
0.4155855999852065, 60, 345820.0, 2.753
0.3832717000041157, 61, 345820.0, 2.753
0.35740729997633025, 62, 345820.0, 2.753
0.3881740000215359, 63, 345820.0, 2.753
0.35509969998383895, 64, 345820.0, 2.753
0.43577099998947233, 65, 345820.0, 2.753
0.3986266999854706, 66, 345820.0, 2.753
0.3823303999961354, 67, 345818.0, 2.752
0.39010650001000613, 68, 345818.0, 2.752
0.36637360000167973, 69, 345818.0, 2.752
0.32502100002602674, 70, 345818.0, 2.752
0.3844133999955375, 71, 345818.0, 2.752
0.39134780000313185, 72, 345818.0, 2.752
0.3881737999909092, 73, 345818.0, 2.752
0.4326794000226073, 74, 345818.0, 2.752
0.41508340000291355, 75, 345818.0, 2.752
0.3841365999833215, 76, 345818.0, 2.752
0.41425870000966825, 77, 345818.0, 2.752
0.3863595000002533, 78, 345735.0, 2.727
0.44043270000838675, 79, 345735.0, 2.727
0.4331014000053983, 80, 345719.0, 2.723
0.41794189999927767, 81, 345719.0, 2.723
0.4220138000091538, 82, 345719.0, 2.723
0.44258679999620654, 83, 345718.0, 2.722
0.3782486999989487, 84, 345718.0, 2.722
0.3546769999957178, 85, 345718.0, 2.722
0.3627344999986235, 86, 345718.0, 2.722
0.41814829999930225, 87, 345718.0, 2.722
0.3700475999794435, 88, 345718.0, 2.722
0.3626225999905728, 89, 345718.0, 2.722
0.44976970000425354, 90, 345718.0, 2.722
0.3764692999830004, 91, 345718.0, 2.722
0.41125710000051185, 92, 345718.0, 2.722
0.393428400013363, 93, 345718.0, 2.722
0.4020149999996647, 94, 345718.0, 2.722
0.4078794000088237, 95, 345718.0, 2.722
0.3961680000065826, 96, 345718.0, 2.722
0.41613759999745525, 97, 345718.0, 2.722
0.4019184999924619, 98, 345718.0, 2.722
0.33650169998873025, 99, 345718.0, 2.722
0.3579191000026185, 100, 345718.0, 2.722
0.4101814000168815, 101, 345718.0, 2.722
0.42777800001204014, 102, 345718.0, 2.722
0.4249228000117, 103, 345718.0, 2.722
0.4489834999840241, 104, 345718.0, 2.722
0.40982780000194907, 105, 345718.0, 2.722
0.36864149998291396, 106, 345718.0, 2.722
0.4119001000071876, 107, 345718.0, 2.722
0.41590279998490587, 108, 345718.0, 2.722
0.38907859998289496, 109, 345718.0, 2.722
0.40142010001000017, 110, 345394.0, 2.626
0.4823867999948561, 111, 345394.0, 2.626
0.6774067000078503, 112, 345394.0, 2.626
0.7688517000060529, 113, 344949.0, 2.494
0.7685177999956068, 114, 344949.0, 2.494
0.9714506999880541, 115, 344885.0, 2.475
1.2115629000181798, 116, 344812.0, 2.453
1.1844277000054717, 117, 344771.0, 2.441
0.8420787999930326, 118, 344677.0, 2.413
0.7322058000136167, 119, 344461.0, 2.349
0.6667293999926187, 120, 344283.0, 2.296
0.6895968999888282, 121, 344116.0, 2.246
0.5546658000093885, 122, 343932.0, 2.192
0.584026399999857, 123, 343833.0, 2.162
0.5336523000150919, 124, 343816.0, 2.157
0.4662178000144195, 125, 343714.0, 2.127
0.5727322000020649, 126, 343621.0, 2.099
0.5529367999988608, 127, 343528.0, 2.072
0.546633500023745, 128, 343528.0, 2.072
0.5363335000001825, 129, 343420.0, 2.039
0.5634110000100918, 130, 343252.0, 1.990
0.455294799990952, 131, 343252.0, 1.990
0.508684300002642, 132, 343192.0, 1.972
0.5601490999979433, 133, 343192.0, 1.972
0.3655012999952305, 134, 343192.0, 1.972
0.47280509999836795, 135, 343192.0, 1.972
0.40159809999749996, 136, 343192.0, 1.972
0.3828983999846969, 137, 342946.0, 1.899
0.40616189999855123, 138, 342946.0, 1.899
0.37495640001725405, 139, 342946.0, 1.899
0.410476999997627, 140, 342946.0, 1.899
0.41264049999881536, 141, 342946.0, 1.899
0.40696930000558496, 142, 342946.0, 1.899
0.4282908999884967, 143, 342946.0, 1.899
0.44224939998821355, 144, 342946.0, 1.899
0.41754530000616796, 145, 342946.0, 1.899
0.3931618000206072, 146, 342946.0, 1.899
0.4065971999953035, 147, 342946.0, 1.899
0.3770434999896679, 148, 342946.0, 1.899
0.43393400000059046, 149, 342946.0, 1.899
0.3947358999866992, 150, 342946.0, 1.899
0.3552534999907948, 151, 342946.0, 1.899
0.4557417999894824, 152, 342946.0, 1.899
0.4203014000086114, 153, 342946.0, 1.899
0.42944020000868477, 154, 342946.0, 1.899
0.4111794999917038, 155, 342946.0, 1.899
0.39741100001265295, 156, 342946.0, 1.899
0.35132670000893995, 157, 342946.0, 1.899
0.4415693999908399, 158, 342946.0, 1.899
0.43832100002327934, 159, 342946.0, 1.899
0.40018440000130795, 160, 342946.0, 1.899
0.3630692999868188, 161, 342946.0, 1.899
0.3748812999983784, 162, 342946.0, 1.899
0.4813821999996435, 163, 342946.0, 1.899
0.4009074000059627, 164, 342946.0, 1.899
0.41589449997991323, 165, 342946.0, 1.899
0.4249734999903012, 166, 342946.0, 1.899
0.41569799999706447, 167, 342946.0, 1.899
0.43374110001605004, 168, 342882.0, 1.880
0.403104600001825, 169, 342749.0, 1.840
0.42906480000237934, 170, 342749.0, 1.840
0.4575251000060234, 171, 342749.0, 1.840
0.3956818000006024, 172, 342685.0, 1.821
0.41808440000750124, 173, 342685.0, 1.821
0.39148640001076274, 174, 342651.0, 1.811
0.39083190000383183, 175, 342651.0, 1.811
0.3988517999823671, 176, 342651.0, 1.811
0.3931997000181582, 177, 342651.0, 1.811
0.3442259000148624, 178, 342651.0, 1.811
0.40921919999527745, 179, 342651.0, 1.811
0.39293410000391304, 180, 342651.0, 1.811
0.3490725999872666, 181, 342651.0, 1.811
0.34285909999744035, 182, 342651.0, 1.811
0.3972483999968972, 183, 342651.0, 1.811
0.39801569998962805, 184, 342651.0, 1.811
0.4117219999898225, 185, 342651.0, 1.811
0.3966198000125587, 186, 342651.0, 1.811
0.3784991999855265, 187, 342651.0, 1.811
0.45790670000133105, 188, 342651.0, 1.811
0.36568660000921227, 189, 342651.0, 1.811
0.388626200001454, 190, 342651.0, 1.811
0.39895510001224466, 191, 342651.0, 1.811
0.3939135999826249, 192, 342651.0, 1.811
0.4065719999780413, 193, 342651.0, 1.811
0.4651466000068467, 194, 342651.0, 1.811
0.4044274000043515, 195, 342651.0, 1.811
0.431043899996439, 196, 342651.0, 1.811
0.4094891000131611, 197, 342651.0, 1.811
0.4853858999849763, 198, 342651.0, 1.811
0.4217013000161387, 199, 342651.0, 1.811
0.4042507999984082, 200, 342651.0, 1.811
0.4461622999806423, 201, 342651.0, 1.811
0.41793820000020787, 202, 342651.0, 1.811
0.3629228000063449, 203, 342651.0, 1.811
0.3850537000107579, 204, 342651.0, 1.811
0.4108589999959804, 205, 342651.0, 1.811
0.41738580001401715, 206, 342651.0, 1.811
0.3653577000077348, 207, 342651.0, 1.811
0.39835540001513436, 208, 342651.0, 1.811
0.4236875000060536, 209, 342651.0, 1.811
0.3705482000077609, 210, 342651.0, 1.811
0.369216699997196, 211, 342651.0, 1.811
0.39729689998785034, 212, 342651.0, 1.811
0.43933750002179295, 213, 342651.0, 1.811
0.4085209000040777, 214, 342651.0, 1.811
0.43444489999092184, 215, 342651.0, 1.811
0.37285389998578466, 216, 342651.0, 1.811
0.3897432000085246, 217, 342651.0, 1.811
0.3716188999824226, 218, 342651.0, 1.811
0.32573370001045987, 219, 342651.0, 1.811
0.3792531999933999, 220, 342651.0, 1.811
0.35314990000915714, 221, 342651.0, 1.811
0.39286739999079145, 222, 342651.0, 1.811
0.456261799990898, 223, 342651.0, 1.811
0.3655828000046313, 224, 342651.0, 1.811

tour:
[  60  280  471  296  369  164  500  363  346  334  206  260 1055   20
   18  322  410  786   13  317  736  678  221  319  298  716  972  331
  957  779   11  305  949  646  378  564  159  775  415  784   29  787
 1000  110   14  182  320   88  404  797  155  134  246  492   17  496
  556  706  583  336  362 1056  205  261    5  196 1012  584 1006  555
  321  997   16  776  263  244  243  488  487  489  490  245  262  264
  491  552  553  554 1656 1643 1737 1706 1392 1207 1238 1429 1516 1075
 1200 1710 1081 1277 1700 1191 1428 1390 1240 1239 1228 1702 1143 1571
 1389 1089 1227 1388 1159 1578 1569 1173 1456 1339 1276 1264 1498 1564
 1523 1683 1331 1335 1177 1282 1435 1405 1314 1450 1145 1299 1404 1079
 1673 1479 1128 1566 1715 1419 1717 1722 1714 1120 1716 1668 1500 1286
 1721 1136 1720 1670 1160 1174 1691 1604 1674 1680 1574 1441 1310 1427
 1513  846 1608 1306 1595 1502 1215 1257 1506 1252 1487 1268 1600 1591
 1297 1312 1318 1535 1696 1490 1607 1152 1745 1484  844  843  830  842
 1515 1453 1606 1599 1596 1202 1612 1618 1183 1592 1584 1189 1622 1632
 1151 1582 1738 1259 1077 1603 1322 1594 1157 1731 1728 1133 1204 1590
 1744 1169 1373 1730 1140 1572 1598 1605 1719 1090 1273  312  840  828
 1027 1026  433 1025  311  310 1233 1718 1351 1272 1260 1602 1244 1545
  834  269 1243  268  835 1601  833  434  465 1045  105  130   95 1041
 1046  390  291 1057  881  866  803    8  836  822  131  202  816  466
 1066  841  829 1067  817  199  860  806  122  179  804  198  865 1047
    7  149  201   30 1043 1044  788  106 1040   94  389  290 1058  880
  859  807  735  353  124  704  653  664  837  823  123  666  654  705
 1068  831  818  832  845  824  838 1029 1028 1030 1031 1022 1018 1023
 1019  537 1021 1024 1032 1020  514  515  516  774  777  597  318  403
  409  587  113  357   87  839  791  304  220  282  288  702  984  135
  952  967  573  371  551  684  690  660  991  384  374  593  825  168
  852  819  178  121   31  148   32  789   33  313  751  292  255  435
  464  129  200 1042  147   34  790  177  120  879  289  388   93  107
 1039    6 1048  864 1059  858  167  197  851  805  703  591  808  826
  125  652  820  663  383  658  689  683  992  156  968  953  136  983
  700  287  283  354  365  958  792  681  339   99   75  356  517  112
  586   28  158  574  647  950  377  372  550  375  366  680  959  338
  793  956   10   12  565  773  783  109  194    4  416  181  323  333
  207  557  405  582   76  100  332  306  798  785  133  108  575  180
  566    3  193   19  493 1054  518  210  335  324  259  495  497  411
   59  364  499  368  163  279  417  295  470  150  228   56   53  526
  340  117  385  141  794  247  737  707  222   89  227  151   57  527
  341  386  142  118 1001 1013  795  218  674  964  568  780  671  521
  727  571  460   54  395   36  695  686  883   39  398  285  266  532
  559  253  540  344  436  414  692   43   45  225  251  407  309  479
  668  329  569  672  522  728  886  572  401  461 1070  796  696  687
  882  693  399  360  254   40  265  396  426   37  546  581  525   55
  216  381   83  449   52  271   49  391  240  236  211  419  170  547
  380   82   80  524  443  580  425  215  188  239  599  270  691   42
  248  249   48  999   51  359  534  301  308  480  406  343  667 1008
  400  328   44  563  217  673   35  394  567   50   47  708   77  101
  519  973  594  327  502  326  325 1035 1034 1033  195 1053 1051 1052
  209  498  494  799  300  132  315  676  970  153  677   15  299  782
  154  971  316  772  648  993  157  715  111  585  954  137  969  355
  982  699  284  286  657  382  821  688  314  682   27  373  960  951
    9  955  714  337  367  376  549  827  679  590  850  166  656  662
  655  589  661  588  294  293  752  750  753 1546 1352 1234 1261 1729
 1168 1203 1156 1372 1451 1141 1727 1091 1132 1076 1488 1321 1258 1732
 1573 1631 1150 1621 1485 1188 1739 1182 1617 1611 1201 1511  697  592
 1583 1452 1514 1483 1585 1489 1153  665  698  659 1317 1593 1486 1505
 1499 1256 1597 1501 1253 1426 1512  701 1690 1088 1313 1298 1307 1285
 1175 1681 1311 1675 1575 1161 1671 1522 1669 1078 1449 1672 1144 1480
 1697 1176 1198 1682 1275  191 1049 1733 1563 1497 1274 1172 1568 1269
 1158  192 1050 1080 1265 1570 1142 1190 1442 1436 1734 1579 1735 1199
 1074 1082 1723 1736 1447 1332 1237 1391 1430 1724 1208 1393 1283 1336
 1278 1292 1305 1394 1108 1308 1396 1180 1279 1340 1250 1216 1262 1376
 1170 1129 1454 1536 1220 1576 1164 1319 1406 1148 1137 1287 1411 1121
 1106 1684 1104 1102 1100 1434 1213 1495 1517 1437 1098 1092 1325 1678
 1280 1329 1224  237 1493 1247 1707 1407 1491 1529 1289 1333 1270 1439
 1266 1096 1383 1368 1417 1229 1701 1703 1302  238  229 1217 1221 1211
 1094 1509 1245 1507 1503 1481 1457 1711 1634 1337 1327 1255 1225 1231
 1195  241 1345  503 1445 1524 1431 1421 1415 1222 1685 1357 1409 1242
 1248 1210 1123 1343 1354 1360 1324 1110 1124 1342 1422 1315 1116 1185
 1301 1537 1425 1366 1518 1558 1554 1112 1119 1551 1374 1567 1347 1294
 1555 1295 1380 1126 1087 1386 1072 1543 1443 1463 1398 1688 1527 1541
 1397  504  596 1455 1547 1549 1476 1562 1235 1138 1403 1533 1384 1162
 1364 1559 1539 1166 1146 1686 1692 1155 1531 1520  712 1694 1698 1708
 1704 1400 1178 1350 1192 1114 1362 1359 1187 1630 1135 1624 1581 1626
 1676 1654 1638 1619 1615 1526 1609 1131 1740 1521  722  713  721  920
   92  847 1060  855  861  890  921  961  872  869  446  432  450   68
  115  508  160  184  848 1061  856  862  889  802  733  877   91  139
   97 1004  175  768  144  103  174  771  506  748  485  512  577  612
  980  745  724  640  755  758    0  256  482  453  741  976  128  985
  988  994  730 1010 1003  176  878   98  183 1009  720  729  114  138
  481  757  754  513  732  102  744  723  979  576  505  747  484   26
   84  475  350  764  718  781  467  349  427  760  650   65  738  420
  171  276  548  439  456  709   71  379  543   81   62  421  267  523
  234  212  275  447  393  438  232  542  231  213  277  975  233  595
  717  230  412  649  274  223  250  974  273   41  307  208  670  520
  726  570  459  214 1002  224   38  694  685 1014  413  884  397  424
  579  252  541  558  437  531  235  392  448  544  710   63  358  457
  767  763   74  761   72  468  765  351  476   85  348   25  422  428
  172  440  278  739  545  711  458  762   24   64  347  429  511  469
  766  352  477   73   86  578  981  749  486  639  611  613  641  173
  507  746   66  756  759   96   90  483  454  742  977  127  651  731
 1011  986    1  257  719  989  995  445  431  451  868  871  962   69
  509  161  922  116  185  140  888  863  857  849 1062  734  530 1414
  963 1197  190  854 1614 1371 1379  474  189  529  463  162   67  510
    2   70  870  452  867  258  430  996  444  876 1005  725  104  423
  990  987  126  978  743  455  644  616  894  638  610  875  893  614
  642  615  643  645  618  617  619  621  620  769  145  770  146   22
  203   23  473  462  204  853 1206 1085 1016 1015 1017 1677 1741 1713
 1712 1534 1413 1196 1613 1370 1610 1179 1378 1193 1616 1205 1620 1147
 1113 1084 1655 1115 1637 1163 1401 1073 1625 1363 1623 1167 1560 1629
 1236 1726 1038  801 1037 1358 1349 1705 1699 1709 1532 1695 1525 1580
 1725 1693 1482 1528 1344 1139 1154 1036  800 1687 1467 1540 1466 1365
 1478 1465 1385 1130 1134 1186 1477 1561 1464 1399 1550 1548 1542 1640
 1689 1628 1444 1544 1387 1462 1475  609  637  608  636  634  632  629
  630  603  627  601  892  874  272  740  242  345  418  169  533  560
   46  887  442 1071  946  943  187  944  402  942  408  814  535  302
  478  669  330  965  966  937  935  933  931  932  912  934  913  936
  914  915  938  916  939  896  813 1069  303  536  941  186   78  940
  917  918  919  945  947  948  539   79  815  441  897  891  873  361
  623  625 1064  624  622  811  626  600 1065  812  602  628  604  631
  633  605  606  635  607 1127 1461 1474 1117 1460 1381 1473 1296 1556
 1472 1402 1348 1375 1471 1293 1459 1355 1111 1086 1552 1587 1249 1743
 1118 1246 1553 1367 1458 1557 1519 1470 1538 1226 1300 1423 1469 1468
 1290 1316 1125 1303 1063  810  809 1341 1184 1361 1212 1742 1103 1105
 1586 1223 1410 1416 1323 1627 1099 1101 1639 1209 1432 1446 1424 1642
 1093 1095 1636 1346 1232 1241 1356 1589 1326 1328 1747 1353 1254 1338
 1420 1633 1508 1667 1097 1504 1666 1510 1330 1653 1665 1334 1577 1218
 1652 1230 1122 1664 1418 1369 1194 1267 1746 1271 1440 1588 1382 1530
 1492 1408 1663 1494 1651 1438 1281 1679 1662 1650 1661 1660 1214 1649
 1659 1496  911  930  910  929  928  909 1648 1107 1658 1412 1149 1288
 1320 1635 1165 1641 1251 1171 1219 1109 1377 1657 1263 1647 1181 1309
 1646 1645 1395 1433 1644 1083 1284 1291 1565 1448 1304  898  923  778
  899  902  901  900  903  905  904  906  907  925  908  926  895  927
  924  538  885  598  219  675   58  528  342  119  998  387  143  281
   61  561   21  501  370  165  297  472  152  226 1007  562]

eliteFit: 342651.0
percentError: 1.8109913357658163
computationTime: 134.252s