instanceName: ch150
n: 150
optFit: 6528

genTime, gen, eliteFit, percentError:
0.0001694999955361709, 0, 46778.0, 616.575
0.016336800006683916, 1, 6828.0, 4.596
0.008417499993811361, 2, 6689.0, 2.466
0.007522999992943369, 3, 6609.0, 1.241
0.008074900004430674, 4, 6565.0, 0.567
0.007937899994431064, 5, 6538.0, 0.153
0.006315700011327863, 6, 6538.0, 0.153
0.005521099999896251, 7, 6538.0, 0.153
0.004344999993918464, 8, 6538.0, 0.153
0.004209100006846711, 9, 6528.0, 0.000

tour:
[130  31  22  37  66  42 108  50  19  24 109  80  28  85 134  69 107 101
 113  98  18   1  36   5  27   8  41 119  46 138  39  52 117  23  11 115
 100  40  56  38 126  68  35  60  10 147 129  16  65  59 139 116 128  26
  30 122  73  12 105  90 118  67 127  44  70  43  63 111 135 144 143  48
 146  71  79  13 121  76 132  14  77  20 149 114   3 103  21 124 148  61
   2 112   9  93  87 120  78  58  15 110 104  32 125  51  92 123  34  95
  88   7   6  83  29  62  47  72  75  33  86   0  97 102  81  94 106   4
  99 142  96 145  25  74  17 141  84  64 131 136  49  54  57 140  82  55
  89  45  91  53 137 133]

eliteFit: 6528.0
percentError: 0.0
computationTime: 0.075s