instanceName: u1432
n: 1432
optFit: 152970

genTime, gen, eliteFit, percentError:
0.0020293999987188727, 0, 3796866.0, 2382.098
1.0941001999890432, 1, 170871.0, 11.702
0.7211996999976691, 2, 169888.0, 11.060
0.6391976999875624, 3, 168364.0, 10.063
0.6666858000098728, 4, 166777.0, 9.026
0.6943883000058122, 5, 165262.0, 8.036
0.6945399999967776, 6, 165262.0, 8.036
0.6671617999963928, 7, 164863.0, 7.775
0.6538225999975111, 8, 164701.0, 7.669
0.6519102999882307, 9, 164285.0, 7.397
0.6418044000165537, 10, 164155.0, 7.312
0.6641669000091497, 11, 163404.0, 6.821
0.6346631000051275, 12, 163137.0, 6.646
0.6959262000164017, 13, 163006.0, 6.561
0.6268455999961589, 14, 162563.0, 6.271
0.6215885999845341, 15, 162459.0, 6.203
0.5840033999993466, 16, 162298.0, 6.098
0.5776961999945343, 17, 162200.0, 6.034
0.4973706000018865, 18, 161926.0, 5.855
0.5249621999973897, 19, 161788.0, 5.765
0.38808470001094975, 20, 161547.0, 5.607
0.416010599990841, 21, 161469.0, 5.556
0.39571430001524277, 22, 160955.0, 5.220
0.4441174000094179, 23, 160924.0, 5.200
0.47814059999655, 24, 160853.0, 5.153
0.5165662000072189, 25, 160753.0, 5.088
0.5707768999855034, 26, 160468.0, 4.902
0.5487350999901537, 27, 160468.0, 4.902
0.5583451999991667, 28, 160207.0, 4.731
0.5306081000017002, 29, 160207.0, 4.731
0.5160861999902409, 30, 160207.0, 4.731
0.5282324000145309, 31, 160147.0, 4.692
0.5423752999922726, 32, 159935.0, 4.553
0.40373790002195165, 33, 159924.0, 4.546
0.3582682999840472, 34, 159819.0, 4.477
0.3240521000116132, 35, 159692.0, 4.394
0.3183149000105914, 36, 159610.0, 4.341
0.2749935000028927, 37, 159610.0, 4.341
0.23668280002311803, 38, 159364.0, 4.180
0.2751773000054527, 39, 159323.0, 4.153
0.3584735000040382, 40, 159047.0, 3.973
0.316408999991836, 41, 159047.0, 3.973
0.2842038000235334, 42, 158883.0, 3.865
0.27931390001322143, 43, 158824.0, 3.827
0.24173750000772998, 44, 158824.0, 3.827
0.23930049999034964, 45, 158801.0, 3.812
0.269802199996775, 46, 158742.0, 3.773
0.24508049999712966, 47, 158742.0, 3.773
0.20774149999488145, 48, 158742.0, 3.773
0.1969863000267651, 49, 158742.0, 3.773
0.1895964000141248, 50, 158742.0, 3.773
0.22294940002029762, 51, 158742.0, 3.773
0.19426899999962188, 52, 158742.0, 3.773
0.23364829999627545, 53, 158742.0, 3.773
0.21895969999604858, 54, 158742.0, 3.773
0.17125980000128038, 55, 158742.0, 3.773
0.20314939998206683, 56, 158742.0, 3.773
0.18153040000470355, 57, 158742.0, 3.773
0.22052329999860376, 58, 158683.0, 3.735
0.18382360000396147, 59, 158683.0, 3.735
0.23337689999607392, 60, 158626.0, 3.697
0.3878848000022117, 61, 158624.0, 3.696
0.2649909000028856, 62, 158567.0, 3.659
0.2967556999938097, 63, 158567.0, 3.659
0.2585483999864664, 64, 158544.0, 3.644
0.2439695999782998, 65, 158525.0, 3.631
0.30285940002067946, 66, 158485.0, 3.605
0.2587059999932535, 67, 158485.0, 3.605
0.3330586999945808, 68, 158443.0, 3.578
0.5883759999996983, 69, 158443.0, 3.578
0.4753210000053514, 70, 158443.0, 3.578
0.26730720000341535, 71, 158441.0, 3.577
0.23749580001458526, 72, 158441.0, 3.577
0.23416639998322353, 73, 158441.0, 3.577
0.3325590000022203, 74, 158426.0, 3.567
0.2566287000081502, 75, 158426.0, 3.567
0.2829615999944508, 76, 158426.0, 3.567
0.2812950999941677, 77, 158426.0, 3.567
0.26482169999508187, 78, 158426.0, 3.567
0.2526394999877084, 79, 158426.0, 3.567
0.4422918999916874, 80, 158426.0, 3.567
0.3840180999832228, 81, 158426.0, 3.567
0.24134209999465384, 82, 158426.0, 3.567
0.1993738999881316, 83, 158426.0, 3.567
0.1953845999960322, 84, 158426.0, 3.567
0.21087640000041574, 85, 158426.0, 3.567
0.2263057999953162, 86, 158426.0, 3.567
0.1971526000124868, 87, 158426.0, 3.567
0.23923870001453906, 88, 158426.0, 3.567
0.19374250000691973, 89, 158426.0, 3.567
0.21873160000541247, 90, 158426.0, 3.567
0.26309520000359043, 91, 158426.0, 3.567
0.2812874999945052, 92, 158343.0, 3.512
0.25462990000960417, 93, 158343.0, 3.512
0.18642939999699593, 94, 158343.0, 3.512
0.2750059000100009, 95, 158343.0, 3.512
0.22209189998102374, 96, 158312.0, 3.492
0.26337130001047626, 97, 158302.0, 3.486
0.2979366000217851, 98, 158237.0, 3.443
0.371197000000393, 99, 158171.0, 3.400
0.5517537000123411, 100, 158171.0, 3.400
0.34342049999395385, 101, 158171.0, 3.400
0.26684080000268295, 102, 158171.0, 3.400
0.2267678999924101, 103, 158171.0, 3.400
0.22627869999269024, 104, 158171.0, 3.400
0.2526120000111405, 105, 158171.0, 3.400
0.23449309999705292, 106, 158171.0, 3.400
0.20792270000674762, 107, 158171.0, 3.400
0.21202659999835305, 108, 158171.0, 3.400
0.2312458000087645, 109, 158171.0, 3.400
0.2614504999946803, 110, 158171.0, 3.400
0.24473310000030324, 111, 158171.0, 3.400
0.1802513999864459, 112, 158171.0, 3.400
0.21592590000363998, 113, 158171.0, 3.400
0.16559220000635833, 114, 158171.0, 3.400
0.1886858000070788, 115, 158171.0, 3.400
0.18418519999249838, 116, 158154.0, 3.389
0.16907610002090223, 117, 158154.0, 3.389
0.17776009999215603, 118, 158154.0, 3.389
0.2041355000110343, 119, 158154.0, 3.389
0.2125553000078071, 120, 158154.0, 3.389
0.20319679999374785, 121, 158154.0, 3.389
0.1836706000030972, 122, 158154.0, 3.389
0.19747189999907278, 123, 158154.0, 3.389
0.20000899999286048, 124, 158154.0, 3.389
0.22763710000435822, 125, 158154.0, 3.389
0.19130060001043603, 126, 158154.0, 3.389
0.23538460000418127, 127, 158154.0, 3.389
0.24740779999410734, 128, 158154.0, 3.389
0.18963539999094792, 129, 158154.0, 3.389
0.20668500001193024, 130, 158154.0, 3.389
0.2072411000262946, 131, 158154.0, 3.389
0.1828267999808304, 132, 158154.0, 3.389
0.23212289999355562, 133, 158154.0, 3.389
0.2435237000172492, 134, 158154.0, 3.389
0.20739100000355393, 135, 158154.0, 3.389
0.1887267999991309, 136, 158154.0, 3.389
0.20657579999533482, 137, 158089.0, 3.346
0.18785079999361187, 138, 158072.0, 3.335
0.21662880000076257, 139, 158072.0, 3.335
0.1913799000030849, 140, 158072.0, 3.335
0.24147840001387522, 141, 158007.0, 3.293
0.2206941999902483, 142, 158007.0, 3.293
0.20097279999754392, 143, 158007.0, 3.293
0.18487999998615123, 144, 158007.0, 3.293
0.1799958999908995, 145, 158007.0, 3.293
0.18235989997629076, 146, 158007.0, 3.293
0.21250069999950938, 147, 158007.0, 3.293
0.19976740001584403, 148, 158007.0, 3.293
0.2526905999984592, 149, 158007.0, 3.293
0.21380240001599304, 150, 158007.0, 3.293
0.28114239999558777, 151, 158007.0, 3.293
0.20171920000575483, 152, 158007.0, 3.293
0.20501020000665449, 153, 158007.0, 3.293
0.20034340000711381, 154, 158007.0, 3.293
0.1886157999979332, 155, 158007.0, 3.293
0.21625549998134375, 156, 158007.0, 3.293
0.20938240000396036, 157, 158007.0, 3.293
0.2500108999956865, 158, 158007.0, 3.293
0.1949599999934435, 159, 157828.0, 3.176
0.2709740000136662, 160, 157828.0, 3.176
0.3577759000181686, 161, 157763.0, 3.133
0.37761489997501485, 162, 157763.0, 3.133
0.230605300021125, 163, 157763.0, 3.133
0.18551089998800308, 164, 157763.0, 3.133
0.20932140000513755, 165, 157746.0, 3.122
0.1720569000171963, 166, 157746.0, 3.122
0.19762690001516603, 167, 157645.0, 3.056
0.1747919999761507, 168, 157645.0, 3.056
0.21236750000389293, 169, 157645.0, 3.056
0.2052529000211507, 170, 157645.0, 3.056
0.2165509999904316, 171, 157645.0, 3.056
0.19548500000382774, 172, 157645.0, 3.056
0.23154530001920648, 173, 157645.0, 3.056
0.20041459999629296, 174, 157645.0, 3.056
0.17944760000682436, 175, 157645.0, 3.056
0.19595550000667572, 176, 157645.0, 3.056
0.17253359997994266, 177, 157645.0, 3.056
0.19830309998360462, 178, 157645.0, 3.056
0.16654740000376478, 179, 157645.0, 3.056
0.2176523000234738, 180, 157645.0, 3.056
0.17461529999854974, 181, 157645.0, 3.056
0.16628010000567883, 182, 157645.0, 3.056
0.1934461999917403, 183, 157645.0, 3.056
0.1978104000154417, 184, 157645.0, 3.056
0.18150150001747534, 185, 157645.0, 3.056
0.20121410000137985, 186, 157563.0, 3.003
0.19060639999224804, 187, 157563.0, 3.003
0.19768029998522252, 188, 157563.0, 3.003
0.2090158000064548, 189, 157563.0, 3.003
0.189647099992726, 190, 157563.0, 3.003
0.19008400000166148, 191, 157563.0, 3.003
0.17874020000454038, 192, 157563.0, 3.003
0.23522599998977967, 193, 157563.0, 3.003
0.23460740002337843, 194, 157563.0, 3.003
0.26083569999900647, 195, 157563.0, 3.003
0.2142116999893915, 196, 157563.0, 3.003
0.2801665999868419, 197, 157563.0, 3.003
0.23061880000750534, 198, 157563.0, 3.003
0.3203962999978103, 199, 157563.0, 3.003
0.24389479999081232, 200, 157563.0, 3.003
0.2997628999873996, 201, 157563.0, 3.003
0.1960547999769915, 202, 157563.0, 3.003
0.19940050001605414, 203, 157563.0, 3.003
0.22467429999960586, 204, 157563.0, 3.003
0.234779599995818, 205, 157563.0, 3.003
0.2419270999962464, 206, 157563.0, 3.003
0.3271244000061415, 207, 157563.0, 3.003
0.19558909998158924, 208, 157563.0, 3.003
0.22308299998985603, 209, 157563.0, 3.003
0.2636120000097435, 210, 157563.0, 3.003
0.20024710000143386, 211, 157563.0, 3.003
0.21864669999922626, 212, 157563.0, 3.003
0.2187119000009261, 213, 157563.0, 3.003
0.2751857000112068, 214, 157563.0, 3.003
0.24562490000971593, 215, 157563.0, 3.003
0.2084651000041049, 216, 157563.0, 3.003
0.27745369999320246, 217, 157563.0, 3.003
0.2134150000056252, 218, 157563.0, 3.003
0.2273270000005141, 219, 157563.0, 3.003
0.259300700010499, 220, 157563.0, 3.003
0.21304169998620637, 221, 157563.0, 3.003
0.22932610000134446, 222, 157563.0, 3.003
0.23528130000340752, 223, 157563.0, 3.003
0.21365429999423213, 224, 157563.0, 3.003
0.21772889999556355, 225, 157563.0, 3.003
0.24625979998381808, 226, 157563.0, 3.003
0.22499310001148842, 227, 157563.0, 3.003
0.2538048999849707, 228, 157563.0, 3.003
0.1747464999789372, 229, 157563.0, 3.003
0.1795947999926284, 230, 157563.0, 3.003
0.20889549999265, 231, 157563.0, 3.003
0.2284094999777153, 232, 157563.0, 3.003
0.21239889998105355, 233, 157563.0, 3.003
0.25806419999571517, 234, 157563.0, 3.003
0.1936250000144355, 235, 157563.0, 3.003
0.1924152999999933, 236, 157515.0, 2.971
0.29467610002029687, 237, 157515.0, 2.971
0.344736400002148, 238, 157433.0, 2.918
0.3964507000055164, 239, 157433.0, 2.918
0.374763100000564, 240, 157309.0, 2.837
0.21585850001429208, 241, 157309.0, 2.837
0.23886860001948662, 242, 157309.0, 2.837
0.3109966999909375, 243, 157309.0, 2.837
0.3597549000114668, 244, 157309.0, 2.837
0.41223859999445267, 245, 157309.0, 2.837
0.45981910001137294, 246, 157185.0, 2.755
0.5346023000020068, 247, 157185.0, 2.755
0.2650519000017084, 248, 157185.0, 2.755
0.3461659000022337, 249, 157185.0, 2.755
0.30829719998291694, 250, 157185.0, 2.755
0.3280444999982137, 251, 157185.0, 2.755
0.3518753999960609, 252, 157185.0, 2.755
0.3646682999969926, 253, 157185.0, 2.755
0.42450039999675937, 254, 157103.0, 2.702
0.33883649998460896, 255, 157103.0, 2.702
0.2846688999852631, 256, 157103.0, 2.702
0.3579452999983914, 257, 157103.0, 2.702
0.200162499997532, 258, 157103.0, 2.702
0.1726280000002589, 259, 157103.0, 2.702
0.23251149998395704, 260, 157103.0, 2.702
0.17891940000117756, 261, 157103.0, 2.702
0.19420689999242313, 262, 157103.0, 2.702
0.205375899997307, 263, 157103.0, 2.702
0.2426804999995511, 264, 157103.0, 2.702
0.23125270000309683, 265, 157103.0, 2.702
0.20577010000124574, 266, 157103.0, 2.702
0.20520630001556128, 267, 157103.0, 2.702
0.19411320000654086, 268, 157103.0, 2.702
0.20033210000838153, 269, 157103.0, 2.702
0.2391275999834761, 270, 157103.0, 2.702
0.23835940001299605, 271, 157103.0, 2.702
0.22350770002231002, 272, 157103.0, 2.702
0.30182029999559745, 273, 157103.0, 2.702
0.17399270000169054, 274, 157103.0, 2.702
0.20937310002045706, 275, 157103.0, 2.702
0.20795159999397583, 276, 157103.0, 2.702
0.18819829999119975, 277, 157103.0, 2.702
0.19121379998978227, 278, 157103.0, 2.702
0.18164779999642633, 279, 157103.0, 2.702
0.21314899998833425, 280, 157103.0, 2.702
0.23310829998808913, 281, 157103.0, 2.702
0.23648369999136776, 282, 157103.0, 2.702
0.19085799998720177, 283, 157103.0, 2.702
0.19222520000766963, 284, 157103.0, 2.702
0.22005790000548586, 285, 157103.0, 2.702
0.19476809998741373, 286, 157103.0, 2.702
0.23251460000756197, 287, 157103.0, 2.702
0.2399059000017587, 288, 157103.0, 2.702
0.22638460001326166, 289, 157103.0, 2.702
0.23863179999170825, 290, 157103.0, 2.702
0.20099260000279173, 291, 157103.0, 2.702
0.1766666999901645, 292, 157103.0, 2.702
0.19546769998851232, 293, 157103.0, 2.702
0.17846900000586174, 294, 157103.0, 2.702
0.1961645999981556, 295, 157103.0, 2.702
0.17858539998997003, 296, 157103.0, 2.702
0.18635649999487214, 297, 157103.0, 2.702
0.2578155999945011, 298, 157103.0, 2.702
0.18266750001930632, 299, 157103.0, 2.702
0.22944220001227222, 300, 157103.0, 2.702
0.1675039999827277, 301, 157103.0, 2.702
0.19505999999819323, 302, 157103.0, 2.702
0.17323280000709929, 303, 157103.0, 2.702
0.17225730000063777, 304, 157103.0, 2.702

tour:
[ 800  799  797  795  794  790  780  789  788  782  787  783  786  781
  785  784  421  422  423  420  419  418  417  416  414  413  430  432
  434  435  444  445  446  447  440  452  451  453  450  449  448  457
  454  456  481  455  458  459  460  468  476  475  477  480  482  483
  486  487  488  489  490  491  535  532  525  536  537  538  552  553
  556  557  558  439  441  443  442  438  560  559  561  562  565  566
  437  436  433  431  426  429  428  424  427  425  571  573  575  576
  578  580  583  584  582  581  579  577  574  572  569  570  567  568
  564  563  555  554  551  550  549  546  539  540  531  530  541  544
  545  547  608  605  609  610  548  611  612  613  614  592  593  590
  589  588  649  648  650  773  776  587  586  585  778  779  777  774
  775  772  771  768  770  767  769  766  765  755  764  756  757  753
  754  763  759  760  758  752  750  746  748  749  744  745  741  742
  743  824  728  731  729  726  725  724  723  722  727  730  733  736
  732  740  739  738  747  677  676  675  678  680  682  737  734  735
  720  683  681  684  698  699  700  701  705  706  707  719  721  718
  717  716  715  714  713  708  709  712  711  710  704  703  702  694
  695  696  697  685  679  686  687  689  692  693  691  690  667  665
  664  663  658  661  659  651  655  662  657  656  666  668  669  670
  688  671  674  673  672  762  761  654  653  652  646  647  645  644
  643  660  640  639  637  641  642  636  635  631  634  638  633  632
  630  629  627  625  624  623  618  622  626  628  621  620  619  599
  598  600  597  616  615  617  591  594  595  596  604  603  601  602
  606  607  543  542  529  528  526  524  527  519  518  516  520  515
  514  513  517  510  511  512  509  508  507  506  505  504  503  502
  501  500  499  495  496  494  522  521  523  533  497  534  492  493
  485  498  484  479  478  474  473  472  471  470  469  461  462  463
  464  467  466  465  389  390  391  392  393  394  396  395  398  397
  399  400  401  402  404  403  405  406  407  409  408  410  412  411
  415  318  317  316  315  314  313  310  312  311  911  916  915  914
  921  920  919  918  917  309  301  307  303  305  325  319  320  321
  322  347  348  350  349  351  352  353  356  385  386  387  388  381
  380  377  376  378  379  382  383  384  355  354  357  358  360  359
  345  346  323  324  326  304  306  302  308  332  331  330  329  328
  327  340  341  342  343  344  361  362  363  364  365  366  372  373
  374  375  367  368  369  370  371  178  179  180  181  182  183  184
  339  338  337  336  335  334  333  286  287  288  289  290  297  300
  299  298  296  295  294  293  292  291  998  992  993  991  994  997
  999 1000  285  283  282  284 1006 1003 1005 1008 1007  255  256  257
  254  250  251  252  253 1154 1155 1153 1157 1152 1156 1032 1031 1033
 1030 1036 1035 1034 1147 1149 1143 1142 1169 1166 1165 1164 1162 1163
 1148 1150 1151 1160 1159 1158   81   82   83   80   79 1161   78   76
   77   84   85   86   87   88   95   93   92   91   90   89  247  248
  246  249  241  245  240  239  238  259  258  261  260  280  281  279
  278  276  277  274  273  272  187  185  191  190  193  195  177  175
  173  170  169  167  166  164  165  163  162  168  171  172  174  176
  196  197  194  192  189  188  186  268  267  269  271  275  270  266
  263  262  264  265  233  232  231  230  200  199  198  154  155  156
  157  158  159  160  161  144  145  147  146  148  149  150  151  152
  204  153  201  203  202  225  228  229  227  226  234  236  237  235
  223  224  220  218  215  216  217  219  221  222  244  243  242   97
   96   98   99    8   94    9   10   11   17   16   15   12   13   14
 1328 1327 1323 1324 1288   28   29   30   31   25   27   26   21   20
   19   18   22   23   24   32   33   34   35   36   38   37   39   40
 1291 1302 1292 1285 1294 1284 1293 1286   41   42   44   50   51   45
   43   47   70   71   69   75   74   72   68   48   46   49   59   61
   67   64 1173   65   66   73 1167 1168 1170 1171 1172 1174 1176 1177
 1179 1178 1175   63   62   60   58   54   52   53 1283   56   55   57
 1277 1279 1282 1295 1298 1301 1303 1305 1304 1290 1289 1287 1321 1308
 1320 1319 1322 1325 1311 1326 1312 1315 1331 1329 1330 1339 1338 1332
 1337 1334 1351 1350 1340 1341 1348 1342 1423 1412 1422 1424 1425    4
    0    3    2    5    1 1431 1426 1427 1421 1413 1420 1415 1414 1409
 1408 1399 1407 1406 1405 1401 1400 1402  127  128  129  125  133  135
  136  137  207  118  121  120  123  124  126 1403 1404 1417  122  119
 1418 1416 1419  116  115  117  114  106  105 1428 1430 1429    6  104
  103    7  102  100  101  108  107  109  110  111  112  113  211  214
  213  212  210  205  209  206  208  138  139  140  143  142  141  134
  132  131  130 1391 1390 1387 1389 1392 1393 1394 1398 1397 1395 1396
 1384 1388 1386 1385 1377 1378 1379 1375 1376 1372 1373 1371 1370 1374
 1359 1360 1357 1356 1353 1355 1347 1363 1362 1361 1358 1369 1368 1380
 1383 1382 1381 1365 1367 1364 1366 1345 1410 1411 1344 1346 1343 1349
 1352 1354 1335 1336 1333 1314 1313 1316 1317 1318 1310 1309 1306 1307
 1300 1299 1296 1297 1280 1281 1268 1278 1267 1269 1266 1265 1271 1270
 1273 1276 1274 1181 1275 1182 1183 1272 1260 1264 1262 1263 1261 1259
 1257 1256 1249 1251 1250 1248 1247 1246 1243 1258 1244 1245 1242 1241
 1238 1239 1223 1224 1221 1220 1217 1218 1215 1216 1219 1226 1225 1222
 1236 1237 1240 1234 1235 1233 1232 1231 1230 1228 1227 1229 1214 1213
 1212 1211 1210 1209 1208 1207 1205 1206 1202 1204 1201 1203 1200 1199
 1198 1197 1196 1195 1194 1190 1193 1191 1192 1252 1255 1254 1253 1184
 1180 1185 1186 1187 1188 1189 1136 1135 1134 1139 1137 1138 1140 1141
 1144 1145 1146 1040 1038 1039 1041 1056 1057 1133 1060 1061 1131 1130
 1132 1123 1124 1122 1125 1118 1121 1126 1127 1129 1128 1063 1064 1065
 1062 1059 1058 1055 1042 1052 1054 1053 1066 1068 1070 1067 1069 1115
 1120 1119 1117 1113 1116 1114 1112 1110 1111 1109 1104 1105 1106 1107
 1108 1103 1089 1102 1092 1101 1100 1099 1098 1097 1096 1095 1094 1093
 1090 1088 1087 1086 1085 1091 1081 1084 1083 1082 1080 1079 1078 1076
 1075 1073 1074 1072  975  976 1071 1050 1051 1049  980  983 1047 1048
 1046 1045 1043 1037 1044  987 1028 1027 1029 1026 1025 1024 1023 1022
 1021 1019 1020 1009 1010 1012 1011 1004 1002 1001  996  995  990 1016
 1014 1013 1018 1015 1017  989  988  986  985  984  981  982  979  978
  977  973  974  972  971  970 1077  969  967  966  965  963  962  964
  961  968  960  959  958  957  956  955  951  950  952  953  954  873
  874  875  876  879  878  877  872  871  870  869  854  853  852  851
  850  849  848  841  842  840  839  838  837  832  831  829  830  836
  835  834  833  825  823  822  821  819  818  815  814  813  751  812
  811  808  805  804  803  802  806  807  809  810  816  817  820  858
  859  826  827  828  844  845  843  846  847  855  856  857  860  865
  868  867  864  863  862  861  866  891  890  889  880  888  887  886
  882  883  942  943  884  881  885  944  948  949  947  946  945  941
  940  939  938  937  936  935  934  933  932  931  930  929  928  925
  926  927  924  923  922  893  894  892  895  896  897  900  901  898
  899  801  903  902  905  904  906  908  907  913  910  912  909  792
  791  793  796  798]

eliteFit: 157103.0
percentError: 2.7018369614957183
computationTime: 84.585s