instanceName: pr124
n: 124
optFit: 59030

genTime, gen, eliteFit, percentError:
0.00015490000077988952, 0, 608637.0, 931.064
0.012836099995183758, 1, 59227.0, 0.334
0.005579199991188943, 2, 59164.0, 0.227
0.0037974000006215647, 3, 59076.0, 0.078
0.004706499996245839, 4, 59076.0, 0.078
0.0036312999873189256, 5, 59030.0, 0.000

tour:
[ 18  44  53  43  42  41  40  19  20  39  38  22  21  24  23  25  37  36
  54  55  56  57  59  60  58  35  34  28  27  26   6   7   0   1   2   3
   4   5  31  30  29  33  32  61  65  64  66  82  83  81  80  62  63  67
  68  69  70  71  72  73  74  75  76  77  78  79  91  92  93  94  95  96
  97  98  99 123 122 121 120 119 118 117 116 115 114 100  90  84  85  86
  89 101 102 113 112 111 110 109 108 107 106 105 104 103  88  87  52  51
  45  46  47  48  49  50  14  13  12  11  10   9   8  15  16  17]

eliteFit: 59030.0
percentError: 0.0
computationTime: 0.036s