instanceName: fl1400
n: 1400
optFit: 20127

genTime, gen, eliteFit, percentError:
0.002141200006008148, 0, 1590493.0, 7802.285
1.1217792000097688, 1, 20815.0, 3.418
0.8474539000017103, 2, 20815.0, 3.418
0.7404282000061357, 3, 20596.0, 2.330
0.6630827000044519, 4, 20596.0, 2.330
0.6803912000032142, 5, 20560.0, 2.151
0.6116760000004433, 6, 20560.0, 2.151
0.5136838000034913, 7, 20543.0, 2.067
0.6052219999983208, 8, 20543.0, 2.067
0.5742342000012286, 9, 20523.0, 1.968
0.5134238000027835, 10, 20501.0, 1.858
0.46518090000608936, 11, 20490.0, 1.804
0.333693199994741, 12, 20488.0, 1.794
0.27000109999789856, 13, 20454.0, 1.625
0.3438194000045769, 14, 20454.0, 1.625
0.3814557000005152, 15, 20439.0, 1.550
0.37619290000293404, 16, 20430.0, 1.505
0.2782986000092933, 17, 20412.0, 1.416
0.2899834000127157, 18, 20398.0, 1.346
0.2548992999945767, 19, 20388.0, 1.297
0.28107070000260137, 20, 20376.0, 1.237
0.30028260000108276, 21, 20374.0, 1.227
0.24588109999604058, 22, 20369.0, 1.202
0.27213519999349955, 23, 20366.0, 1.187
0.2808179999992717, 24, 20361.0, 1.163
0.24638949999643955, 25, 20359.0, 1.153
0.2718435000133468, 26, 20355.0, 1.133
0.23021770000923425, 27, 20351.0, 1.113
0.23025280000001658, 28, 20347.0, 1.093
0.23041960000409745, 29, 20343.0, 1.073
0.21367800000007264, 30, 20343.0, 1.073
0.1951273000013316, 31, 20339.0, 1.053
0.21924049999506678, 32, 20339.0, 1.053
0.21958350000204518, 33, 20339.0, 1.053
0.20834029999969061, 34, 20339.0, 1.053
0.21631940000224859, 35, 20339.0, 1.053
0.20044780000171158, 36, 20339.0, 1.053
0.25315569998929277, 37, 20339.0, 1.053
0.19115030000102706, 38, 20339.0, 1.053
0.20202749999589287, 39, 20335.0, 1.033
0.1909183999960078, 40, 20335.0, 1.033
0.1917942000000039, 41, 20335.0, 1.033
0.202378799993312, 42, 20335.0, 1.033
0.1990122999995947, 43, 20335.0, 1.033
0.23250369999732357, 44, 20335.0, 1.033
0.20434969999769237, 45, 20335.0, 1.033
0.21016010000312235, 46, 20335.0, 1.033
0.2573055000102613, 47, 20335.0, 1.033
0.21186820000002626, 48, 20335.0, 1.033
0.17119880000245757, 49, 20335.0, 1.033
0.18412180000450462, 50, 20335.0, 1.033
0.2020151999895461, 51, 20335.0, 1.033
0.18362780001189094, 52, 20335.0, 1.033
0.19545990000187885, 53, 20335.0, 1.033
0.2307342999993125, 54, 20335.0, 1.033
0.204215200006729, 55, 20335.0, 1.033
0.19200210001145024, 56, 20335.0, 1.033
0.21184920000087004, 57, 20335.0, 1.033
0.2297472999925958, 58, 20335.0, 1.033
0.23624640000343788, 59, 20335.0, 1.033
0.19914879999123514, 60, 20335.0, 1.033
0.190143400002853, 61, 20335.0, 1.033
0.21683289999782573, 62, 20335.0, 1.033
0.20702250000613276, 63, 20319.0, 0.954
0.18591260000539478, 64, 20319.0, 0.954
0.21173570000973996, 65, 20319.0, 0.954
0.2257644000055734, 66, 20319.0, 0.954
0.20018719999643508, 67, 20319.0, 0.954
0.19807430000219028, 68, 20319.0, 0.954
0.20553029999427963, 69, 20319.0, 0.954
0.19242330000270158, 70, 20319.0, 0.954
0.20649379999667872, 71, 20319.0, 0.954
0.1920652999979211, 72, 20319.0, 0.954
0.19636249999166466, 73, 20319.0, 0.954
0.210042999999132, 74, 20319.0, 0.954
0.19739010000193957, 75, 20319.0, 0.954
0.20820970000931993, 76, 20319.0, 0.954
0.18983639999350999, 77, 20319.0, 0.954
0.18142370000714436, 78, 20319.0, 0.954
0.20157089999702293, 79, 20319.0, 0.954
0.19406069999968167, 80, 20309.0, 0.904
0.1983199000096647, 81, 20309.0, 0.904
0.19696210000256542, 82, 20309.0, 0.904
0.2105407000053674, 83, 20309.0, 0.904
0.17165879999811295, 84, 20309.0, 0.904
0.2102504000067711, 85, 20303.0, 0.874
0.19245210000372026, 86, 20303.0, 0.874
0.20032280001032632, 87, 20303.0, 0.874
0.2108477000001585, 88, 20301.0, 0.865
0.17929879999428522, 89, 20299.0, 0.855
0.1858485999982804, 90, 20299.0, 0.855
0.20381759999145288, 91, 20299.0, 0.855
0.1682143000070937, 92, 20299.0, 0.855
0.18635819999326486, 93, 20299.0, 0.855
0.20482189999893308, 94, 20299.0, 0.855
0.20329089999722783, 95, 20295.0, 0.835
0.1940868999954546, 96, 20295.0, 0.835
0.20610640000086278, 97, 20291.0, 0.815
0.17866479999793228, 98, 20291.0, 0.815
0.20170499999949243, 99, 20291.0, 0.815
0.1741533000022173, 100, 20288.0, 0.800
0.21889230000670068, 101, 20288.0, 0.800
0.19790020000073127, 102, 20287.0, 0.795
0.20823630000813864, 103, 20284.0, 0.780
0.1975310999987414, 104, 20284.0, 0.780
0.21917909999319818, 105, 20284.0, 0.780
0.18683469999814406, 106, 20284.0, 0.780
0.2079193999961717, 107, 20282.0, 0.770
0.2466537000000244, 108, 20282.0, 0.770
0.22209219999786, 109, 20282.0, 0.770
0.18508350000774954, 110, 20282.0, 0.770
0.20663809998950455, 111, 20282.0, 0.770
0.19500460001290776, 112, 20282.0, 0.770
0.20800460000464227, 113, 20282.0, 0.770
0.19298739999067038, 114, 20282.0, 0.770
0.1908185000065714, 115, 20282.0, 0.770
0.1862282999936724, 116, 20282.0, 0.770
0.20262719999300316, 117, 20282.0, 0.770
0.21965410000120755, 118, 20282.0, 0.770
0.20093890000134706, 119, 20282.0, 0.770
0.17756010001176037, 120, 20282.0, 0.770
0.17331890000787098, 121, 20282.0, 0.770
0.1863941000046907, 122, 20282.0, 0.770
0.20090860000345856, 123, 20282.0, 0.770
0.15494999999646097, 124, 20282.0, 0.770
0.190506999992067, 125, 20282.0, 0.770
0.22810400000889786, 126, 20282.0, 0.770
0.16429380000045057, 127, 20282.0, 0.770
0.1851645999995526, 128, 20282.0, 0.770
0.17738110000209417, 129, 20282.0, 0.770
0.18437339999945834, 130, 20282.0, 0.770
0.18486780000966974, 131, 20282.0, 0.770
0.18710379999538418, 132, 20282.0, 0.770
0.20815540000330657, 133, 20282.0, 0.770
0.1834167999913916, 134, 20282.0, 0.770
0.19786549999844283, 135, 20282.0, 0.770
0.21654100000159815, 136, 20282.0, 0.770
0.2023788000078639, 137, 20282.0, 0.770
0.1661991000000853, 138, 20282.0, 0.770
0.20384239999111742, 139, 20282.0, 0.770
0.1963465000008, 140, 20282.0, 0.770
0.2135003000003053, 141, 20282.0, 0.770
0.19105920000583865, 142, 20282.0, 0.770
0.21403640000789892, 143, 20282.0, 0.770
0.19364219999988563, 144, 20282.0, 0.770
0.1982168999966234, 145, 20282.0, 0.770
0.19513929999084212, 146, 20282.0, 0.770
0.1817882000032114, 147, 20282.0, 0.770
0.22835269999632146, 148, 20282.0, 0.770
0.17182940000202507, 149, 20282.0, 0.770
0.18479369999840856, 150, 20282.0, 0.770
0.21912130000418983, 151, 20282.0, 0.770
0.18913850000535604, 152, 20282.0, 0.770
0.174752000006265, 153, 20282.0, 0.770
0.2066588000016054, 154, 20282.0, 0.770
0.22108139999909326, 155, 20282.0, 0.770
0.25811919999250676, 156, 20282.0, 0.770
0.21558430000732187, 157, 20282.0, 0.770

tour:
[1074 1014 1172 1046 1123 1149  986 1102 1076 1124 1047 1148  984 1122
 1044 1146  981 1120 1072 1168 1010 1041  978 1144 1070 1118 1038 1142
  975 1116 1035 1140  972 1114 1032 1138  969 1112 1029 1136  966 1110
 1026 1134 1000 1062 1088 1002 1064 1090 1004 1162 1066 1092 1006 1068
 1094 1008 1166 1037 1117  977 1096 1040 1143 1069 1165 1036 1007 1141
  974 1164 1034 1115 1067 1093  973 1033 1163 1005 1091  970 1065 1139
  971 1113 1031 1137 1003 1161 1030 1089  967 1063 1111  968 1160 1028
 1135 1061 1001 1159 1027 1087  964 1157 1024  999 1109  965 1158 1025
 1133 1059 1085  961 1155  997 1107  962 1086 1060 1156 1022 1084  998
 1108  963 1023 1132  960 1058  959 1131 1057 1083 1021  958 1260 1370
 1362 1346 1259 1388 1356 1394 1355 1280 1369 1258 1257 1279 1368 1354
 1390 1256 1268 1278 1298 1297 1345 1255 1267 1296 1367 1398 1295 1266
 1344 1294 1293 1361 1353 1254 1396 1277 1253 1252 1343 1276 1292 1291
 1275 1265 1251 1342 1360 1290 1393 1352 1250 1387 1341  107  105  294
  108  773  860  956  833  884  770  830  954  858  906  796  930  768
  953  795  905  857  883  797  831  955  771  885  834  932  798  908
  774  957  799  861  909  775  835  933  859  907  772  832  931  769
  829  929  766  855  881  828  904  856  882  767  952  794  827  880
  764  824  950  854  928  765  902  825  951  793  903  826  927  763
  853  879  762  926  852  792  878  761  948  790  876  821  758  946
  850  898  788  818  874  848  922  756  896  816  945  849  875  819
  947  759  924  822  900  949  877  791  901  823  925  760  899  851
  789  820  923  757  897  817  754  895  847  921  787  873  753  920
  786  944  755  815  872  846  894  942  752  812  784  918  813  943
  785  871  750  892  844  870  749  940  782  916  810  941  845  919
  814  751  893  783  811  917  748  891  843  869  747  890  842  868
  809  746  938  806  780  866  743  840  936  803  864  838  934  740
  800  737  862  776  886  741  912  778  888  804  865  779  937  744
  914  807  939  781  867  841  915  808  745  889  805  913  742  887
  839  935  801  910  836  738  863  777  911  802  739  837 1366 1249
 1340 1386 1248 1351 1359 1392 1350 1274 1365 1273 1247 1246 1389 1349
 1364 1272 1245 1264 1289 1288 1339 1244 1263 1287 1363 1397 1286 1262
 1338 1285 1284 1358 1348 1243 1242 1271 1395 1270 1283 1282 1241 1337
 1261 1269 1357 1281 1391 1347 1240 1336 1239 1385 1335    1  106   75
   63  264  262  164  259  159  143  208    0 1221 1377 1311 1299 1371
 1179 1300 1180 1201 1209 1321 1222 1223 1210 1301 1181 1182 1211 1381
 1183 1312 1322 1224 1225 1226 1302 1202 1184 1203 1303 1204 1185 1313
 1375 1186 1187 1314 1372 1188 1304 1189  295  358  492  298  361  422
  396  470  336  446  362  423  299  444  334  420  394  468  359  296
  421  335  493  397  471  337  495  302  472  398  494  301  424  338
  448  305  474  400  496  364  304  426  340  450  308  499  368  427
  341  451  403  429  476  402  498  367  307  428  370  310  430  404
  500  342  452  371  501  311  478  344  373  502  313  432  346  504
  376  316  434  408  456  377  505  409  435  317  482  348  379  506
  319  436  382  322  385  325  440  354  464  416  512  388  328  442
  391  514  331  418  332  419  515  466  356  490  392  443  357  467
  333  393  491  330  465  417  329  513  355  441  389  488  414  510
  352  438  486  323  413  439  386  462  326  511  353  463  415  489
  390  327  387  487  324  461  384  351  509  383  460  412  508  350
  484  410  458  380  507  320  437  411  485  321  459  349  381  483
  318  457  378  347  433  314  480  406  454  374  503  431  405  345
  407  481  315  455  375  479  312  453  343  372  477  309  369  475
  306  366  449  401  497  339  365  425  399  473  303  447  363  300
  445  360  297  469  395 1330 1323 1315 1378 1214 1329 1213 1328 1212
 1229 1228 1227 1327 1383  215  114  241  141   36   38   43   40  134
  236  135  237   26  130   32  235   33  231  128  232  129   17  119
  115  216  116  217  221   18   14   12  200  120  126  228  124  202
  123  233   30  139  136  127  204  222   15   20    6    7  212    5
  111  112    9    8   10  109  213  113  214  110    4  218   11   13
  220  118   19  224  122   24  226  225  201  223  121   16   23  125
  229   31  238  140  133   34  206   29   21  227   22  205   27   35
  132  207  131  234   28  230   25  203 1230 1379 1316 1190 1305 1373
 1306 1191 1205 1215 1324 1231 1232 1216 1307 1192 1193 1217 1382 1194
 1317 1325 1233 1234 1308 1206 1235 1384 1331 1236 1207 1195 1309 1237
 1238 1208 1196 1218 1332  117  219 1333 1219 1318 1376 1197 1198 1319
 1220 1380 1320 1374 1199 1310 1326 1334 1200  516  579  641  615  517
  642  616  518  690  581  666  556  714  580  689  555  665  617  643
  713  519  582  715  619  557  691  520  644  618  521  692  584  668
  558  583  667  716  620  524  694  587  527  670  560  646  523  693
  586  718  526  669  559  645  522  585  717  525  647  621  695  589
  648  622  696  590  672  562  720  624  698  530  593  533  700  626
  674  564  650  529  671  561  588  719  623  697  563  649  528  591
  531  721  625  673  592  722  532  699  652  566  596  676  536  628
  724  595  675  565  651  594  723  534  653  597  725  537  655  600
  540  727  631  657  603  571  705  541  728  570  630  726  598  538
  656  601  679  569  703  629  677  567  627  701  535  654  568  702
  599  678  539  704  602  680  542  605  682  545  708  574  684  608
  548  710  611  576  662  636  732  607  660  634  730  572  706  632
  658  604  681  544  707  633  729  543  659  606  731  573  683  635
  547  709  610  734  550  711  637  685  575  661  546  609  733  549
  663  577  735  612  552  639  553  687  613  664  638  686  551  712
  578  736  640  688  614  554    2  240  138  239  137  242  142   37
   39   41  245  146   44   46  246  148  149  248  251  151   53  249
   51  152  150  250  155  157   57   58  258   60   55  254   54  154
  253   52   49   42  243  244  144  145  147   45   48   47  247   50
  156  257  153  252   56  255  256   59  158  161  160  162  260   62
  261  163  165  263   61  167  269  174  271  175   72  270   68   65
  166  185  197   96   92   93   97  198   90  284   80  277   76  179
  275   85  285  188  281  182   86  286  189   94  289   98   81  278
  170  171  265  176   87   91  287  183  186  180  177   69  272   73
   66   70  273   67  266  168  267  172  279   77  184  288  190  290
   99  100  291  191  192   88   82  282   89  193  195  103  101  104
  102  293   95  196  194  292  187  283   83   78  276  178  173   64
  268  274   74  280   84  181   71  169  209   79  210  199  211 1399
    3  994 1054 1177 1081  995 1178 1020 1130 1082  996 1056  993 1154
 1106 1080 1128 1053 1018 1152  990 1126 1050  987 1150 1016 1174 1078
 1104 1176  992 1127 1052 1017 1079 1153 1055 1129 1019 1105  991 1175
 1051 1103  988 1077 1151  989 1049 1125 1173 1048 1015 1101 1075  985
 1045 1171 1013 1147 1073 1099  982 1169 1042 1097 1145 1071 1167  979
 1039  976 1095 1009 1119  980 1098 1012 1170 1043 1011 1121  983 1100]

eliteFit: 20282.0
percentError: 0.7701098027525215
computationTime: 38.242s