instanceName: rl1304
n: 1304
optFit: 252948

genTime, gen, eliteFit, percentError:
0.00147639999340754, 0, 9023246.0, 3467.234
1.1569070999976248, 1, 280408.0, 10.856
0.7162821999954758, 2, 274554.0, 8.542
0.630092199993669, 3, 271044.0, 7.154
0.6848547999979928, 4, 268124.0, 6.000
0.6387797000061255, 5, 268124.0, 6.000
0.643016499991063, 6, 267352.0, 5.694
0.6971591000037733, 7, 265816.0, 5.087
0.5760435000120196, 8, 264772.0, 4.674
0.5865757999999914, 9, 264144.0, 4.426
0.6044835000066087, 10, 263165.0, 4.039
0.5357641000009608, 11, 262078.0, 3.609
0.5170023999962723, 12, 261692.0, 3.457
0.438234499990358, 13, 260445.0, 2.964
0.42785839999851305, 14, 260286.0, 2.901
0.4904013999912422, 15, 259753.0, 2.690
0.5093868999974802, 16, 259348.0, 2.530
0.49131349999515805, 17, 259126.0, 2.442
0.49522920000890736, 18, 258767.0, 2.300
0.5127279000007547, 19, 258400.0, 2.155
0.4666797999962, 20, 258196.0, 2.075
0.4377865999995265, 21, 257966.0, 1.984
0.49664250000205357, 22, 257654.0, 1.860
0.4235041999927489, 23, 257446.0, 1.778
0.4093105999927502, 24, 257446.0, 1.778
0.41148409999732394, 25, 257299.0, 1.720
0.31306580000091344, 26, 257299.0, 1.720
0.251423399997293, 27, 257242.0, 1.698
0.34113229998911265, 28, 256570.0, 1.432
0.3686165999970399, 29, 256541.0, 1.420
0.3332188999920618, 30, 256541.0, 1.420
0.28861719999986235, 31, 256446.0, 1.383
0.20602090000465978, 32, 256411.0, 1.369
0.18658379999396857, 33, 256222.0, 1.294
0.2614241999981459, 34, 256093.0, 1.243
0.20611309999367222, 35, 256093.0, 1.243
0.21039680000103544, 36, 256093.0, 1.243
0.18838019999384414, 37, 256093.0, 1.243
0.19614080000610556, 38, 256093.0, 1.243
0.2087963999947533, 39, 256093.0, 1.243
0.16229029999522027, 40, 256091.0, 1.243
0.20607649999146815, 41, 256091.0, 1.243
0.19418219999352004, 42, 256091.0, 1.243
0.16494349999993574, 43, 256091.0, 1.243
0.1571713000012096, 44, 256091.0, 1.243
0.17825499999162275, 45, 256091.0, 1.243
0.190784899998107, 46, 256091.0, 1.243
0.18135769999935292, 47, 256091.0, 1.243
0.16886269999668002, 48, 256091.0, 1.243
0.15778779999527615, 49, 256091.0, 1.243
0.1597881000052439, 50, 256091.0, 1.243
0.18427909999445546, 51, 256091.0, 1.243
0.1863906000071438, 52, 256091.0, 1.243
0.1982715000049211, 53, 256091.0, 1.243
0.1964672000030987, 54, 256091.0, 1.243
0.1588871999992989, 55, 256091.0, 1.243
0.15717189999122638, 56, 256091.0, 1.243
0.1806259000004502, 57, 256091.0, 1.243
0.15640649999841116, 58, 256091.0, 1.243
0.17641859999275766, 59, 256091.0, 1.243
0.16619440000795294, 60, 256091.0, 1.243
0.18253659999754746, 61, 256091.0, 1.243
0.17091099999379367, 62, 256091.0, 1.243
0.17199930000060704, 63, 256091.0, 1.243
0.15068580000661314, 64, 256091.0, 1.243
0.14364300000306685, 65, 256091.0, 1.243
0.1835430999926757, 66, 256091.0, 1.243
0.1641347999975551, 67, 256091.0, 1.243
0.16775710000365507, 68, 256091.0, 1.243
0.16751500000827946, 69, 256091.0, 1.243
0.16907799999171402, 70, 256091.0, 1.243
0.20754170000145677, 71, 256091.0, 1.243
0.15948580000258517, 72, 256091.0, 1.243
0.18358129999251105, 73, 256091.0, 1.243
0.17847749999782536, 74, 256091.0, 1.243
0.19266220000281464, 75, 256091.0, 1.243
0.15487219998613, 76, 256091.0, 1.243
0.1746356000076048, 77, 256091.0, 1.243
0.17638059999444522, 78, 256091.0, 1.243
0.15948260000732262, 79, 256091.0, 1.243
0.1819678999891039, 80, 256091.0, 1.243
0.18431559999589808, 81, 256091.0, 1.243
0.15186239998729434, 82, 256091.0, 1.243
0.19843189998937305, 83, 256091.0, 1.243
0.16852449999714736, 84, 256091.0, 1.243
0.15580279999994673, 85, 256091.0, 1.243
0.1565171999973245, 86, 256091.0, 1.243
0.17801790000521578, 87, 256091.0, 1.243
0.16435930000443477, 88, 256091.0, 1.243
0.19075550000707153, 89, 256091.0, 1.243
0.18353539999225177, 90, 256091.0, 1.243

tour:
[ 165  170  171  172  173 1196  174  151  175  176  177  210  209  208
  207  206  205  204  203  202  201  200  119  225  238 1031  859  447
  927  477  681  397  496  671  949  518  248  898  865  848  897  247
  517 1204 1221  396 1213 1209 1232  230  231  232 1253  653  448 1191
  505  395  246 1200   25  594  712  998  573 1185   66   67   68   69
  252  253  254  255  256  504  484  930  245 1053  658  180  124  125
  126  127  128  129  130  131  132  133  134  135  136  137  138  139
  140  141 1283 1254  155  156  157  158  159  190  189  150  164  188
  187  186  185  184  183  182  181  854 1184  657 1118  244  452  929
  483  503  261  394   73   65  111   53  389  390  391  392  393  599
   72 1004  908  524  806  260  680  502  482  451  243 1117  656 1177
  939  940  941  942  943  944  945  889  728  676  946  704  705  163
  149  644  195  236  223  534  706  374  707  708 1259  862  375  861
  535  224  237 1214  376  536  541  542  543  544  545  546  279  547
  548   80  549  550  551  552  553  554  555  326  382 1216   81  955
  775  280  954  953 1266   82   83   84   85   86   87   88   89 1187
 1222 1210 1267 1220  323  278  277  276  275  274  273  272  271  270
  269  268 1211  267  649  214  645  145  144  143  142 1215  215  968
  262  915  318  884 1044  970 1125 1256 1162 1159  281  776 1158  965
  976  777  282 1095 1094 1093  971 1045  885  537  319  916  263  934
 1218  218  217  216  213  212  211  646  693  368  764  765  264  766
  320  538  767  768  769  770  771  772  283  778  964 1096  966  977
  869 1097  872  982  377   91  992    3 1057 1019 1098 1099 1100 1101
 1090  427  989 1223  402  403  404  405  406  407  408  409  410  411
  314  412  413  414  442  443  444  416  415  577 1174 1155  576 1284
 1154  476 1153  564  563  562  401 1025 1261 1150 1089  426 1265 1264
 1149 1235 1018 1024    2  991   90 1224 1262    1  956  957  958  959
  960  731  561  560  559  558  557  556    0    6    7    8    9   10
   11   12   13   14   15   16   17   18   19   20 1152 1282 1182  446
  575 1175 1156 1183  317  316   21  516  445  313  312  311  310  309
  308  307  306 1260 1219  305  304  303  302  301  300  299  298  297
  296  295  294  293  292  291  290  289   79  288  287  286  747  746
  745  744  743  711  742  741  373  740  533  222  235  194  643  148
  162  739  738  737  736  179  891  892  791  893  161  147  642  193
  234  221  532  894  192  220  531  372  864  883  710 1157 1127 1161
  974 1074  327  774 1075 1249  867   78  868  981  962 1023 1160  876
  985  325  381 1088  995 1078 1059 1079 1092 1021 1080 1178 1176 1286
 1244 1250  485  429  487  488  489  490  491  492  493   77   76   75
   74 1186   22  732  963 1164 1148 1247 1246 1084  969 1083 1245  400
  419 1082 1081 1243 1285 1242 1077  380 1076 1241 1240  324  875 1022
  961  980  866 1239 1273  773 1087 1086 1248  709  882 1085  863  371
  219 1271 1272  233  191  146  160  581  580  579  178  365  366  367
 1303 1302 1298 1297  358  364  363  362  361  360  359  578  813  829
  986 1029 1296 1295 1181 1180 1294 1293 1179  499  677  257 1299 1292
  521  905 1291 1289 1290 1001 1288 1287 1270  604 1050   27  596   63
  571  996  434 1201 1049 1234   26  595   62  570 1233 1227 1226 1225
  109  471 1163  508  807 1269 1268 1231  913  437  880 1230 1033  328
  858  421 1276 1281  899  659 1121  779  877  923 1115  458 1280 1279
 1123 1065 1171  567   35  418 1278 1206 1205 1274 1202  734 1275  729
  112 1217  430  468  466  113 1188  495   30  800  801  456  115  114
  116   31  931  796  566 1168 1166 1066 1102 1190  603 1165   34  457
  530 1251  459 1116  924  878  780 1122  660 1120  900  909 1056 1173
 1277   41  881  438  914  857  513  947 1034 1035  808  509 1036  472
  110  435  997  572   64  597   28 1037  605 1038  895   70 1002  906
  522  804  258  678  500  480  449  241 1039  654 1300 1301  855 1040
 1041 1042 1043  814 1032  888  812  987 1073 1030 1072 1055  856 1071
  655 1070  242  450  481  501  679  259  805  523  907 1003   71  896
 1069  606 1051   29  598   60   59   58   57   56   55 1068  510  809
  827  826  825  514  824  823  439  822   42  329  821  820  819  818
  817  816  661  815  781  473  422  383  384  385  386  387  388  670
  515  669  668  440  667  330  474  666  665  664  663  662  879  782
  925  910  783  784  785  901   97   98   99  100  101  102  103  104
  105  106  107   54  108 1189  810  431  574  592   23   52   51   50
   49   48   47   46   45   44   43   40   39   38  423   95  903   94
  902  786  792 1110  911  926 1252 1212  919  460 1112 1169 1103 1067
 1167 1172  528  529 1064 1104 1170 1113  461  920  912  793  787  788
 1047  904   36  331  332  333  512  847  846  845  436   37  844  511
  843  842   96  841  840  789  794  839  838  837  462  836  835  834
  833  832  600  525  565  453  831  797  830   32  117  467  494 1263
  802  803  730 1203 1236  118   33  933  799 1061  455  527  602 1237
 1063 1062  932  798 1111  454  526  601 1106 1107 1108  463  921 1105
 1114  464  922 1109 1119  795  790 1048 1255 1192  585  586  587  588
  507  589  470   61  433  569  590  591 1193 1060  948  733 1000 1052
 1194 1207  849  850  251  851 1208  520  950  672  498  399  682  479
  928  425  357  229  199  652 1005 1006  123  853  938 1198  694  695
  696  697  698  169  699  700  701  702  675  683  154 1199  967  370
  952  936  266  918  322  540  887 1007  973 1008 1009 1010  285 1011
  979  871 1012  874  984  379   93  994    5 1013 1014 1015 1016 1017
 1229 1238 1257 1128 1129 1130  315  420 1131 1132 1133 1134  417 1135
 1258 1147 1146  465 1145  441  486 1144  475  990  428 1091 1143 1142
 1141 1140 1020 1058    4  993   92  378  983  873 1139  870  978 1138
  284 1137 1136 1126  972 1046  886  539  321  917  265  935  951  369
  692  691  584  690  689  688  687  686  685  684  674  890  727  975
  988  168  828  860 1151 1028  748  937  852  122 1054 1124  651  198
  228  749  750  751  752  753  167  754  755  726  756  673  153  735
  757  758  759  760  761  703  583  762  763 1197  648  647  641  640
  639  582  638  637  636  635  634  633  632  152  631  630  629  628
  627  166  626  625  624  623  622  621  620  619  121  618  617  616
  197  227  240  356  424  615  478  614  613  398  497  612  611  519
  250  610  609  608  607 1195  999 1228  715  714  713   24  593 1027
  568  432  469 1026  506  811  334  335  336  337  338  339  340  341
  342  343  344  249  345  346  347  348  349  350  351  352  353  354
  355  239  226  196  650  716  717  120  718  719  720  721  722  723
  724  725]

eliteFit: 256091.0
percentError: 1.2425478754526622
computationTime: 26.487s