instanceName: rl1323
n: 1323
optFit: 270199

genTime, gen, eliteFit, percentError:
0.0019054000003961846, 0, 9495879.0, 3414.402
1.1553548000083538, 1, 292071.0, 8.095
0.7333460000081686, 2, 291661.0, 7.943
0.628782300002058, 3, 288487.0, 6.768
0.6814222999964841, 4, 287042.0, 6.234
0.5872271999978693, 5, 286075.0, 5.876
0.6767580999876373, 6, 284422.0, 5.264
0.669605600007344, 7, 282221.0, 4.449
0.6572778999980073, 8, 282221.0, 4.449
0.7355402999965008, 9, 281536.0, 4.196
0.6570462999952724, 10, 280267.0, 3.726
0.5892678999953205, 11, 278662.0, 3.132
0.5682472000044072, 12, 278662.0, 3.132
0.5660587000020314, 13, 277792.0, 2.810
0.4229200999980094, 14, 277792.0, 2.810
0.4122946999996202, 15, 276712.0, 2.410
0.46233029999712016, 16, 276576.0, 2.360
0.4247019000031287, 17, 275901.0, 2.110
0.31785999999556225, 18, 275592.0, 1.996
0.29905039998993743, 19, 275592.0, 1.996
0.2055063000007067, 20, 275107.0, 1.816
0.1829404999880353, 21, 274798.0, 1.702
0.20832409999275114, 22, 274798.0, 1.702
0.17010250000748783, 23, 274798.0, 1.702
0.16946209999150597, 24, 274680.0, 1.658
0.17136950000713114, 25, 274612.0, 1.633
0.21408879999944475, 26, 274438.0, 1.569
0.2005403000075603, 27, 274438.0, 1.569
0.22648599999956787, 28, 274166.0, 1.468
0.26448170001094695, 29, 274166.0, 1.468
0.2869996000081301, 30, 274166.0, 1.468
0.17245359999651555, 31, 274166.0, 1.468
0.1648443000012776, 32, 274166.0, 1.468
0.16006510000443086, 33, 274166.0, 1.468
0.14820219999819528, 34, 274166.0, 1.468
0.19130870001390576, 35, 274166.0, 1.468
0.17436289999750443, 36, 274166.0, 1.468
0.15605649999633897, 37, 274166.0, 1.468
0.18912520000594668, 38, 274166.0, 1.468
0.1781462999933865, 39, 274166.0, 1.468
0.22182999999495223, 40, 274166.0, 1.468
0.15214420000847895, 41, 273918.0, 1.376
0.149215199999162, 42, 273918.0, 1.376
0.16847869999764953, 43, 273918.0, 1.376
0.17382749999524094, 44, 273918.0, 1.376
0.19162300000607502, 45, 273918.0, 1.376
0.19026319999829866, 46, 273918.0, 1.376
0.18946259999938775, 47, 273851.0, 1.352
0.15889469999819994, 48, 273851.0, 1.352
0.17199149999942165, 49, 273851.0, 1.352
0.14745679999759886, 50, 273851.0, 1.352
0.1707380000007106, 51, 273851.0, 1.352
0.16568089999782387, 52, 273851.0, 1.352
0.1669081999862101, 53, 273851.0, 1.352
0.18230850000691134, 54, 273851.0, 1.352
0.19512329999997746, 55, 273851.0, 1.352
0.2006799999944633, 56, 273851.0, 1.352
0.18509220000123605, 57, 273851.0, 1.352
0.16211739998834673, 58, 273851.0, 1.352
0.17884959999355488, 59, 273851.0, 1.352
0.1722620999935316, 60, 273851.0, 1.352
0.16168720000132453, 61, 273851.0, 1.352
0.19062390000908636, 62, 273851.0, 1.352
0.19598340000084136, 63, 273851.0, 1.352
0.16599000000860542, 64, 273851.0, 1.352
0.16451829999277834, 65, 273851.0, 1.352
0.17757820000406355, 66, 273851.0, 1.352
0.1639015999971889, 67, 273851.0, 1.352
0.19074199999158736, 68, 273851.0, 1.352
0.15976260000024922, 69, 273851.0, 1.352
0.21058640000410378, 70, 273820.0, 1.340
0.19475149999198038, 71, 273820.0, 1.340
0.1796743000013521, 72, 273820.0, 1.340
0.20847589999902993, 73, 273820.0, 1.340
0.21242310000525322, 74, 273820.0, 1.340
0.18184869999822695, 75, 273820.0, 1.340
0.17807209999591578, 76, 273820.0, 1.340
0.1814584000094328, 77, 273820.0, 1.340
0.23046500000054948, 78, 273820.0, 1.340
0.19178540000575595, 79, 273820.0, 1.340
0.19088590001047123, 80, 273736.0, 1.309
0.1829686999990372, 81, 273670.0, 1.285
0.24115870000969153, 82, 273108.0, 1.077
0.17094949999591336, 83, 273108.0, 1.077
0.2041486999951303, 84, 272967.0, 1.024
0.19625179999275133, 85, 272967.0, 1.024
0.2410234999988461, 86, 272967.0, 1.024
0.18971720000263304, 87, 272967.0, 1.024
0.23338730000250507, 88, 272967.0, 1.024
0.21380899999348912, 89, 272967.0, 1.024
0.1920241000043461, 90, 272967.0, 1.024
0.22153640000033192, 91, 272967.0, 1.024
0.16392849999829195, 92, 272967.0, 1.024
0.19963380000262987, 93, 272967.0, 1.024
0.18369890000030864, 94, 272967.0, 1.024
0.19387179998739157, 95, 272967.0, 1.024
0.19550010000239126, 96, 272967.0, 1.024
0.1782970999920508, 97, 272967.0, 1.024
0.2041188000002876, 98, 272967.0, 1.024
0.17657429999962915, 99, 272967.0, 1.024
0.20096129999728873, 100, 272967.0, 1.024
0.17654799998854287, 101, 272967.0, 1.024
0.19674569999915548, 102, 272967.0, 1.024
0.15863350000290666, 103, 272967.0, 1.024
0.21389329999510664, 104, 272765.0, 0.950
0.18248560000211, 105, 272765.0, 0.950
0.20370549999643117, 106, 272765.0, 0.950
0.17115329999069218, 107, 272765.0, 0.950
0.1658093000005465, 108, 272765.0, 0.950
0.17057370000111405, 109, 272765.0, 0.950
0.20714769999904092, 110, 272765.0, 0.950
0.14622789999702945, 111, 272765.0, 0.950
0.22206739999819547, 112, 272765.0, 0.950
0.1940930999990087, 113, 272765.0, 0.950
0.16542770000523888, 114, 272765.0, 0.950
0.19048239999392536, 115, 272765.0, 0.950
0.15841920000093523, 116, 272765.0, 0.950
0.17162110000208486, 117, 272765.0, 0.950
0.19424599999911152, 118, 272765.0, 0.950
0.20050979999359697, 119, 272765.0, 0.950
0.21551240001281258, 120, 272765.0, 0.950
0.16630179999629036, 121, 272765.0, 0.950
0.16776280000340194, 122, 272765.0, 0.950
0.16529109999828506, 123, 272765.0, 0.950
0.22794629998679738, 124, 272765.0, 0.950
0.21010400001250673, 125, 272765.0, 0.950
0.20961460001126397, 126, 272765.0, 0.950
0.1629384999978356, 127, 272765.0, 0.950
0.16581530000257771, 128, 272765.0, 0.950
0.17838459998893086, 129, 272765.0, 0.950
0.14905049999651965, 130, 272765.0, 0.950
0.1953049000003375, 131, 272765.0, 0.950
0.19490819999191444, 132, 272765.0, 0.950
0.15861099999165162, 133, 272765.0, 0.950
0.19745859999966342, 134, 272765.0, 0.950
0.16261020000092685, 135, 272765.0, 0.950
0.19745760000660084, 136, 272765.0, 0.950
0.1777010999940103, 137, 272765.0, 0.950
0.18059269999503158, 138, 272765.0, 0.950
0.19323439999425318, 139, 272741.0, 0.941
0.2115512000018498, 140, 272741.0, 0.941
0.23220569999830332, 141, 272741.0, 0.941
0.3325255000090692, 142, 272474.0, 0.842
0.331953999993857, 143, 272474.0, 0.842
0.20070499999565072, 144, 272474.0, 0.842
0.19786639999074396, 145, 272474.0, 0.842
0.1760439000063343, 146, 272474.0, 0.842
0.1581682000105502, 147, 272474.0, 0.842
0.1493973000033293, 148, 272474.0, 0.842
0.1912311000050977, 149, 272474.0, 0.842
0.1839709999912884, 150, 272376.0, 0.806
0.1974114000040572, 151, 272376.0, 0.806
0.21078809999744408, 152, 272376.0, 0.806
0.1717441999935545, 153, 272376.0, 0.806
0.17937140000867657, 154, 272376.0, 0.806
0.1754547000018647, 155, 272376.0, 0.806
0.15801109999301843, 156, 272376.0, 0.806
0.17753990000346676, 157, 272376.0, 0.806
0.17846599999757018, 158, 272376.0, 0.806
0.15555479998874944, 159, 272376.0, 0.806
0.1563025000068592, 160, 272376.0, 0.806
0.17690109999966808, 161, 272376.0, 0.806
0.2395919000118738, 162, 272376.0, 0.806
0.15008490000036545, 163, 272376.0, 0.806
0.15939190000062808, 164, 272376.0, 0.806
0.14971300000615884, 165, 272376.0, 0.806
0.16459309999481775, 166, 272376.0, 0.806
0.1569997000042349, 167, 272376.0, 0.806
0.20150260000082199, 168, 272376.0, 0.806
0.20668089999526273, 169, 272376.0, 0.806
0.16872370000055525, 170, 272376.0, 0.806
0.1917727000109153, 171, 272376.0, 0.806
0.1540279000037117, 172, 272376.0, 0.806
0.19728670000040438, 173, 272376.0, 0.806
0.17289370000071358, 174, 272376.0, 0.806
0.2039970999903744, 175, 272376.0, 0.806
0.18397810000169557, 176, 272376.0, 0.806
0.1862020999978995, 177, 272376.0, 0.806
0.17965900000126567, 178, 272376.0, 0.806
0.19524770000134595, 179, 272376.0, 0.806
0.14526619999378454, 180, 272376.0, 0.806
0.2439676999929361, 181, 272376.0, 0.806
0.16362560000561643, 182, 272376.0, 0.806
0.15587859999504872, 183, 272376.0, 0.806
0.1636811999924248, 184, 272376.0, 0.806
0.1883384999964619, 185, 272376.0, 0.806
0.16901329999382142, 186, 272376.0, 0.806
0.16154970000206959, 187, 272376.0, 0.806
0.19117619999451563, 188, 272376.0, 0.806
0.17687900000601076, 189, 272376.0, 0.806
0.15426169999409467, 190, 272376.0, 0.806
0.18615159999171738, 191, 272376.0, 0.806
0.16326079999271315, 192, 272376.0, 0.806
0.167929399991408, 193, 272376.0, 0.806
0.17061220000323374, 194, 272376.0, 0.806
0.18719250000140164, 195, 272376.0, 0.806
0.2052842000121018, 196, 272376.0, 0.806
0.17427440000756178, 197, 272376.0, 0.806
0.1552994000085164, 198, 272376.0, 0.806
0.1683785000059288, 199, 272376.0, 0.806
0.16599009999481495, 200, 272376.0, 0.806

tour:
[   1  283  284  285  286  287  288  335  334  333  332    2  331  118
  330  216  329  266   69  328 1249 1269 1270  868  162  867   29  866
  865  864  863  347  862  831  536  516  861  860  859  858  556 1322
  857  856  855  854  853  852  851  850  849 1268 1267 1254 1255  452
  451  450  449  448 1283 1282 1275  943  911  942  369  420  485  577
  941   25   73  894  490  888  441  440  439   24   72  438  437  436
  435  434  433  148  176  432 1294  223  631  295  294  211  293  262
 1108 1191 1190   59 1237   84   83 1236   82   81 1235   80  917  456
  105 1105  197 1163  635  567 1025  651  353  934 1315 1158 1145 1148
 1142 1157  301  239 1155  258   76    9   43  121  384  168  354 1012
   42    8   75  257 1048  238  300 1049 1050 1051 1316 1052 1055  933
 1274  351  649 1023  565  352  650 1024  566  634 1056  196 1057 1058
  305  916  455  104 1036 1035  195 1034  633  194  570  564  569  563
  648  350 1022 1054 1161 1144 1147 1141 1314 1156  299  237 1154  256
   74 1234  255 1067  236 1068  298 1246 1312 1243   79  360 1066    7
   41  120  356  172  170  169  355 1218 1038 1311 1310 1302 1303  383
  171  119 1132   40  357    6  359   78  260  235  297 1242 1150 1151
 1152 1140 1146 1073  671 1307 1153 1250  190  123  676 1095 1096 1097
 1094  101 1098  462 1099 1227 1201  461  188  137   57 1238  699  698
  697  189 1313  130  129  128  102  127  126  125  124  192  191  488
  487  486  348  675  674  673  672 1287 1072 1071 1070 1069 1143 1160
 1053 1021  349  568  562  632  646  302  303  304  193  571  572  573
  103 1285  454 1037  430  317  318  319  320  321  327  210  427  499
  630  222  431  629  498  326  261   58  132  647  453  574  131  720
 1104 1291 1247 1248 1292  636  209  426  637  497  628  953  175  147
  954  887  489  893   71   23  955  576 1318 1258 1281 1265  174  701
  233  627  496  700  208  424  425 1293 1259  645  146  702  703 1263
  682   70   21   22  950  739  158 1279  173  837  949  151  150  149
  232  644  626  505  948  947  940  207   56  136  187  460 1194 1193
 1192 1137  100   99   98   97   96   95   94   93   92   91 1290   90
   89   88   87   86   85 1093 1092 1091 1090 1089  296  234  259   77
  358 1088 1253 1252 1309 1301 1251 1289  457  184  133   53  200 1106
  291  324 1109 1009  937  843 1112  502  623  641  229  398  181  834
 1185  991  156  680   19  807  745  742  987  952 1195  482  737  736
  735  734  733  732  731   18  679  155  730  729  728  180  397  228
  640  622  501  727  726  725  724  723  323  290  722  199   52  721
 1008  936  842 1111  500  621  639  227  396  179  833 1184  990  154
  678   17  806  744  741  986  738  740  743  805   16  677  153  989
 1183  832  178  395  226  638  393  225  392  391  390  389  388  387
  386  322  289  385  198 1241   47   46   45   44 1232   48   49   50
   51 1233 1244 1240 1305  935 1306 1256  463  464  465  224  394  177
  466  467  468  152  469   15  470  471  472  473  474  475  476  477
  478  479 1257 1018  889  492 1231  428  421 1131 1230  910  618  994
 1229  712 1015 1138 1228 1223  709  999  271  976  912  907  890  822
 1122  694  756  666 1261  608  609  610  611  612  613  614  615  506
 1074 1028 1100 1063  517  518  519  337  306 1215 1175  870 1039 1086
   35  886  141 1084   61  107 1180  528   34  527  526  525  524  523
  522  521  520  616  336  617 1262 1277  966  878  967  968  869  969
  970   33  529  140  971   60  106  972  973  746  220   10  974 1278
  975   11 1127  221  747  877  876  875  108   62  874  142  873   36
  872  871 1120 1119  879  963  307  838  338 1178  880  964  308  839
  339  824 1079  508 1065 1078 1030 1118  823 1117  507 1064 1101 1029
 1075  780  900 1116 1081  920  605  248  668 1295  789  791  247  919
  604  246  790  758  755  754  753  752  751  750  749  686  687  688
  689  690  691  692  693  757  667  245  603  918 1080  602  244  696
  695 1123  272  710  821  820  819  818  713  817  816  815  619  814
  813  812  422  429  811  493  810  809  808  480  951  997  481  998
 1019  685  494  423  683  684  495  370  371  372  373  374  375  376
  377  378  379  380  381  382  273  977  913  908  891  981 1124 1128
  249  606  921 1082 1129  901  781  557  558  559  560  509 1260  537
  538  539  340  540  309  541  542  543  544  545  546  547   37  548
  143  549   63  561  217  218  219  270  269  212  268  267  109   64
  165  932 1288  144   38  316  315  314  313  312  311  310  840  341
  931  825  530  510  930  929  928  927  926  550  782  903  925  924
  923  902 1222 1083  922  607  250  669  915 1214 1125  982  892  909
  914  978  274 1000  711 1213 1212 1139 1016  715 1014  714 1013  996
  361  993  988  945  681  157  985  984  835  182  399  992 1186  836
  183  400  230  642  624  503 1113  844  938 1010 1110  325  292 1107
  201   54  134  185  458 1199 1204 1203 1202 1136 1225 1224 1189 1176
  122 1226 1200  459  186  135   55 1286  202  203  204  205  206  939
  946 1011  845  504  625  643  231  401  402  403  404  405   20  406
  407  408  409  410  411  412  413  414  415  362  846  847  716  620
  705  706  707  708 1297 1272 1296 1298  598  597  596  595  594  593
  592  591  275  590  589  588  587  586  585  584  583 1317  582  581
  580  579  578  363  416  491  483  704  575  652  484  418  365 1308
 1149 1179  417  364  995  717 1162 1159 1017 1219 1114 1001 1002  276
 1126  979  944  905 1271 1284 1020 1115  670  252 1273  599  600  251
  601 1130 1085 1210 1220  904  783  551 1076 1031 1166 1032 1060 1061
 1062  511  531  826 1077  342  841  965  881 1208 1003 1121 1040 1087
   39  145 1187  166   65  110 1181 1170  213  748  759  786   12  787
   13  788 1209 1177    4  762    5 1198    3 1211 1205  763    0   14
  115  761  760  114  113  112  111 1320  263 1169  116 1197 1135  214
 1134  264   67 1182  160 1165 1042   27 1006 1216  884 1172  345  829
  534  514 1206 1102 1167 1033  513  533  828  344 1171 1188  883 1196
 1005   26 1041 1319 1164  159  138  163  164   66  167 1239   32   31
   30 1004 1174  882 1266  962  961  343  827 1304  532  512  960  959
  958  957  956  553  552  784  804  803  802  801  800  799  253  665
  664  663  662  278  661 1245 1280 1276  798  797  796  795  277  794
  793  792  660  659  658  657  656  655  654  653  366 1264  419  367
  983  848  718 1133  719  766  765  764  368  442  443  444  445  446
  447  767  768  769  280  770  771  772  773  240 1299 1026  279  980
  906 1321  241  242  243  254  895  896  897  898  899 1300 1059 1221
  785  554  774  775  776  777  778  779  555 1027 1168 1103 1207  515
  535  830  346 1173  885 1217 1007   28 1043  161 1044  139 1045 1046
   68  265 1047  215  281  117  282]

eliteFit: 272376.0
percentError: 0.8057024637396881
computationTime: 45.038s