instanceName: rl1323
n: 1323
optFit: 270199

genTime, gen, eliteFit, percentError:
0.001513600000180304, 0, 9402145.0, 3379.711
1.1738390999962576, 1, 297852.0, 10.234
0.6905797999934293, 2, 294493.0, 8.991
0.7212455999979284, 3, 287070.0, 6.244
0.7225037000025623, 4, 285898.0, 5.810
0.7311512000014773, 5, 285898.0, 5.810
0.6780912000103854, 6, 283121.0, 4.782
0.6684638000006089, 7, 283121.0, 4.782
0.6552669999946374, 8, 280502.0, 3.813
0.6134005000058096, 9, 278800.0, 3.183
0.5497639999957755, 10, 278800.0, 3.183
0.5563345000118716, 11, 277784.0, 2.807
0.4628359000053024, 12, 277068.0, 2.542
0.39781300000322517, 13, 276638.0, 2.383
0.4105225999956019, 14, 276638.0, 2.383
0.45422050000343006, 15, 276094.0, 2.182
0.3451823999930639, 16, 275806.0, 2.075
0.3557758999959333, 17, 275574.0, 1.989
0.2227805000002263, 18, 275539.0, 1.976
0.27638010001101065, 19, 275312.0, 1.892
0.20121370001288597, 20, 275062.0, 1.800
0.21494330000132322, 21, 274800.0, 1.703
0.26518529999884777, 22, 274800.0, 1.703
0.2544308000069577, 23, 274800.0, 1.703
0.167316099992604, 24, 274800.0, 1.703
0.16587219999928493, 25, 274800.0, 1.703
0.1997884000011254, 26, 274800.0, 1.703
0.16717739999876358, 27, 274669.0, 1.654
0.20228749999660067, 28, 274669.0, 1.654
0.1481099000084214, 29, 274669.0, 1.654
0.18217049998929724, 30, 274669.0, 1.654
0.18280750000849366, 31, 274669.0, 1.654
0.15435349999461323, 32, 274520.0, 1.599
0.19090020000294317, 33, 274520.0, 1.599
0.215519299992593, 34, 274456.0, 1.576
0.2085135000088485, 35, 274348.0, 1.536
0.2476020000030985, 36, 274348.0, 1.536
0.20791119999194052, 37, 274348.0, 1.536
0.16549230000237003, 38, 274348.0, 1.536
0.1791627999919001, 39, 274348.0, 1.536
0.1989089000126114, 40, 274348.0, 1.536
0.20346770000469405, 41, 274348.0, 1.536
0.16183760001149494, 42, 274348.0, 1.536
0.1881500000017695, 43, 274348.0, 1.536
0.18224219999683555, 44, 274348.0, 1.536
0.16681559999415185, 45, 274348.0, 1.536
0.17047050000110175, 46, 274348.0, 1.536
0.21041489999333862, 47, 274348.0, 1.536
0.19820379999873694, 48, 274348.0, 1.536
0.1758417999953963, 49, 274348.0, 1.536
0.142262400011532, 50, 274348.0, 1.536
0.17007399999420159, 51, 274348.0, 1.536
0.20140280001214705, 52, 274348.0, 1.536
0.16006749999360181, 53, 274264.0, 1.504
0.19765620000544004, 54, 274264.0, 1.504
0.20268099999520928, 55, 274104.0, 1.445
0.21909749999758787, 56, 274104.0, 1.445
0.2133828999940306, 57, 274104.0, 1.445
0.19238000000768807, 58, 274104.0, 1.445
0.16465549998974893, 59, 274104.0, 1.445
0.19496849999995902, 60, 274104.0, 1.445
0.1752282999950694, 61, 274104.0, 1.445
0.22747240000171587, 62, 274067.0, 1.432
0.1685113999992609, 63, 274067.0, 1.432
0.16266889999678824, 64, 274067.0, 1.432
0.18955120000464376, 65, 274067.0, 1.432
0.16554349999933038, 66, 274067.0, 1.432
0.17396260000532493, 67, 274067.0, 1.432
0.1801594999997178, 68, 274067.0, 1.432
0.16659409999556374, 69, 274067.0, 1.432
0.23641090000455733, 70, 274067.0, 1.432
0.19078869999793824, 71, 274067.0, 1.432
0.1816531000076793, 72, 274067.0, 1.432
0.16658640000969172, 73, 274067.0, 1.432
0.17945000001054723, 74, 274067.0, 1.432
0.1757044000114547, 75, 274067.0, 1.432
0.1707853999978397, 76, 274067.0, 1.432
0.15718770000967197, 77, 274067.0, 1.432
0.18176809999567922, 78, 274067.0, 1.432
0.195874900004128, 79, 274067.0, 1.432
0.19849589999648742, 80, 274067.0, 1.432
0.1862743999954546, 81, 274067.0, 1.432
0.16853709999122657, 82, 274067.0, 1.432
0.1796018000022741, 83, 274006.0, 1.409
0.17557599999418017, 84, 273967.0, 1.395
0.19019989999651443, 85, 273879.0, 1.362
0.22430200000235345, 86, 273779.0, 1.325
0.17056920001050457, 87, 273779.0, 1.325
0.18581650000123773, 88, 273779.0, 1.325
0.23200099999667145, 89, 273779.0, 1.325
0.20925669999269303, 90, 273779.0, 1.325
0.20340870000654832, 91, 273639.0, 1.273
0.1942607999953907, 92, 273639.0, 1.273
0.19546400000399444, 93, 273559.0, 1.244
0.18257280001125764, 94, 273559.0, 1.244
0.187329199994565, 95, 273559.0, 1.244
0.17165570000361186, 96, 273559.0, 1.244
0.2231107000116026, 97, 273548.0, 1.239
0.2044374999968568, 98, 273548.0, 1.239
0.1839921999926446, 99, 273548.0, 1.239
0.16578920000756625, 100, 273548.0, 1.239
0.18349070000112988, 101, 273548.0, 1.239
0.18082049999793526, 102, 273548.0, 1.239
0.2031489000073634, 103, 273548.0, 1.239
0.1649599000083981, 104, 273548.0, 1.239
0.1791940999974031, 105, 273548.0, 1.239
0.18542179999349173, 106, 273548.0, 1.239
0.17428359999030363, 107, 273548.0, 1.239
0.17905389999214094, 108, 273548.0, 1.239
0.15892479999456555, 109, 273548.0, 1.239
0.1858897999918554, 110, 273548.0, 1.239
0.17966349999187514, 111, 273548.0, 1.239
0.1914942000003066, 112, 273548.0, 1.239
0.157989200000884, 113, 273548.0, 1.239
0.1657238000043435, 114, 273548.0, 1.239
0.16338270000414923, 115, 273548.0, 1.239
0.19803989998763427, 116, 273548.0, 1.239
0.18960510000761133, 117, 273548.0, 1.239
0.22016579999763053, 118, 273548.0, 1.239
0.2105654000042705, 119, 273548.0, 1.239
0.17070509999757633, 120, 273448.0, 1.202
0.15823820000514388, 121, 273448.0, 1.202
0.18490510000265203, 122, 273448.0, 1.202
0.15803580000647344, 123, 273448.0, 1.202
0.16508550000435207, 124, 273448.0, 1.202
0.19637070001044776, 125, 273448.0, 1.202
0.2049535999976797, 126, 273448.0, 1.202
0.16784119998919778, 127, 273448.0, 1.202
0.18663850000302773, 128, 273448.0, 1.202
0.17919660000188742, 129, 273448.0, 1.202
0.17897299998730887, 130, 273448.0, 1.202
0.18557859999418724, 131, 273448.0, 1.202
0.16759980001370423, 132, 273448.0, 1.202
0.1995628000004217, 133, 273448.0, 1.202
0.20837410000967793, 134, 273448.0, 1.202
0.19065629999386147, 135, 273423.0, 1.193
0.1741589000012027, 136, 273423.0, 1.193
0.23509829999238718, 137, 273423.0, 1.193
0.19186110000009649, 138, 273423.0, 1.193
0.16737590001139324, 139, 273423.0, 1.193
0.19410619999689516, 140, 273423.0, 1.193
0.179807400010759, 141, 273423.0, 1.193
0.17697390000103042, 142, 273423.0, 1.193
0.19530639999720734, 143, 273423.0, 1.193
0.17690550000406802, 144, 273423.0, 1.193
0.18786390000605024, 145, 273423.0, 1.193
0.1844221000064863, 146, 273423.0, 1.193
0.16312270000344142, 147, 273423.0, 1.193
0.19123870000476018, 148, 273423.0, 1.193
0.1755820000107633, 149, 273423.0, 1.193
0.17024780000792816, 150, 273423.0, 1.193
0.1789063000032911, 151, 273423.0, 1.193
0.1604665000049863, 152, 273352.0, 1.167
0.17121870000846684, 153, 273352.0, 1.167
0.1509619999997085, 154, 273352.0, 1.167
0.1849243999895407, 155, 273352.0, 1.167
0.166737399995327, 156, 273352.0, 1.167
0.1382512999989558, 157, 273352.0, 1.167
0.1738579000084428, 158, 273352.0, 1.167
0.16978480000398122, 159, 273352.0, 1.167
0.1889977000100771, 160, 273352.0, 1.167
0.16818849999981467, 161, 273352.0, 1.167
0.18057159999443684, 162, 273352.0, 1.167
0.16062749999400694, 163, 273352.0, 1.167
0.20899549999739975, 164, 273352.0, 1.167
0.17339500000525732, 165, 273352.0, 1.167
0.18013179999252316, 166, 273352.0, 1.167
0.16673939999600407, 167, 273352.0, 1.167
0.17910130000382196, 168, 273352.0, 1.167
0.18109940001158975, 169, 273352.0, 1.167
0.17093999999633525, 170, 273352.0, 1.167
0.1487368000089191, 171, 273352.0, 1.167
0.1668513000040548, 172, 273352.0, 1.167
0.17525229998864233, 173, 273352.0, 1.167
0.17169129999820143, 174, 273352.0, 1.167
0.2295334000082221, 175, 273352.0, 1.167
0.17361349999555387, 176, 273352.0, 1.167
0.1914449999894714, 177, 273352.0, 1.167
0.17520909999439027, 178, 273352.0, 1.167
0.17095620000327472, 179, 273352.0, 1.167
0.16954149999946821, 180, 273352.0, 1.167
0.17980660000466742, 181, 273352.0, 1.167
0.17014869999547955, 182, 273352.0, 1.167
0.15045100000861567, 183, 273352.0, 1.167
0.1689473000005819, 184, 273352.0, 1.167
0.19910889999300707, 185, 273352.0, 1.167
0.17204550000315066, 186, 273352.0, 1.167
0.22524320000957232, 187, 273352.0, 1.167
0.17039309999381658, 188, 273352.0, 1.167
0.17877210000006016, 189, 273352.0, 1.167
0.16611520000151359, 190, 273352.0, 1.167
0.2014900999929523, 191, 273352.0, 1.167
0.17388109999592416, 192, 273352.0, 1.167
0.18856599999708124, 193, 273352.0, 1.167
0.1640923999948427, 194, 273352.0, 1.167
0.15634820000559557, 195, 273352.0, 1.167
0.1846300000033807, 196, 273352.0, 1.167
0.17870370000309777, 197, 273352.0, 1.167
0.19366750000335742, 198, 273352.0, 1.167
0.16928709999774583, 199, 273352.0, 1.167
0.2090734999947017, 200, 273282.0, 1.141
0.21984859999793116, 201, 273282.0, 1.141
0.17732640000758693, 202, 273282.0, 1.141
0.19184849999146536, 203, 272958.0, 1.021
0.16949400000157766, 204, 272958.0, 1.021
0.20107090000237804, 205, 272958.0, 1.021
0.24021889999858104, 206, 272958.0, 1.021
0.202315999995335, 207, 272958.0, 1.021
0.16718060000857804, 208, 272958.0, 1.021
0.17838480000500567, 209, 272958.0, 1.021
0.15655909999622963, 210, 272958.0, 1.021
0.19526949999271892, 211, 272958.0, 1.021
0.19894729999941774, 212, 272958.0, 1.021
0.2138227000104962, 213, 272958.0, 1.021
0.17540169999119826, 214, 272958.0, 1.021
0.18921369999588933, 215, 272958.0, 1.021
0.1686082000087481, 216, 272958.0, 1.021
0.18559839999943506, 217, 272958.0, 1.021
0.16451289999531582, 218, 272958.0, 1.021
0.17852470000798348, 219, 272958.0, 1.021
0.1945957999996608, 220, 272958.0, 1.021
0.17488930000399705, 221, 272958.0, 1.021
0.20335789999808185, 222, 272958.0, 1.021
0.20367129999794997, 223, 272958.0, 1.021
0.17275599999993574, 224, 272958.0, 1.021
0.17812379999668337, 225, 272958.0, 1.021
0.1645386000018334, 226, 272958.0, 1.021
0.16293750000477303, 227, 272958.0, 1.021
0.17675040000176523, 228, 272958.0, 1.021
0.17033639999863226, 229, 272958.0, 1.021
0.17251020000549033, 230, 272958.0, 1.021
0.1800812000001315, 231, 272958.0, 1.021
0.19646200000715908, 232, 272958.0, 1.021
0.2073582000011811, 233, 272958.0, 1.021
0.15456310000445228, 234, 272958.0, 1.021
0.16380489998846315, 235, 272958.0, 1.021
0.16679089999524876, 236, 272958.0, 1.021
0.17071629999554716, 237, 272958.0, 1.021
0.19323379998968448, 238, 272958.0, 1.021
0.17891499999677762, 239, 272958.0, 1.021
0.19656079998821951, 240, 272958.0, 1.021
0.18522080000548158, 241, 272958.0, 1.021
0.19256660000246484, 242, 272958.0, 1.021
0.16482689999975264, 243, 272958.0, 1.021
0.19972010000492446, 244, 272958.0, 1.021
0.19726970000192523, 245, 272958.0, 1.021
0.17201439999917056, 246, 272958.0, 1.021
0.18418549999478273, 247, 272958.0, 1.021
0.19076680000580382, 248, 272958.0, 1.021
0.1683259999990696, 249, 272839.0, 0.977
0.21307330000854563, 250, 272839.0, 0.977
0.1981214999977965, 251, 272839.0, 0.977
0.22478730000148062, 252, 272839.0, 0.977
0.1740535999997519, 253, 272839.0, 0.977
0.1652440000034403, 254, 272839.0, 0.977
0.17563769999833312, 255, 272839.0, 0.977
0.19232250000641216, 256, 272839.0, 0.977
0.1675517999974545, 257, 272839.0, 0.977
0.1956376000016462, 258, 272839.0, 0.977
0.22697459999471903, 259, 272839.0, 0.977
0.18812229999457486, 260, 272839.0, 0.977
0.21070549999421928, 261, 272839.0, 0.977
0.20020469999872148, 262, 272839.0, 0.977
0.19839640001009684, 263, 272839.0, 0.977
0.17297909999615513, 264, 272839.0, 0.977
0.17108280000684317, 265, 272839.0, 0.977
0.1862350999872433, 266, 272839.0, 0.977
0.184774399996968, 267, 272839.0, 0.977
0.16726389998802915, 268, 272839.0, 0.977
0.15663610000046901, 269, 272839.0, 0.977
0.2512007000041194, 270, 272839.0, 0.977
0.2530906000029063, 271, 272839.0, 0.977
0.1654726999986451, 272, 272839.0, 0.977
0.18934450000233483, 273, 272839.0, 0.977
0.1773931000061566, 274, 272839.0, 0.977
0.18890280000050552, 275, 272671.0, 0.915
0.1973809000046458, 276, 272671.0, 0.915
0.21448780001082923, 277, 272671.0, 0.915
0.1782277000020258, 278, 272671.0, 0.915
0.18213469999318477, 279, 272671.0, 0.915
0.17238600000564475, 280, 272671.0, 0.915
0.17022240000369493, 281, 272671.0, 0.915
0.18767909999587573, 282, 272671.0, 0.915
0.20390530000440776, 283, 272671.0, 0.915
0.17616489999636542, 284, 272671.0, 0.915
0.19078670001181308, 285, 272671.0, 0.915
0.18565129999478813, 286, 272671.0, 0.915
0.18857450000359677, 287, 272671.0, 0.915
0.18209079999360256, 288, 272671.0, 0.915
0.15491209999890998, 289, 272671.0, 0.915
0.15653969999402761, 290, 272671.0, 0.915
0.17152119999809656, 291, 272671.0, 0.915
0.16877830000885297, 292, 272671.0, 0.915
0.18038469999737572, 293, 272671.0, 0.915
0.16953150001063477, 294, 272671.0, 0.915
0.22144029999617487, 295, 272671.0, 0.915
0.20628679999208543, 296, 272671.0, 0.915
0.16788789999554865, 297, 272671.0, 0.915
0.19595310000295285, 298, 272671.0, 0.915
0.16321590000006836, 299, 272671.0, 0.915
0.22555290001037065, 300, 272671.0, 0.915
0.17988359999435488, 301, 272671.0, 0.915
0.172001500002807, 302, 272671.0, 0.915
0.210972100001527, 303, 272671.0, 0.915
0.16683639999246225, 304, 272671.0, 0.915
0.2146359000034863, 305, 272671.0, 0.915
0.19927139999344945, 306, 272671.0, 0.915
0.1628939999936847, 307, 272671.0, 0.915
0.16948389999743085, 308, 272671.0, 0.915
0.16787070001009852, 309, 272671.0, 0.915
0.16293369999038987, 310, 272671.0, 0.915
0.17202199999883305, 311, 272671.0, 0.915
0.19282680000469554, 312, 272671.0, 0.915
0.17249009999795817, 313, 272671.0, 0.915
0.1619032999878982, 314, 272671.0, 0.915
0.18376359999820124, 315, 272671.0, 0.915
0.1941196999978274, 316, 272671.0, 0.915
0.13874070000019856, 317, 272671.0, 0.915
0.16366320000088308, 318, 272671.0, 0.915
0.1835331999900518, 319, 272671.0, 0.915
0.16874690000258852, 320, 272572.0, 0.878
0.21756859999732114, 321, 272572.0, 0.878
0.20555770001374185, 322, 272572.0, 0.878
0.18197569999028929, 323, 272502.0, 0.852
0.16164940000453498, 324, 272364.0, 0.801
0.20641210000030696, 325, 272364.0, 0.801
0.23544099999708124, 326, 272364.0, 0.801
0.18632300000172108, 327, 272364.0, 0.801
0.1571018999966327, 328, 272364.0, 0.801
0.18655059998854995, 329, 272364.0, 0.801
0.1773109000059776, 330, 272364.0, 0.801
0.17278440001246054, 331, 272364.0, 0.801
0.19672170000558253, 332, 272364.0, 0.801
0.17412250000052154, 333, 272364.0, 0.801
0.1684774000023026, 334, 272364.0, 0.801
0.19246710000152234, 335, 272364.0, 0.801
0.18083990000013728, 336, 272364.0, 0.801
0.20277139999961946, 337, 272364.0, 0.801
0.1860888000082923, 338, 272364.0, 0.801
0.18840099999215454, 339, 272364.0, 0.801
0.17943089999607764, 340, 272364.0, 0.801
0.16647950001060963, 341, 272364.0, 0.801
0.2080744999984745, 342, 272364.0, 0.801
0.16439989999344107, 343, 272364.0, 0.801
0.17976520000956953, 344, 272364.0, 0.801
0.20642859999497887, 345, 272364.0, 0.801
0.14618219999829307, 346, 272364.0, 0.801
0.19448360000387765, 347, 272364.0, 0.801
0.1596234999888111, 348, 272364.0, 0.801
0.1665457999915816, 349, 272364.0, 0.801
0.15772139999899082, 350, 272364.0, 0.801
0.15852559999621008, 351, 272364.0, 0.801
0.1784097999916412, 352, 272364.0, 0.801
0.1887840999988839, 353, 272364.0, 0.801
0.20350989999133162, 354, 272364.0, 0.801
0.1722765000013169, 355, 272364.0, 0.801
0.2416501999978209, 356, 272364.0, 0.801
0.2156049999903189, 357, 272364.0, 0.801
0.18411709999782033, 358, 272364.0, 0.801
0.18060849999892525, 359, 272364.0, 0.801
0.162327699988964, 360, 272364.0, 0.801
0.18286559999978635, 361, 272364.0, 0.801
0.18468410000787117, 362, 272364.0, 0.801
0.16069440000865143, 363, 272364.0, 0.801
0.16344080000999384, 364, 272364.0, 0.801
0.19232360000023618, 365, 272364.0, 0.801
0.16960090000065975, 366, 272364.0, 0.801
0.16429239998979028, 367, 272364.0, 0.801
0.15640400000847876, 368, 272364.0, 0.801
0.22621529999014456, 369, 272364.0, 0.801
0.17252220000955276, 370, 272364.0, 0.801
0.1575615000037942, 371, 272364.0, 0.801
0.16858690000663046, 372, 272364.0, 0.801
0.16246700000192504, 373, 272364.0, 0.801
0.17890040000202134, 374, 272364.0, 0.801

tour:
[ 970   33  529  140  971   60  106  972  973  746  220 1278  975  974
   10  528   34  527  526  525  524  523  522  521  520  337  306 1215
 1175  870 1039 1086   35  886  141 1084   61  107 1180   11 1127  221
  747  877  876  875  108   62  874  142  873   36  872  871 1120 1119
  879  963  307  838  338 1118  823 1117  507 1064 1101 1029 1075  780
  900 1116 1081  920  605  248  668 1295  789  247  791  755  754  753
  752  751  750  749  758  790  246  604  919 1080  918  603  245  667
  757  693  692  691  690  689  688  687  686  272  710  821  820  819
  818  713  817  816  815  619  814  813  812  422  429  811  493  810
  809  808  480  740  743  805   16  677  153  989 1183  832  178  395
  226  638  500 1111  842  936 1008  621  639  227  396  179  833 1184
  990  154  678   17  806  744  741  738  986  951  997  481  998 1019
  685  494  423  683  737  736  735  734  733  732  731   18  679  155
  730  729  728  180  397  228  640  622  501  727  726  725  724  723
  323  290  722  199   52  721  457  184  133   53  200 1106  291  324
 1109 1009  937  843 1112  502  623  641  229  398  181  834 1185  991
  156  680   19  807  745  742  945  988  993  987  952 1195  482  684
  495  370  371  372  373  374  375  376  377  378  379  380  381  382
  273  977  913  908  891  981 1124 1128  249  606  921 1082 1129  901
  781  557  558  559  560 1260  537  538  539  509 1030 1078 1065  508
 1079  824  339  839  308  964  880 1178  309  340  540  541  542  543
  544  545  546  547   37  548  143  549   63  561  217  218  219  270
  269  212  268  267  109   64  165  932 1288  144   38  316  315  314
  313  312  311  310  840  341  931  825  530  510  930  929  928  927
  926  550  782  903  925  924  923  902 1222 1083  922  607  250  669
  915 1214 1125  982  892  909  914  978  274 1000  711 1213 1212 1139
 1016  715 1014  714 1013  996  361  415  414  413  412  411  410  409
  408  407  406   20  405  404  403  402  401  836 1186  992  681  157
  985  984  835  182  399  183  400  230  642  624  503 1113  844  938
 1010 1110  325  292 1107  201   54  134  185  458 1199 1204 1203 1202
 1136 1225 1224 1189 1176  122 1226 1200  459  186  135   55 1286  202
  203  204  205  206  939  946 1011  845  504  625  643  231 1279  158
  739  950  491  416  363  578  579  580  581  705  620  362  846  847
  716  706  707  708 1297 1272 1296 1298  599  598  597  596  595  594
  593  592  591  275  590  589  588  587  586  585  584  583  582 1317
  995  717 1162 1159 1017 1219 1114 1001 1002  276 1126  979  944  905
 1271 1284 1020 1115  670  252 1273  600  251  601 1130 1085 1210 1220
  904  783  551 1076 1031 1166 1032 1060 1061 1062  511  531  826 1077
  342  841  965  881 1208 1003 1121 1040 1087   39  145 1187  166   65
  110 1181 1170  213  748  759  786   12  787   13  788 1209 1177    4
  762    5 1198    3 1211 1205  763    0   14  116 1197 1135  214 1134
  264   67 1182  160 1165 1042   27 1006 1216  884 1172  345  829  534
  514 1206 1102 1167 1033  513  533  828  344 1171 1188  883 1196 1005
   26 1041 1319 1164  159  138  163  164  167   66  263 1169 1320  115
  761  760  114  113  112  111 1239   32   31   30 1004 1174  882 1266
  962  961  343  827 1304  532  512  960  959  958  957  956  553  552
  784  804  803  802  801  800  799  253  798  797  796  795  277  794
  793  792  654  655  656  657  658  659  660  278  661 1245 1280 1276
  662  663  664  665 1321  241  242  243  254  895  896  897  898  899
 1300 1059 1221  785  554  774  775  776  777  778  779  555 1027 1168
 1103 1207  515  535  830  346 1173  885 1217 1007   28 1043  161 1044
  139 1045 1046   68  265 1047  215  281  117  282    1  283  284  285
  286  287  288  335  334  333  332    2  331  118  330  216  329  266
   69  328 1249 1269 1270  868  162  867   29  866  865  864  863  347
  862  831  536  516  861  860  859  858  556 1322  857  856  855  854
  853  852  851  850  849 1268 1267 1254 1255  452  451  450  449  448
  447  446  445  444  443  442 1283 1282 1275  943  911  942  369  420
  485  577  941   25   73  894  490  888  176  148  433  434  435  436
  437  438   72   24  439  440  441  368  764  765  766  719  767  768
  769  280  770  771  772  773  240 1299  906  980  279 1026 1133  718
  848  983  367  419 1264  484  418  366  653  365 1308  364  417 1179
 1149  483  704  575  652 1318  576  955   23   71  893  489  887  954
  147  175  953 1281 1258 1265  174  701  146  702  703 1263  682   70
   22   21  151  150  149  949  837  173  232  644  626  505  948  947
  940  207  425  424  208 1293 1259  645  233  627  496  700 1247 1248
 1292  636  209  426  637  628  497  629  498  326  261   58  132  317
  318  319  320  321  327  210  427  499  630  222  431  432 1294  223
  631  295  294  211  293  262 1108 1191 1190   59 1237   84   83 1236
   82   81 1235   80  917  456  105 1105  197 1163  635  567 1025  651
  353  934 1315 1158 1145 1148 1142 1157  301  239 1155  258   76    9
   43  121  384  168  354 1012   42    8   75  257 1048  238  300 1049
 1050 1051 1316 1052 1055  933 1274  352  650 1024  566  634 1056  196
 1057 1058  305  916  455  104 1036 1035  195 1034  633  565 1023  649
  351  564  569  563  648  350 1022 1054 1161 1144 1147 1141 1156  299
  237 1154  256   74 1234 1314 1143 1160 1053 1021  349  568  562  632
  646  302  303  304  193  570  194  571  572  573  103  454 1037  430
 1285  647  453  574  131  720 1104 1291  130  129  128  102  127  126
  125  124  192  191  488  487  486  348  675  674  673  672 1287 1072
 1071 1070 1069  298 1068  236 1067  255 1246 1312 1243   79  360 1066
    7   41  120  356  172  170  169  355 1218 1038 1311 1310 1302 1303
  383  171  119 1132   40  357    6  359   78  260  235  297 1242 1150
 1151 1152 1140 1146 1073  671 1307 1153 1250  190  123  676 1095 1096
 1097 1094  101 1098 1099  462 1313  189  697  698  699 1238   57  137
  188   56  136  187  460 1194 1193 1192 1137  461 1201 1227  100   99
   98   97   96   95   94   93   92   91 1290   90   89   88   87   86
   85 1093 1092 1091 1090 1089  296  234  259   77  358 1088 1253 1252
 1309 1301 1251 1289   44 1232   45   46   47   48   49   50   51 1233
 1244 1240 1241  198  385  289  322  386  387  388  389  390  391  392
  225  393  935 1305 1306 1256  463  464  465  224  394  177  466  467
  468  152  469   15  470  471  472  473  474  475  476  477  478  479
 1257 1018  889  492 1231  428  421 1131 1230  910  618  994 1229  712
 1015 1138 1228 1223  709  999  271  976  912  907  890  822 1122  694
  756  666 1123  695  696  244  602 1261  608  609  610  611  612  613
  614  615  506 1074 1028 1100 1063  517  518  519  616  336  617 1262
 1277  966  878  967  968  869  969]

eliteFit: 272364.0
percentError: 0.8012612926028593
computationTime: 76.247s