instanceName: rl1323
n: 1323
optFit: 270199

genTime, gen, eliteFit, percentError:
0.0016983000095933676, 0, 9535037.0, 3428.894
1.1832820999989053, 1, 297423.0, 10.076
0.678917299999739, 2, 290061.0, 7.351
0.7295349000050919, 3, 288172.0, 6.652
0.7169395999953849, 4, 287689.0, 6.473
0.6388624999963213, 5, 283053.0, 4.757
0.6581411999941338, 6, 283053.0, 4.757
0.6238725999864982, 7, 281852.0, 4.313
0.632643700009794, 8, 279861.0, 3.576
0.6873957000061637, 9, 279861.0, 3.576
0.6403530999959912, 10, 279592.0, 3.476
0.6224307999946177, 11, 278439.0, 3.050
0.637301299997489, 12, 278135.0, 2.937
0.5866888000018662, 13, 278135.0, 2.937
0.6491181999881519, 14, 277852.0, 2.832
0.6365919999952894, 15, 276812.0, 2.447
0.5511414000065997, 16, 276812.0, 2.447
0.5962442999880295, 17, 276467.0, 2.320
0.53921299999638, 18, 276467.0, 2.320
0.5441660999931628, 19, 275526.0, 1.972
0.4949708000058308, 20, 275526.0, 1.972
0.4482273999892641, 21, 274880.0, 1.732
0.3891100000037113, 22, 274693.0, 1.663
0.32841619999089744, 23, 274622.0, 1.637
0.3342121000023326, 24, 274268.0, 1.506
0.2750314000004437, 25, 274255.0, 1.501
0.24008970000431873, 26, 274140.0, 1.459
0.19653159999870695, 27, 274069.0, 1.432
0.2709300999995321, 28, 274034.0, 1.419
0.20034890000533778, 29, 273906.0, 1.372
0.28069610000238754, 30, 273835.0, 1.346
0.23045960000308696, 31, 273835.0, 1.346
0.1989319999993313, 32, 273835.0, 1.346
0.18198710000433493, 33, 273835.0, 1.346
0.17213679999986198, 34, 273749.0, 1.314
0.19787940000242088, 35, 273749.0, 1.314
0.2398049000039464, 36, 273749.0, 1.314
0.25042860000394285, 37, 273749.0, 1.314
0.3621597000019392, 38, 273749.0, 1.314
0.4529556000052253, 39, 273749.0, 1.314
0.3576776999980211, 40, 273626.0, 1.268
0.20686160000332166, 41, 273626.0, 1.268
0.2196780999947805, 42, 273626.0, 1.268
0.20566160000453237, 43, 273626.0, 1.268
0.1711180999991484, 44, 273626.0, 1.268
0.18542389999493025, 45, 273626.0, 1.268
0.16717799998878036, 46, 273265.0, 1.135
0.17371980000461917, 47, 273265.0, 1.135
0.17980299999180716, 48, 273265.0, 1.135
0.18690459999197628, 49, 273265.0, 1.135
0.17970529999001883, 50, 273265.0, 1.135
0.18207569999503903, 51, 273265.0, 1.135
0.16568170000391547, 52, 273265.0, 1.135
0.18903019999561366, 53, 273265.0, 1.135
0.16473070000938606, 54, 272965.0, 1.024
0.17682090000016615, 55, 272965.0, 1.024
0.17755429999670014, 56, 272965.0, 1.024
0.2498844000074314, 57, 272765.0, 0.950
0.1696611999941524, 58, 272615.0, 0.894
0.18238469999050722, 59, 272615.0, 0.894
0.19133810000494123, 60, 272615.0, 0.894
0.2040425999875879, 61, 272615.0, 0.894
0.2295425000047544, 62, 272615.0, 0.894
0.17034730000887066, 63, 272615.0, 0.894
0.17571700000553392, 64, 272615.0, 0.894
0.2063173999922583, 65, 272615.0, 0.894
0.181524100000388, 66, 272615.0, 0.894
0.17086769999878015, 67, 272615.0, 0.894
0.17207309999503195, 68, 272546.0, 0.869
0.15964559999702033, 69, 272546.0, 0.869
0.19241040000633802, 70, 272546.0, 0.869
0.21082100000057835, 71, 272546.0, 0.869
0.1629668999958085, 72, 272546.0, 0.869
0.19262300000991672, 73, 272546.0, 0.869
0.19880629998806398, 74, 272546.0, 0.869
0.16609699999389704, 75, 272546.0, 0.869
0.18442510000022594, 76, 272546.0, 0.869
0.24292699999932665, 77, 272546.0, 0.869
0.17948049999540672, 78, 272546.0, 0.869
0.17481260000204202, 79, 272546.0, 0.869
0.19525819999398664, 80, 272546.0, 0.869
0.19238600000971928, 81, 272546.0, 0.869
0.1674012000003131, 82, 272546.0, 0.869
0.2058876999944914, 83, 272546.0, 0.869
0.17017729999497533, 84, 272546.0, 0.869
0.1811158000055002, 85, 272546.0, 0.869
0.16710299999976996, 86, 272546.0, 0.869
0.19098169999779202, 87, 272546.0, 0.869
0.17869909999717493, 88, 272546.0, 0.869
0.16953310000826605, 89, 272546.0, 0.869
0.16134239999519195, 90, 272546.0, 0.869
0.2041429000091739, 91, 272546.0, 0.869
0.20433480000065174, 92, 272546.0, 0.869
0.15946850000182167, 93, 272546.0, 0.869
0.1748364999948535, 94, 272546.0, 0.869
0.18764530000044033, 95, 272546.0, 0.869
0.1822785000113072, 96, 272546.0, 0.869
0.17856010000105016, 97, 272546.0, 0.869
0.16742310000699945, 98, 272546.0, 0.869
0.1771876999991946, 99, 272546.0, 0.869
0.16200519999256358, 100, 272546.0, 0.869
0.193314799995278, 101, 272546.0, 0.869
0.15838940000685398, 102, 272546.0, 0.869
0.19151639999472536, 103, 272546.0, 0.869
0.17417340000974946, 104, 272546.0, 0.869
0.15855620001093484, 105, 272546.0, 0.869
0.16240539999853354, 106, 272546.0, 0.869
0.18024850000801962, 107, 272546.0, 0.869
0.18745140000828542, 108, 272546.0, 0.869
0.1601436999917496, 109, 272403.0, 0.816
0.17906809999840334, 110, 272403.0, 0.816
0.18947409999964293, 111, 272403.0, 0.816
0.18162709999887738, 112, 272403.0, 0.816
0.21599860000424087, 113, 272403.0, 0.816
0.15622849999635946, 114, 272403.0, 0.816
0.18102630000794306, 115, 272403.0, 0.816
0.1719678999943426, 116, 272403.0, 0.816
0.21603399999730755, 117, 272403.0, 0.816
0.19442720001097769, 118, 272403.0, 0.816
0.20318739999493118, 119, 272403.0, 0.816
0.16876039998896886, 120, 272403.0, 0.816
0.18228480000107083, 121, 272403.0, 0.816
0.1690058000094723, 122, 272403.0, 0.816
0.1582782000041334, 123, 272403.0, 0.816
0.16696000000229105, 124, 272403.0, 0.816
0.20002600000589155, 125, 272403.0, 0.816
0.1749110000091605, 126, 272403.0, 0.816
0.19728339998982847, 127, 272403.0, 0.816
0.18308459999389015, 128, 272382.0, 0.808
0.20059400000900496, 129, 272382.0, 0.808
0.17090089998964686, 130, 272382.0, 0.808
0.2191778999986127, 131, 272382.0, 0.808
0.16235620000225026, 132, 272382.0, 0.808
0.1750027000089176, 133, 272382.0, 0.808
0.1873630000045523, 134, 272382.0, 0.808
0.1756535000022268, 135, 272382.0, 0.808
0.2178565000067465, 136, 272200.0, 0.741
0.1793589000008069, 137, 272200.0, 0.741
0.20948849999695085, 138, 272200.0, 0.741
0.24550829999498092, 139, 272200.0, 0.741
0.21671639999840409, 140, 272200.0, 0.741
0.1578142999933334, 141, 272200.0, 0.741
0.1812074999907054, 142, 272200.0, 0.741
0.16792540000460576, 143, 272200.0, 0.741
0.18618259999493603, 144, 272200.0, 0.741
0.18015709999599494, 145, 272200.0, 0.741
0.15173139999387786, 146, 272200.0, 0.741
0.20646650000708178, 147, 272200.0, 0.741
0.1733626000059303, 148, 272200.0, 0.741
0.1792585999937728, 149, 272200.0, 0.741
0.21553700001095422, 150, 272200.0, 0.741
0.1822262000059709, 151, 272200.0, 0.741
0.2086466000037035, 152, 272200.0, 0.741
0.21043059999647085, 153, 272200.0, 0.741
0.1606781000009505, 154, 272200.0, 0.741
0.1441363000049023, 155, 272200.0, 0.741
0.17366850000689737, 156, 272200.0, 0.741
0.159158499998739, 157, 272200.0, 0.741
0.16706829999748152, 158, 272200.0, 0.741
0.17106950000743382, 159, 272200.0, 0.741
0.17946800000208896, 160, 272200.0, 0.741
0.20917760000156704, 161, 272200.0, 0.741
0.18301480000081938, 162, 272200.0, 0.741
0.19979630000307225, 163, 272200.0, 0.741
0.17681479999737348, 164, 272200.0, 0.741
0.17071829999622423, 165, 272200.0, 0.741
0.24616249999962747, 166, 272200.0, 0.741
0.22383489999629091, 167, 272200.0, 0.741
0.21308079999289475, 168, 272200.0, 0.741
0.20216349999827798, 169, 272200.0, 0.741
0.19180780000169761, 170, 272200.0, 0.741
0.18000540000502951, 171, 272200.0, 0.741
0.15758649999042973, 172, 272200.0, 0.741
0.1509829999995418, 173, 272200.0, 0.741
0.18359800000325777, 174, 272200.0, 0.741
0.17655269999522716, 175, 272200.0, 0.741
0.17167429999972228, 176, 272200.0, 0.741
0.17107209999812767, 177, 272200.0, 0.741
0.1840202000021236, 178, 272200.0, 0.741
0.17958189999626484, 179, 272200.0, 0.741
0.18530199999804609, 180, 272200.0, 0.741
0.19680389999120962, 181, 272200.0, 0.741
0.16460319999896456, 182, 272200.0, 0.741
0.20132389999344014, 183, 272200.0, 0.741
0.20006490001105703, 184, 272200.0, 0.741
0.17206100000476, 185, 272200.0, 0.741
0.17874859999574255, 186, 272200.0, 0.741

tour:
[ 926  550  782  903  925  924  923  902 1222 1083  922  607  250  669
  915 1214 1125  982  892  909  914  978  274 1000  711 1213 1212 1139
 1016  715 1014  714 1013  996  361  993  988  945  681  157  985  984
  835  182  399  992 1186  836  183  400  230  642  624  503 1113  844
  938 1010 1110  325  292 1107  201   54  134  185  458 1199 1204 1203
 1202 1136 1225 1224 1189 1176  122 1226 1200  459  186  135   55 1286
  202  203  204  205  206  939  946 1011  845  504  625  643  231  401
  402  403  404  405   20  406  407  408  409  410  411  412  413  414
  415  362  846  847  716  620  705  706  707  708 1297 1272 1296 1298
  598  597  596  595  594  593  592  591  275  590  589  588  587  586
  585  584  583  582  581  580  579  578  363  416  995  717 1317 1162
 1159 1017 1219 1114 1001 1002  276 1126  979  944  905 1271 1284 1020
 1115  670  252 1273  599  600  251  601 1130 1085 1210 1220  904  783
  551 1076 1031 1166  511  531  826 1077  342  841  965  881 1208 1003
 1121 1040 1087   39  145 1187  166   65  110 1181 1170  213  748  759
  786   12  787    4 1177 1209  788   13  114  113  112  111 1239   32
   31   30 1004 1174  882 1266  962  961  343  827  532  512 1304 1062
 1061 1060 1032  552  784  804  803  802  801  800  799  253  553  956
  957  958  959  960  513  533  828  344 1171 1188  883 1196 1005   26
 1041 1319 1164  159  138  163  164  167   66  263 1169 1320  115  760
  761  762    5 1198 1211 1205  763    0    3   14  116 1197 1135  214
 1134  264   67 1182  160 1165 1042   27 1006 1216  884 1172  345  829
  534  514 1206 1102 1167 1033  554  785 1221 1059 1300  899  898  897
  896  895  254  243  242  241 1321 1299  906  980  279 1026  280  770
  771  772  773  240  774  775  776  777  778  779  555 1027 1168 1103
 1207  515  535  830  346 1173  885 1217 1007   28 1043  161 1044  139
 1045 1046   68  265 1047  215  281  117  282    1  283  284  285  286
  287  288  335  334  333  332    2  331  118  330  216  329  266   69
  328 1249 1269 1270  868  162  867   29  866  865  864  863  347  862
  831  536  516  861  860  859  858  556 1322  857  856  855  854  853
  852  851  850  849 1268 1267 1254 1255  452  451  450  449  448  447
  446  445  444  443  442 1283 1282 1275  943  911  942  369  420  485
  577  941   25   73  894  490  888  176  148  433  434  435  436  437
  438   72   24  439  440  441  368  764  765  766  719  767  768  769
 1133  718  848  983  367  419 1264  366  653  654  655  656  657  658
  659  660  661  278  662  663  664  665 1276 1280 1245  798  797  796
  795  277  794  793  792  364  417 1179 1149 1308  365  418  484  575
  652 1318  576  955   23   71  893  489  887  954  147  175  953  629
  498  326  261   58  132  430  317  318  319  320  321  327  210  427
  499  630  222  431  432 1294  223  631  295  294  211  293  262 1108
 1191 1190   59 1237   84   83 1236   82   81 1235   80  917  456  105
  305 1058 1057  196 1056  634 1105  197 1163  635  567 1025  651  353
  934 1158 1145 1148 1142 1157  301  239 1155  258   76    9   43  121
  384  168  354 1012   42    8   75  257 1048  238  300 1049 1050 1051
 1316 1052 1055 1315  933  352  650 1024  566 1274  351  649 1023  565
  633 1034  195 1035 1036  104  455  916  454 1037 1285  103  573  572
  571  194  570  564  569  563  648  350 1022 1054 1161 1144 1147 1141
 1314 1156  299  237 1154  256   74 1234  255 1067  236 1068  298 1069
 1070 1071 1246 1312 1243   79  360 1066    7   41  120  356  172  170
  169  355 1218 1038  383  171  119 1132 1311 1310 1302 1303   40  357
    6  359   78  260  235  297 1150 1151 1152 1140 1146 1073  671 1307
 1153 1250  190  123  676 1095 1096 1097 1094  101 1098  462 1099 1227
 1201  461  188  137   57 1238  699  698  697  189 1313  130  129  128
  102  127  126  125  124  192  191  488  487  486  348  675  674  673
  672 1287 1072 1143 1160 1053 1021  349  568  562  632  646  302  193
  303  304  453  647  574  131  720 1104 1291 1247 1248 1292  636  209
  426  637  497  628 1281 1258 1265  174  701  233  627  496  700  208
  424  425 1293 1259  645  146  702  703 1263  682   70   21   22  704
  483  491  950  739  158 1279  173  837  949  151  150  149  232  644
  626  505  948  947  940  207   56  136  187  460 1194 1193 1192 1137
  100   99   98   97   96   95   94   93   92   91 1290   90   89   88
   87   86   85 1093 1092 1091 1090 1089  296  234 1242  259   77  358
 1088 1253 1252 1309 1301 1251 1289   44 1232   45   46   47   48   49
   50   51 1233 1244 1240 1241  198  385  289  322  386  387  388  389
  390  391  392  225  393  935 1305 1306 1256  463  464  465  224  394
  177  466  467  468  152  469   15  470  471  472  473  474  475  476
  477  478  479 1257 1018  889  492 1231  428  421 1131 1230  910  618
  994 1229  712 1015 1138 1228 1223  709  999  271  976  912  907  890
  822 1122  694  756  666 1261  608  609  610  611  612  613  614  615
  506 1074 1028 1100 1063  517  518  519  616  336  617 1262 1277  966
  878  967  968  869  969  970   33  529  140  971   60  106  972  973
  746  220 1278  975  974   10  528   34  527  526  525  524  523  522
  521  520  337  306 1215 1175  870 1039 1086   35  886  141 1084   61
  107 1180   11 1127  221  747  877  876  875  108   62  874  142  873
   36  872  871 1120 1119  879  963  307  838  338 1118  823 1117  507
 1064 1101 1029 1075  780  900 1116 1081  920  605  248  668 1295  789
  791  247  919  604  246  790  758  755  754  753  752  751  750  749
  686  687  688  689  690  691  692  693  757  667  245  603  918 1080
  602  244  696  695 1123  272  710  821  820  819  818  713  817  816
  815  619  814  813  812  422  429  811  493  810  809  808  480  740
  743  805   16  677  153  989 1183  832  178  395  226  638  500 1111
  842  936 1008  621  639  227  396  179  833 1184  990  154  678   17
  806  744  741  738  986  951  997  481  998 1019  685  494  423  683
  737  736  735  734  733  732  731   18  679  155  730  729  728  180
  397  228  640  622  501  727  726  725  724  723  323  290  722  199
   52  721  457  184  133   53  200 1106  291  324 1109 1009  937  843
 1112  502  623  641  229  398  181  834 1185  991  156  680   19  807
  745  742  987  952 1195  482  684  495  370  371  372  373  374  375
  376  377  378  379  380  381  382  273  977  913  908  891  981 1124
 1128  249  606  921 1082 1129  901  781  557  558  559  560 1260  537
  538  539  509 1030 1078 1065  508 1079  824  339  839  308  964  880
 1178  309  340  540  541  542  543  544  545  546  547   37  548  143
  549   63  561  217  218  219  270  269  212  268  267  109   64  165
  932 1288  144   38  316  315  314  313  312  311  310  840  341  931
  825  530  510  930  929  928  927]

eliteFit: 272200.0
percentError: 0.7405652870661994
computationTime: 45.722s