instanceName: pr2392
n: 2392
optFit: 378032

genTime, gen, eliteFit, percentError:
0.0034161000003223307, 0, 14737102.0, 3798.374
5.425493699999606, 1, 425268.0, 12.495
2.9023613999997906, 2, 422184.0, 11.679
2.9443164999993314, 3, 419833.0, 11.058
2.9650049000001673, 4, 415257.0, 9.847
2.9945068999995783, 5, 414204.0, 9.569
2.959776200000306, 6, 412238.0, 9.048
2.9757237000003443, 7, 412238.0, 9.048
2.8358680999999706, 8, 411484.0, 8.849
3.0710847000000285, 9, 409717.0, 8.382
2.614903200000299, 10, 408691.0, 8.110
2.6079348999992362, 11, 408691.0, 8.110
2.6464260999991893, 12, 407267.0, 7.733
2.461822000000211, 13, 406058.0, 7.414
2.3734646000002613, 14, 405744.0, 7.331
2.4779678000004424, 15, 405744.0, 7.331
2.549794700000348, 16, 404771.0, 7.073
2.573884800000087, 17, 403604.0, 6.765
2.608711200000471, 18, 403604.0, 6.765
2.4708974999994098, 19, 403604.0, 6.765
2.1728338000002623, 20, 402839.0, 6.562
2.2157477000000654, 21, 402197.0, 6.392
1.5848703999999998, 22, 402197.0, 6.392
1.698013400000491, 23, 402197.0, 6.392
2.0511089999999967, 24, 401760.0, 6.277
1.6380435999999463, 25, 401760.0, 6.277
1.594090500000675, 26, 401283.0, 6.151
1.8533152999998492, 27, 401283.0, 6.151
1.7162592999993649, 28, 400654.0, 5.984
1.480421600000227, 29, 399856.0, 5.773
1.5463961999994353, 30, 399410.0, 5.655
1.727387899999485, 31, 399103.0, 5.574
1.82446710000022, 32, 399079.0, 5.568
1.7579040999999052, 33, 398994.0, 5.545
1.8244079999994938, 34, 398464.0, 5.405
1.543166100000235, 35, 398464.0, 5.405
1.5538726999993742, 36, 398300.0, 5.361
1.5513154000000213, 37, 398062.0, 5.298
1.4661293999997724, 38, 397908.0, 5.258
1.4565702999998393, 39, 397388.0, 5.120
1.7527688000000126, 40, 397245.0, 5.082
1.4817244000005303, 41, 397012.0, 5.021
1.5698835999992298, 42, 396727.0, 4.945
1.229021100000864, 43, 396727.0, 4.945
1.6182902000000468, 44, 396218.0, 4.811
1.427597899999455, 45, 395826.0, 4.707
1.8139262000004237, 46, 395617.0, 4.652
1.6587640000007013, 47, 395617.0, 4.652
1.4464118999994753, 48, 395526.0, 4.628
1.2317683999999645, 49, 395352.0, 4.582
0.9881256999997277, 50, 395006.0, 4.490
0.8232190999997329, 51, 394914.0, 4.466
0.6563201999997545, 52, 394890.0, 4.459
0.6108464999997523, 53, 394691.0, 4.407
0.5979628000004595, 54, 394599.0, 4.382
0.5894489000002068, 55, 394504.0, 4.357
0.5531877000003078, 56, 394349.0, 4.316
0.7264665000002424, 57, 394295.0, 4.302
0.6327367000003505, 58, 394222.0, 4.283
0.6702322999999524, 59, 394012.0, 4.227
1.3635580000000118, 60, 394012.0, 4.227
1.0379032000000734, 61, 393781.0, 4.166
1.3704748000000109, 62, 393512.0, 4.095
1.4972136000005776, 63, 393512.0, 4.095
1.6965461999998297, 64, 393512.0, 4.095
1.6297904000002745, 65, 393512.0, 4.095
1.2550945000002685, 66, 393498.0, 4.091
0.659463500000129, 67, 393459.0, 4.081
0.6299885999997059, 68, 393005.0, 3.961
0.5877913999993325, 69, 393005.0, 3.961
0.7893192999999883, 70, 392759.0, 3.896
0.5907307999996192, 71, 392706.0, 3.882
0.6500650999996651, 72, 392656.0, 3.868
0.7777790999998615, 73, 392529.0, 3.835
0.5713369000004604, 74, 392529.0, 3.835
0.5287433999992572, 75, 392529.0, 3.835
0.5570298000002367, 76, 392515.0, 3.831
0.601100700000643, 77, 392515.0, 3.831
0.6748229999993782, 78, 392515.0, 3.831
0.7287379999997938, 79, 392515.0, 3.831
0.7726058999996894, 80, 392153.0, 3.735
0.7400776000004043, 81, 392153.0, 3.735
1.114158899999893, 82, 392116.0, 3.726
0.9306423999996696, 83, 392116.0, 3.726
1.0621825000007448, 84, 392116.0, 3.726
1.4102457999997569, 85, 392086.0, 3.718
1.7370147999999972, 86, 392086.0, 3.718
1.3568113999999696, 87, 391995.0, 3.694
0.6766842999995788, 88, 391967.0, 3.686
0.6791721999998117, 89, 391967.0, 3.686
0.6792413000002853, 90, 391846.0, 3.654
0.7252437999995891, 91, 391846.0, 3.654
0.545990300000085, 92, 391846.0, 3.654
0.5460144999997283, 93, 391846.0, 3.654
0.595291200000247, 94, 391846.0, 3.654
0.5374428999994052, 95, 391846.0, 3.654
0.5701520000002347, 96, 391796.0, 3.641
0.564933700000438, 97, 391796.0, 3.641
0.5422030999998242, 98, 391796.0, 3.641
0.5430164999997942, 99, 391767.0, 3.633
0.5561697000002823, 100, 391767.0, 3.633
0.5820085999994262, 101, 391767.0, 3.633
0.5900605999995605, 102, 391767.0, 3.633
0.6320030999995652, 103, 391767.0, 3.633
0.5859478000002127, 104, 391767.0, 3.633
0.6615666000006968, 105, 391767.0, 3.633
0.7279583999998067, 106, 391767.0, 3.633
0.5491916000000856, 107, 391767.0, 3.633
0.6960927999998603, 108, 391767.0, 3.633
0.5852826999998797, 109, 391767.0, 3.633
0.5275812999998379, 110, 391767.0, 3.633
0.5742987000003268, 111, 391767.0, 3.633
0.5507983999996213, 112, 391767.0, 3.633
0.5002623999998832, 113, 391767.0, 3.633
0.591884200000095, 114, 391767.0, 3.633
0.6290312999999514, 115, 391767.0, 3.633
0.5838881999998193, 116, 391767.0, 3.633
0.5901561999999103, 117, 391661.0, 3.605
0.5712290999999823, 118, 391661.0, 3.605
0.6006488999992143, 119, 391355.0, 3.524
0.860615599999619, 120, 391230.0, 3.491
0.8789345000004687, 121, 391230.0, 3.491
1.047693800000161, 122, 391230.0, 3.491
0.7294425999998566, 123, 391230.0, 3.491
0.5525785999998334, 124, 391230.0, 3.491
0.5240374000004522, 125, 391230.0, 3.491
0.5632967000001372, 126, 391230.0, 3.491
0.587126200000057, 127, 391230.0, 3.491
0.521896100000049, 128, 391230.0, 3.491
0.6922131999999692, 129, 391230.0, 3.491
0.5611682999997356, 130, 391230.0, 3.491
0.7242989000005764, 131, 391230.0, 3.491
0.5868615999997928, 132, 391230.0, 3.491
0.5717439000000013, 133, 391230.0, 3.491
0.5326545000007172, 134, 391230.0, 3.491
0.6221453000007386, 135, 391230.0, 3.491
0.6341222999999445, 136, 391230.0, 3.491
0.6290662999999768, 137, 391230.0, 3.491
0.7616664999995919, 138, 391230.0, 3.491
0.5914191000001665, 139, 391230.0, 3.491
0.6058939000004102, 140, 391230.0, 3.491
0.5519964999994045, 141, 391230.0, 3.491
0.6229057999998986, 142, 391230.0, 3.491
0.6508487000000969, 143, 391230.0, 3.491
0.5687647999993715, 144, 391230.0, 3.491
0.5552156000003379, 145, 391230.0, 3.491
0.7354625999996642, 146, 391230.0, 3.491
0.5215232999998989, 147, 391230.0, 3.491
0.7246690000001763, 148, 391230.0, 3.491
0.5757862000000387, 149, 391230.0, 3.491
0.6120789999995395, 150, 391230.0, 3.491
0.5317360999997618, 151, 391230.0, 3.491
0.6852005000000645, 152, 391230.0, 3.491
0.5401505999998335, 153, 391230.0, 3.491
0.5825808999998117, 154, 391230.0, 3.491
0.6132325999997192, 155, 391230.0, 3.491
0.6472716999996919, 156, 391230.0, 3.491
0.4517665000003035, 157, 391230.0, 3.491
0.5557138000003761, 158, 391230.0, 3.491
0.5845150000004651, 159, 391230.0, 3.491
0.6665548000000854, 160, 391230.0, 3.491
0.63637000000017, 161, 391230.0, 3.491
0.5035380999997869, 162, 391230.0, 3.491
0.530043900000237, 163, 391230.0, 3.491
0.6100950000000012, 164, 391230.0, 3.491
0.5541824000001725, 165, 391230.0, 3.491
0.5288909999999305, 166, 391230.0, 3.491
0.5327508000000307, 167, 391230.0, 3.491
0.7187156999998479, 168, 391230.0, 3.491
0.6235884999996415, 169, 391230.0, 3.491
0.6595021999992241, 170, 391230.0, 3.491

tour:
[ 751  752  753  754  755  757  756  747  746  744  745  748  749  750
  594  595  598  599  600  740  741  742  743  739  738  737  712  714
  713  711  710  709  708  707  706  693  694  697  698  699  700  701
  703  705  704  715  702  716  729  730  733  736  735  734  732  731
  728  727  726  725  724  722  721  620  621  622  623  720  723  718
  717  719  624  625  626  627  628  629  630  631  632  633  634  635
  696  695  636  637  638  639  640  641  642  643  644  645  646  647
  648  649  650  651  652  653  654  656  655  686  687  688  685  684
  682  683  689  691  692  690  681  680  679  678  677  676  675  674
  673  672  671  670  669  668  667  666  665  664  663  662  661  660
  659  658  657 1752 1751 1750 1749 1748 1747 1746 1745 1744 1743 1742
 1741 1740 1739 1738 1737 1736 1735 1734 1733 1732 1731 1730 1729 1728
 1727 1726 1725 1721 1722 1724 1723 1720 1719 1718 1717 1716 1715 1714
 1713 1712 1711 1710 1709 1708 1707 1706 1705 1704 1703 1702 1701 1700
 1699 1698 1697 1696 1695 1694 1693 1692 1691 1690 1687 1689 1688  865
 1686 1685 1684 1683 1682 1681 1680 1679 1678 1677 1676 1675 1674 1673
 1672 1634 1635 1671 1670 1669 1668 1667 1666 1665 1664 1663 1662 1661
 1660 1659 1658 1657 1656 1655 1654 1653 1652 1846 1845 1844 1843 1842
 1841 1840 1839 1838 1837 1836 1835 1834 1833 1832 1831 1830 1829 1826
 1825 1824 1823 1822 1819 1816 1817 1818 1820 1767 1766 1768 1769 1770
 1772 1773 1765 1821 1764 1763 1774 1771 1776 1775 1757 1758 1762 1761
 1760 1759 1756 1755 1754 1753 1780 1781 1779 1782 1783 1778 1777 1784
 1785 1786 1787 1788 1790 1791 1793 1794 1792 1796 1795 1798 1797 1789
 1799 1800 1801 1802 1803 1804 1805 1806 1807 1808 1809 1810 1815 1814
 1811 1812 1813 1870 1871 1872 1869 1868 1867 1866 1865 1864 1863 1862
 1827 1828 1861 1860 1858 1859 1857 1856 1855 1854 1853 1852 1850 1849
 1847 1848 1851 1995 1993 1994 1996 1992 1988 1987 1986 1985 1984 1981
 1980 1979 1978 1977 1976 1975 1974 1873 1874 1875 1877 1876 1973 1972
 1971 1970 1879 1878 1880 1881 1882 1883 1884 1885 1886 1890 1891 1892
 1893 1894 1895 1896 1897 1898 1899 1900 1901 1902 1903 1904 1905 1906
 1907 1909 1908 1910 1911 1912 1913 1914 1915 1916 1917 1918 1919 1920
 1923 1921 1922 1924 1925 1926 1927 1928 1929 1930 1931 1932 1933 1934
 1935 1936 1937 1938 1939 1940 1941 1942 1943 1944 1945 1947 1948 1889
 1887 1888 1949 1946 1960 1961 1959 1951 1950 1952 1953 1954 1955 1956
 1958 1957 1968 1969 1982 1983 1967 1966 1962 1963 1964 1965 1989 1990
 1991 1997 1998 1999 2000 2001 2002 2003 2004 2005 2006 2007 2008 2009
 2010 2011 2012 2013 2014 2015 2016 2017 2018 2019 2020 2021 2022 2023
 2026 2027 2025 2024 2028 2029 2030 2031 2032 2033 2035 2034 2061 2060
 2058 2057 2056 2055 2054 2067 2066 2065 2064 2063 2062 2068 2069 2070
 2071 1610 1609 1608 1592 1593 1594 1595 1596 1597 1598 1599 1600 1601
 1602 1603 1604 1605 1606 1607 2072 2073 2074 2075 2083 2082 2081 2079
 2080 2086 2084 2085 2087 2088 2089 2090 2091 2092 2093 2094 2095 2096
 2097 2098 2099 2100 2101 2102 2103 2104 2105 2106 2107 2108 2109 2110
 2111 2112 2113 2078 2077 2076 2114 2115 2116 2117 2118 2119 2120 2121
 2122 2123 2124 2125 2126 2127 2128 2129 2130 2131 2132 2133 2134 2135
 2136 2137 2138 2139 2140 2141 2142 2143 2144 2145 2146 2147 2148 2149
 2150 2151 2152 2153 2154 2155 2156 2159 2160 2158 2157 2165 2166 2167
 2168 2169 2170 2171 2172 2173 2174 2175 2177 2179 2180 2181 2178 2176
 2182 2183 2184 2185 2187 2188 2189 2190 2191 2192 2193 2194 2195 2196
 2197 2198 2199 2200 2201 2202 2203 2204 2206 2205 2213 2214 2215 2211
 2212 2207 2208 2209 2210 2216 2217 2218 2219 2220 2221 2222 2223 2230
 2231 2232 2236 2237 2238 2239 2240 2241 2186 2242 2234 2235 2233 2244
 2243 2245 2246 2247 2248 2249 2250 2229 2224 2225 2228 2226 2227 2251
 2252 2253 2254 2258 2259 2260 2261 2262 2263 2264 2265 1507 1508 1509
 1510 1511 1512 2257 2256 2255 1513 1514 1515 1516 1517 1518 1519 1520
 1521 1522 1523 1524 1525 1526 1527 1528 1529 1530 1584 1583 1582 1581
 1580 1579 1585 1586 1587 1588 1589 1591 1590 1621 1620 1619 1618 1617
 1616 1615 1614 1613 1611 1612 2053 2052 2051 2050 2049 2048 2047 2059
 2046 2045 2044 2043 2042 2041 2040 2036 2037 2038 2039 1651 1650 1649
 1648 1647 1646 1645 1644 1643 1642 1641 1640 1639 1638 1637 1636 1633
 1632 1631 1630 1629 1628 1627 1626 1625 1624 1623 1622 1578 1577 1576
 1575 1574 1573 1572 1571 1570 1569 1568 1567 1566 1565 1564 1563 1562
 1561 1559 1558 1557 1556 1555 1554 1553 1552 1453 1452 1451 1450 1449
 1448 1447 1446 1443 1442 1441 1444 1445 1458 1457 1456 1455 1454 1551
 1550 1549 1548 1547 1546 1545 1544 1543 1542 1541 1537 1536 1534 1532
 1531 1533 1535 1538 1540 1539 1478 1479 1480 1477 1476 1475 1474 1473
 1472 1471 1470 1469 1459 1461 1460 1438 1439 1440 1434 1433 1432 1425
 1424 1423 1422 1421 1420 1419 1417 1418 1427 1426 1428 1429 1430 1431
 1435 1436 1437 1462 1463 1464 1465 1466 1467 1468 1481 1482 1483 1484
 1485 1486 1487 1488 1489 1490 1491 1492 1493 1494 1495 1496 1497 1498
 1499 1500 1501 1502 1503 1504 1505 1506 1329 1330 1331 1332 1334 1333
 1337 1336 1335 1408 1404 1403 1402 1401 1399 1400 1405 1406 1407 1409
 1410 1411 1412 1413 1414 1415 1416 1397 1396 1398 1395 1394 1393 1392
 1391 1390 1389 1388 1387 1386 1385 1384 1383 1242 1241 1240 1239 1238
 1237 1236 1235 1234 1232 1233 1229 1230 1231 1163 1162 1161 1160 1159
 1158 1157 1156 1155 1174 1175 1176 1177 1173 1172 1168 1169 1171 1164
 1165 1170 1167 1166 1224 1223 1222 1219 1220 1221 1227 1225 1226 1228
 1244 1243 1245 1246 1247 1248 1249 1250 1251 1252 1253 1256 1255 1254
 1218 1217 1216 1215 1214 1213 1206 1207 1208 1209 1210 1211 1212 1258
 1257 1259 1260 1261 1262 1263 1264 1265 1266 1267 1270 1271 1272 1273
 1274 1275 1276 1278 1277 1374 1375 1376 1377 1378 1379 1380 1381 1382
 1368 1369 1367 1366 1365 1364 1363 1370 1371 1362 1361 1372 1373 1360
 1359 1358 1279 1280 1281 1282 1283 1284 1357 1356 1355 1354 1342 1343
 1341 1344 1345 1346 1347 1348 1353 1352 1349 1350 1351 1286 1285 1287
 1288 1289   30 1295 1294 1293 1292 1291 1290 1314 1315 1316 1317 1319
 1320 1318 1339 1340 1338 1322 1321 1323 1324 1325 1326 1327 1328 2266
 2267 2268 2269 2270 2272 2271 2164 2163 2162 2161 2355 2354 2353 2352
 2356 2357 2358 2359 2360 2361 2351 2350 2349 2348 2347 2344 2343 2342
 2341 2340 2337 2338 2339 2345 2346 2362 2363 2364 2365 2366 2367 2368
 2369 2370 2371 2372 2336 2335 2334 2373 2374 2377 2375 2376 2378 2379
 2380 2381 2382 2383 2384 2385 2386    1 2387 2388 2389 2390 2391    0
    2 2328    3    4    5    6    7    8    9   10   11   12   13   14
   15   16 2327 2326 2325 2329 2330 2333 2332 2331 2324 2323 2322 2321
 2319 2318 2320 2317 2316 2315 2314 2313 2312 2311 2297 2296 2295 2294
 2291 2290 2287 2286 2285 2284 2283 2288 2289 2282 2281 2280 2279 2278
 2277 2276 2275 2274 2273 2292 2293 2298 2299 2300 2301 2302 2303 2304
 2305 2306 2307 2308 2309 2310 1312 1313 1311 1310 1309 1308 1307 1306
 1305 1304 1303 1302 1301 1300 1299 1298 1297 1296   18   17   19   20
   21   22   23   24   25   26   27   28   29   31   32   33   34   35
   36   37   38   39   40   41   42   43   44   45   46   47 1269 1268
   48   49   50   51   52   53   54   55   56   57   58   59   60   61
   62   63   64   65   66   67   68   69   70   71   72   73   74   75
   76   77   78   79   80   81   82   83   84   85   86   87   88   89
   90   91   92   93   94   95   96   97   98   99  100  101  102  103
  104  105  106  107  108  109  110  111  112  113  114  115  116  117
  118  119  120  121  122  124  123  220  221  222  223  224  225  226
  227  228  229  230  231  232  233  234  235  236  237  241  240  239
  238  214  215  213  212  211  210  209  208  216  217  218  219  207
  206  205  204  125  126  127  128  129  130  203  202  201  200  199
  194  193  192  191  190  189  188  187  186  185  184  168  167  166
  165  164  163  162  160  161  196  195  198  197  132  131  133  134
  135  136  137  138  139  140  141  142  143  144  145  146  147  148
  149  150  151  152  153  156  157  159  158 1192 1191 1190 1193 1195
 1194 1200 1201  155  154 1205 1204 1203 1202 1199 1198 1197 1196 1178
 1179 1180 1181 1182 1183 1184 1185 1186 1187 1189 1188  169  170  171
  172  173  174 1148 1149 1150 1151 1154 1153 1152 1144 1143 1141 1135
 1136 1137 1138 1139 1140 1142 1145 1146 1147  353  354  357  355  356
  358  359  360  361  362  363  364  365  334  333  332  335  336  337
  338  339  340  341  342  343  344  345  346  347  348  349  350  351
  352  175  176  177  178  180  179  183  182  181  254  253  255  256
  257  258  259  246  248  247  252  251  250  249  245  244  242  243
  262  261  260  263  264  265  266  267  268  269  270  271  272  273
  274  275  276  277  278  279  280  281  282  283  284  285  286  287
  288  289  292  291  290  306  307  308  309  310  311  312  314  313
  330  331  329  328  327  322  323  321  320  319  318  317  315  316
  305  304  303  302  301  396  397  300  297  296  293  294  295  298
  299  398  399  400  395  394  393  392  391  390  389  388  387  386
  385  324  326  325  384  383  382  381  380  379  378  377  376  375
  374  373  372  371  370  368  366  367  369 1103 1104 1102 1101 1100
 1099 1098 1093 1092 1091 1094 1097 1096 1095 1087 1088 1086 1085 1084
 1083 1082 1081 1080 1079 1078 1077 1076 1075 1074 1073 1072 1071 1070
 1069 1122 1123 1121 1120 1119 1089 1090 1113 1118 1117 1116 1115 1114
 1111 1112 1105 1106 1107 1108 1109 1110 1132 1131 1133 1134 1130 1129
 1128 1127 1126 1125 1124 1068 1067 1066 1065 1064 1063 1062 1061 1060
 1059 1058 1057 1056 1055 1054 1053 1052 1051 1050 1049 1048 1047 1046
 1045 1044 1043 1042 1040 1039 1041 1038 1037 1036 1035 1034 1033 1032
 1031 1030 1029 1028 1027 1026 1025 1024 1023 1022 1021 1020 1019 1018
 1017 1016 1015 1014 1013 1012 1011 1560  878  877  876  875  874  873
  872  871  870  869  868  866  867  864  863  862  861  860  859  858
  857  856  855  854  853  851  850  849  848  847  846  845  844  843
  842  841  840  839  838  837  852  836  835  834  833  831  832  769
  768  773  770  771  772  775  774  767  766  765  764  763  762  761
  760  759  758  777  778  776  780  779  783  784  785  786  787  788
  789  790  791  792  782  781  808  807  806  805  804  811  810  809
  812  803  802  801  813  814  815  816  895  894  893  892  891  890
  817  818  819  820  821  826  827  830  829  828  825  822  823  824
  887  888  889  886  885  884  883  882  881  880  879 1010 1009 1008
 1007 1006 1005 1004 1003 1002 1001 1000  999  998  997  996  995  994
  993  991  990  989  988  987  986  985  984  983  982  981  992  906
  905  904  903  902  901  900  899  898  896  897  800  799  798  797
  796  795  794  793  929  928  927  926  925  924  923  922  921  918
  915  917  916  914  913  912  911  910  909  908  907  980  979  978
  977  976  975  974  973  972  971  970  969  968  967  966  965  964
  406  401  402  403  404  405  407  408  409  410  411  412  413  414
  415  416  418  417  439  438  423  420  419  963  962  961  960  919
  920  954  955  956  957  958  959  421  422  424  425  426  437  440
  441  442  443  444  445  435  436  427  428  429  430  431  432  434
  433  446  447  448  449  450  451  452  453  454  455  456  457  458
  459  460  463  461  462  481  480  479  464  466  465  471  470  467
  468  469  472  473  474  475  476  477  478  482  483  484  485  486
  487  488  489  490  491  492  493  494  495  496  497  498  499  500
  501  502  503  527  528  526  529  530  525  524  523  547  546  545
  544  536  535  531  532  533  534  537  538  540  541  539  543  542
  549  548  550  551  552  553  554  555  557  556  563  564  562  561
  558  559  560  617  618  619  616  615  614  613  612  611  610  609
  608  607  606  605  604  603  601  602  575  574  576  577  579  578
  573  572  571  570  569  568  567  566  565  514  513  515  516  517
  519  518  522  504  505  506  507  508  509  521  520  512  510  511
  580  581  582  583  584  585  586  587  588  597  596  589  590  591
  592  593  937  938  939  940  941  942  943  944  945  948  949  950
  951  952  953  947  946  930  931  932  933  934  935  936]

eliteFit: 391230.0
percentError: 3.491238836923858
computationTime: 188.982s