instanceName: pr2392
n: 2392
optFit: 378032

genTime, gen, eliteFit, percentError:
0.003350700000737561, 0, 14857062.0, 3830.107
5.362568900000042, 1, 425879.0, 12.657
3.380320499998561, 2, 421275.0, 11.439
2.8834547999995266, 3, 418433.0, 10.687
2.870609700001296, 4, 415844.0, 10.002
3.018152000000555, 5, 414399.0, 9.620
2.7911249000007956, 6, 413264.0, 9.320
2.713827100000344, 7, 410482.0, 8.584
2.7633270000005723, 8, 409166.0, 8.236
2.8166799000009632, 9, 408605.0, 8.087
2.8142516999996587, 10, 407058.0, 7.678
2.6223071000003983, 11, 405200.0, 7.187
2.4733828000007634, 12, 405200.0, 7.187
2.6569861999996647, 13, 405200.0, 7.187
2.348410500000682, 14, 404647.0, 7.040
2.2863815000000614, 15, 404298.0, 6.948
1.6971290000001318, 16, 404298.0, 6.948
2.070316899998943, 17, 403198.0, 6.657
2.196396500001356, 18, 402847.0, 6.564
2.2386688999995386, 19, 402554.0, 6.487
1.8951950999999099, 20, 402554.0, 6.487
2.0316646000010223, 21, 402169.0, 6.385
1.4995584000007511, 22, 402010.0, 6.343
0.920421200000419, 23, 401717.0, 6.265
0.8489779999999882, 24, 401276.0, 6.149
0.6964657999997144, 25, 401157.0, 6.117
0.8671749999994063, 26, 400884.0, 6.045
0.7635857999994187, 27, 400825.0, 6.029
1.2599632999990718, 28, 400582.0, 5.965
0.8644031999992876, 29, 400522.0, 5.949
0.8554478999994899, 30, 400328.0, 5.898
0.9545020000005024, 31, 399768.0, 5.750
1.1169982999999775, 32, 399409.0, 5.655
1.270953900000677, 33, 399409.0, 5.655
1.1296505000009347, 34, 399155.0, 5.588
1.0572327999998379, 35, 398743.0, 5.479
0.9681610000006913, 36, 398504.0, 5.415
0.8848936999984289, 37, 398209.0, 5.337
0.6849889000004623, 38, 398209.0, 5.337
0.6600658999996085, 39, 398027.0, 5.289
0.6016755000000558, 40, 398027.0, 5.289
0.6645157000002655, 41, 398027.0, 5.289
0.5603583000010985, 42, 398027.0, 5.289
0.6353112999986479, 43, 398027.0, 5.289
0.6425003000003926, 44, 398027.0, 5.289
0.5853705999998056, 45, 397732.0, 5.211
0.6209969999999885, 46, 397732.0, 5.211
0.8585815999995248, 47, 397618.0, 5.181
0.8552849000006972, 48, 397404.0, 5.124
0.8692300000002433, 49, 397404.0, 5.124
0.6831455999999889, 50, 397330.0, 5.105
0.7077671000006376, 51, 397151.0, 5.058
0.6039808000004996, 52, 397023.0, 5.024
0.6256464999987656, 53, 397023.0, 5.024
0.7378325999998196, 54, 396898.0, 4.991
0.5457876000000397, 55, 396792.0, 4.963
0.5785139999989042, 56, 396792.0, 4.963
0.6234033000000636, 57, 396718.0, 4.943
0.664773200000127, 58, 396718.0, 4.943
0.5688217000006262, 59, 396665.0, 4.929
0.6335242000004655, 60, 396665.0, 4.929
0.6066501999994216, 61, 396665.0, 4.929
0.623088700000153, 62, 396665.0, 4.929
0.6499524999999267, 63, 396665.0, 4.929
0.5388626000003569, 64, 396665.0, 4.929
0.634298700000727, 65, 396665.0, 4.929
0.5413282999998046, 66, 396665.0, 4.929
0.6123803999998927, 67, 396665.0, 4.929
0.6922543000000587, 68, 396665.0, 4.929
0.6495742999995855, 69, 396655.0, 4.926
0.7333166999997047, 70, 396612.0, 4.915
0.8541483999997581, 71, 396612.0, 4.915
0.8376578000006702, 72, 396578.0, 4.906
0.9281800000007934, 73, 396512.0, 4.888
0.684624999999869, 74, 396379.0, 4.853
0.6913513999988936, 75, 396331.0, 4.841
0.743853100000706, 76, 396254.0, 4.820
0.8922316999996838, 77, 396141.0, 4.790
0.7624925000000076, 78, 396141.0, 4.790
0.6329520999988745, 79, 396141.0, 4.790
0.662954899999022, 80, 396141.0, 4.790
0.6375150000003487, 81, 396141.0, 4.790
0.6545775999984471, 82, 396141.0, 4.790
0.6348421000002418, 83, 396141.0, 4.790
0.7598140000009153, 84, 396141.0, 4.790
0.6864370999992389, 85, 396141.0, 4.790
0.621729200000118, 86, 396141.0, 4.790
0.6619431999988592, 87, 396141.0, 4.790
0.676284700000906, 88, 396141.0, 4.790
0.5646701999994548, 89, 396141.0, 4.790
0.6926036000004387, 90, 396028.0, 4.760
0.5819769000008819, 91, 396028.0, 4.760
0.7575245000007271, 92, 396028.0, 4.760
0.5530441999999312, 93, 395925.0, 4.733
0.714079600000332, 94, 395852.0, 4.714
0.5713957000007213, 95, 395500.0, 4.621
0.6444455000000744, 96, 395337.0, 4.578
0.6961704999994254, 97, 395337.0, 4.578
0.6035486000000674, 98, 395337.0, 4.578
0.6118725999986054, 99, 395335.0, 4.577
0.55403540000043, 100, 395335.0, 4.577
0.6090696999999636, 101, 395335.0, 4.577
0.5577441999994335, 102, 395335.0, 4.577
0.554916900000535, 103, 395335.0, 4.577
0.6742622000001575, 104, 395335.0, 4.577
0.5461809000007634, 105, 395335.0, 4.577
0.6109992999990936, 106, 395302.0, 4.568
0.6421113000014884, 107, 395138.0, 4.525
0.802235400000427, 108, 395138.0, 4.525
0.6984754000004614, 109, 395041.0, 4.499
0.66581799999949, 110, 394942.0, 4.473
0.6798959999996441, 111, 394942.0, 4.473
0.6292557000015222, 112, 394690.0, 4.407
0.6582265999986703, 113, 394690.0, 4.407
0.6062375999990763, 114, 394690.0, 4.407
0.6324215000004187, 115, 394450.0, 4.343
0.5485790000002453, 116, 394450.0, 4.343
0.6966572999990603, 117, 394450.0, 4.343
0.6484856000006403, 118, 394450.0, 4.343
0.5730989000003319, 119, 394450.0, 4.343
0.6720683000003191, 120, 394063.0, 4.241
0.7287271999994118, 121, 394060.0, 4.240
1.105150200000935, 122, 393583.0, 4.114
0.724275900000066, 123, 393583.0, 4.114
0.5891905000007682, 124, 393583.0, 4.114
0.6711371000001236, 125, 393583.0, 4.114
0.5194675000002462, 126, 393583.0, 4.114
0.5762500000000728, 127, 393583.0, 4.114
0.5652313999999024, 128, 393583.0, 4.114
0.6731172999989212, 129, 393583.0, 4.114
0.6200078000001668, 130, 393583.0, 4.114
0.5610718000007182, 131, 393583.0, 4.114
0.6097267000004649, 132, 393583.0, 4.114
0.7139606999990065, 133, 393583.0, 4.114
0.5783074999999371, 134, 393583.0, 4.114
0.5388890000012907, 135, 393583.0, 4.114
0.6519661000002088, 136, 393583.0, 4.114
0.6219242000006489, 137, 393583.0, 4.114
0.6709605000014562, 138, 393583.0, 4.114
0.5741015000003244, 139, 393583.0, 4.114
0.6115112000006775, 140, 393583.0, 4.114
0.5859002999986842, 141, 393583.0, 4.114
0.6000799000012194, 142, 393583.0, 4.114
0.6725104000015563, 143, 393583.0, 4.114
0.5672896000014589, 144, 393583.0, 4.114
0.5716062999999849, 145, 393583.0, 4.114
0.6080762000001414, 146, 393583.0, 4.114
0.5723537999983819, 147, 393583.0, 4.114
0.630356199999369, 148, 393583.0, 4.114
0.631700699999783, 149, 393483.0, 4.087
0.6792242999999871, 150, 393483.0, 4.087
0.5213832000008551, 151, 393483.0, 4.087
0.6030516000009811, 152, 393483.0, 4.087
0.5565731999995478, 153, 393483.0, 4.087
0.5825733000001492, 154, 393483.0, 4.087
0.7396071000002848, 155, 393483.0, 4.087
0.6098889000004419, 156, 393483.0, 4.087
0.6741620000011608, 157, 393483.0, 4.087
0.5834006999994017, 158, 393483.0, 4.087
0.5595327999999427, 159, 393483.0, 4.087
0.6345691999995324, 160, 393483.0, 4.087
0.7244780000000901, 161, 393483.0, 4.087
0.6016237000003457, 162, 393483.0, 4.087
0.5556560000004538, 163, 393483.0, 4.087
0.5389920999987226, 164, 393483.0, 4.087
0.5715908000001946, 165, 393483.0, 4.087
0.569808499998544, 166, 393483.0, 4.087
0.5181853000012779, 167, 393375.0, 4.059
0.5562891999998101, 168, 393375.0, 4.059
0.6323434999994788, 169, 393341.0, 4.050
0.5830739000011818, 170, 393341.0, 4.050
0.6092568999993091, 171, 393341.0, 4.050
0.6346578000011505, 172, 393341.0, 4.050
0.5595678000008775, 173, 393341.0, 4.050
0.6243240000003425, 174, 393341.0, 4.050
0.6575730999993539, 175, 393341.0, 4.050
0.5956241999992926, 176, 393341.0, 4.050
0.6549224999998842, 177, 393341.0, 4.050
0.5446961999987252, 178, 393341.0, 4.050
0.6492914000009478, 179, 393341.0, 4.050
0.6008082999996986, 180, 393341.0, 4.050
0.5579727999993338, 181, 393341.0, 4.050
0.5576579000007769, 182, 393341.0, 4.050
0.6470728999993298, 183, 393341.0, 4.050
0.5871884999996837, 184, 393341.0, 4.050
0.6476282999992691, 185, 393341.0, 4.050
0.5295982000006916, 186, 393341.0, 4.050
0.5616635000005772, 187, 393341.0, 4.050
0.5859693000002153, 188, 393341.0, 4.050
0.5773028000003251, 189, 393341.0, 4.050
0.69247759999962, 190, 393341.0, 4.050
0.7058042999997269, 191, 393129.0, 3.994
0.6366677000005438, 192, 393129.0, 3.994
0.8584195999992517, 193, 393129.0, 3.994
0.7803067000004376, 194, 393026.0, 3.966
0.6039364999996906, 195, 393026.0, 3.966
0.6919136999986222, 196, 393026.0, 3.966
0.7015797999993083, 197, 393026.0, 3.966
0.5386138000012579, 198, 393026.0, 3.966
0.5486154000009265, 199, 393026.0, 3.966
0.6120105000009062, 200, 393026.0, 3.966
0.5726918000000296, 201, 393026.0, 3.966
0.631616300001042, 202, 393026.0, 3.966
0.5139349999990372, 203, 393026.0, 3.966
0.7177551000004314, 204, 393026.0, 3.966
0.7101894999996148, 205, 393026.0, 3.966
0.5733402000005299, 206, 393026.0, 3.966
0.6394196000001102, 207, 393026.0, 3.966
0.6201462000008178, 208, 393026.0, 3.966
0.6124354999992647, 209, 393026.0, 3.966
0.5893691000001127, 210, 393026.0, 3.966
0.6912886999998591, 211, 393026.0, 3.966
0.6100568000001658, 212, 393026.0, 3.966
0.6767128999999841, 213, 393026.0, 3.966
0.6284575000008772, 214, 393017.0, 3.964
0.536030799999935, 215, 393017.0, 3.964
0.7617274000003817, 216, 393017.0, 3.964
0.6767724999990605, 217, 393017.0, 3.964
0.5498988999988796, 218, 393017.0, 3.964
0.6192597999997815, 219, 393017.0, 3.964
0.6498562000015227, 220, 393017.0, 3.964
0.6582348000010825, 221, 393017.0, 3.964
0.5610938999998325, 222, 393017.0, 3.964
0.6882800999992469, 223, 393017.0, 3.964
0.5769071000013355, 224, 393017.0, 3.964
0.5813823000007687, 225, 393017.0, 3.964
0.561162100000729, 226, 393017.0, 3.964
0.5531269000002794, 227, 393017.0, 3.964
0.5867208000017854, 228, 393017.0, 3.964
0.6993839000006119, 229, 393017.0, 3.964
0.5780696000001626, 230, 393017.0, 3.964
0.6157974999987346, 231, 392959.0, 3.949
0.6645900000003166, 232, 392959.0, 3.949
0.6153577000004589, 233, 392924.0, 3.939
0.6630034000008891, 234, 392898.0, 3.932
0.609299199999441, 235, 392898.0, 3.932
0.5281367999996291, 236, 392887.0, 3.930
0.6457203000009031, 237, 392887.0, 3.930
0.5872011999999813, 238, 392887.0, 3.930
0.6190569999998843, 239, 392887.0, 3.930
0.5691362999987177, 240, 392887.0, 3.930
0.6631956000001082, 241, 392848.0, 3.919
0.8195924999999988, 242, 392758.0, 3.895
0.7195117999999638, 243, 392758.0, 3.895
0.6905265999994299, 244, 392703.0, 3.881
0.7319250000000466, 245, 392703.0, 3.881
0.5961950000000797, 246, 392573.0, 3.846
0.6310130000001664, 247, 392483.0, 3.823
0.6804565000002185, 248, 392483.0, 3.823
0.7052992999997514, 249, 392483.0, 3.823
0.6147447999992437, 250, 392483.0, 3.823
0.6847405999997136, 251, 392483.0, 3.823
0.5661488999994617, 252, 392483.0, 3.823
0.5957581999991817, 253, 392483.0, 3.823
0.5951511999992363, 254, 392483.0, 3.823
0.6805561000001035, 255, 392483.0, 3.823
0.5388345999999729, 256, 392483.0, 3.823
0.5384799999992538, 257, 392483.0, 3.823
0.5603307000001223, 258, 392483.0, 3.823
0.6377099000001181, 259, 392483.0, 3.823
0.5798422000007122, 260, 392483.0, 3.823
0.5804188000001886, 261, 392483.0, 3.823
0.6230336999997235, 262, 392483.0, 3.823
0.5647472000000562, 263, 392458.0, 3.816
0.652007999999114, 264, 392458.0, 3.816
0.6579336000013427, 265, 392458.0, 3.816
0.6035556999995606, 266, 392458.0, 3.816
0.578450499999235, 267, 392458.0, 3.816
0.5559411000012915, 268, 392458.0, 3.816
0.5585294000011345, 269, 392458.0, 3.816
0.6110117999996874, 270, 392458.0, 3.816
0.6772438000007241, 271, 392458.0, 3.816
0.5695883999997022, 272, 392458.0, 3.816
0.5745896999997058, 273, 392458.0, 3.816
0.6231121999990137, 274, 392458.0, 3.816
0.6329571999995096, 275, 392458.0, 3.816
0.7244560999988607, 276, 392458.0, 3.816
0.4900228000005882, 277, 392458.0, 3.816
0.5784167000001617, 278, 392458.0, 3.816
0.6100424000014755, 279, 392458.0, 3.816
0.6372234999998909, 280, 392458.0, 3.816
0.5552772999999434, 281, 392458.0, 3.816
0.5590247999989515, 282, 392458.0, 3.816
0.561683300000368, 283, 392458.0, 3.816
0.7426403000008577, 284, 392458.0, 3.816
0.4681328000006033, 285, 392458.0, 3.816
0.5534256999999343, 286, 392458.0, 3.816
0.5740427000000636, 287, 392458.0, 3.816
0.7660525000010239, 288, 392458.0, 3.816
0.6184969999994792, 289, 392458.0, 3.816
0.6070072000002256, 290, 392458.0, 3.816
0.5504199999995762, 291, 392458.0, 3.816
0.6094855999999709, 292, 392458.0, 3.816
0.604498099999546, 293, 392458.0, 3.816
0.602773900000102, 294, 392458.0, 3.816
0.6553753999996843, 295, 392458.0, 3.816
0.5973386000005121, 296, 392458.0, 3.816
0.6110577999988891, 297, 392458.0, 3.816
0.6818244000005507, 298, 392458.0, 3.816
0.6379691999991337, 299, 392458.0, 3.816
0.553287900000214, 300, 392458.0, 3.816
0.7406618999993952, 301, 392458.0, 3.816
0.5962855999987369, 302, 392458.0, 3.816
0.540497800000594, 303, 392458.0, 3.816
0.5288375000000087, 304, 392458.0, 3.816
0.6699926000001142, 305, 392458.0, 3.816
0.5561603000005562, 306, 392458.0, 3.816
0.6456926999999268, 307, 392458.0, 3.816
0.6347630000000208, 308, 392458.0, 3.816
0.6087533000008989, 309, 392458.0, 3.816
0.5504651999999624, 310, 392458.0, 3.816
0.5824092000002565, 311, 392458.0, 3.816
0.6039878999999928, 312, 392458.0, 3.816
0.644854000000123, 313, 392458.0, 3.816

tour:
[1598 1597 1596 1595 1594 1593 1592 1608 1609 1610 1611 1612 1613 1614
 1615 1616 1617 1618 1619 1620 1621 1590 1591 1589 1588 1587 1586 1585
 1584 1583 1582 1581 1580 1579 1577 1578 1622 1623 1624 1625 1626 1627
 1628 1629 1631 1632 1630 1633 1634 1673 1672 1671 1635 1636 1637 1638
 1639 1640 1641 1642 1643 2050 2049 2051 2052 2053 2054 2055 2056 2057
 2064 2063 2062 2065 2066 2067 2068 2069 2070 2071 2074 2075 2076 2114
 2115 2112 2113 2077 2078 2079 2080 2081 2082 2083 2084 2085 2086 2087
 2103 2107 2108 2111 2110 2109 2106 2105 2104 2102 2101 2100 2099 2098
 2097 2096 2095 2094 2093 2091 2092 2088 2089 2090 2019 2018 2017 2016
 2015 2020 2022 2021 2027 2026 2023 2024 2025 2028 2029 2061 2060 2058
 2059 2048 2047 2046 2045 2044 2043 2042 2041 2040 2039 2038 2037 2036
 2035 2034 2033 2032 2031 2030 2011 2012 2013 2014 2010 2009 2008 2007
 2006 2005 2004 2003 2002 2001 2000 1999 1998 1997 1996 1995 1994 1993
 1992 1991 1990 1989 1965 1964 1963 1962 1961 1960 1959 1957 1958 1956
 1955 1954 1953 1952 1950 1951 1946 1945 1944 1943 1942 1936 1941 1938
 1937 1935 1934 1933 1932 1931 1930 1929 1928 1927 1926 1925 1917 1918
 1924 1922 1921 1923 1920 1919 1916 1915 1914 1913 1912 1911 1910 1908
 1909 1906 1907 1939 1940 1905 1904 1903 1902 1901 1900 1899 1898 1897
 1896 1895 1894 1893 1892 1891 1890 1889 1948 1947 1949 1888 1887 1886
 1885 1884 1883 1882 1881 1880 1879 1878 1877 1876 1973 1972 1971 1970
 1969 1968 1966 1967 1988 1987 1986 1985 1984 1983 1982 1981 1980 1979
 1978 1977 1976 1975 1974 1875 1874 1873 1872 1871 1870 1813 1812 1814
 1811 1810 1815 1809 1808 1807 1806 1805 1804 1803 1801 1802 1795 1794
 1793 1792 1796 1798 1800 1799 1797 1791 1790 1789 1788 1787 1786 1785
 1784 1783 1782 1781 1780 1779 1778 1777 1776 1775 1774 1773 1772 1771
 1770 1769 1768 1766 1767 1820 1818 1817 1816 1819 1822 1823 1824 1825
 1831 1830 1829 1826 1827 1828 1862 1869 1868 1867 1866 1865 1864 1863
 1861 1860 1858 1859 1857 1856 1855 1854 1853 1852 1851 1848 1847 1846
 1845 1844 1843 1849 1850 1842 1841 1840 1839 1838 1837 1836 1835 1832
 1834 1833 1764 1821 1765 1763 1762 1761 1760 1759 1758 1757 1756 1755
 1754 1753 1752 1751 1750 1749 1748 1747 1746 1745 1744 1743 1742 1741
 1740 1739 1738 1737 1736 1735 1734 1733 1732 1731 1730 1729 1728 1727
 1725 1726 1658 1659 1660 1656 1657 1655 1654 1653 1652 1651 1650 1649
 1648 1647 1646 1644 1645 1661 1662 1663 1664 1667 1668 1669 1670 1666
 1665 1720 1721 1722 1723 1724 1718 1719 1717 1716 1715 1714 1713 1712
 1711 1693 1694 1695 1696 1710 1709 1708 1707 1706 1705 1704 1703 1702
 1701 1700 1699 1698 1697  862  861  863  864  867  866  865 1688 1689
 1690 1691 1692 1687 1686 1685 1684 1683 1676 1675 1674 1677 1678 1679
 1576 1575 1574 1573 1572 1571 1570 1569 1568 1567 1566 1565 1564 1563
 1562 1680 1681 1682  869  868  870  871  872  873  874  875  876  877
  878 1560 1561 1559 1558 1557 1556 1555 1016 1015 1014 1013 1012 1011
 1009 1010  879  880  881  882  883  884  885  886  887  888  889  891
  890  895  894  893  892 1008 1007 1006 1005 1004 1003 1002 1001 1000
  999  998  997  996  995  994  993  992  906  905  904  903  902  901
  900  899  898  896  897  801  800  799  798  797  796  795  794  793
  792  791  790  789  788  787  786  785  784  783  782  781  808  807
  806  805  804  811  810  809  812  803  802  813  814  815  816  817
  818  819  820  832  831  830  829  828  827  826  821  822  823  825
  824  859  860  858  857  856  855  854  853  852  851  850  849  848
  847  846  845  844  843  842  841  837  836  835  834  833  838  840
  839  766  765  764  767  769  770  768  774  773  771  772  775  776
  780  779  778  777  758  759  760  761  762  763  669  668  670  671
  675  674  676  678  677  673  672  664  665  667  666  663  662  661
  660  659  658  657  656  655  654  653  652  651  650  649  648  647
  646  645  644  643  642  641  640  639  638  637  636  695  692  691
  690  689  688  687  686  685  684  683  682  679  680  681  707  706
  693  698  699  700  697  694  696  635  634  633  632  631  630  629
  628  627  626  625  624  623  720  723  719  718  717  701  702  703
  705  704  708  709  710  711  712  713  714  715  716  729  730  733
  735  734  732  731  728  727  726  724  725  722  721  622  621  620
  619  618  617  616  615  614  613  612  611  610  609  608  607  606
  605  604  603  602  601  600  599  598  595  594  750  749  748  742
  740  741  743  739  736  737  738  744  745  746  747  756  757  755
  754  753  752  751  936  935  934  933  932  931  930  929  928  927
  926  925  924  923  922  921  918  919  920  956  957  958  950  951
  952  955  954  953  949  948  947  946  945  944  943  942  941  940
  939  938  937  593  592  591  590  596  597  589  588  587  586  585
  584  583  582  581  580  579  578  577  576  575  574  573  572  571
  570  569  567  566  565  564  563  562  561  560  559  558  557  556
  555  554  553  552  551  550  548  549  542  543  539  541  540  538
  537  536  544  545  546  547  517  516  515  514  513  568  511  510
  512  521  520  519  518  522  523  524  525  531  535  534  533  532
  530  529  526  528  527  503  504  505  509  508  507  506  502  501
  500  499  498  497  496  495  494  493  492  491  490  489  488  487
  486  485  484  483  482  481  480  479  478  477  476  475  474  473
  472  469  468  467  470  471  465  466  464  463  462  461  460  459
  458  457  456  455  454  453  452  451  450  449  448  447  446  445
  444  443  442  441  440  439  438  437  436  435  434  433  432  431
  430  429  428  427  426  425  424  423  422  421  959  960  961  916
  917  915  914  913  912  911  910  909  908  907  980  979  978  962
  977  976  975  974  973  972  971  970  969  968  967  966  965  964
  963  419  420  418  417  416  415  414  413  412  411  410  409  408
  407  406  405  404  403  402  401  400  399  398  299  298  297  296
  295  294  293  292  289  288  287  286  285  284  283  282  281  280
  279  278  277  276  275  274  273  272  271  270  269  268  267  266
  265  264  263  243  242  244  240  241  237  236  235  234  233  232
  231  230  229  228  238  239  212  213  215  214  227  226  225  224
  223  222  221  220  123  124  122  121  120  119  118  117  116  115
  114  113  112  111  110  109  108  107  106  105  104  103  102  101
  100   99   98   97   96   95   94   93   92   91   90  141  140  139
  138  137  136  135  134  133  131  132  198  197  196  195  194  199
  200  201  202  203  130  129  128  127  126  125  204  205  206  219
  218  207  208  217  216  209  210  211  250  251  252  247  246  248
  249  245  262  261  260  259  258  257  256  255  253  254  181  182
  183  187  188  189  190  193  192  191  185  186  184  168  179  180
  178  177  176  175  174  173  172  171  170  169  167  166  165  164
  163  162  161  160  147  146  145  144  143  142   78   89   88   87
   86   85   84   83   82   81   80   79   77   76   75   74   73   72
   71   70   69   68   67   66   65   64   63   62   61   60   59   58
   57   56   55   54   53   52   51   50   49   48   47   46   45   44
   43   42   41   40   39   38   37   36   35   34   33   32   31   30
 1295 1294 1293 1292 1291 1290 1289 1288 1287 1285 1286 1351 1352 1354
 1353 1348 1347 1344 1343 1342 1341 1340 1338 1339 1345 1346 1349 1350
 1315 1314 1316 1317 1318 1319 1320 1321 1322 1323 1324 1325 1326 1327
 1328 1329 1330 1331 1332 1334 1333 1337 1336 1335 1408 1409 1410 1411
 1412 1413 1406 1407 1404 1403 1405 1402 1401 1400 1399 1398 1394 1395
 1396 1397 1416 1415 1414 1417 1418 1419 1420 1421 1422 1423 1424 1425
 1426 1427 1428 1429 1430 1436 1435 1431 1432 1433 1434 1035 1034 1033
 1032 1031 1030 1061 1062 1063 1060 1059 1058 1057 1056 1055 1054 1053
 1051 1052 1036 1037 1039 1038 1041 1042 1040 1047 1048 1049 1050 1046
 1045 1044 1043 1237 1236 1235 1234 1232 1231 1230 1229 1233 1244 1228
 1227 1226 1225 1224 1223 1222 1221 1220 1219 1254 1253 1252 1251 1250
 1249 1248 1247 1246 1245 1243 1242 1241 1240 1239 1238 1386 1387 1388
 1389 1390 1391 1385 1384 1383 1382 1392 1393 1366 1367 1369 1368 1381
 1380 1379 1378 1377 1376 1375 1374 1373 1372 1371 1370 1363 1364 1365
 1362 1361 1360 1359 1358 1357 1356 1355 1284 1283 1282 1281 1280 1279
 1278 1277 1276 1275 1274 1273 1272 1271 1270 1269 1268 1267 1266 1265
 1264 1263 1262 1261 1260 1259 1258 1257 1256 1255 1218 1217 1216 1215
 1212 1211 1210 1209 1208 1207 1214 1213 1206 1205 1204  154  153  152
  151  148  149  150  156  155 1203 1202 1197 1198 1199 1200 1201  157
  159  158 1192 1191 1190 1193 1194 1195 1196 1178 1177 1179 1189 1188
 1187 1186 1185 1184 1183 1182 1181 1180 1176 1175 1174 1173 1172 1168
 1169 1171 1170 1167 1166 1165 1164 1163 1162 1161 1160 1159 1158 1157
 1156 1155 1154 1153 1152 1151 1150 1149 1148 1147 1146 1145 1144 1143
 1142 1141 1140 1139 1138 1137  363  362  361  360  359  358  356  357
  354  355  353  352  351  350  349  348  347  346  345  344  343  342
  341  340  339  313  312  311  310  309  308  307  306  290  291  304
  303  302  301  300  397  396  395  394  393  392  391  390  389  388
  387  383  384  386  385  324  325  326  323  322  321  320  319  318
  305  317  315  316  314  327  328  329  330  331  337  338  336  335
  332  333  334  365  364  366  367  368  369  370  371  372  373  374
  375  376  377  378  379  381  382  380  986  985  984  983  982  981
  991  990  989  988  987 1095 1096 1097 1098 1099 1100 1101 1102 1103
 1104 1105 1106 1107 1110 1108 1109 1136 1135 1134 1133 1130 1129 1128
 1127 1126 1125 1065 1064 1066 1067 1068 1123 1122 1121 1120 1119 1118
 1117 1116 1124 1115 1114 1131 1132 1111 1112 1113 1089 1090 1091 1092
 1093 1094 1087 1088 1086 1085 1084 1083 1082 1081 1080 1073 1072 1071
 1069 1070 1074 1079 1078 1075 1077 1076 1017 1018 1019 1020 1021 1022
 1023 1024 1025 1026 1027 1029 1028 1448 1447 1446 1443 1442 1441 1440
 1439 1438 1437 1462 1463 1464 1465 1466 1467 1493 1494 1495 1492 1491
 1490 1489 1488 1487 1486 1485 1484 1483 1482 1481 1480 1479 1478 1477
 1476 1468 1469 1470 1471 1475 1474 1473 1472 1459 1461 1460 1444 1445
 1458 1457 1456 1455 1454 1451 1450 1449 1452 1453 1553 1554 1552 1551
 1550 1549 1548 1547 1546 1545 1544 1543 1542 1540 1539 1538 1541 1537
 1536 1535 1534 1533 1532 1531 1530 1529 1528 1527 1526 1525 1524 1523
 1522 1521 1520 1519 1518 1517 1516 1515 1514 1513 1497 1498 1496 1499
 1500 1501 1502 1503 1504 1505 1506 1509 1510 1512 1511 1508 1507 2265
 2264 2257 2256 2255 2226 2227 2228 2225 2224 2229 2230 2223 2222 2221
 2219 2220 2217 2216 2214 2213 2215 2212 2211 2210 2218 2209 2208 2207
 2206 2205 2204 2203 2202 2201 2200 2199 2198 2197 2196 2195 2194 2193
 2192 2191 2190 2189 2188 2187 2240 2241 2239 2238 2237 2231 2232 2236
 2235 2234 2233 2242 2186 2185 2243 2244 2245 2246 2247 2248 2249 2250
 2251 2252 2253 2254 2258 2259 2260 2261 2263 2262 2271 2272 2270 2269
 2268 2267 2266 2300 2299 2302 2301 2303 2304 2305 2306 2308 2307 2297
 2298 2294 2295 2296 2314 2313 2312 2311 2309 2310 1312 1313 1311 1310
 1309 1307 1306 1305 1304 1303 1302 1301 1300 1299 1298 1297 1296   18
   29   28   27   26   25   24   23   22   21   20   19   17   16   15
   14   13   12   11   10    9    8    7    6    5    4    0 2391 2390
 2389 2388 2387 2386    1    2    3 2328 2327 2326 2325 2332 2331 2324
 2323 2322 1308 2321 2320 2319 2318 2317 2316 2315 2286 2285 2288 2287
 2290 2291 2293 2292 2273 2274 2275 2276 2277 2278 2279 2280 2281 2282
 2289 2283 2284 2342 2341 2340 2339 2338 2337 2336 2372 2371 2374 2373
 2335 2334 2333 2330 2329 2376 2375 2377 2378 2379 2385 2384 2383 2382
 2381 2380 2369 2370 2368 2367 2366 2365 2364 2363 2361 2362 2346 2345
 2344 2343 2347 2348 2349 2350 2351 2360 2359 2358 2357 2356 2352 2353
 2354 2355 2161 2162 2163 2164 2168 2167 2166 2165 2157 2158 2160 2159
 2156 2155 2154 2153 2152 2151 2150 2149 2148 2179 2178 2176 2175 2177
 2170 2169 2171 2172 2173 2174 2183 2184 2182 2181 2180 2145 2147 2146
 2144 2143 2142 2141 2140 2139 2138 2137 2136 2135 2134 2133 2132 2131
 2130 2129 2128 2127 2126 2125 2124 2123 2122 2121 2120 2119 2118 2116
 2117 2073 2072 1607 1606 1605 1604 1603 1602 1601 1600 1599]

eliteFit: 392458.0
percentError: 3.816079062089982
computationTime: 246.262s