instanceName: kroE100
n: 100
optFit: 22068

genTime, gen, eliteFit, percentError:
0.00013020000187680125, 0, 150256.0, 580.877
0.004374000011011958, 1, 22793.0, 3.285
0.0035835999879054725, 2, 22582.0, 2.329
0.0028753999940818176, 3, 22461.0, 1.781
0.0028578999917954206, 4, 22212.0, 0.653
0.0023939999955473468, 5, 22212.0, 0.653
0.0032989000028464943, 6, 22212.0, 0.653
0.002299300002050586, 7, 22137.0, 0.313
0.0027709999994840473, 8, 22137.0, 0.313
0.002270999990287237, 9, 22137.0, 0.313
0.0024076000117929652, 10, 22137.0, 0.313
0.002306399997905828, 11, 22137.0, 0.313
0.0019472999993013218, 12, 22137.0, 0.313
0.0017275999998673797, 13, 22137.0, 0.313
0.001077000008081086, 14, 22137.0, 0.313
0.0009823999862419441, 15, 22137.0, 0.313
0.0009355999936815351, 16, 22137.0, 0.313
0.0012415999954100698, 17, 22137.0, 0.313
0.001189999995403923, 18, 22137.0, 0.313
0.0009920000011334196, 19, 22137.0, 0.313
0.0010008999961428344, 20, 22137.0, 0.313
0.0010151999886147678, 21, 22137.0, 0.313
0.0019093999871984124, 22, 22137.0, 0.313
0.0013076000032015145, 23, 22137.0, 0.313
0.0013140999944880605, 24, 22137.0, 0.313
0.0009815999947022647, 25, 22137.0, 0.313
0.0015170999977272004, 26, 22137.0, 0.313
0.000966899999184534, 27, 22137.0, 0.313
0.0009258999925805256, 28, 22137.0, 0.313
0.0010211000044364482, 29, 22137.0, 0.313
0.0015109000087250024, 30, 22137.0, 0.313
0.0010610000026645139, 31, 22137.0, 0.313
0.001139200001489371, 32, 22137.0, 0.313
0.0015574999997625127, 33, 22137.0, 0.313
0.0016146999987540767, 34, 22137.0, 0.313
0.0009515999990981072, 35, 22137.0, 0.313
0.0009762000117916614, 36, 22137.0, 0.313
0.001017699993099086, 37, 22137.0, 0.313
0.0018337000074097887, 38, 22137.0, 0.313
0.0009682000090833753, 39, 22137.0, 0.313
0.0009669999999459833, 40, 22137.0, 0.313
0.0011866999993799254, 41, 22137.0, 0.313
0.001862799996160902, 42, 22137.0, 0.313
0.0009868999914033338, 43, 22137.0, 0.313
0.0009592999995220453, 44, 22137.0, 0.313
0.0010104999964823946, 45, 22137.0, 0.313
0.0012808000028599054, 46, 22137.0, 0.313
0.0012006999895675108, 47, 22137.0, 0.313
0.0009703999967314303, 48, 22137.0, 0.313
0.0009259000071324408, 49, 22137.0, 0.313
0.0009659000061219558, 50, 22137.0, 0.313
0.001955100000486709, 51, 22137.0, 0.313
0.0009634000016376376, 52, 22137.0, 0.313
0.0010474000009708107, 53, 22137.0, 0.313
0.0009753999911481515, 54, 22137.0, 0.313
0.0012734999909298494, 55, 22137.0, 0.313
0.0010970000002998859, 56, 22137.0, 0.313
0.0009692000021459535, 57, 22137.0, 0.313

tour:
[48 19 14 55 61 83 16 98 44 53 24 39 34 87 62 75 11 31 57 63 22 27 35 94
 58 97 50 68 20  6 73  0 82 46  2 45 25 78 15 72 60 70 80 88 13 51 43 71
 67 37 32 21 38 42 85 18 93 17 23 28 99 77 52 33 36 76 84 95 10  1  3 69
  5 54 90 92 12 91 81 66 26 86 40 74  8 30 65 29 89 47 41  4  7 64 96 56
 79  9 59 49]

eliteFit: 22137.0
percentError: 0.3126699293094073
computationTime: 0.115s