instanceName: st70
n: 70
optFit: 675

genTime, gen, eliteFit, percentError:
0.00010279999696649611, 0, 3096.0, 358.667
0.0034389000065857545, 1, 688.0, 1.926
0.001927300007082522, 2, 677.0, 0.296
0.0012801999982912093, 3, 676.0, 0.148
0.0012706999987130985, 4, 676.0, 0.148
0.0012076000130036846, 5, 676.0, 0.148
0.0017433000029996037, 6, 675.0, 0.000

tour:
[57 36 46 15 22  0 35 28 12 69 34 68 30 37 58 21 65 62 56 14 23 18  6  1
  3 17 41 31  2  7 25 54 48 27 13 19 29 43 67 26 45 24 44 38 60 39  8 16
 42 40  5 52  4  9 51 59 11 20 33 32 61 53 47 66 10 63 64 55 50 49]

eliteFit: 675.0
percentError: 0.0
computationTime: 0.016s