instanceName: ch130
n: 130
optFit: 6110

genTime, gen, eliteFit, percentError:
0.00014869999722577631, 0, 39170.0, 541.080
0.012986999994609505, 1, 6277.0, 2.733
0.0073921000002883375, 2, 6236.0, 2.062
0.006435500006773509, 3, 6227.0, 1.915
0.006473700006608851, 4, 6213.0, 1.686
0.00503450000542216, 5, 6206.0, 1.571
0.005073599997558631, 6, 6174.0, 1.047
0.00609749999421183, 7, 6174.0, 1.047
0.0050786999927368015, 8, 6153.0, 0.704
0.004737900002510287, 9, 6136.0, 0.426
0.004945499997120351, 10, 6110.0, 0.000

tour:
[119  57  48  71  90   5 101   9  13  66  12  95 121  54  59  50  41  43
  92  36  21  46  39  22  32  20 125 120  77  65  84 124  89  58  29  82
   2 113 107   7  17  45  79 117  19   3  34  53   1  49 129  70   0  40
  38 116 111 114  27  61 104 127  15  44   4  10  75 108  60 128 123  63
  68  85  87  25   6  96  69 106 126 103  42  33  16  30  26  18  99  14
  28  23 115  94  78  86  11  80 102  76  93  88 109  97  67  62  47  24
 112  31  35  83 118 110 122 100  81  56   8  55  64  51  74  73  98  72
  91  37 105  52]

eliteFit: 6110.0
percentError: 0.0
computationTime: 0.071s