instanceName: ts225
n: 225
optFit: 126643

genTime, gen, eliteFit, percentError:
0.00023230000806506723, 0, 1479266.0, 1068.060
0.02674240000487771, 1, 128646.0, 1.582
0.014013599997269921, 2, 127719.0, 0.850
0.014458699995884672, 3, 127719.0, 0.850
0.012121499996283092, 4, 127314.0, 0.530
0.011261999999987893, 5, 127314.0, 0.530
0.00819029999547638, 6, 127187.0, 0.430
0.007059300012770109, 7, 127187.0, 0.430
0.005833200004417449, 8, 127117.0, 0.374
0.006699199991999194, 9, 127117.0, 0.374
0.007483600013074465, 10, 127020.0, 0.298
0.006714100003591739, 11, 127020.0, 0.298
0.008348000003024936, 12, 126950.0, 0.242
0.011397399997804314, 13, 126950.0, 0.242
0.013840900006471202, 14, 126880.0, 0.187
0.011542899999767542, 15, 126866.0, 0.176
0.012636800005566329, 16, 126713.0, 0.055
0.011251499992795289, 17, 126713.0, 0.055
0.012942900008056313, 18, 126643.0, 0.000

tour:
[ 86 189 188 187 186 185  62  61  60  59  58  57 159 158 157 156 155  31
  30  29  28  27  26 152 151 150  25 129 128 127 126 125   0   1   2   3
   4   5   6   7   8 130 131 132 133 134  32  33  34  35  36  37 139 138
 137 136 135   9  10  11  12  13  14  15  16  17  18 140  19  20  21  22
  23  24 145 146 147 148 149  49  48 170 171 172 173 174  74 195 196 197
  73  72  71  70  69  68 169 168 167 166 165  44  45  46  47 141 142 143
 144  43  42  41  40  39  38 160 161 162 163 164  63  64  65  66  67 190
 191 192 193 194  93  94  95  96  97  98 198 199  99 220 221 222 223 224
 124 123 122 121 120 119 118 117 116 219 218 217 216 215  92  91  90  89
  88  87 210 211 212 213 214 115 114 113 112 111 110 109 108 107 106 209
 105 104 103 102 101 100 204 203 202 201 200  75  76 179 178 177 176 175
  50 154 153  51  52  53  54  55  56 180 181 182 183 184  80  79  78  77
 208 207 206 205  81  82  83  84  85]

eliteFit: 126643.0
percentError: 0.0
computationTime: 0.215s