instanceName: ts225
n: 225
optFit: 126643

genTime, gen, eliteFit, percentError:
0.00022360000002663583, 0, 1446723.0, 1042.363
0.024221700005000457, 1, 128623.0, 1.563
0.014361199995619245, 2, 128172.0, 1.207
0.012892200000351295, 3, 127978.0, 1.054
0.013331299996934831, 4, 127359.0, 0.565
0.029371500000706874, 5, 127359.0, 0.565
0.01682049999362789, 6, 127244.0, 0.475
0.020375899999635294, 7, 127244.0, 0.475
0.013095000002067536, 8, 126950.0, 0.242
0.012344200004008599, 9, 126950.0, 0.242
0.011587400003918447, 10, 126783.0, 0.111
0.020920599999953993, 11, 126783.0, 0.111
0.015643899998394772, 12, 126783.0, 0.111
0.010236999994958751, 13, 126713.0, 0.055
0.0121682999888435, 14, 126713.0, 0.055
0.011453200000687502, 15, 126713.0, 0.055
0.011919500000658445, 16, 126713.0, 0.055
0.010310800003935583, 17, 126713.0, 0.055
0.011298299999907613, 18, 126713.0, 0.055
0.01254989999870304, 19, 126713.0, 0.055
0.012390399992000312, 20, 126643.0, 0.000

tour:
[160  37  38  39  40  41  42  43 144 143 142 141 140  15  16  17  18  19
  20  21  22  23  24 145 146 147 148 149  49 170 171  48  47  46  45  44
 165 166 167 168 169  68  69  70  71  72  73 172 173 174  74 195 196 197
 198 199  98  99 220 221 222 223 224 124 123 122 121 120 119 219 118 117
 116 115 114 113 112 111 110 214 213 212 211 210  86  85  84  83  82 205
 206 207 208 209 109 108 107 106 105 104 103 102 101 100 204 203 202 201
 200  75 179 178 177  76  77  78  79  80  81 184 183 182 181 180  56  55
  54  53  52  51 176 175  50 154 153 152 151 150  25  26 129 128 127 126
 125   0   1   2   3   4   5   6 130   7   8   9  10  11  12  13  14 135
 136 137 138 139  36  35  34  33  32  31 134 133 132 131  27  28  29  30
 155 156 157 158 159  57  58  59  60  61 185 186 187 188 189  87  88  89
  90  91  92  93 215 216 217 218  97  96  95  94 194 193 192 191 190  67
  66  65  64  63  62 164 163 162 161]

eliteFit: 126643.0
percentError: 0.0
computationTime: 0.311s