instanceName: kroB100
n: 100
optFit: 22141

genTime, gen, eliteFit, percentError:
0.00021840000408701599, 0, 147543.0, 566.379
0.006054600002244115, 1, 22722.0, 2.624
0.0033690000127535313, 2, 22494.0, 1.594
0.004437299998244271, 3, 22275.0, 0.605
0.002820399997290224, 4, 22275.0, 0.605
0.003151400000206195, 5, 22162.0, 0.095
0.00253649998921901, 6, 22162.0, 0.095
0.002795200009131804, 7, 22146.0, 0.023
0.002493100007995963, 8, 22146.0, 0.023
0.002184299999498762, 9, 22141.0, 0.000

tour:
[44 35 95 91 18 43 40 16 77 12 62 30 47 50 81 32 14  5  3 82 63 13 41  1
 15 49 42 88 86 65 73 59 56 93 34 60 26 70 11  0 94 97 31 58 75 28  7 98
 96 90 27  2 10 92 84 72 52 69 38 39 66  4 61 68 25 99 55 80 78 46 64 36
 71 37 19 79 74 29 48 85 67  9 20 89 45 24  8 33  6 83 57 51 53 87 22 21
 54 76 23 17]

eliteFit: 22141.0
percentError: 0.0
computationTime: 0.037s