instanceName: kroB100
n: 100
optFit: 22141

genTime, gen, eliteFit, percentError:
0.00011609999637585133, 0, 149454.0, 575.010
0.004226600009133108, 1, 22445.0, 1.373
0.004380599988508038, 2, 22195.0, 0.244
0.003020100004505366, 3, 22195.0, 0.244
0.002412299989373423, 4, 22157.0, 0.072
0.0028372000087983906, 5, 22157.0, 0.072
0.002483599993865937, 6, 22141.0, 0.000

tour:
[90 27  2 10 92 84 72 52 69 38 39 66  4 61 68 25 99 55 80 78 46 64 36 71
 37 19 79 74 29 48 85 67  9 20 89 45 24  8 33  6 83 57 51 53 87 22 21 54
 76 23 17 44 35 95 91 18 43 40 16 77 12 62 30 47 50 81 32 14  5  3 82 63
 13 41  1 15 49 42 88 86 65 73 59 56 93 34 60 26 70 11  0 94 97 31 58 75
 28  7 98 96]

eliteFit: 22141.0
percentError: 0.0
computationTime: 0.024s