instanceName: ts225
n: 225
optFit: 126643

genTime, gen, eliteFit, percentError:
0.0002555999963078648, 0, 1491122.0, 1077.422
0.024748099996941164, 1, 129002.0, 1.863
0.013808100004098378, 2, 128311.0, 1.317
0.013585600012447685, 3, 128003.0, 1.074
0.01304839999647811, 4, 127792.0, 0.907
0.013986199992359616, 5, 127722.0, 0.852
0.015463199990335852, 6, 127595.0, 0.752
0.017107000006944872, 7, 127371.0, 0.575
0.012716299999738112, 8, 127244.0, 0.475
0.014039999994565733, 9, 127174.0, 0.419
0.014414099990972318, 10, 127174.0, 0.419
0.01744499999040272, 11, 127117.0, 0.374
0.012398899998515844, 12, 126977.0, 0.264
0.012623699993127957, 13, 126977.0, 0.264
0.01243149999936577, 14, 126934.0, 0.230
0.01284710000618361, 15, 126810.0, 0.132
0.011720200011041015, 16, 126810.0, 0.132
0.013661500008311123, 17, 126726.0, 0.066
0.01330249999591615, 18, 126643.0, 0.000

tour:
[ 68  67  66  65  64  63  62 185 186 187 188 189  87  86  85  84  83  82
 205 206 207 208  77  78  79  80  81 184 183 182 181 180  55  54  53  52
  51 152 153 154  50 175 176 177 178 179  76  75 200 201 202 203 204 100
 101 102 103 104 105 209 106 107 108 109 110 111 112 113 114 214 213 212
 211 210  88  89  90  91  92 215 216 217 218 219 115 116 117 118 119 120
 121 122 123 124 224 223 222 221 220  99 199 198  98  97  96  95  94  93
 194 193 192 191 190  69  70  71  72  73 197 196 195  74 174 173 172 171
 170  48  49 149 148 147 146 145  24  23  22  21  20  19  18 140  17  16
  15  14  13  12  11  10   9 135 136 137 138 139  36  35  34  33  32  31
 134 133 132 131 130   8   7   6   5   4   3   2   1   0 125 126 127 128
 129  25 150 151  26  27  28  29  30 155 156 157 158 159  56  57  58  59
  60  61 164 163 162 161 160  37  38  39  40  41  42 144 143 142 141  47
  46  45  44  43 165 166 167 168 169]

eliteFit: 126643.0
percentError: 0.0
computationTime: 0.273s