instanceName: ts225
n: 225
optFit: 126643

genTime, gen, eliteFit, percentError:
0.00027019999106414616, 0, 1467109.0, 1058.460
0.024247499997727573, 1, 128157.0, 1.195
0.013321600010385737, 2, 127576.0, 0.737
0.012801599994418211, 3, 127525.0, 0.696
0.01325290001113899, 4, 127398.0, 0.596
0.011628799999016337, 5, 127171.0, 0.417
0.011300799989840016, 6, 127087.0, 0.351
0.011728999990737066, 7, 126841.0, 0.156
0.012359000000287779, 8, 126841.0, 0.156
0.013754700004938059, 9, 126726.0, 0.066
0.013063799997325987, 10, 126726.0, 0.066
0.013930300003266893, 11, 126643.0, 0.000

tour:
[189  88  89  90  91  92 215 216 217 218  97  96  95  94  93 194 193 192
 191 190  68  67  66  65  64  63 164 163 162 161 160  36  35  34  33  32
  31 134 133 132 131  27  28  29  30 155 156 157 158 159  55  54  53  52
  51 176 175  50 154 153 152 151 150  26  25 129 128 127 126 125   0   1
   2   3   4   5 130   6   7   8   9  10  11  12  13  14  15 135 136 137
 138 139  37  38  39  40  41  42  43 144 143 142 141 140  16  17  18  19
  20  21  22  23  24 145 146 147 148 149  49 170 171 172  48  47  46  45
  44 165 166 167 168 169  69  70  71  72  73 173 174  74 195 196 197 198
 199  99  98 220 221 222 223 224 124 123 122 121 120 119 118 219 117 116
 115 114 113 112 111 110 214 213 212 211 210  87  86  85  84  83  82 205
 206 207 208 209 109 108 107 106 105 104 103 102 101 100 204 203 202 201
 200  75 179 178 177  76  77  78  79  80  81 184 183 182 181 180  56  57
  58  59  60  61  62 185 186 187 188]

eliteFit: 126643.0
percentError: 0.0
computationTime: 0.159s