instanceName: u159
n: 159
optFit: 42080

genTime, gen, eliteFit, percentError:
0.00017499999376013875, 0, 407337.0, 868.006
0.011240799998631701, 1, 43497.0, 3.367
0.007830599992303178, 2, 42874.0, 1.887
0.006791100022383034, 3, 42757.0, 1.609
0.007150100020226091, 4, 42600.0, 1.236
0.005334400018909946, 5, 42147.0, 0.159
0.007052600005408749, 6, 42147.0, 0.159
0.00801839999621734, 7, 42080.0, 0.000

tour:
[ 17  16  15  14  13  12  11  10   9   8   7   6 151 152   5   4   3   1
   2   0 158 157 156 155 154 153 150 149 147 146 148 145 144 143 142 141
 140 138 139 137 136 135 134 132 133 131 130 127 126 125 124 128 123 129
 122 121 120 119 118 117 116 115 114 113 112 111 110 109 108 107  92  91
  90  89  88  93  87  86  95  94 106 105 104 103 102 101 100  99  98  97
  96  85  84  83  82  81  80  79  78  77  76  75  74  73  72  71  70  69
  68  67  66  65  64  63  62  61  60  59  58  57  56  55  54  53  52  51
  50  49  48  47  46  45  44  43  42  41  40  39  38  37  35  36  34  33
  32  31  30  29  28  27  26  25  24  23  22  21  20  19  18]

eliteFit: 42080.0
percentError: 0.0
computationTime: 0.059s