instanceName: u159
n: 159
optFit: 42080

genTime, gen, eliteFit, percentError:
0.0002342000079806894, 0, 406003.0, 864.836
0.011573399999178946, 1, 43696.0, 3.840
0.007308000000193715, 2, 42997.0, 2.179
0.006486199999926612, 3, 42802.0, 1.716
0.006845199997769669, 4, 42773.0, 1.647
0.005738899984862655, 5, 42395.0, 0.749
0.006697100005112588, 6, 42080.0, 0.000

tour:
[ 39  40  41  42  43  44  45  46  47  48  49  50  51  52  53  54  55  56
  57  58  59  60  61  62  63  64  65  66  67  68  69  70  71  72  73  74
  75  76  77  78  79  80  81  82  83  84  85  96  97  98  99 100 101 102
 103 104 105 106  94  95  86  87  93  88  89  90  91  92 107 108 109 110
 111 112 113 114 115 116 117 118 119 120 121 122 129 123 128 124 125 126
 127 130 131 133 132 134 135 136 137 139 138 140 141 142 143 144 145 146
 148 147 149 150 153 154 155 156 157 158   0   2   1   3   4   5 152 151
   6   7   8   9  11  10  12  13  14  15  16  17  18  19  20  21  22  23
  24  25  26  27  28  29  30  31  32  33  34  36  35  37  38]

eliteFit: 42080.0
percentError: 0.0
computationTime: 0.049s