instanceName: p654
n: 654
optFit: 34643

genTime, gen, eliteFit, percentError:
0.0008708999957889318, 0, 1923600.0, 5452.637
0.22111060000315774, 1, 35298.0, 1.891
0.1429053999891039, 2, 35248.0, 1.746
0.14229730000079144, 3, 35076.0, 1.250
0.1283765999978641, 4, 34989.0, 0.999
0.13412740000057966, 5, 34987.0, 0.993
0.13915820000693202, 6, 34941.0, 0.860
0.1392712999950163, 7, 34941.0, 0.860
0.13313610000477638, 8, 34941.0, 0.860
0.13083570000890177, 9, 34922.0, 0.805
0.12091009999858215, 10, 34890.0, 0.713
0.13009459999739192, 11, 34858.0, 0.621
0.12413939999532886, 12, 34847.0, 0.589
0.12037079999572597, 13, 34847.0, 0.589
0.12232750000839587, 14, 34835.0, 0.554
0.09623419999843463, 15, 34835.0, 0.554
0.05946659999608528, 16, 34835.0, 0.554
0.039750000010826625, 17, 34835.0, 0.554
0.039445999995223247, 18, 34823.0, 0.520
0.04276630000094883, 19, 34823.0, 0.520
0.03851990000111982, 20, 34823.0, 0.520
0.036020799991092645, 21, 34799.0, 0.450
0.043351100001018494, 22, 34799.0, 0.450
0.04506849999597762, 23, 34799.0, 0.450
0.04910419999214355, 24, 34799.0, 0.450
0.03973040000710171, 25, 34799.0, 0.450
0.04065039999841247, 26, 34799.0, 0.450
0.0391105000016978, 27, 34799.0, 0.450
0.04002299999410752, 28, 34799.0, 0.450
0.059844899995368905, 29, 34799.0, 0.450
0.05971050000516698, 30, 34794.0, 0.436
0.051647899992531165, 31, 34794.0, 0.436
0.04982010000094306, 32, 34775.0, 0.381
0.057149000000208616, 33, 34770.0, 0.367
0.045783199995639734, 34, 34751.0, 0.312
0.06894440000178292, 35, 34751.0, 0.312
0.06095579999964684, 36, 34751.0, 0.312
0.04098250000970438, 37, 34751.0, 0.312
0.037123799993423745, 38, 34751.0, 0.312
0.05659590000868775, 39, 34751.0, 0.312
0.05800949998956639, 40, 34751.0, 0.312
0.04427080000459682, 41, 34751.0, 0.312
0.04329100000904873, 42, 34751.0, 0.312
0.03490329999476671, 43, 34751.0, 0.312
0.049789400000008754, 44, 34751.0, 0.312
0.03402030000870582, 45, 34751.0, 0.312
0.0640197999891825, 46, 34751.0, 0.312
0.05472200000076555, 47, 34751.0, 0.312
0.04034510000201408, 48, 34751.0, 0.312
0.044585799987544306, 49, 34751.0, 0.312
0.04844230000162497, 50, 34751.0, 0.312
0.039458100000047125, 51, 34751.0, 0.312
0.04916840000078082, 52, 34747.0, 0.300
0.046228299994254485, 53, 34747.0, 0.300
0.04513610000140034, 54, 34747.0, 0.300
0.049370100008673035, 55, 34747.0, 0.300
0.0433364999917103, 56, 34747.0, 0.300
0.037554299997282214, 57, 34747.0, 0.300
0.04135569999925792, 58, 34747.0, 0.300
0.044608900003368035, 59, 34747.0, 0.300
0.047578699988662265, 60, 34747.0, 0.300
0.0446974000078626, 61, 34747.0, 0.300
0.036217700006091036, 62, 34747.0, 0.300
0.035001600001123734, 63, 34747.0, 0.300
0.04477660001430195, 64, 34747.0, 0.300
0.03830089999246411, 65, 34747.0, 0.300
0.03921319999790285, 66, 34747.0, 0.300
0.037963199996738695, 67, 34747.0, 0.300
0.04688950000854675, 68, 34747.0, 0.300
0.04245890000311192, 69, 34747.0, 0.300
0.04411669999535661, 70, 34743.0, 0.289
0.04689450000296347, 71, 34743.0, 0.289
0.04686299999593757, 72, 34743.0, 0.289
0.0381070000003092, 73, 34743.0, 0.289
0.037471999996341765, 74, 34743.0, 0.289
0.03469819999008905, 75, 34743.0, 0.289
0.04104589999769814, 76, 34743.0, 0.289
0.0472693000047002, 77, 34743.0, 0.289
0.03788509999867529, 78, 34743.0, 0.289
0.03911250000237487, 79, 34743.0, 0.289
0.0477997999987565, 80, 34743.0, 0.289
0.041422700000111945, 81, 34743.0, 0.289
0.042010300006950274, 82, 34742.0, 0.286
0.0397821000078693, 83, 34742.0, 0.286
0.03681910000159405, 84, 34742.0, 0.286
0.04467560000193771, 85, 34742.0, 0.286
0.04092460000538267, 86, 34742.0, 0.286
0.040440199998556636, 87, 34742.0, 0.286
0.039037399998051114, 88, 34742.0, 0.286
0.042204299999866635, 89, 34742.0, 0.286
0.03853499999968335, 90, 34742.0, 0.286
0.051659300006576814, 91, 34742.0, 0.286
0.03758469999593217, 92, 34742.0, 0.286
0.03394819999812171, 93, 34742.0, 0.286
0.03968750000058208, 94, 34742.0, 0.286
0.040829200006555766, 95, 34739.0, 0.277
0.05618619998858776, 96, 34735.0, 0.266
0.04233360000944231, 97, 34735.0, 0.266
0.04320389998611063, 98, 34735.0, 0.266
0.04115199999068864, 99, 34735.0, 0.266
0.04087339999387041, 100, 34735.0, 0.266
0.03838329999416601, 101, 34735.0, 0.266
0.04229800000030082, 102, 34726.0, 0.240
0.0430047999980161, 103, 34726.0, 0.240
0.0460700999974506, 104, 34726.0, 0.240
0.04196129999763798, 105, 34726.0, 0.240
0.04883329999574926, 106, 34726.0, 0.240
0.05026049999287352, 107, 34726.0, 0.240
0.04448260000208393, 108, 34726.0, 0.240
0.04035409999778494, 109, 34726.0, 0.240
0.04380880000826437, 110, 34726.0, 0.240
0.038618699996732175, 111, 34726.0, 0.240
0.038613600001554005, 112, 34726.0, 0.240
0.04427070000383537, 113, 34726.0, 0.240
0.04197189999104012, 114, 34726.0, 0.240
0.04731039999751374, 115, 34726.0, 0.240
0.038868599993293174, 116, 34726.0, 0.240
0.041872300003888085, 117, 34726.0, 0.240
0.03777029999764636, 118, 34726.0, 0.240
0.05298590000893455, 119, 34726.0, 0.240
0.0401999000023352, 120, 34726.0, 0.240
0.04098980000708252, 121, 34726.0, 0.240
0.032163600000785664, 122, 34726.0, 0.240
0.03687389999686275, 123, 34726.0, 0.240
0.04045349999796599, 124, 34726.0, 0.240
0.040957300006994046, 125, 34726.0, 0.240
0.04619079999974929, 126, 34726.0, 0.240
0.050338999993982725, 127, 34726.0, 0.240
0.038584800000535324, 128, 34726.0, 0.240
0.04265139999915846, 129, 34726.0, 0.240
0.04271069999958854, 130, 34726.0, 0.240
0.033807299987529404, 131, 34721.0, 0.225
0.05087769999227021, 132, 34721.0, 0.225
0.05000060000747908, 133, 34721.0, 0.225
0.05493019999994431, 134, 34721.0, 0.225
0.05724999999802094, 135, 34721.0, 0.225
0.07366150000598282, 136, 34721.0, 0.225
0.06582099999650382, 137, 34721.0, 0.225
0.07367779999913182, 138, 34721.0, 0.225
0.09109349999926053, 139, 34718.0, 0.216
0.10008989999187179, 140, 34709.0, 0.191
0.08059990000037942, 141, 34709.0, 0.191
0.07810670000617392, 142, 34706.0, 0.182
0.09706620000360999, 143, 34701.0, 0.167
0.06900909999967553, 144, 34701.0, 0.167
0.06104649999178946, 145, 34701.0, 0.167
0.046720900005311705, 146, 34701.0, 0.167
0.044283699986408465, 147, 34701.0, 0.167
0.040488600003300235, 148, 34701.0, 0.167
0.04136179998749867, 149, 34701.0, 0.167
0.035681499997735955, 150, 34701.0, 0.167
0.03853940000408329, 151, 34701.0, 0.167
0.050492900001700036, 152, 34701.0, 0.167
0.04514099999505561, 153, 34701.0, 0.167
0.0361613999994006, 154, 34701.0, 0.167
0.05447999999159947, 155, 34701.0, 0.167
0.0324547999916831, 156, 34701.0, 0.167
0.04874499999277759, 157, 34689.0, 0.133
0.03437609999673441, 158, 34689.0, 0.133
0.045480599990696646, 159, 34689.0, 0.133
0.047814999998081475, 160, 34689.0, 0.133
0.04779769999731798, 161, 34689.0, 0.133
0.04193680000025779, 162, 34689.0, 0.133
0.03937260000384413, 163, 34689.0, 0.133
0.04541550000431016, 164, 34689.0, 0.133
0.0390513999882387, 165, 34689.0, 0.133
0.047347600004286505, 166, 34689.0, 0.133
0.053627599991159514, 167, 34689.0, 0.133
0.042376299999887124, 168, 34689.0, 0.133
0.045637999995960854, 169, 34689.0, 0.133
0.041899599993485026, 170, 34689.0, 0.133
0.05038149999745656, 171, 34689.0, 0.133
0.05209090000425931, 172, 34689.0, 0.133
0.04167340000276454, 173, 34689.0, 0.133
0.03739559999667108, 174, 34689.0, 0.133
0.04679519998899195, 175, 34689.0, 0.133
0.043728699994971976, 176, 34689.0, 0.133
0.043287200009217486, 177, 34689.0, 0.133
0.06850709998980165, 178, 34689.0, 0.133
0.040662700004759245, 179, 34689.0, 0.133
0.044031099998392165, 180, 34689.0, 0.133
0.053353499999502674, 181, 34689.0, 0.133
0.047011999995447695, 182, 34689.0, 0.133
0.04072659999656025, 183, 34689.0, 0.133
0.03712269999959972, 184, 34689.0, 0.133
0.04521910000767093, 185, 34689.0, 0.133
0.05941030000394676, 186, 34689.0, 0.133
0.03754859999753535, 187, 34689.0, 0.133
0.04342039999028202, 188, 34689.0, 0.133
0.04530849998991471, 189, 34689.0, 0.133
0.037306800004444085, 190, 34689.0, 0.133
0.046021700007258914, 191, 34689.0, 0.133
0.04987030000484083, 192, 34689.0, 0.133
0.03712730000552256, 193, 34689.0, 0.133
0.04306920000817627, 194, 34689.0, 0.133
0.0472268999874359, 195, 34685.0, 0.121
0.03913489999831654, 196, 34685.0, 0.121
0.04204879999451805, 197, 34685.0, 0.121
0.045696399989537895, 198, 34685.0, 0.121
0.04862410000350792, 199, 34685.0, 0.121
0.04404839999915566, 200, 34685.0, 0.121
0.04552430000330787, 201, 34685.0, 0.121
0.041258899989770725, 202, 34685.0, 0.121
0.04843690000416245, 203, 34685.0, 0.121
0.03662549999717157, 204, 34685.0, 0.121
0.04737080000631977, 205, 34685.0, 0.121
0.034119900010409765, 206, 34685.0, 0.121
0.03523080000013579, 207, 34685.0, 0.121
0.04470969999965746, 208, 34685.0, 0.121
0.05642059999809135, 209, 34685.0, 0.121
0.03826499999559019, 210, 34685.0, 0.121
0.03648920000705402, 211, 34685.0, 0.121
0.039349300001049414, 212, 34685.0, 0.121
0.0454265000007581, 213, 34685.0, 0.121
0.04817399999592453, 214, 34685.0, 0.121
0.04215370000747498, 215, 34685.0, 0.121
0.043955300003290176, 216, 34685.0, 0.121
0.044602299996768124, 217, 34685.0, 0.121
0.04515979999268893, 218, 34685.0, 0.121
0.0479784000053769, 219, 34685.0, 0.121
0.03624679999484215, 220, 34685.0, 0.121
0.03915759999654256, 221, 34685.0, 0.121
0.041352100000949576, 222, 34685.0, 0.121
0.040630600007716566, 223, 34685.0, 0.121
0.03576469999097753, 224, 34685.0, 0.121
0.04394719999982044, 225, 34685.0, 0.121
0.04470920001040213, 226, 34685.0, 0.121
0.039297400013310835, 227, 34685.0, 0.121
0.03801990000647493, 228, 34685.0, 0.121
0.03769450000254437, 229, 34685.0, 0.121
0.038660399994114414, 230, 34685.0, 0.121
0.04695970000466332, 231, 34685.0, 0.121
0.03297529999690596, 232, 34685.0, 0.121
0.0434811000013724, 233, 34685.0, 0.121
0.03484189999289811, 234, 34685.0, 0.121
0.04185759999381844, 235, 34685.0, 0.121
0.03760419999889564, 236, 34685.0, 0.121
0.03972430000430904, 237, 34685.0, 0.121
0.04022209999675397, 238, 34685.0, 0.121
0.03867760000866838, 239, 34685.0, 0.121
0.042037399995024316, 240, 34685.0, 0.121
0.04581039999902714, 241, 34685.0, 0.121
0.053870200004894286, 242, 34685.0, 0.121
0.060884999998961575, 243, 34685.0, 0.121
0.038960299993050285, 244, 34685.0, 0.121
0.03964329999871552, 245, 34685.0, 0.121

tour:
[336 337 341 345 349 353 357 361 360 364 365 369 368 372 373 377 381 385
 389 393 392 391 387 388 384 383 379 380 376 375 371 367 363 359 355 356
 352 351 350 354 358 362 366 370 374 378 382 386 390 642 622 623 643 644
 624 609 625 645 646 647 648 649 650 626 651 627 652 628 629 653 397 396
 395 399 400 401 405 409 413 417 421 425 429 433 437 441 445 449 453 457
 461 465 469 473 477 481 485 489 488 487 486 482 478 474 470 466 462 458
 454 455 459 463 467 471 475 479 483 484 480 476 472 468 464 460 456 452
 448 444 443 447 451 450 446 442 438 439 440 436 435 434 430 431 432 428
 427 426 422 423 424 420 419 418 414 415 416 412 411 410 406 407 408 404
 403 402 398 394 601 600 613 599 598 597 612 596 611 595 610 594 593 592
 591 590 608 589 588 587  18  17  49  52  53  54  55  57  58  60  59  56
  51  50  48  47  45  44  43  41  38  37  33  32  31  30  27  26  24  25
  23  20  19  22  21  28  29  34  35  36  39  40  42  46  13  61  11  10
  12   6   5   7   8   9  63  62  64  65  66  68  67  69  70  71  72 103
 102 104 105 297 296 292 291 295 294 290 287 286 282 283 279 278 274 275
 276 280 284 288 293 289 285 281 277 273 272 271 270 267 266 262 258 259
 263 264 268 269 265 261 260 256 257 253 252 248 249 245 244 243 247 251
 255 254 250 246 242 238 239 240 241 237 236 235 234 230 231 232 233 229
 228 227 226 222 223 224 225 221 217 216 220 219 218 215 214 210 211 212
 213 209 208 207 206 202 203 204 205 571 519 518 547 531 546 570 517 516
 545 569 568 544 515 530 514 567 566 529 513 528 512 565 564 563 543 527
 511 510 509 508 542 562 561 541 526 507 506 505 540 560  74  77  78  75
  76  73  81  85  86  87  80  79  82  83  84  88  90  93  91  89  92  94
  95  96  97  98  99 100 101 201 197 193 189 185 181 180 184 188 192 196
 200 199 195 198 194 190 191 187 186 182 183 179 178 174 175 176 177 173
 172 168 169 165 164 163 167 171 170 166 162 158 159 160 161 157 156 155
 154 150 146 142 143 147 151 152 153 149 148 144 145 141 137 133 132 136
 140 139 138 134 135 131 130 126 127 128 129 125 121 117 116 115 119 120
 124 123 122 118 114 110 106 107 111 112 113 109 108 559 504 503 539 525
 538 558 502 501 537 557 536 500 524 556 555 554 499 523 498 522 497 553
 552 551 535 521 496 495 494 493 534 550 549 533 520 492 491 490 532 548
   0   1   2   3   4  14  16  15 630 614 572 573 574 602 615 631 632 616
 575 576 577 578 603 617 633 634 635 579 604 580 605 636 637 581 582 606
 638 618 639 619 583 584 640 620 607 585 621 641 586 298 299 300 301 305
 309 313 317 321 325 329 333 332 328 327 323 324 320 319 315 316 312 311
 307 308 304 303 302 306 310 314 318 322 326 330 331 335 334 338 342 346
 347 348 344 343 339 340]

eliteFit: 34685.0
percentError: 0.1212366134572641
computationTime: 12.596s