instanceName: p654
n: 654
optFit: 34643

genTime, gen, eliteFit, percentError:
0.001850700005888939, 0, 1913240.0, 5422.732
0.23532669999985956, 1, 35322.0, 1.960
0.1458157999877585, 2, 35261.0, 1.784
0.1424228999967454, 3, 35261.0, 1.784
0.11747850000392646, 4, 35024.0, 1.100
0.11404580000089481, 5, 35011.0, 1.062
0.14167920000909362, 6, 35006.0, 1.048
0.10417259999667294, 7, 34963.0, 0.924
0.06352650000189897, 8, 34941.0, 0.860
0.05311459999938961, 9, 34941.0, 0.860
0.048400899991975166, 10, 34900.0, 0.742
0.04490410001017153, 11, 34900.0, 0.742
0.05076080000435468, 12, 34876.0, 0.673
0.049530000003869645, 13, 34868.0, 0.649
0.04915429999527987, 14, 34864.0, 0.638
0.041974699997808784, 15, 34860.0, 0.626
0.04171640001004562, 16, 34846.0, 0.586
0.05120590000296943, 17, 34834.0, 0.551
0.046182799997041, 18, 34823.0, 0.520
0.04325859999516979, 19, 34813.0, 0.491
0.041795999990426935, 20, 34801.0, 0.456
0.04025030000775587, 21, 34798.0, 0.447
0.05444120000174735, 22, 34795.0, 0.439
0.04512349999276921, 23, 34785.0, 0.410
0.05269129999214783, 24, 34785.0, 0.410
0.04163880000123754, 25, 34785.0, 0.410
0.04650860000401735, 26, 34785.0, 0.410
0.04559300000255462, 27, 34785.0, 0.410
0.04971339998883195, 28, 34785.0, 0.410
0.04722789999505039, 29, 34785.0, 0.410
0.042204400000628084, 30, 34785.0, 0.410
0.03725280000071507, 31, 34785.0, 0.410
0.04039410001132637, 32, 34785.0, 0.410
0.04049099999247119, 33, 34785.0, 0.410
0.043659900009515695, 34, 34785.0, 0.410
0.03854210001009051, 35, 34769.0, 0.364
0.037752599993837066, 36, 34769.0, 0.364
0.043624199999612756, 37, 34769.0, 0.364
0.042512499989243224, 38, 34769.0, 0.364
0.043484299996634945, 39, 34769.0, 0.364
0.03672999999253079, 40, 34769.0, 0.364
0.03660999999556225, 41, 34769.0, 0.364
0.04337369999848306, 42, 34769.0, 0.364
0.03425419999985024, 43, 34769.0, 0.364
0.04598759999498725, 44, 34769.0, 0.364
0.03433049999875948, 45, 34769.0, 0.364
0.03646479999588337, 46, 34769.0, 0.364
0.052094500002567656, 47, 34769.0, 0.364
0.03493010000966024, 48, 34769.0, 0.364
0.042039000007207505, 49, 34769.0, 0.364
0.04115650001040194, 50, 34769.0, 0.364
0.043842699989909306, 51, 34769.0, 0.364
0.03378099999099504, 52, 34769.0, 0.364
0.04390689999854658, 53, 34757.0, 0.329
0.04208939999807626, 54, 34757.0, 0.329
0.03634549998969305, 55, 34757.0, 0.329
0.034509400007664226, 56, 34757.0, 0.329
0.038896400001249276, 57, 34757.0, 0.329
0.04056589999527205, 58, 34757.0, 0.329
0.03300919999310281, 59, 34757.0, 0.329
0.04417289998673368, 60, 34757.0, 0.329
0.03972460000659339, 61, 34757.0, 0.329
0.041069200000492856, 62, 34757.0, 0.329
0.0451619999948889, 63, 34757.0, 0.329
0.0403472000034526, 64, 34757.0, 0.329
0.04105790000176057, 65, 34757.0, 0.329
0.03621530000236817, 66, 34757.0, 0.329
0.04026059999887366, 67, 34757.0, 0.329
0.037556299997959286, 68, 34757.0, 0.329
0.03575979999732226, 69, 34757.0, 0.329
0.04249809999600984, 70, 34757.0, 0.329
0.04724659999192227, 71, 34757.0, 0.329
0.04163040001003537, 72, 34757.0, 0.329
0.04333760000008624, 73, 34757.0, 0.329
0.038335799996275455, 74, 34757.0, 0.329
0.0422134999971604, 75, 34757.0, 0.329
0.04147660000307951, 76, 34757.0, 0.329
0.04048329999204725, 77, 34757.0, 0.329
0.03934889999800362, 78, 34757.0, 0.329
0.04186729999491945, 79, 34757.0, 0.329
0.040766200007055886, 80, 34757.0, 0.329
0.039371299993945286, 81, 34757.0, 0.329
0.042524399992544204, 82, 34757.0, 0.329
0.03644200001144782, 83, 34757.0, 0.329
0.04588849999709055, 84, 34746.0, 0.297
0.046578499997849576, 85, 34746.0, 0.297
0.045457700005499646, 86, 34746.0, 0.297
0.05883569999423344, 87, 34746.0, 0.297
0.039908699996885844, 88, 34746.0, 0.297
0.04164589999709278, 89, 34746.0, 0.297
0.04979789999197237, 90, 34746.0, 0.297
0.04329979998874478, 91, 34746.0, 0.297
0.042056899997987784, 92, 34746.0, 0.297
0.041715300001669675, 93, 34746.0, 0.297
0.0356850999960443, 94, 34746.0, 0.297
0.041226400004234165, 95, 34746.0, 0.297
0.05532050000329036, 96, 34746.0, 0.297
0.045363700002781115, 97, 34746.0, 0.297
0.04454319999786094, 98, 34746.0, 0.297
0.036559300002409145, 99, 34746.0, 0.297
0.0493309000012232, 100, 34746.0, 0.297
0.0396688000037102, 101, 34746.0, 0.297
0.043114000000059605, 102, 34746.0, 0.297
0.0406619999994291, 103, 34746.0, 0.297
0.03864169999724254, 104, 34746.0, 0.297
0.046843299991451204, 105, 34746.0, 0.297
0.03808519999438431, 106, 34746.0, 0.297
0.04207290000340436, 107, 34746.0, 0.297
0.038493000000016764, 108, 34746.0, 0.297
0.043613399990135804, 109, 34746.0, 0.297
0.03525850000733044, 110, 34746.0, 0.297
0.03472509999119211, 111, 34746.0, 0.297
0.055150999993202277, 112, 34746.0, 0.297
0.03338010000879876, 113, 34746.0, 0.297
0.037568500003544614, 114, 34746.0, 0.297
0.047928400003002025, 115, 34746.0, 0.297
0.05809049999515992, 116, 34746.0, 0.297
0.03770240000449121, 117, 34746.0, 0.297
0.03775150000001304, 118, 34746.0, 0.297
0.041795099998125806, 119, 34746.0, 0.297
0.04322130000218749, 120, 34746.0, 0.297
0.03950220000115223, 121, 34746.0, 0.297
0.03817160001199227, 122, 34746.0, 0.297
0.03881920001003891, 123, 34746.0, 0.297
0.04889120000007097, 124, 34746.0, 0.297
0.03454549999150913, 125, 34746.0, 0.297
0.044495599999208935, 126, 34746.0, 0.297
0.038190399995073676, 127, 34746.0, 0.297
0.03860799998801667, 128, 34746.0, 0.297
0.042626500013284385, 129, 34746.0, 0.297
0.04418270000314806, 130, 34740.0, 0.280
0.04212909999478143, 131, 34740.0, 0.280
0.03791040000214707, 132, 34740.0, 0.280
0.04064049999578856, 133, 34740.0, 0.280
0.04336310000508092, 134, 34740.0, 0.280
0.04059839999536052, 135, 34740.0, 0.280
0.03921260000788607, 136, 34740.0, 0.280
0.03288859999156557, 137, 34740.0, 0.280
0.04779549999511801, 138, 34740.0, 0.280
0.04447569999319967, 139, 34740.0, 0.280
0.035441300002275966, 140, 34740.0, 0.280
0.04151999999885447, 141, 34740.0, 0.280
0.03912109999509994, 142, 34740.0, 0.280
0.04977530000905972, 143, 34740.0, 0.280
0.041834599993308075, 144, 34740.0, 0.280
0.05439450000994839, 145, 34740.0, 0.280
0.05113609999534674, 146, 34740.0, 0.280
0.03808089999074582, 147, 34740.0, 0.280
0.0411896000005072, 148, 34740.0, 0.280
0.03614029999880586, 149, 34740.0, 0.280
0.03968489999533631, 150, 34740.0, 0.280
0.03776799999468494, 151, 34740.0, 0.280
0.04214730000239797, 152, 34740.0, 0.280
0.04660349999903701, 153, 34740.0, 0.280
0.043641600001137704, 154, 34740.0, 0.280
0.04359570000087842, 155, 34740.0, 0.280
0.04111769999144599, 156, 34740.0, 0.280
0.039131400000769645, 157, 34740.0, 0.280
0.04696529998909682, 158, 34740.0, 0.280
0.043728000004193746, 159, 34740.0, 0.280
0.05444240001088474, 160, 34740.0, 0.280
0.04261160000169184, 161, 34740.0, 0.280
0.03512919999775477, 162, 34740.0, 0.280
0.044666099987807684, 163, 34740.0, 0.280
0.038091399997938424, 164, 34740.0, 0.280
0.03652870000223629, 165, 34740.0, 0.280
0.0397685000061756, 166, 34740.0, 0.280
0.03700949999620207, 167, 34740.0, 0.280
0.04213560000061989, 168, 34740.0, 0.280
0.03991329998825677, 169, 34740.0, 0.280
0.04323119999025948, 170, 34740.0, 0.280
0.05280479999782983, 171, 34740.0, 0.280
0.04296940000494942, 172, 34740.0, 0.280
0.043566799999098293, 173, 34740.0, 0.280
0.04205189998901915, 174, 34740.0, 0.280
0.03961859999981243, 175, 34740.0, 0.280
0.0563630000106059, 176, 34739.0, 0.277
0.038995000009890646, 177, 34739.0, 0.277
0.03815720000420697, 178, 34739.0, 0.277
0.03429890000552405, 179, 34732.0, 0.257
0.04640300000028219, 180, 34732.0, 0.257
0.049803300003986806, 181, 34732.0, 0.257
0.037999499996658415, 182, 34732.0, 0.257
0.04062770000018645, 183, 34732.0, 0.257
0.03914480000094045, 184, 34732.0, 0.257
0.06915070000104606, 185, 34732.0, 0.257
0.03678619999845978, 186, 34732.0, 0.257
0.03780420000839513, 187, 34732.0, 0.257
0.04538429999956861, 188, 34732.0, 0.257
0.038960700010648, 189, 34732.0, 0.257
0.035201300008338876, 190, 34732.0, 0.257
0.04677159999846481, 191, 34732.0, 0.257
0.037172899988945574, 192, 34732.0, 0.257
0.051902199993492104, 193, 34732.0, 0.257
0.043402299997978844, 194, 34732.0, 0.257
0.04091029999835882, 195, 34732.0, 0.257
0.04179579998890404, 196, 34720.0, 0.222
0.03735189999861177, 197, 34720.0, 0.222
0.05000979999022093, 198, 34720.0, 0.222
0.04048530000727624, 199, 34720.0, 0.222
0.04231350000191014, 200, 34720.0, 0.222
0.03655770000477787, 201, 34720.0, 0.222
0.04688650000025518, 202, 34720.0, 0.222
0.039772999996785074, 203, 34720.0, 0.222
0.036315100005595013, 204, 34720.0, 0.222
0.04561529999773484, 205, 34720.0, 0.222
0.05428550000942778, 206, 34720.0, 0.222
0.042689300011261366, 207, 34720.0, 0.222
0.043314599999575876, 208, 34720.0, 0.222
0.04502119999960996, 209, 34714.0, 0.205
0.03733089999877848, 210, 34714.0, 0.205
0.040440500000840984, 211, 34714.0, 0.205
0.041407700002309866, 212, 34714.0, 0.205
0.03483260000939481, 213, 34714.0, 0.205
0.04151429999910761, 214, 34714.0, 0.205
0.03563610000128392, 215, 34714.0, 0.205
0.05018410000775475, 216, 34714.0, 0.205
0.045607400010339916, 217, 34714.0, 0.205
0.03761970000050496, 218, 34714.0, 0.205
0.04203609999967739, 219, 34714.0, 0.205
0.03566549999231938, 220, 34714.0, 0.205
0.03693319999729283, 221, 34714.0, 0.205
0.04106409999076277, 222, 34714.0, 0.205
0.03662420000182465, 223, 34714.0, 0.205
0.03777969999646302, 224, 34714.0, 0.205
0.042762900004163384, 225, 34714.0, 0.205
0.03592670000216458, 226, 34714.0, 0.205
0.04688870000245515, 227, 34714.0, 0.205
0.04124910000246018, 228, 34714.0, 0.205
0.04597170000488404, 229, 34714.0, 0.205
0.04803400000673719, 230, 34714.0, 0.205
0.039706800002022646, 231, 34714.0, 0.205
0.03288230000180192, 232, 34714.0, 0.205
0.040789499995298684, 233, 34714.0, 0.205
0.045345299993641675, 234, 34714.0, 0.205
0.034045799999148585, 235, 34714.0, 0.205
0.03745439999329392, 236, 34714.0, 0.205
0.03897270000015851, 237, 34714.0, 0.205
0.03882299999531824, 238, 34714.0, 0.205
0.046009600002435036, 239, 34714.0, 0.205
0.03763950000575278, 240, 34714.0, 0.205
0.05062829999951646, 241, 34714.0, 0.205
0.03571189999638591, 242, 34714.0, 0.205
0.04267339999205433, 243, 34714.0, 0.205
0.045015499999863096, 244, 34714.0, 0.205
0.040220499999122694, 245, 34714.0, 0.205
0.0431795000040438, 246, 34714.0, 0.205
0.03843159999814816, 247, 34714.0, 0.205
0.04515289999835659, 248, 34714.0, 0.205
0.04249730000447016, 249, 34714.0, 0.205
0.04388009999820497, 250, 34714.0, 0.205
0.04279849999875296, 251, 34714.0, 0.205
0.04798670001036953, 252, 34714.0, 0.205
0.03476579999551177, 253, 34714.0, 0.205
0.04162699999869801, 254, 34714.0, 0.205
0.037647800010745414, 255, 34714.0, 0.205
0.042552500002784654, 256, 34714.0, 0.205
0.03327730001183227, 257, 34714.0, 0.205
0.03750659999786876, 258, 34714.0, 0.205
0.03877040000224952, 259, 34714.0, 0.205

tour:
[631 632 616 575 576 577 578 603 617 633 634 635 579 604 580 605 636 637
 581 606 582 618 638 639 619 583 584 640 620 607 621 585 586 641 301 305
 304 300 299 298 302 303 307 306 310 311 312 308 309 313 317 316 315 314
 318 319 320 321 325 324 329 333 332 328 327 323 322 326 330 331 335 336
 337 341 340 339 334 338 342 343 344 345 349 348 347 346 350 351 352 353
 357 356 355 354 358 359 360 361 364 365 369 368 372 373 377 376 375 371
 367 363 362 366 370 374 378 379 380 381 385 384 383 382 386 390 391 387
 388 389 393 392 642 622 623 643 644 624 609 625 645 646 647 648 649 650
 626 651 627 652 628 629 653 397 396 395 399 400 401 405 404 403 407 408
 409 413 417 416 412 411 415 419 420 421 425 424 423 427 428 429 433 432
 431 435 436 437 441 440 439 443 444 445 449 453 457 456 455 459 460 461
 465 464 463 467 468 469 473 477 481 485 489 488 487 486 482 483 484 480
 476 472 471 475 479 478 474 470 466 462 458 454 450 451 452 448 447 446
 442 438 434 430 426 422 418 414 410 406 402 398 394 601 600 613 599 598
 597 612 596 611 595 610 594 593 592 591 590 608 589 588 587  18  17  49
  52  53  54  55  57  58  60  59  56  51  50  48  47  45  44  43  41  38
  37  33  32  31  30  27  26  24  25  23  20  19  22  21  28  29  34  35
  36  39  40  42  46  13  61  11  10  12   6   5   7   8   9  63  62  64
  65  66  68  67  69  70  71  72 103 102 104 105 297 296 292 293 289 288
 287 291 295 294 290 286 282 278 279 283 284 285 280 281 277 276 275 274
 270 271 272 273 269 268 264 265 261 257 253 252 248 247 251 255 256 260
 259 263 267 266 262 258 254 250 246 242 243 244 249 245 241 237 233 232
 236 240 239 238 234 235 231 230 226 227 228 229 225 221 220 224 223 222
 218 219 215 214 210 206 202 203 207 211 212 216 217 213 209 208 204 205
 571 519 518 547 531 546 570 517 516 545 569 544 515 530 568 567 566 529
 514 513 528 512 565 564 563 543 527 511 510 509 508 542 562 561 541 526
 507 506 505 540 560  74  77  78  75  76  73  81  85  86  87  80  79  82
  83  84  88  90  93  91  89  92  94  95  96  97  98  99 100 101 201 197
 193 189 185 181 177 173 176 175 179 180 184 183 187 188 192 196 200 199
 198 194 195 191 190 186 182 178 174 170 166 162 167 171 172 168 169 165
 161 160 164 163 159 158 154 155 156 157 153 152 151 150 146 147 148 149
 145 144 143 142 138 139 140 141 137 133 132 136 135 134 131 130 126 122
 118 119 123 127 128 129 125 124 120 121 117 116 115 114 110 111 112 113
 109 108 107 106 504 559 539 503 525 538 558 502 501 537 557 536 500 524
 556 555 554 499 523 498 522 497 553 552 551 535 521 496 495 494 493 534
 550 549 533 520 492 491 490 532 548   0   1   2   3   4  14  16  15 630
 572 573 574 602 615 614]

eliteFit: 34714.0
percentError: 0.20494760846347027
computationTime: 11.793s