instanceName: pr124
n: 124
optFit: 59030

genTime, gen, eliteFit, percentError:
0.0012769000022672117, 0, 624372.0, 957.720
0.013525100002880208, 1, 59790.0, 1.287
0.03886499999498483, 2, 59310.0, 0.474
0.012079599997377954, 3, 59087.0, 0.097
0.006322899993392639, 4, 59030.0, 0.000

tour:
[ 52  87  88 103 104 105 106 107 108 109 110 111 112 113 102 101  89  86
  85  84  90 100 114 115 116 117 118 119 120 121 122 123  99  98  97  96
  95  94  93  92  91  79  78  77  76  75  74  73  72  71  70  69  68  67
  63  62  80  81  83  82  66  64  65  61  32  33  29  30  31   5   4   3
   2   1   0   7   6  26  27  28  34  35  58  60  59  57  56  55  54  36
  37  25  23  24  21  22  38  39  20  19  40  41  42  43  53  44  18  17
  16  15   8   9  10  11  12  13  14  50  49  48  47  46  45  51]

eliteFit: 59030.0
percentError: 0.0
computationTime: 0.079s