instanceName: pr2392
n: 2392
optFit: 378032

genTime, gen, eliteFit, percentError:
0.00287439999920025, 0, 14942662.0, 3852.751
5.1531240999993315, 1, 426040.0, 12.699
3.212428999999247, 2, 421909.0, 11.607
2.892720499999996, 3, 419255.0, 10.905
2.9626631999999518, 4, 417538.0, 10.450
2.7989471000000776, 5, 415142.0, 9.817
2.7451419000008173, 6, 413675.0, 9.429
2.7179620000006253, 7, 413097.0, 9.276
2.9738575000010314, 8, 411681.0, 8.901
2.63664129999961, 9, 410693.0, 8.640
2.8182381999995414, 10, 409785.0, 8.400
2.9427887000001647, 11, 406011.0, 7.401
2.668802300000607, 12, 406011.0, 7.401
2.7238133999999263, 13, 406011.0, 7.401
2.512739600000714, 14, 405692.0, 7.317
2.113468199999261, 15, 404720.0, 7.060
1.5718216000004759, 16, 404505.0, 7.003
1.9218514999993204, 17, 403352.0, 6.698
1.9507864999995945, 18, 402944.0, 6.590
1.9003100999998424, 19, 400996.0, 6.075
1.9746587999998155, 20, 400996.0, 6.075
1.9312462999987474, 21, 400193.0, 5.862
1.9368784999987838, 22, 400193.0, 5.862
2.0586735000015324, 23, 399458.0, 5.668
1.9334297999994305, 24, 399150.0, 5.586
1.5600119999999151, 25, 398911.0, 5.523
1.5044424000006984, 26, 397951.0, 5.269
1.7760732999995525, 27, 397266.0, 5.088
1.7225864000010915, 28, 396616.0, 4.916
1.7210912000009557, 29, 396127.0, 4.787
1.5711655000013707, 30, 396127.0, 4.787
1.286605999999665, 31, 395405.0, 4.596
1.4108254999991914, 32, 395144.0, 4.527
1.3920166000007157, 33, 394706.0, 4.411
1.722200400001384, 34, 394706.0, 4.411
1.6601041000012629, 35, 393834.0, 4.180
1.5842195999994146, 36, 393742.0, 4.156
1.3285421000000497, 37, 393713.0, 4.148
0.8570185000007768, 38, 393471.0, 4.084
1.0462523000005604, 39, 393379.0, 4.060
0.9793754000002082, 40, 393334.0, 4.048
0.890203200000542, 41, 393238.0, 4.022
0.7661698000010801, 42, 393016.0, 3.964
0.7474937000006321, 43, 393016.0, 3.964
0.9669813999989856, 44, 392740.0, 3.891
1.2841033000004245, 45, 392683.0, 3.876
1.280851100000291, 46, 392683.0, 3.876
1.216742600001453, 47, 392289.0, 3.771
1.0542552000006253, 48, 392289.0, 3.771
0.979712099999233, 49, 392153.0, 3.735
0.7806143999987398, 50, 392105.0, 3.723
0.6688841999985016, 51, 392023.0, 3.701
0.7068617000004451, 52, 391975.0, 3.688
0.5747896000011679, 53, 391953.0, 3.682
0.6496318000008614, 54, 391905.0, 3.670
0.575767199999973, 55, 391905.0, 3.670
0.5257488999995985, 56, 391905.0, 3.670
0.5615801000003557, 57, 391905.0, 3.670
0.7564263000003848, 58, 391905.0, 3.670
0.6108487000001332, 59, 391905.0, 3.670
0.5713613999996596, 60, 391905.0, 3.670
0.5688719000008859, 61, 391905.0, 3.670
0.6404548000009527, 62, 391905.0, 3.670
0.5797855999990134, 63, 391905.0, 3.670
0.6113565000014205, 64, 391905.0, 3.670
0.5857310999999754, 65, 391762.0, 3.632
0.5301024000000325, 66, 391737.0, 3.625
0.6390277999998943, 67, 391737.0, 3.625
0.5435428000000684, 68, 391594.0, 3.588
0.5561957999998413, 69, 391594.0, 3.588
0.6301038000001427, 70, 391594.0, 3.588
0.6506924999994226, 71, 391594.0, 3.588
0.7122177999990527, 72, 391594.0, 3.588
0.5874051000009786, 73, 391590.0, 3.586
0.6409696999999142, 74, 391590.0, 3.586
0.6502000999989832, 75, 391590.0, 3.586
0.553439300001628, 76, 391590.0, 3.586
0.582094600000346, 77, 391590.0, 3.586
0.619661200000337, 78, 391590.0, 3.586
0.6081816999994771, 79, 391590.0, 3.586
0.6137096000002202, 80, 391590.0, 3.586
0.6446834999987914, 81, 391590.0, 3.586
0.5657529000000068, 82, 391590.0, 3.586
0.6200897999988229, 83, 391590.0, 3.586
0.6286777999994229, 84, 391590.0, 3.586
0.6743425999993633, 85, 391590.0, 3.586
0.6149084999997285, 86, 391590.0, 3.586
0.647952900000746, 87, 391590.0, 3.586
0.5494025999996666, 88, 391590.0, 3.586
0.5537758999998914, 89, 391590.0, 3.586
0.6457209000000148, 90, 391590.0, 3.586
0.6952510999999504, 91, 391590.0, 3.586
0.6321666000003461, 92, 391590.0, 3.586
0.6049000999992131, 93, 391590.0, 3.586
0.734589199999391, 94, 391590.0, 3.586
0.6719821999995474, 95, 391590.0, 3.586
0.701084099999207, 96, 391590.0, 3.586
0.6576418999993621, 97, 391590.0, 3.586
0.5945601999992505, 98, 391590.0, 3.586
0.6365029999997205, 99, 391590.0, 3.586
0.6566997999998421, 100, 391456.0, 3.551
0.5757738000011159, 101, 391456.0, 3.551
0.6199344999986351, 102, 391456.0, 3.551
0.5918791000003694, 103, 391354.0, 3.524
0.6012569000013173, 104, 391354.0, 3.524
0.6379032999993797, 105, 391354.0, 3.524
0.585344699999041, 106, 391354.0, 3.524
0.6728184999992664, 107, 390795.0, 3.376
0.6509769000003871, 108, 390795.0, 3.376
0.9819776000003912, 109, 390784.0, 3.373
0.77000869999938, 110, 390767.0, 3.369
0.7970401999991736, 111, 390514.0, 3.302
0.7848599000008107, 112, 390514.0, 3.302
0.8392848000003141, 113, 390486.0, 3.294
0.6433706999996502, 114, 390417.0, 3.276
0.6740398000001733, 115, 390389.0, 3.269
0.6794503999990411, 116, 390389.0, 3.269
0.7260015000010753, 117, 390389.0, 3.269
0.6362081000006583, 118, 390389.0, 3.269
0.6660203999999794, 119, 390389.0, 3.269
0.5752742000004218, 120, 390389.0, 3.269
0.6576340999999957, 121, 390389.0, 3.269
0.5680706999992253, 122, 390389.0, 3.269
0.5779127000005246, 123, 390389.0, 3.269
0.6550695999994787, 124, 390389.0, 3.269
0.583695400000579, 125, 390389.0, 3.269
0.6054040999988501, 126, 390389.0, 3.269
0.6523500999992393, 127, 390357.0, 3.260
0.6668069000006653, 128, 390357.0, 3.260
0.6383323999998538, 129, 390295.0, 3.244
0.6289955000011105, 130, 390295.0, 3.244
0.5877022999993642, 131, 390295.0, 3.244
0.6070038999987446, 132, 390254.0, 3.233
0.5400010000012117, 133, 390254.0, 3.233
0.5994786999999633, 134, 390254.0, 3.233
0.6114741000001231, 135, 390254.0, 3.233
0.5845203000008041, 136, 390254.0, 3.233
0.5492181999998138, 137, 390254.0, 3.233
0.5290017999996053, 138, 390254.0, 3.233
0.6355561999989732, 139, 390064.0, 3.183
0.6251475999997638, 140, 390044.0, 3.178
0.7141530999997485, 141, 390044.0, 3.178
1.08638400000018, 142, 389884.0, 3.135
0.5992519999999786, 143, 389884.0, 3.135
0.6635999999998603, 144, 389855.0, 3.128
0.6214080999998259, 145, 389855.0, 3.128
0.4785633000010421, 146, 389835.0, 3.122
0.6216008000010333, 147, 389835.0, 3.122
0.6764606999986427, 148, 389835.0, 3.122
0.5637261000010767, 149, 389835.0, 3.122
0.6290143999995053, 150, 389835.0, 3.122
0.5676013000011153, 151, 389835.0, 3.122
0.6467258000011498, 152, 389835.0, 3.122
0.6152920000004087, 153, 389835.0, 3.122
0.5618388000002597, 154, 389783.0, 3.108
0.6103558000013436, 155, 389783.0, 3.108
0.5954647999988083, 156, 389783.0, 3.108
0.6543015000006562, 157, 389783.0, 3.108
0.6440464000006614, 158, 389783.0, 3.108
0.5614448999986053, 159, 389783.0, 3.108
0.5082499000000098, 160, 389783.0, 3.108
0.6166840999994747, 161, 389658.0, 3.075
0.5768047000001388, 162, 389658.0, 3.075
0.5774722000005568, 163, 389658.0, 3.075
0.6736830000008922, 164, 389658.0, 3.075
0.544493199999124, 165, 389658.0, 3.075
0.5609897999984241, 166, 389658.0, 3.075
0.5608286999995471, 167, 389658.0, 3.075
0.5523326000002271, 168, 389658.0, 3.075
0.5669545000000653, 169, 389658.0, 3.075
0.595962999999756, 170, 389561.0, 3.050
0.6578405000000203, 171, 389561.0, 3.050
0.6838275999998586, 172, 389561.0, 3.050
0.7051869000006263, 173, 389454.0, 3.021
0.5856254999998782, 174, 389454.0, 3.021
0.6735215999997308, 175, 389454.0, 3.021
0.6002168000013626, 176, 389454.0, 3.021
0.5403335000009974, 177, 389454.0, 3.021
0.7333962000011525, 178, 389454.0, 3.021
0.6247574999997596, 179, 389454.0, 3.021
0.6673651000000973, 180, 389454.0, 3.021
0.5754811000006157, 181, 389454.0, 3.021
0.7045742999998765, 182, 389454.0, 3.021
0.6063547000012477, 183, 389454.0, 3.021
0.5393522000013036, 184, 389454.0, 3.021
0.7182217000008677, 185, 389304.0, 2.982
0.6037887000002229, 186, 389304.0, 2.982
0.6627005999998801, 187, 389304.0, 2.982
0.5707783999987441, 188, 389304.0, 2.982
0.5981761999992159, 189, 389304.0, 2.982
0.5381071000010706, 190, 389304.0, 2.982
0.6390499999997701, 191, 389304.0, 2.982
0.5868603999988409, 192, 389304.0, 2.982
0.6302980000000389, 193, 389304.0, 2.982
0.6919686000001093, 194, 389304.0, 2.982
0.522453300000052, 195, 389304.0, 2.982
0.5882149000008212, 196, 389304.0, 2.982
0.67841000000044, 197, 389304.0, 2.982
0.7312408999987383, 198, 389304.0, 2.982
0.658433700000387, 199, 389304.0, 2.982
0.6466975000003004, 200, 389304.0, 2.982
0.677385700000741, 201, 389304.0, 2.982
0.5648609999989276, 202, 389304.0, 2.982
0.5947396000010485, 203, 389304.0, 2.982
0.6049863000007463, 204, 389304.0, 2.982
0.6613877000017965, 205, 389304.0, 2.982
0.6102209000000585, 206, 389304.0, 2.982
0.5712462999999843, 207, 389304.0, 2.982
0.6168220999988989, 208, 389304.0, 2.982
0.5821034000000509, 209, 389304.0, 2.982
0.6891735999997763, 210, 389304.0, 2.982
0.5237914000008459, 211, 389304.0, 2.982
0.6373806999999942, 212, 389304.0, 2.982
0.5951843999991979, 213, 389304.0, 2.982
0.6955526000001555, 214, 389183.0, 2.950
0.5897113999999419, 215, 389183.0, 2.950
0.5642389000004187, 216, 389183.0, 2.950
0.6266176999997697, 217, 389183.0, 2.950
0.5301436999998259, 218, 389183.0, 2.950
0.5731002000011358, 219, 389183.0, 2.950
0.5532564999994065, 220, 389183.0, 2.950
0.5836235000006127, 221, 389183.0, 2.950
0.6177442000007431, 222, 389183.0, 2.950
0.629562200001601, 223, 389183.0, 2.950
0.5479116999995313, 224, 389183.0, 2.950
0.5401550999995379, 225, 389183.0, 2.950
0.5425264000004972, 226, 389183.0, 2.950
0.6019223000002967, 227, 389183.0, 2.950
0.5923348999986047, 228, 389183.0, 2.950
0.6318140000003041, 229, 389183.0, 2.950
0.5633563000010327, 230, 389183.0, 2.950
0.7314800000003743, 231, 389183.0, 2.950
0.501466799998525, 232, 389183.0, 2.950
0.6878422999998293, 233, 389183.0, 2.950
0.61851150000075, 234, 389183.0, 2.950
0.5400530000006256, 235, 389183.0, 2.950
0.6477126999998291, 236, 389183.0, 2.950
0.5865689000002021, 237, 389183.0, 2.950
0.586226400000669, 238, 389183.0, 2.950
0.6666036999995413, 239, 389183.0, 2.950
0.5844481000003725, 240, 389183.0, 2.950
0.605846800001018, 241, 389183.0, 2.950
0.595348599999852, 242, 389183.0, 2.950
0.6311264000014489, 243, 389183.0, 2.950
0.605843499999537, 244, 389183.0, 2.950
0.5616852000002837, 245, 389183.0, 2.950
0.5878097000004345, 246, 389183.0, 2.950
0.6113105000003998, 247, 389183.0, 2.950
0.5005035000012867, 248, 389183.0, 2.950
0.5586875999997574, 249, 389183.0, 2.950
0.5488714000002801, 250, 389183.0, 2.950
0.559083100000862, 251, 389183.0, 2.950
0.5717038999991928, 252, 389183.0, 2.950
0.6665764000008494, 253, 389183.0, 2.950
0.7441482000012911, 254, 389183.0, 2.950
0.660004299999855, 255, 389183.0, 2.950
0.6080247999998392, 256, 389183.0, 2.950
0.5805897999998706, 257, 389183.0, 2.950
0.6322205999986181, 258, 388930.0, 2.883
0.7168954999997368, 259, 388930.0, 2.883
0.7393331000002945, 260, 388930.0, 2.883
0.7782439000002341, 261, 388930.0, 2.883
0.5993209000007482, 262, 388930.0, 2.883
0.6423438000001624, 263, 388930.0, 2.883
0.6376634000007471, 264, 388930.0, 2.883
0.7195381000001362, 265, 388930.0, 2.883
0.6077864999988378, 266, 388930.0, 2.883
0.5785034999989875, 267, 388930.0, 2.883
0.6447533999998996, 268, 388930.0, 2.883
0.6334002999992663, 269, 388930.0, 2.883
0.6231241999994381, 270, 388930.0, 2.883
0.5786662999998953, 271, 388930.0, 2.883
0.580035000000862, 272, 388930.0, 2.883
0.6226034999999683, 273, 388930.0, 2.883
0.5641739999991842, 274, 388930.0, 2.883
0.5857496999997238, 275, 388930.0, 2.883
0.5980793999988236, 276, 388930.0, 2.883
0.5906144000000495, 277, 388930.0, 2.883
0.700715200000559, 278, 388930.0, 2.883
0.6419009999990521, 279, 388930.0, 2.883
0.5727360000000772, 280, 388930.0, 2.883
0.6259658000017225, 281, 388930.0, 2.883
0.7099806000005628, 282, 388930.0, 2.883
0.5668400000013207, 283, 388930.0, 2.883
0.5819211999987601, 284, 388930.0, 2.883
0.6171092000004137, 285, 388930.0, 2.883
0.6090727999999217, 286, 388930.0, 2.883
0.6333494999998948, 287, 388930.0, 2.883
0.6571124999991298, 288, 388930.0, 2.883
0.5231014000000869, 289, 388930.0, 2.883
0.5811955999997735, 290, 388930.0, 2.883
0.5474629999989702, 291, 388930.0, 2.883
0.6333885000003647, 292, 388930.0, 2.883
0.5464730999992753, 293, 388930.0, 2.883
0.566482600001109, 294, 388930.0, 2.883
0.5862271000005421, 295, 388930.0, 2.883
0.6411905999993905, 296, 388930.0, 2.883
0.6154714999993303, 297, 388930.0, 2.883
0.6512358999989374, 298, 388930.0, 2.883
0.5705290000005334, 299, 388930.0, 2.883
0.6707779999997001, 300, 388853.0, 2.862
0.6084680999992997, 301, 388853.0, 2.862
0.8265375999999378, 302, 388847.0, 2.861
0.6833917999992991, 303, 388791.0, 2.846
0.5672161000002234, 304, 388714.0, 2.826
0.6699690000004921, 305, 388708.0, 2.824
0.7260073999987071, 306, 388703.0, 2.823
0.6209976000009192, 307, 388703.0, 2.823
0.5461345999992773, 308, 388637.0, 2.805
0.6530239000003348, 309, 388637.0, 2.805
0.5624585000005027, 310, 388637.0, 2.805
0.6158909000005224, 311, 388637.0, 2.805
0.6108132000008482, 312, 388637.0, 2.805
0.5665392999999312, 313, 388637.0, 2.805
0.6463079999994079, 314, 388637.0, 2.805
0.5668924000001425, 315, 388637.0, 2.805
0.5716553999991447, 316, 388637.0, 2.805
0.6389306000000943, 317, 388637.0, 2.805
0.6487309999993158, 318, 388637.0, 2.805
0.6521797999994305, 319, 388637.0, 2.805
0.5592156000002433, 320, 388637.0, 2.805
0.5390870999999606, 321, 388637.0, 2.805
0.5907631000009133, 322, 388637.0, 2.805
0.6006984000014199, 323, 388637.0, 2.805
0.5361386000004131, 324, 388637.0, 2.805
0.5396679000004951, 325, 388637.0, 2.805
0.5257701000009547, 326, 388637.0, 2.805
0.6618952999997418, 327, 388637.0, 2.805
0.587295900000754, 328, 388637.0, 2.805
0.6218208000009326, 329, 388637.0, 2.805
0.567344499999308, 330, 388637.0, 2.805
0.5393986999988556, 331, 388637.0, 2.805
0.5628125999992335, 332, 388637.0, 2.805
0.6669330000004265, 333, 388637.0, 2.805
0.5531508000003669, 334, 388637.0, 2.805
0.5671537999987777, 335, 388637.0, 2.805
0.7263861000010365, 336, 388637.0, 2.805
0.6085091999993892, 337, 388637.0, 2.805
0.6197529000000941, 338, 388637.0, 2.805
0.5698890000003303, 339, 388637.0, 2.805
0.6459532000008039, 340, 388637.0, 2.805
0.5410401999997703, 341, 388637.0, 2.805
0.6763556999994762, 342, 388637.0, 2.805
0.6166512999989209, 343, 388637.0, 2.805
0.6041186000002199, 344, 388637.0, 2.805
0.6689906999999948, 345, 388637.0, 2.805
0.6065968999992037, 346, 388637.0, 2.805
0.5905022000006284, 347, 388637.0, 2.805
0.6166167000010319, 348, 388637.0, 2.805
0.6045731000012893, 349, 388522.0, 2.775
0.5429640999991534, 350, 388522.0, 2.775
0.5978720000002795, 351, 388522.0, 2.775
0.6809181000007811, 352, 388522.0, 2.775
0.5884372999989864, 353, 388522.0, 2.775
0.6563373999997566, 354, 388522.0, 2.775
0.6439572999988741, 355, 388522.0, 2.775
0.5636619999986578, 356, 388522.0, 2.775
0.5943291999992653, 357, 388522.0, 2.775
0.565860499998962, 358, 388522.0, 2.775
0.6394415000013396, 359, 388522.0, 2.775
0.5416987999997218, 360, 388522.0, 2.775
0.7079183999994711, 361, 388522.0, 2.775
0.5847193999998126, 362, 388522.0, 2.775
0.5553653999995731, 363, 388522.0, 2.775
0.6940045000010286, 364, 388522.0, 2.775
0.5887667999995756, 365, 388522.0, 2.775
0.6224559000002046, 366, 388522.0, 2.775
0.5983040999999503, 367, 388522.0, 2.775
0.5386582000010094, 368, 388522.0, 2.775
0.5623933999995643, 369, 388522.0, 2.775
0.568274700000984, 370, 388522.0, 2.775
0.521867999999813, 371, 388522.0, 2.775
0.6081367999995564, 372, 388522.0, 2.775
0.645019499999762, 373, 388522.0, 2.775
0.5628433000001678, 374, 388522.0, 2.775
0.5641696000002412, 375, 388420.0, 2.748
0.5548571999988781, 376, 388420.0, 2.748
0.6537511000005907, 377, 388420.0, 2.748
0.6246998000005988, 378, 388319.0, 2.721
0.6623546999999235, 379, 388284.0, 2.712
0.5983043000014732, 380, 388284.0, 2.712
0.6737076999997953, 381, 388225.0, 2.696
0.6508090000006632, 382, 388225.0, 2.696
0.6409483999996155, 383, 388225.0, 2.696
0.6255896000002394, 384, 388225.0, 2.696
0.5953250000002299, 385, 388225.0, 2.696
0.617830999999569, 386, 388225.0, 2.696
0.6547970999999961, 387, 388225.0, 2.696
0.7034872000003816, 388, 388225.0, 2.696
0.5691666999991867, 389, 388050.0, 2.650
0.5869522000011784, 390, 388050.0, 2.650
0.5862902000008035, 391, 388050.0, 2.650
0.6686558000001241, 392, 388050.0, 2.650
0.5777398999998695, 393, 388050.0, 2.650
0.6794864999992569, 394, 388050.0, 2.650
0.5405841000010696, 395, 388050.0, 2.650
0.6515429000010045, 396, 387868.0, 2.602
0.6204717000000528, 397, 387868.0, 2.602
0.5526686000011978, 398, 387811.0, 2.587
0.6082277000004979, 399, 387686.0, 2.554
0.6784537999992608, 400, 387686.0, 2.554
0.594460700000127, 401, 387629.0, 2.539
0.722935800000414, 402, 387629.0, 2.539
0.5965500000002066, 403, 387629.0, 2.539
0.670470099999875, 404, 387629.0, 2.539
0.6958130999992136, 405, 387629.0, 2.539
0.6678218999986711, 406, 387629.0, 2.539
0.5802055999993172, 407, 387629.0, 2.539
0.6614714999996067, 408, 387629.0, 2.539
0.570778600000267, 409, 387629.0, 2.539
0.604212500000358, 410, 387629.0, 2.539
0.6021353000014642, 411, 387629.0, 2.539
0.582123700000011, 412, 387552.0, 2.518
0.6477001000002929, 413, 387552.0, 2.518
0.774869500000932, 414, 387552.0, 2.518
0.790243699999337, 415, 387474.0, 2.498
0.5845473999997921, 416, 387403.0, 2.479
0.8035049999998591, 417, 387403.0, 2.479
0.9078900000004069, 418, 387403.0, 2.479
0.6231184999996913, 419, 387344.0, 2.463
0.673534199999267, 420, 387344.0, 2.463
0.8851436999993894, 421, 387268.0, 2.443
0.5384410000006028, 422, 387268.0, 2.443
0.7934007000003476, 423, 387209.0, 2.428
0.6313348000003316, 424, 387209.0, 2.428
0.7524843999999575, 425, 387203.0, 2.426
0.6216322999989643, 426, 387203.0, 2.426
0.6698505000003934, 427, 387203.0, 2.426
0.6015883000000031, 428, 387203.0, 2.426
0.5724934999998368, 429, 387203.0, 2.426
0.6167088000001968, 430, 387203.0, 2.426
0.6212280999989162, 431, 387203.0, 2.426
0.6209825999994791, 432, 387203.0, 2.426
0.643037000001641, 433, 387203.0, 2.426
0.5593843999995443, 434, 387203.0, 2.426
0.5598535000008269, 435, 387203.0, 2.426
0.7849181000001408, 436, 387203.0, 2.426
0.6334302999985084, 437, 387203.0, 2.426
0.5678618000001734, 438, 387203.0, 2.426
0.5790182000000641, 439, 387203.0, 2.426
0.5700232999988657, 440, 387203.0, 2.426
0.5628758000002563, 441, 387203.0, 2.426
0.5805540000001201, 442, 387203.0, 2.426
0.6277993000003335, 443, 387203.0, 2.426
0.7345399999994697, 444, 387203.0, 2.426
0.5784141000003729, 445, 387203.0, 2.426
0.5947211000002426, 446, 387203.0, 2.426
0.6722446000003401, 447, 387203.0, 2.426
0.521665700000085, 448, 387203.0, 2.426
0.536251400000765, 449, 387203.0, 2.426
0.5406866000012087, 450, 387203.0, 2.426
0.6239721999991161, 451, 387158.0, 2.414
0.767595799999981, 452, 387158.0, 2.414
0.6032536000002438, 453, 387158.0, 2.414
0.6175100000000384, 454, 387158.0, 2.414
0.6230829999985872, 455, 387158.0, 2.414
0.6463495999996667, 456, 387158.0, 2.414
0.6027909999993426, 457, 387158.0, 2.414
0.6294809000009991, 458, 387158.0, 2.414
0.5527875000007043, 459, 387158.0, 2.414
0.6017957999993087, 460, 387158.0, 2.414
0.5221292000005633, 461, 387158.0, 2.414
0.7231360000005225, 462, 387158.0, 2.414
0.6803579999996145, 463, 387158.0, 2.414
0.5383526000005077, 464, 387158.0, 2.414
0.6357668999989983, 465, 387158.0, 2.414
0.5257438999997248, 466, 387158.0, 2.414
0.5433075000000827, 467, 387158.0, 2.414
0.610717300000033, 468, 387158.0, 2.414
0.6211247999999614, 469, 387158.0, 2.414
0.5917613999990863, 470, 387158.0, 2.414
0.5611931000003096, 471, 387158.0, 2.414
0.45648050000090734, 472, 387158.0, 2.414
0.585837900000115, 473, 387158.0, 2.414
0.6828830999984348, 474, 387158.0, 2.414
0.5712514999995619, 475, 387158.0, 2.414
0.700095500000316, 476, 387029.0, 2.380
0.5498382000005222, 477, 387029.0, 2.380
0.6048011999992013, 478, 387029.0, 2.380
0.8537663000006432, 479, 387029.0, 2.380
0.663874300000316, 480, 387029.0, 2.380
0.6757615000005899, 481, 387029.0, 2.380
0.6784802000001946, 482, 387029.0, 2.380
0.5903522999997222, 483, 387029.0, 2.380
0.7332313000006252, 484, 387029.0, 2.380
0.608679499999198, 485, 386953.0, 2.360
0.6033759999991162, 486, 386953.0, 2.360
0.6164709000004223, 487, 386953.0, 2.360
0.5691865000007965, 488, 386953.0, 2.360
0.584148500000083, 489, 386932.0, 2.354
0.5365533999993204, 490, 386932.0, 2.354
0.6084399999999732, 491, 386932.0, 2.354
0.5846599000014976, 492, 386884.0, 2.342
0.5829873000002408, 493, 386884.0, 2.342
0.5211166000008234, 494, 386884.0, 2.342
0.5991951000014524, 495, 386884.0, 2.342
0.613720999999714, 496, 386884.0, 2.342
0.6278007999990223, 497, 386750.0, 2.306
0.6927203000013833, 498, 386750.0, 2.306
0.6240364000004774, 499, 386750.0, 2.306
0.6334361000008357, 500, 386750.0, 2.306
0.7405680000010761, 501, 386723.0, 2.299
0.7764337999997224, 502, 386723.0, 2.299
0.7834974000015791, 503, 386723.0, 2.299
0.8270306000013079, 504, 386723.0, 2.299
1.1126198999991175, 505, 386723.0, 2.299
1.5265653999995266, 506, 386723.0, 2.299
1.5591500000009546, 507, 386723.0, 2.299
0.6404887000007875, 508, 386723.0, 2.299
0.6340703000005306, 509, 386723.0, 2.299
0.6204603999995015, 510, 386723.0, 2.299
0.6085868000009214, 511, 386723.0, 2.299
0.5826574999991863, 512, 386723.0, 2.299
0.6453882999994676, 513, 386723.0, 2.299
0.5921297000004415, 514, 386723.0, 2.299
0.6559003999991546, 515, 386723.0, 2.299
0.5267404999995051, 516, 386723.0, 2.299
0.5530082999994193, 517, 386723.0, 2.299
0.6996243000012328, 518, 386723.0, 2.299
0.6822142999990319, 519, 386723.0, 2.299
0.8186344999994617, 520, 386512.0, 2.243
0.6835659999997006, 521, 386512.0, 2.243
0.7069499000008364, 522, 386512.0, 2.243
0.7332322000002023, 523, 386512.0, 2.243
0.7093678999990516, 524, 386512.0, 2.243
0.6090471999996225, 525, 386512.0, 2.243
0.6176797000007355, 526, 386512.0, 2.243
0.6051040999991528, 527, 386512.0, 2.243
0.6083223999994516, 528, 386512.0, 2.243
0.601072600000407, 529, 386512.0, 2.243
0.5873410999993212, 530, 386512.0, 2.243
0.6049325000003591, 531, 386512.0, 2.243
0.5276145000007091, 532, 386512.0, 2.243
0.5554606000005151, 533, 386512.0, 2.243
0.6266284000012092, 534, 386512.0, 2.243
0.5454585000006773, 535, 386512.0, 2.243
0.6145115999988775, 536, 386512.0, 2.243
0.6639790999997786, 537, 386512.0, 2.243
0.5995315000000119, 538, 386512.0, 2.243
0.5715086000000156, 539, 386512.0, 2.243
0.571979199999987, 540, 386512.0, 2.243
0.6592818000008265, 541, 386512.0, 2.243
0.6621024000014586, 542, 386512.0, 2.243
0.5803998999999749, 543, 386512.0, 2.243
0.597233899999992, 544, 386512.0, 2.243
0.6278184000002511, 545, 386512.0, 2.243
0.6673542000007728, 546, 386512.0, 2.243
0.6293750000004366, 547, 386512.0, 2.243
0.7209057999989454, 548, 386512.0, 2.243
0.5937551999995776, 549, 386512.0, 2.243
0.5706227999999101, 550, 386512.0, 2.243
0.6529138999994757, 551, 386511.0, 2.243
0.524689900001249, 552, 386511.0, 2.243
0.5559787999991386, 553, 386511.0, 2.243
0.6877631999996083, 554, 386511.0, 2.243
0.6507957000012539, 555, 386511.0, 2.243
0.5790276999996422, 556, 386511.0, 2.243
0.6364119000008941, 557, 386511.0, 2.243
0.6605565000008937, 558, 386511.0, 2.243
0.6643445000008796, 559, 386511.0, 2.243
0.6736646000008477, 560, 386511.0, 2.243
0.5684206999994785, 561, 386511.0, 2.243
0.6740086999998312, 562, 386511.0, 2.243
0.6921025000010559, 563, 386511.0, 2.243
0.6591769999995449, 564, 386511.0, 2.243
0.6498861000000034, 565, 386511.0, 2.243
0.650865800000247, 566, 386511.0, 2.243
0.7001258000000234, 567, 386511.0, 2.243
0.6033159999988129, 568, 386501.0, 2.240
0.7210794000002352, 569, 386501.0, 2.240
0.5705823000007513, 570, 386501.0, 2.240
0.5918468999989273, 571, 386501.0, 2.240
0.5713580999999976, 572, 386501.0, 2.240
0.6649658999995154, 573, 386501.0, 2.240
0.551382099998591, 574, 386501.0, 2.240
0.6130090000006021, 575, 386501.0, 2.240
0.6242509999992762, 576, 386484.0, 2.236
0.6109135000006063, 577, 386484.0, 2.236
0.6762252999997145, 578, 386484.0, 2.236
0.6331773999991128, 579, 386412.0, 2.217
0.6040034999987256, 580, 386412.0, 2.217
0.7234855999995489, 581, 386412.0, 2.217
0.6709417000001849, 582, 386412.0, 2.217
0.563521000000037, 583, 386412.0, 2.217
0.6290359999984503, 584, 386412.0, 2.217
0.612670700000308, 585, 386412.0, 2.217
0.5647754000001441, 586, 386412.0, 2.217
0.6743650000007619, 587, 386412.0, 2.217
0.6364823000003526, 588, 386412.0, 2.217
0.6142916999997396, 589, 386412.0, 2.217
0.6532822999997734, 590, 386412.0, 2.217
0.7020928000001732, 591, 386412.0, 2.217
0.6486181000000215, 592, 386412.0, 2.217
0.7432404000010138, 593, 386412.0, 2.217
0.7603407000005973, 594, 386412.0, 2.217
0.6682674000003317, 595, 386412.0, 2.217
0.5866676999994525, 596, 386412.0, 2.217
0.5508890000000974, 597, 386412.0, 2.217
0.5948462999986077, 598, 386412.0, 2.217
0.6281926000010571, 599, 386412.0, 2.217
0.667703099999926, 600, 386412.0, 2.217
0.6581889000008232, 601, 386412.0, 2.217
0.5734288999992714, 602, 386412.0, 2.217
0.5476961000003939, 603, 386412.0, 2.217
0.7051186999997299, 604, 386412.0, 2.217
0.5676567999998952, 605, 386412.0, 2.217
0.5642228000015166, 606, 386412.0, 2.217
0.6018113999998604, 607, 386412.0, 2.217
0.52154690000134, 608, 386412.0, 2.217
0.5518325000011828, 609, 386412.0, 2.217
0.678823199999897, 610, 386412.0, 2.217
0.5975689000006241, 611, 386412.0, 2.217
0.5875202000006539, 612, 386412.0, 2.217
0.6109773999996833, 613, 386412.0, 2.217
0.6452645000008488, 614, 386412.0, 2.217
0.5823185999997804, 615, 386412.0, 2.217
0.6134898999989673, 616, 386412.0, 2.217
0.6282078000003821, 617, 386412.0, 2.217
0.6961852999993425, 618, 386412.0, 2.217
0.6857538000003842, 619, 386412.0, 2.217
0.600274399999762, 620, 386412.0, 2.217
0.8061524000004283, 621, 386412.0, 2.217
0.5695269999996526, 622, 386412.0, 2.217
0.6434841999998753, 623, 386412.0, 2.217
0.6356780999994953, 624, 386412.0, 2.217
0.7208793999998306, 625, 386412.0, 2.217
0.6430438999996113, 626, 386412.0, 2.217
0.6132429999997839, 627, 386412.0, 2.217
0.668781600001239, 628, 386412.0, 2.217
0.5531596000000718, 629, 386412.0, 2.217

tour:
[2186 2187 2188 2189 2190 2191 2192 2193 2196 2197 2198 2199 2200 2201
 2202 2203 2204 2206 2205 2212 2211 2215 2214 2213 1585 1586 1587 1588
 1589 1591 1590 1621 1620 1619 1618 1617 1616 1615 1614 1613 1611 1612
 2053 2054 2055 2052 2051 2050 2049 2048 2047 2046 2059 2058 2060 2061
 2062 2063 2064 2057 2056 2065 2066 2067 2068 2069 1610 1609 1608 1592
 1593 1594 1595 1596 1597 1598 1599 1600 1601 1602 1603 1604 1605 1606
 1607 2072 2073 2070 2071 2074 2075 2076 2114 2113 2077 2078 2079 2080
 2081 2082 2083 2084 2085 2086 2087 2103 2092 2091 2088 2089 2090 2019
 2020 2018 2017 2016 2015 2014 2027 2021 2022 2023 2026 2024 2025 2028
 2013 2012 2011 2030 2031 2029 2032 2033 2034 2035 2036 2037 2038 2039
 2040 2041 2042 2043 2045 2044 1644 1643 1642 1641 1640 1639 1638 1637
 1636 1633 1634 1635 1671 1672 1673 1670 1669 1668 1667 1666 1665 1664
 1663 1662 1661 1645 1646 1647 1648 1649 1650 1651 2004 2005 2006 2007
 2008 2010 2009 2000 2001 2002 2003 1847 1848 1849 1850 1851 1852 1853
 1854 1855 1856 1857 1858 1859 1993 1994 1995 1998 1999 1997 1996 1992
 1991 1990 1989 1988 1987 1986 1985 1984 1983 1982 1981 1980 1979 1978
 1977 1976 1975 1974 1873 1874 1875 1876 1973 1972 1877 1878 1879 1880
 1881 1882 1883 1884 1885 1886 1890 1889 1892 1891 1893 1894 1895 1896
 1897 1898 1899 1900 1901 1902 1903 1904 1905 1940 1941 1942 1943 1944
 1945 1946 1947 1948 1887 1888 1949 1950 1951 1952 1953 1956 1955 1954
 1970 1971 1969 1968 1967 1966 1965 1964 1963 1962 1957 1958 1959 1961
 1960 1934 1933 1935 1936 1937 1938 1939 1906 1907 1908 1909 1910 1911
 1912 1913 1914 1915 1916 1919 1920 1918 1917 1925 1926 1930 1932 1931
 1929 1927 1928 1924 1923 1922 1921 2096 2095 2094 2093 2097 2098 2099
 2100 2101 2102 2104 2105 2106 2107 2108 2109 2110 2111 2112 2115 2116
 2117 2118 2119 2120 2121 2122 2123 2124 2125 2126 2127 2128 2129 2130
 2131 2132 2133 2134 2195 2194 2135 2136 2137 2138 2139 2140 2141 2142
 2143 2144 2145 2146 2147 2149 2148 2150 2151 2152 2153 2154 2155 2156
 2159 2160 2158 2157 2165 2166 2170 2171 2169 2167 2168 2164 2163 2162
 2161 2355 2354 2353 2352 2356 2357 2358 2359 2360 2361 2363 2364 2365
 2366 2367 2368 2369 2370 2371 2372 2336 2335 2334 2333 2332 2331 2324
 2323 2322 2321 1309 1308 1307 1310 1311 1313 1312 2310 2309 2311 2312
 2318 2319 2320 2317 2316 2315 2314 2313 2297 2296 2295 2291 2290 2287
 2286 2285 2288 2289 2283 2284 2342 2341 2340 2337 2338 2339 2345 2343
 2344 2346 2362 2347 2351 2350 2348 2349 2281 2282 2280 2279 2278 2277
 2276 2275 2274 2273 2292 2293 2294 2298 2299 2300 2301 2302 2303 2304
 2305 2307 2308 2306 1323 1324 1325 1326 1327 1328 1329 1330 1331 1332
 1334 1333 1337 1336 1335 1408 1409 1410 1411 1412 1413 1414 1415 1416
 1397 1396 1398 1395 1394 1393 1392 1391 1390 1389 1388 1387 1382 1383
 1384 1385 1386 1238 1239 1240 1241 1242 1243 1244 1245 1246 1247 1248
 1249 1250 1251 1252 1253 1256 1257 1258 1259 1260 1261 1262 1263 1264
 1265 1266 1267 1268 1269 1270 1271 1272 1273 1274 1275 1276 1277 1278
 1279 1280 1281 1282 1283 1284 1355 1356 1357 1358 1359 1360 1361 1372
 1373 1374 1375 1376 1377 1378 1379 1380 1381 1368 1369 1367 1366 1370
 1371 1362 1363 1364 1365 1402 1405 1401 1400 1399 1406 1407 1404 1403
 1342 1343 1341 1340 1339 1338 1322 1321 1320 1319 1318 1317 1316 1314
 1315 1350 1349 1346 1345 1344 1347 1348 1353 1354 1352 1351 1286 1285
 1287 1288 1289 1290 1291 1292 1293 1294 1295 1296 1297 1298 1299 1300
 1301 1302 1303 1304 1306 1305 2325 2326 2327 2328 2329 2330 2373 2374
 2375 2376 2377 2378 2379 2380 2381 2382 2383 2384 2385 2386 2387 2388
 2389 2390 2391    0    1    2    3    4    5    6    7    8    9   10
   11   12   13   14   15   16   17   18   19   20   21   22   23   24
   25   26   27   28   29   30   31   32   33   34   35   36   37   38
   39   40   41   42   43   44   45   46   47   48   49   50   51   52
   53   54   55   56   57   58   59   60   61   62   63   64   65   66
   67   68   69   70   71   72   73   74   75   76   77   78   79   80
   81   82   83   84   85   86   87   88   89   90   91   92   93   94
   95   96   97   98   99  100  101  102  103  104  105  106  107  108
  109  110  111  112  113  114  115  116  117  118  119  120  121  122
  124  123  220  219  218  221  222  223  224  225  226  214  227  228
  229  230  231  232  233  234  235  236  237  238  239  213  215  212
  211  210  209  216  217  208  207  206  205  204  203  202  125  126
  127  128  129  130  201  200  199  194  193  192  191  190  189  188
  187  186  185  184  168  169  170  171  172  173  174 1148 1149 1150
 1151 1152 1153 1154 1155 1156 1157 1158 1159 1160 1161 1162 1163 1164
 1166 1165 1171 1170 1167 1168 1169 1172 1173 1174 1175 1176 1177 1178
 1179 1180 1181 1182 1183 1184 1185 1186 1187 1189 1188  167  166  165
  164  163  162  160  161  196  195  198  197  132  131  133  134  135
  136  137  138  139  140  141  142  143  144  145  146  147  148  149
  150  151  152  154  153  156  157  159  158 1192 1191 1190 1193 1194
 1195 1196 1197 1198 1199 1202 1200 1201  155 1203 1204 1205 1206 1207
 1208 1209 1210 1211 1212 1213 1214 1215 1216 1217 1255 1254 1218 1219
 1220 1221 1222 1223 1224 1225 1226 1227 1228 1229 1230 1231 1232 1233
 1234 1235 1236 1237 1043 1044 1045 1046 1040 1042 1041 1038 1039 1047
 1048 1049 1050 1051 1052 1053 1054 1055 1056 1125 1126 1124 1068 1067
 1066 1065 1064 1063 1060 1058 1057 1059 1061 1062 1027 1028 1029 1030
 1031 1032 1033 1034 1035 1036 1037 1432 1434 1433 1431 1435 1436 1430
 1429 1428 1427 1426 1425 1424 1423 1422 1421 1420 1419 1418 1417 1505
 1506 1504 1503 1502 1501 1500 1499 1498 1497 1496 1495 1494 1493 1492
 1491 1490 1489 1486 1485 1484 1483 1482 1481 1467 1466 1468 1469 1470
 1471 1472 1473 1474 1475 1476 1477 1480 1479 1478 1539 1540 1538 1535
 1533 1534 1536 1537 1541 1542 1543 1544 1545 1546 1547 1548 1549 1554
 1553 1552 1453 1452 1449 1450 1451 1454 1551 1550 1455 1456 1457 1458
 1459 1460 1461 1465 1464 1463 1462 1437 1438 1439 1440 1441 1442 1443
 1444 1445 1446 1447 1448 1026 1025 1024 1023 1022 1021 1020 1019 1018
 1017 1076 1077 1075 1078 1079 1080 1074 1073 1072 1071 1070 1069 1122
 1123 1121 1120 1119 1118 1117 1116 1115 1114 1113 1089 1090 1091 1092
 1093 1094 1087 1088 1086 1081 1082 1083 1084 1085 1095 1096 1097 1098
 1099 1100 1101 1102 1103 1104 1105 1112 1111 1106 1107 1110 1108 1109
 1133 1132 1131 1127 1128 1129 1130 1134 1135 1136 1137 1138 1139 1140
 1141 1142 1143 1144 1145 1146 1147  353  354  357  358  359  360  361
  362  363  364  365  366  367  368  369  370  371  372  373  374  375
  376  377  378  379  380  382  381  384  325  326  324  385  386  387
  383  388  389  390  391  392  393  394  395  396  397  300  301  302
  303  304  291  290  306  307  308  309  310  311  312  313  314  315
  316  305  318  317  319  320  321  323  322  327  328  329  330  331
  332  333  334  335  336  337  338  339  340  341  342  343  344  345
  346  347  348  356  355  349  350  351  352  175  176  177  178  180
  179  183  182  181  254  257  258  256  255  253  252  251  250  247
  246  248  249  245  244  240  241  242  243  262  261  260  259  263
  264  265  266  267  268  269  270  271  272  273  274  275  276  277
  278  279  280  281  282  283  284  285  286  287  288  289  292  293
  294  295  296  297  298  299  398  399  400  401  402  403  404  405
  406  407  408  409  410  411  412  413  414  415  416  418  417  439
  440  441  442  443  444  445  446  433  434  432  431  430  429  428
  427  435  436  426  437  438  425  424  423  422  421  959  958  957
  919  918  921  920  956  955  954  953  952  951  950  468  469  472
  473  474  475  476  477  478  471  470  467  466  465  464  463  459
  458  457  447  448  449  450  451  452  453  454  455  456  460  461
  462  481  480  479  482  483  484  485  486  487  488  489  490  491
  492  493  494  495  496  497  498  499  500  501  502  503  527  528
  526  529  530  532  533  534  535  531  525  524  523  547  546  536
  537  538  540  541  539  543  544  545  542  549  548  550  551  552
  553  554  555  556  557  558  559  560  561  562  563  564  565  566
  567  514  513  515  516  517  518  519  520  521  522  504  505  506
  507  508  509  510  511  512  568  569  570  571  572  573  574  575
  576  577  578  579  580  581  582  583  584  585  586  587  588  589
  590  591  592  593  937  938  939  940  941  942  943  944  945  949
  948  947  946  930  926  925  922  923  924  927  928  929  931  932
  933  934  935  936  751  752  753  754  755  756  757  758  759  760
  761  762  763  764  765  766  767  768  769  770  773  774  772  771
  775  776  777  778  779  780  781  782  783  784  785  786  787  788
  789  790  791  792  793  794  795  796  797  798  806  805  807  808
  809  810  811  804  803  812  813  814  815  801  802  799  800  897
  896  898  899  900  901  902  903  904  905  906  907  908  909  910
  911  912  913  914  915  917  916  961  960  420  419  963  964  965
  966  967  968  969  970  971  972  973  974  975  976  977  962  978
  979  980  981  982  983  984  985  986  987  988  989  990  991  992
  993  994  995  996  997  998  999 1000 1001 1002 1003 1004 1005 1006
 1007 1008 1009 1010 1011 1012 1013 1014 1015 1016 1555 1556 1557 1558
 1559 1560 1561 1562 1563 1564 1565 1566 1567 1568 1569 1570 1571 1572
 1573 1574 1575 1576 1679 1680 1681 1682  869  868  866  867  870  871
  872  873  874  875  876  877  878  879  880  881  882  883  884  885
  886  887  888  889  890  891  892  893  894  895  816  817  818  819
  820  821  826  827  832  831  830  829  828  825  822  823  824  859
  860  858  857  856  855  854  853  852  836  835  834  833  837  838
  839  840  841  851  850  849  848  847  846  842  843  844  845  668
  669  670  671  672  673  674  675  676  677  678  679  680  681  682
  683  684  685  688  689  690  691  692  695  696  694  693  698  697
  699  700  701  702  703  705  706  707  708  704  715  714  713  709
  710  711  712  737  736  735  734  740  741  742  743  739  738  744
  745  746  747  748  749  750  594  595  596  597  598  599  600  601
  602  603  604  605  606  607  608  609  610  611  612  613  614  615
  616  617  618  619  620  621  622  721  722  723  724  725  726  727
  728  731  732  733  730  729  716  717  718  719  720  623  624  625
  626  627  628  629  630  631  632  633  634  635  636  637  638  639
  640  641  642  643  644  645  646  647  648  649  650  651  653  654
  652  687  686  655  656  657  658  659  660  661  662  663  664  665
  666  667 1743 1742 1741 1740 1739 1738 1735 1736 1737 1745 1744 1746
 1747 1748 1749 1750 1751 1752 1753 1754 1780 1756 1755 1759 1760 1761
 1762 1758 1757 1775 1776 1777 1778 1779 1781 1782 1783 1784 1785 1786
 1787 1788 1789 1790 1791 1792 1793 1794 1804 1805 1806 1807 1808 1803
 1801 1802 1795 1796 1797 1798 1799 1800 1770 1771 1774 1773 1772 1769
 1768 1767 1766 1765 1763 1764 1824 1825 1823 1822 1821 1820 1819 1818
 1817 1816 1815 1809 1810 1811 1814 1812 1813 1870 1871 1872 1869 1868
 1867 1866 1865 1864 1863 1862 1861 1860 1828 1827 1826 1829 1830 1831
 1832 1833 1834 1835 1836 1837 1838 1839 1840 1841 1842 1843 1844 1845
 1846 1652 1653 1654 1655 1657 1656 1660 1659 1658 1726 1721 1720 1723
 1719 1718 1717 1724 1722 1725 1727 1728 1729 1730 1731 1732 1733 1734
 1715 1714 1716 1713 1712 1711 1710 1709 1708 1707 1706 1705 1704 1703
 1702 1701 1700 1699 1698 1697  862  861  863  864  865 1688 1689 1695
 1696 1694 1693 1692 1691 1690 1687 1686 1685 1684 1683 1676 1675 1674
 1677 1678 1631 1632 1630 1629 1628 1627 1626 1625 1624 1623 1622 1578
 1577 1579 1580 1581 1582 1583 1584 1532 1531 1530 1529 1528 1527 1526
 1525 1524 1523 1521 1520 1522 1487 1488 1519 1518 1517 1516 1515 1514
 1513 1512 1511 1510 1509 1508 1507 2264 2265 2266 2267 2268 2269 2272
 2271 2270 2262 2263 2261 2260 2259 2258 2257 2256 2255 2254 2253 2252
 2251 2227 2226 2228 2225 2224 2223 2222 2221 2220 2219 2218 2217 2216
 2210 2209 2208 2207 2231 2230 2229 2250 2249 2248 2247 2246 2245 2244
 2233 2232 2236 2235 2237 2238 2239 2240 2241 2234 2242 2243 2183 2174
 2173 2172 2175 2176 2177 2178 2179 2180 2181 2182 2184 2185]

eliteFit: 386412.0
percentError: 2.216743556101071
computationTime: 457.853s