instanceName: pr2392
n: 2392
optFit: 378032

genTime, gen, eliteFit, percentError:
0.003495900000416441, 0, 14925140.0, 3848.116
5.122693400000571, 1, 424984.0, 12.420
2.9023295999995753, 2, 421505.0, 11.500
3.0252288000010594, 3, 418765.0, 10.775
2.9917370000002848, 4, 414698.0, 9.699
2.83092729999953, 5, 414236.0, 9.577
2.752307500000825, 6, 412689.0, 9.168
2.7313924999998562, 7, 411351.0, 8.814
2.753006099999766, 8, 410139.0, 8.493
2.797909400000208, 9, 408953.0, 8.179
2.753332499998578, 10, 408403.0, 8.034
2.744874500000151, 11, 408258.0, 7.996
2.8963769000001776, 12, 406948.0, 7.649
2.6689624000009644, 13, 406948.0, 7.649
2.6868202999994537, 14, 405853.0, 7.359
2.7213089000015316, 15, 405429.0, 7.247
2.7892621000009967, 16, 404042.0, 6.880
2.585240700000213, 17, 404042.0, 6.880
2.444473100000323, 18, 404042.0, 6.880
2.6186579000004713, 19, 403011.0, 6.608
2.2392478999991, 20, 402825.0, 6.558
2.2427929999994376, 21, 401949.0, 6.327
2.058572699999786, 22, 401949.0, 6.327
2.299306599999909, 23, 401574.0, 6.228
2.258210100000724, 24, 401278.0, 6.149
2.39758989999973, 25, 400669.0, 5.988
2.62756520000039, 26, 400669.0, 5.988
2.3449569000003976, 27, 400402.0, 5.917
2.214803800001391, 28, 400358.0, 5.906
1.8890830999989703, 29, 400002.0, 5.812
2.0090701000008266, 30, 399534.0, 5.688
1.8910994000016217, 31, 399084.0, 5.569
1.9972373000000516, 32, 399003.0, 5.547
2.0311271999999008, 33, 398642.0, 5.452
1.8656004000004032, 34, 398062.0, 5.298
1.8240060999996786, 35, 397783.0, 5.225
1.59447899999941, 36, 397402.0, 5.124
1.5923555999997916, 37, 397102.0, 5.045
1.7556480999992345, 38, 396878.0, 4.985
1.462373899999875, 39, 396878.0, 4.985
1.4303187000004982, 40, 396407.0, 4.861
1.382867799999076, 41, 396287.0, 4.829
1.4041893999983586, 42, 396066.0, 4.770
1.6307311999989906, 43, 395497.0, 4.620
1.5613997000000381, 44, 395434.0, 4.603
1.4284891999996034, 45, 395384.0, 4.590
1.1720322999990458, 46, 395290.0, 4.565
0.8470222999985708, 47, 395233.0, 4.550
1.0659930000001623, 48, 395136.0, 4.524
1.224028200000248, 49, 395063.0, 4.505
0.8996363000005658, 50, 395023.0, 4.495
0.758923399998821, 51, 394846.0, 4.448
0.7148362999996607, 52, 394695.0, 4.408
0.7320487999986653, 53, 394695.0, 4.408
0.6957368000003044, 54, 394695.0, 4.408
0.6335517999996227, 55, 394695.0, 4.408
0.6395981000005122, 56, 394695.0, 4.408
0.667388399999254, 57, 394695.0, 4.408
0.7692440999999235, 58, 394673.0, 4.402
0.5827476000013121, 59, 394673.0, 4.402
0.6050665000002482, 60, 394669.0, 4.401
0.7193810999997368, 61, 394669.0, 4.401
0.723329599999488, 62, 394495.0, 4.355
0.7991888999986259, 63, 394473.0, 4.349
0.9908668999996735, 64, 394459.0, 4.345
0.8642039999995177, 65, 393992.0, 4.222
1.144158499999321, 66, 393992.0, 4.222
0.8626140000014857, 67, 393978.0, 4.218
0.8555080000005546, 68, 393825.0, 4.178
0.6487389000012627, 69, 393811.0, 4.174
0.7274046000002272, 70, 393805.0, 4.172
0.6951776000005339, 71, 393780.0, 4.166
0.7667521999992459, 72, 393647.0, 4.131
0.6485494999997172, 73, 393641.0, 4.129
0.8525749999989785, 74, 393577.0, 4.112
1.1751810999994632, 75, 393434.0, 4.074
0.7913760999999795, 76, 393421.0, 4.071
0.7108267000003252, 77, 393364.0, 4.056
0.8465283000005002, 78, 393345.0, 4.051
0.7333124999986467, 79, 393326.0, 4.046
0.6943966999988334, 80, 393325.0, 4.045
0.93079729999954, 81, 393042.0, 3.971
0.726244500001485, 82, 393042.0, 3.971
0.8465201999988494, 83, 392897.0, 3.932
0.7005450999986351, 84, 392879.0, 3.927
0.6169847999990452, 85, 392772.0, 3.899
0.6392054999996617, 86, 392356.0, 3.789
0.7214858000006643, 87, 392231.0, 3.756
0.7421340999990207, 88, 392231.0, 3.756
0.6170682000010856, 89, 392231.0, 3.756
0.7277245000004768, 90, 392231.0, 3.756
0.6567412000003969, 91, 392231.0, 3.756
0.6300210999997944, 92, 392231.0, 3.756
0.5658954999998969, 93, 392231.0, 3.756
0.6279251000014483, 94, 392231.0, 3.756
0.6067965000002005, 95, 392111.0, 3.724
0.5913498000008985, 96, 392111.0, 3.724
0.7338083999984519, 97, 392111.0, 3.724
0.5924444000011135, 98, 392111.0, 3.724
0.7224054999987857, 99, 392017.0, 3.699
0.675535200000013, 100, 392017.0, 3.699
0.5647278000014921, 101, 392017.0, 3.699
0.5708508000006987, 102, 392017.0, 3.699
0.6055476999990788, 103, 392017.0, 3.699
0.6486697000000277, 104, 392017.0, 3.699
0.6381421000005503, 105, 392017.0, 3.699
0.6017525000006572, 106, 391746.0, 3.628
0.6342051000010542, 107, 391746.0, 3.628
1.0900050999989617, 108, 391746.0, 3.628
1.1184597999999824, 109, 391746.0, 3.628
0.632218799999464, 110, 391746.0, 3.628
0.7044030999986717, 111, 391746.0, 3.628
0.5677992000000813, 112, 391746.0, 3.628
0.5623959999993531, 113, 391746.0, 3.628
0.6073925999990024, 114, 391746.0, 3.628
0.5756290999997873, 115, 391746.0, 3.628
0.5626814999995986, 116, 391689.0, 3.613
0.6328155999999581, 117, 391619.0, 3.594
0.6002372000002651, 118, 391619.0, 3.594
0.5818280999992567, 119, 391619.0, 3.594
0.6396480000003066, 120, 391619.0, 3.594
0.724774599999364, 121, 391619.0, 3.594
0.5924248999999691, 122, 391619.0, 3.594
0.6794482999994216, 123, 391619.0, 3.594
0.6635593999999401, 124, 391619.0, 3.594
0.597846099999515, 125, 391619.0, 3.594
0.6432144999998854, 126, 391619.0, 3.594
0.5736165999987861, 127, 391619.0, 3.594
0.6490222000011272, 128, 391593.0, 3.587
0.5745616999993217, 129, 391593.0, 3.587
0.5951834999996208, 130, 391593.0, 3.587
0.6118375000005472, 131, 391593.0, 3.587
0.6436439999997674, 132, 391593.0, 3.587
0.6546318999990035, 133, 391593.0, 3.587
0.6747491000005539, 134, 391593.0, 3.587
0.7393554999998742, 135, 391593.0, 3.587
0.6170330000004469, 136, 391593.0, 3.587
0.6737922000011167, 137, 391593.0, 3.587
0.7087143000007927, 138, 391593.0, 3.587
0.5859823000009783, 139, 391593.0, 3.587
0.5226913999995304, 140, 391593.0, 3.587
0.5399190000007366, 141, 391593.0, 3.587
0.7197830999994039, 142, 391593.0, 3.587
0.6487766999998712, 143, 391593.0, 3.587
0.6076925000015763, 144, 391587.0, 3.586
0.5909804000002623, 145, 391587.0, 3.586
0.8139512999987346, 146, 391503.0, 3.563
0.7866670000003069, 147, 391503.0, 3.563
0.808093599998756, 148, 391503.0, 3.563
0.8929192000014154, 149, 391487.0, 3.559
0.6564171999998507, 150, 391487.0, 3.559
0.6583496000002924, 151, 391487.0, 3.559
0.6290915000008681, 152, 391487.0, 3.559
0.6179038000009314, 153, 391487.0, 3.559
0.6371209999997518, 154, 391487.0, 3.559
0.8048503999998502, 155, 391487.0, 3.559
0.5705152000009548, 156, 391487.0, 3.559
0.6199075000004086, 157, 391487.0, 3.559
0.6230598999991344, 158, 391487.0, 3.559
0.6330388000005769, 159, 391487.0, 3.559
0.6822183999993285, 160, 391487.0, 3.559
0.5472042999990663, 161, 391487.0, 3.559
0.5926077000003716, 162, 391487.0, 3.559
0.6257977999994182, 163, 391487.0, 3.559
0.5520443999994313, 164, 391487.0, 3.559
0.6090742999986105, 165, 391487.0, 3.559
0.639258900000641, 166, 391487.0, 3.559
0.5738158999993175, 167, 391487.0, 3.559
0.611922100000811, 168, 391487.0, 3.559
0.6090812000002188, 169, 391487.0, 3.559
0.6321852000000945, 170, 391487.0, 3.559
0.640186900000117, 171, 391487.0, 3.559
0.6424122000007628, 172, 391397.0, 3.535
0.7375439000006736, 173, 391397.0, 3.535
0.6224363000001176, 174, 391319.0, 3.515
0.6619872999999643, 175, 391319.0, 3.515
0.6826020999997127, 176, 391319.0, 3.515
0.6165385999993305, 177, 391319.0, 3.515
0.6706321999990905, 178, 391319.0, 3.515
0.7371012999992672, 179, 391319.0, 3.515
0.6328142000002117, 180, 391215.0, 3.487
0.6061520000002929, 181, 391215.0, 3.487
0.653221399999893, 182, 391215.0, 3.487
0.7601427999998123, 183, 391188.0, 3.480
0.6155470000012428, 184, 391188.0, 3.480
0.5334515000013198, 185, 391188.0, 3.480
0.569777200000317, 186, 391188.0, 3.480
0.590429399999266, 187, 391188.0, 3.480
0.5703809999995428, 188, 391188.0, 3.480
0.5274845999992976, 189, 391188.0, 3.480
0.5691189999997732, 190, 391188.0, 3.480
0.6954141999995045, 191, 391188.0, 3.480
0.7632252000003064, 192, 391188.0, 3.480
0.6825112000005902, 193, 391188.0, 3.480
0.6122279000010167, 194, 391188.0, 3.480
0.693707299999005, 195, 391188.0, 3.480
0.6066192999987834, 196, 391188.0, 3.480
0.5755310999993526, 197, 391188.0, 3.480
0.6524917000006099, 198, 391188.0, 3.480
0.6202303999998549, 199, 391188.0, 3.480
0.48306609999963257, 200, 391188.0, 3.480
0.6022747999995772, 201, 391188.0, 3.480
0.5893648000001122, 202, 391188.0, 3.480
0.7099529999995866, 203, 391188.0, 3.480
0.607407499999681, 204, 391188.0, 3.480
0.5732659000004787, 205, 391188.0, 3.480
0.6451722999991034, 206, 391188.0, 3.480
0.8195322999999917, 207, 391188.0, 3.480
0.5852546999994956, 208, 391188.0, 3.480
0.5518112000008841, 209, 391188.0, 3.480
0.5936665999997786, 210, 391188.0, 3.480
0.6459033999999519, 211, 391188.0, 3.480
0.629300600001443, 212, 391188.0, 3.480
0.45967489999929967, 213, 391188.0, 3.480
0.5728149000005942, 214, 391188.0, 3.480
0.5648758000006637, 215, 391188.0, 3.480
0.6976763000002393, 216, 391188.0, 3.480
0.6787144999998418, 217, 391188.0, 3.480
0.6573329999991984, 218, 391188.0, 3.480
0.6024262999999337, 219, 391188.0, 3.480
0.6385955999994621, 220, 391188.0, 3.480
0.6210054000002856, 221, 391188.0, 3.480
0.5321829999993497, 222, 391151.0, 3.470
0.5663872999994055, 223, 391151.0, 3.470
0.6437808000009682, 224, 391141.0, 3.468
0.7548889000008785, 225, 391141.0, 3.468
0.6581595999996352, 226, 391141.0, 3.468
0.6200546000000031, 227, 391141.0, 3.468
0.6938211999986379, 228, 391141.0, 3.468
0.6925756000000547, 229, 391141.0, 3.468
0.7276977999990777, 230, 391141.0, 3.468
0.7126086999996915, 231, 391141.0, 3.468
0.5755280000012135, 232, 391141.0, 3.468
0.7234039000013581, 233, 391141.0, 3.468
0.6110920999999507, 234, 391141.0, 3.468
0.5658178000012413, 235, 391141.0, 3.468
0.5692537000013544, 236, 391070.0, 3.449
0.6044053000005079, 237, 391070.0, 3.449
0.6568284999993921, 238, 391070.0, 3.449
0.792285699999411, 239, 391070.0, 3.449
0.5810991999987891, 240, 391070.0, 3.449
0.6160595000001194, 241, 391070.0, 3.449
0.5549008000016329, 242, 391070.0, 3.449
0.6207788000010623, 243, 391070.0, 3.449
0.6059667999998055, 244, 391070.0, 3.449
0.7261551000010513, 245, 390935.0, 3.413
0.6168073000008008, 246, 390935.0, 3.413
0.8863603999998304, 247, 390935.0, 3.413
0.7385545000015554, 248, 390935.0, 3.413
0.6476131999988866, 249, 390819.0, 3.383
0.6650884999999107, 250, 390819.0, 3.383
0.6715370000001712, 251, 390810.0, 3.380
0.8844078999991325, 252, 390658.0, 3.340
0.6948477999994793, 253, 390658.0, 3.340
0.689917300000161, 254, 390630.0, 3.333
0.7353829000003316, 255, 390630.0, 3.333
0.6048919999993814, 256, 390630.0, 3.333
0.721993699999075, 257, 390585.0, 3.321
0.7044074999994336, 258, 390585.0, 3.321
0.7632403999996313, 259, 390296.0, 3.244
0.6819874000011623, 260, 390296.0, 3.244
0.703672199999346, 261, 390296.0, 3.244
0.7616978000005474, 262, 390296.0, 3.244
0.6119853999989573, 263, 390296.0, 3.244
0.6591497999997955, 264, 390296.0, 3.244
0.6228651000001264, 265, 390296.0, 3.244
0.633386800000153, 266, 390296.0, 3.244
0.8234093999999459, 267, 390296.0, 3.244
0.6316609000004973, 268, 390296.0, 3.244
0.5682538000000932, 269, 390296.0, 3.244
0.5694964000012988, 270, 390296.0, 3.244
0.546009600000616, 271, 390296.0, 3.244
0.612734399999681, 272, 390296.0, 3.244
0.5666927000002033, 273, 390296.0, 3.244
0.6251477000005252, 274, 390296.0, 3.244
0.7000864999990881, 275, 390296.0, 3.244
0.6439549999995506, 276, 390187.0, 3.215
0.8988520000002609, 277, 390187.0, 3.215
0.6682039000006625, 278, 390187.0, 3.215
1.0686170000008133, 279, 390131.0, 3.201
1.434621700000207, 280, 390131.0, 3.201
1.494328200000382, 281, 390131.0, 3.201
1.6809861999990972, 282, 390131.0, 3.201
0.7664197000012791, 283, 390131.0, 3.201
0.6492961000003561, 284, 390131.0, 3.201
0.5983417000006739, 285, 390131.0, 3.201
0.5784518000000389, 286, 390131.0, 3.201
0.6616295000003447, 287, 390131.0, 3.201
0.6261695000011969, 288, 390131.0, 3.201
0.5719614999998157, 289, 390131.0, 3.201
0.693130999999994, 290, 390131.0, 3.201
0.6314714999989519, 291, 390131.0, 3.201
0.6225114999997459, 292, 390131.0, 3.201
0.6067020999998931, 293, 390131.0, 3.201
0.5764943000012863, 294, 390131.0, 3.201
0.634547500001645, 295, 390085.0, 3.188
0.604706800000713, 296, 390085.0, 3.188
0.7190067000010458, 297, 390069.0, 3.184
0.779481500001566, 298, 390004.0, 3.167
0.6310281999994913, 299, 390004.0, 3.167
0.7581190000000788, 300, 389942.0, 3.151
0.7389619999994466, 301, 389871.0, 3.132
0.6564701999996032, 302, 389871.0, 3.132
0.7290855999999621, 303, 389871.0, 3.132
0.6869979000002786, 304, 389871.0, 3.132
0.536868899998808, 305, 389871.0, 3.132
0.6217374999996537, 306, 389871.0, 3.132
0.5603350999990653, 307, 389871.0, 3.132
0.6963917000011861, 308, 389871.0, 3.132
0.5685145999996166, 309, 389871.0, 3.132
0.5683480999996391, 310, 389871.0, 3.132
0.699020300000484, 311, 389871.0, 3.132
0.658988600000157, 312, 389871.0, 3.132
0.6845940999992308, 313, 389871.0, 3.132
0.5595369000002393, 314, 389871.0, 3.132
0.5598879999997735, 315, 389871.0, 3.132
0.6616467999992892, 316, 389871.0, 3.132
0.6778238999995665, 317, 389871.0, 3.132
0.5895854999998846, 318, 389871.0, 3.132
0.6351448000004893, 319, 389871.0, 3.132
0.622962200000984, 320, 389871.0, 3.132
0.5724009000005026, 321, 389871.0, 3.132
0.6032291000010446, 322, 389871.0, 3.132
0.6287989000011294, 323, 389871.0, 3.132
0.6126139999996667, 324, 389871.0, 3.132
0.5882194999994681, 325, 389871.0, 3.132
0.6192902999991929, 326, 389871.0, 3.132
0.716025499999887, 327, 389871.0, 3.132
0.7108876000002056, 328, 389871.0, 3.132
0.6438312999998743, 329, 389871.0, 3.132
0.6077197999984492, 330, 389871.0, 3.132
0.5455144999996264, 331, 389871.0, 3.132
0.727604199999405, 332, 389854.0, 3.127
0.5673698000009608, 333, 389854.0, 3.127
0.673349300001064, 334, 389854.0, 3.127
0.5710942999994586, 335, 389854.0, 3.127
0.6833706999987044, 336, 389854.0, 3.127
0.6382577000003948, 337, 389854.0, 3.127
0.6870558000009623, 338, 389854.0, 3.127
0.6565781999997853, 339, 389854.0, 3.127
0.6069206000011036, 340, 389854.0, 3.127
0.6091476000001421, 341, 389854.0, 3.127
0.5934699999997974, 342, 389851.0, 3.126
0.5834881999999197, 343, 389851.0, 3.126
0.5784036999993987, 344, 389812.0, 3.116
0.5890332999988459, 345, 389812.0, 3.116
0.8224762000008923, 346, 389732.0, 3.095
0.7755006000006688, 347, 389430.0, 3.015
1.0130789000013465, 348, 389430.0, 3.015
1.1860252999995282, 349, 389394.0, 3.006
1.1569863000004261, 350, 389294.0, 2.979
1.247914600000513, 351, 389265.0, 2.971
0.6775579999994079, 352, 389265.0, 2.971
0.5932637999994768, 353, 389219.0, 2.959
0.6679147000013472, 354, 389219.0, 2.959
0.6423904999992374, 355, 389219.0, 2.959
0.5763957999988634, 356, 389219.0, 2.959
0.682739699999729, 357, 389219.0, 2.959
0.596349099998406, 358, 389219.0, 2.959
0.6339041999999608, 359, 389195.0, 2.953
0.6006428000000597, 360, 389195.0, 2.953
0.5468452999994042, 361, 389195.0, 2.953
0.7245036999993317, 362, 389195.0, 2.953
0.6426298000005772, 363, 389195.0, 2.953
0.6786671999998362, 364, 389195.0, 2.953
0.6523202000007586, 365, 389195.0, 2.953
0.5853336000000127, 366, 389195.0, 2.953
0.7830266000000847, 367, 389195.0, 2.953
0.5926070000004984, 368, 389109.0, 2.930
0.7235096999993402, 369, 389109.0, 2.930
0.7279480999986845, 370, 389109.0, 2.930
0.9307112999995297, 371, 389092.0, 2.926
0.923336300000301, 372, 389044.0, 2.913
0.7304825999999593, 373, 389044.0, 2.913
0.834621199999674, 374, 388997.0, 2.901
0.8584109000003082, 375, 388995.0, 2.900
0.671496399998432, 376, 388958.0, 2.890
0.6143878000002587, 377, 388885.0, 2.871
0.6335349999990285, 378, 388836.0, 2.858
0.6902234999997745, 379, 388836.0, 2.858
0.5740074999994249, 380, 388666.0, 2.813
0.548952699999063, 381, 388666.0, 2.813
0.6348926999999094, 382, 388666.0, 2.813
0.6412318000002415, 383, 388666.0, 2.813
0.7181206999994174, 384, 388666.0, 2.813
0.6955586000003677, 385, 388666.0, 2.813
0.6209884999989299, 386, 388666.0, 2.813
0.547493599999143, 387, 388666.0, 2.813
0.5704719999994268, 388, 388666.0, 2.813
0.6175112000000809, 389, 388666.0, 2.813
0.5658349000004819, 390, 388666.0, 2.813
0.5513969000003272, 391, 388666.0, 2.813
0.594546000000264, 392, 388666.0, 2.813
0.6328621000011481, 393, 388666.0, 2.813
0.5920924000001833, 394, 388666.0, 2.813
0.5939194000002317, 395, 388666.0, 2.813
0.5665783999993437, 396, 388666.0, 2.813
0.6398762000007991, 397, 388666.0, 2.813
0.5863933000000543, 398, 388613.0, 2.799
0.5715435999991314, 399, 388613.0, 2.799
0.6328295000002981, 400, 388613.0, 2.799
0.5509701000009954, 401, 388613.0, 2.799
0.5645763000011357, 402, 388613.0, 2.799
0.5910184999993362, 403, 388613.0, 2.799
0.6231650999998237, 404, 388613.0, 2.799
0.6022362000003341, 405, 388613.0, 2.799
0.630336799998986, 406, 388613.0, 2.799
0.5465377000000444, 407, 388613.0, 2.799
0.6875835000009829, 408, 388613.0, 2.799
0.5985727000006591, 409, 388613.0, 2.799
0.5803187000001344, 410, 388613.0, 2.799
0.576089399999546, 411, 388613.0, 2.799
0.5779557999994722, 412, 388613.0, 2.799
0.6474909000007756, 413, 388586.0, 2.792
0.7226835999990726, 414, 388586.0, 2.792
1.0871090999989974, 415, 388521.0, 2.775
1.4415313999998034, 416, 388521.0, 2.775
0.8282257000009849, 417, 388493.0, 2.767
0.7233009999999922, 418, 388447.0, 2.755
0.59310319999895, 419, 388447.0, 2.755
0.5953460999990057, 420, 388419.0, 2.748
0.5754852999998548, 421, 388419.0, 2.748
0.6238945000004605, 422, 388419.0, 2.748
0.6508222000011301, 423, 388419.0, 2.748
0.5657574999986537, 424, 388419.0, 2.748
0.5843371000009938, 425, 388227.0, 2.697
0.6863480000010895, 426, 388181.0, 2.685
0.6656553000011627, 427, 388181.0, 2.685
0.5925902999988466, 428, 388181.0, 2.685
0.6634434999996301, 429, 388104.0, 2.664
0.6632616999995662, 430, 388012.0, 2.640
0.585053800001333, 431, 388012.0, 2.640
0.6493152999992162, 432, 388010.0, 2.639
0.6659118999996281, 433, 388010.0, 2.639
0.6555812999995396, 434, 388006.0, 2.638
0.6821657999989839, 435, 388006.0, 2.638
0.5625826000014058, 436, 388006.0, 2.638
0.5986179999999877, 437, 388006.0, 2.638
0.635272100000293, 438, 388006.0, 2.638
0.5509458000015002, 439, 388006.0, 2.638
0.6962347000007867, 440, 388006.0, 2.638
0.6137877999990451, 441, 388006.0, 2.638
0.6156426000015927, 442, 388006.0, 2.638
0.7026265000004059, 443, 388006.0, 2.638
0.5860041000014462, 444, 388006.0, 2.638
0.7654929000000266, 445, 388006.0, 2.638
0.5671622999998363, 446, 388006.0, 2.638
0.5791499999995722, 447, 388006.0, 2.638
0.5875971000004938, 448, 388006.0, 2.638
0.5390822000008484, 449, 388006.0, 2.638
0.547781400000531, 450, 387994.0, 2.635
0.5794146000007458, 451, 387994.0, 2.635
0.5302991999997175, 452, 387994.0, 2.635
0.6386633999991318, 453, 387994.0, 2.635
0.6648055000005115, 454, 387994.0, 2.635
0.58885569999984, 455, 387994.0, 2.635
0.5957022000002326, 456, 387994.0, 2.635
0.684331899999961, 457, 387994.0, 2.635
0.5553055000000313, 458, 387994.0, 2.635
0.5714645000007295, 459, 387994.0, 2.635
0.7067729000009422, 460, 387994.0, 2.635
0.5472055000009277, 461, 387994.0, 2.635
0.5796745999996347, 462, 387994.0, 2.635
0.6811809999999241, 463, 387994.0, 2.635
0.5736790000009933, 464, 387994.0, 2.635
0.7864638999999443, 465, 387994.0, 2.635
0.7040858999989723, 466, 387994.0, 2.635
0.5755470999993122, 467, 387994.0, 2.635
0.6458593000006658, 468, 387994.0, 2.635
0.5671929000000091, 469, 387994.0, 2.635
0.5498874000004434, 470, 387994.0, 2.635
0.5991592999998829, 471, 387994.0, 2.635
0.600405099999989, 472, 387994.0, 2.635
0.585745099999258, 473, 387994.0, 2.635
0.613863799999308, 474, 387994.0, 2.635
0.60799279999992, 475, 387994.0, 2.635
0.6012696000016149, 476, 387994.0, 2.635
0.6224021000016364, 477, 387994.0, 2.635
0.6873838999999862, 478, 387994.0, 2.635
0.610909700000775, 479, 387994.0, 2.635
0.6150976999997511, 480, 387994.0, 2.635
0.6119039000004705, 481, 387994.0, 2.635
0.6665468000010151, 482, 387994.0, 2.635
0.5086864000004425, 483, 387994.0, 2.635
0.6544362999993609, 484, 387994.0, 2.635
0.5937294000013935, 485, 387994.0, 2.635
0.5954148999990139, 486, 387994.0, 2.635
0.5564916000002995, 487, 387994.0, 2.635
0.582260099999985, 488, 387994.0, 2.635
0.6658831999993708, 489, 387994.0, 2.635
0.7061066000005667, 490, 387994.0, 2.635
0.5380311000008078, 491, 387994.0, 2.635
0.5606619000009232, 492, 387994.0, 2.635
0.6452599000003829, 493, 387994.0, 2.635
0.6044529999999213, 494, 387994.0, 2.635
0.5531680000003689, 495, 387994.0, 2.635
0.5482520000005024, 496, 387994.0, 2.635
0.5592816999997012, 497, 387994.0, 2.635
0.5777507000002515, 498, 387994.0, 2.635
0.5879977999993571, 499, 387994.0, 2.635
0.5552766000000702, 500, 387994.0, 2.635

tour:
[2192 2197 2196 2193 2194 2195 1600 1601 1602 1599 1598 1597 1596 1595
 1594 1603 1604 1605 1606 1607 2072 2073 2070 2071 2074 2075 2076 2077
 2078 2079 2080 2081 2082 2083 2084 2085 2086 2087 2103 2092 2091 2088
 2089 2090 2019 2022 2023 2026 2024 2025 2028 2027 2021 2020 2018 2017
 2016 2015 2014 2013 2012 2011 2030 2031 2029 2032 2033 2034 2061 2060
 2059 2058 2057 2064 2063 2062 2065 2056 2055 2066 2067 2068 2069 1610
 1609 1608 1593 1592 1591 1590 1621 1620 1619 1618 1617 1616 1615 1614
 1613 1611 1612 2054 2053 2052 2051 2050 2049 2048 2047 2046 2045 2035
 2036 2037 2038 2039 2040 2041 2042 2043 2044 1646 1647 1648 1649 1650
 1651 1655 1654 1653 1652 1846 1845 1844 1843 1839 1840 1838 1837 1836
 1835 1834 1833 1832 1831 1830 1829 1826 1825 1824 1823 1822 1821 1820
 1819 1816 1817 1818 1767 1768 1769 1770 1772 1774 1773 1766 1765 1764
 1763 1762 1761 1760 1759 1758 1757 1775 1771 1776 1800 1799 1798 1797
 1789 1788 1787 1790 1791  645  646  647  648  649  650  651  652  654
  653 1786 1785 1784 1783 1782 1777 1778 1779 1781 1780 1756 1755 1754
 1753 1752 1751 1750 1749 1748 1747 1746 1745 1744 1743 1742 1741 1740
 1739 1738 1737 1736 1735 1734 1733 1732 1731 1730 1729 1728 1727 1725
 1724 1717 1718 1719 1720 1723 1722 1721 1726 1658 1657 1656 1660 1659
 1664 1663 1662 1661 1645 1644 1643 1642 1641 1640 1639 1638 1637 1636
 1633 1634 1635 1669 1668 1667 1666 1665 1670 1671 1672 1673 1674 1675
 1676 1683 1684 1685 1686 1687 1690 1691 1692 1693 1711 1712 1713 1716
 1714 1715 1707 1708 1709 1710 1694 1695 1689 1688  865  866  867  864
  863  861  862 1697 1698 1696 1699 1700 1701 1702 1703 1705 1706 1704
  846  847  848  849  850  851  852  853  854  855  856  857  858  860
  859  824  825  822  823  888  889  887  886  885  884  883  882  881
  880  879  878  877  876  875  874  873  872  871  870  868  869 1682
 1681 1680 1679 1678 1677 1631 1632 1630 1629 1628 1627 1626 1625 1624
 1623 1622 1578 1577 1576 1575 1574 1573 1572 1571 1570 1569 1568 1567
 1566 1565 1564 1563 1562 1561 1560 1559 1558 1557 1556 1555 1016 1015
 1014 1013 1012 1011 1010 1009 1008 1007 1006 1005 1004 1003 1002 1001
 1000  999  998  997  996  995  994  993  987  988  989  990  991  992
  906  905  904  903  902  901  900  899  898  896  897  800  799  798
  797  796  795  794  793  806  805  807  808  809  810  811  812  804
  803  813  802  801  814  815  816  895  894  893  892  891  890  817
  818  819  820  821  826  827  828  829  830  831  832  833  834  835
  836  837  838  839  840  841  842  843  844  845  668  669  670  671
  675  674  673  672  664  665  667  666  663  662  661  660  659  658
  657  656  655  686  687  688  685  684  683  682  677  676  678  679
  680  681  690  689  691  692  693  698  697  699  700  701  702  703
  705  706  707  708  704  715  714  713  709  710  711  712  736  737
  738  739  740  741  742  743  744  745  746  747  748  749  750  751
  752  753  754  755  756  757  758  759  760  761  762  763  764  765
  766  767  774  768  769  770  773  771  772  775  776  777  778  779
  780  781  782  783  784  785  786  787  788  789  790  792  791  932
  933  934  935  936  937  938  939  940  942  941  945  944  943  473
  474  475  476  477  478  471  472  469  468  470  467  466  465  464
  463  459  458  457  433  434  432  431  430  429  428  427  435  436
  426  437  438  425  424  423  422  421  420  419  963  964  965  966
  967  968  969  970  971  972  973  974  975  976  977  978  962  961
  960  959  958  957  956  955  954  953  952  951  950  949  948  947
  946  930  931  929  928  927  926  925  924  923  922  921  920  919
  918  917  916  915  914  913  912  911  910  909  908  907  980  979
  981  982  983  984  985  986  380  379  378  377  376  375  374  373
  372  371  370  369  368  366  367 1103 1104 1105 1106 1107 1108 1109
 1133 1110 1111 1112 1113 1089 1090 1100 1101 1102 1099 1098 1096 1095
 1097 1093 1092 1091 1094 1087 1088 1086 1085 1084 1083 1082 1081 1080
 1073 1072 1074 1079 1078 1075 1077 1076 1017 1018 1019 1020 1021 1022
 1023 1024 1025 1026 1027 1062 1061 1028 1029 1031 1030 1032 1033 1034
 1035 1036 1037 1038 1039 1040 1041 1042 1424 1425 1432 1433 1434 1435
 1436 1431 1430 1429 1428 1426 1427 1418 1417 1419 1420 1421 1422 1423
 1238 1239 1240 1241 1242 1243 1245 1246 1247 1248 1249 1250 1251 1252
 1253 1254 1255 1256 1257 1258 1259 1260 1261 1262 1263 1264 1265 1266
 1267   60   61   62   63   64   65   66   67   68   69   70   71   72
   73   74   75   76   77   79   80   81   82   83   84   85   86   87
   88   89   78  142  143  144  145  146  147  148  149  150  151  152
  153  154  155  156  157  159  158 1192 1191 1190 1193 1194 1195 1196
 1197 1198 1199 1202 1200 1201 1203 1204 1205 1206 1207 1208 1209 1210
 1211 1212 1213 1214 1215 1216 1217 1218 1219 1220 1221 1222 1223 1224
 1225 1226 1227 1228 1244 1229 1230 1231 1232 1233 1234 1235 1236 1237
 1043 1044 1045 1046 1047 1048 1049 1050 1051 1052 1053 1054 1055 1056
 1057 1058 1059 1060 1063 1064 1065 1066 1067 1069 1070 1071 1122 1121
 1123 1068 1125 1126 1124 1116 1115 1117 1120 1119 1118 1114 1132 1131
 1127 1128 1129 1130 1134 1135 1136 1137 1138 1139 1140 1141 1142 1143
 1144 1145 1146 1147 1148 1149 1150 1151 1152 1153 1154 1155 1156 1157
 1158 1159 1160 1161 1162 1163 1164 1165 1166 1167 1170 1171 1169 1168
 1172 1173 1174 1175 1176 1177 1178 1179 1180 1181 1182 1183 1184 1185
 1186 1187 1189 1188  169  170  171  172  173  174  175  176  177  178
  179  183  182  180  181  254  255  256  257  258  259  253  252  251
  250  247  246  245  248  249  211  210  209  212  213  214  215  216
  217  208  207  206  205  204  125  126  127  128  129  130  203  202
  201  200  199  194  193  192  191  190  189  188  187  186  185  184
  168  167  166  165  164  163  162  160  161  196  195  198  197  132
  131  133  134  135  136  137  138  139  140  141   90   91   92   93
   94   95   96   97   98   99  100  101  102  103  104  105  106  107
  108  109  110  111  112  113  114  115  116  117  118  119  120  121
  122  124  123  220  219  218  221  222  223  224  225  226  227  228
  229  230  231  232  233  234  235  236  237  238  239  240  241  244
  242  243  262  261  260  263  264  265  266  267  268  269  270  271
  272  273  274  275  276  277  278  279  280  281  282  283  308  309
  310  311  307  306  284  285  286  287  288  289  290  305  316  315
  317  318  319  320  321  323  322  314  312  313  339  340  341  342
  343  344  345  346  347  348  349  351  352  350  353  354  355  356
  357  358  359  360  361  362  363  364  365  334  333  335  336  338
  337  332  331  330  329  328  327  326  325  324  385  386  384  381
  382  383  387  388  389  390  391  392  393  394  395  396  397  300
  301  302  303  304  291  292  293  294  295  296  297  298  299  398
  399  400  401  402  403  404  405  406  407  408  409  410  411  412
  413  414  415  416  418  417  439  440  441  442  443  444  445  446
  447  448  449  450  451  452  453  454  455  456  460  461  462  481
  480  479  482  483  484  485  486  487  488  489  490  491  492  493
  494  495  496  497  498  499  500  501  502  506  507  508  509  510
  511  512  568  513  514  515  516  517  523  518  519  520  521  522
  505  504  503  527  528  529  526  525  524  530  531  532  533  534
  535  546  547  545  544  536  537  538  543  542  539  540  541  549
  548  550  551  552  553  554  555  556  557  558  559  560  561  562
  563  564  565  566  567  569  570  571  572  573  576  577  578  579
  580  581  582  583  584  585  586  587  588  589  590  591  592  593
  594  595  596  597  598  599  600  601  602  603  604  605  606  575
  574  609  607  608  610  611  612  613  614  615  616  617  618  619
  620  621  622  721  722  725  724  726  727  728  731  732  734  735
  733  730  729  716  717  718  719  723  720  623  624  625  626  627
  628  629  630  631  632  637  633  634  635  696  694  695  636  639
  638  640  641  642  643  644 1793 1794 1792 1796 1795 1802 1801 1803
 1804 1805 1806 1807 1808 1809 1810 1815 1814 1811 1812 1813 1870 1871
 1872 1869 1868 1867 1866 1865 1864 1863 1861 1860 1862 1827 1828 1859
 1858 1857 1856 1855 1854 1853 1852 1841 1842 1850 1849 1847 1848 1851
 2002 2003 2004 2005 2006 2007 2008 2010 2009 2000 2001 1999 1998 1997
 1996 1995 1994 1993 1992 1991 1990 1989 1967 1966 1965 1964 1963 1962
 1961 1957 1958 1951 1959 1960 1934 1933 1932 1931 1929 1930 1935 1936
 1937 1938 1939 1940 1941 1942 1943 1944 1945 1946 1947 1948 1887 1888
 1949 1950 1952 1953 1954 1956 1955 1968 1969 1982 1983 1986 1988 1987
 1985 1984 1981 1980 1979 1978 1977 1976 1971 1970 1972 1973 1975 1974
 1873 1874 1875 1876 1877 1878 1879 1880 1881 1882 1883 1884 1885 1886
 1890 1889 1892 1891 1893 1894 1895 1896 1897 1898 1899 1900 1901 1902
 1903 1904 1905 1906 1907 1909 1908 1910 1911 1912 1913 1914 1915 1917
 1916 1919 1920 1918 1925 1926 1927 1928 1924 1923 1922 1921 2096 2095
 2094 2093 2097 2098 2099 2100 2101 2102 2104 2105 2106 2107 2108 2109
 2110 2111 2112 2113 2114 2115 2116 2117 2118 2119 2120 2121 2122 2123
 2124 2125 2126 2127 2128 2129 2130 2131 2132 2133 2134 2135 2136 2137
 2138 2139 2140 2141 2142 2143 2144 2145 2146 2147 2149 2148 2150 2151
 2152 2153 2154 2155 2156 2159 2160 2158 2157 2165 2166 2167 2168 2164
 2163 2162 2161 2355 2354 2353 2352 2356 2357 2358 2359 2360 2361 2363
 2364 2365 2366 2367 2368 2369 2370 2371 2374 2377 2375 2376 2378 2379
 2380 2381 2382 2383 2384 2385 2386 2387 2388 2389 2390 2391    0    1
    2    3    4    5    6    7    8    9   10   11   12   13   14   15
   16   17   19   20   21   22   23   24   25   26   27   28   29   18
 1296 1297 1298 1299 1300 1301 1302 1303 1304 1305 1306 1307 1308 1309
 1310 1311 1313 1312 2310 2309 2308 2307 2306 2305 2304 2303 2302 2301
 2300 2299 2298 2297 2295 2296 2314 2313 2311 2312 2318 2317 2316 2315
 2320 2319 2321 2322 2323 2324 2325 2326 2327 2328 2329 2330 2331 2332
 2333 2334 2335 2373 2372 2336 2337 2338 2339 2340 2341 2342 2343 2344
 2345 2346 2362 2347 2348 2351 2350 2349 2281 2280 2279 2278 2277 2282
 2283 2284 2285 2288 2289 2287 2286 2290 2291 2294 2293 2292 2273 2274
 2275 2276 2272 2271 2270 2269 2268 2267 2266 1328 1327 1326 1325 1324
 1323 1321 1320 1319 1318 1317 1316 1314 1315 1350 1349 1352 1351 1287
 1286 1285 1288 1289 1290 1291 1292 1293 1294 1295   30   31   32   33
   34   35   36   37   38   39   40   41   42   43   44   45   46   47
   49   50   51   52   53   54   55   56   57   58   59   48 1268 1269
 1270 1271 1272 1273 1274 1275 1276 1278 1277 1373 1374 1375 1376 1377
 1378 1379 1380 1381 1368 1369 1367 1366 1365 1364 1363 1362 1370 1371
 1372 1361 1360 1359 1358 1357 1356 1279 1280 1281 1282 1283 1284 1355
 1354 1353 1348 1347 1346 1344 1345 1339 1322 1338 1340 1341 1343 1342
 1402 1403 1404 1406 1405 1401 1400 1399 1398 1394 1393 1392 1382 1383
 1384 1385 1386 1387 1388 1389 1390 1391 1395 1396 1397 1416 1415 1414
 1413 1412 1411 1410 1409 1407 1408 1335 1336 1337 1333 1334 1332 1331
 1330 1329 1506 1505 1504 1503 1509 1510 1502 1501 1500 1499 1498 1497
 1496 1495 1494 1493 1492 1491 1490 1489 1486 1485 1484 1483 1482 1481
 1480 1479 1539 1478 1477 1476 1468 1467 1466 1465 1464 1463 1462 1437
 1438 1460 1461 1469 1470 1471 1475 1474 1473 1472 1459 1458 1445 1444
 1441 1439 1440 1442 1443 1446 1447 1448 1449 1450 1451 1456 1457 1455
 1454 1452 1453 1553 1554 1552 1551 1550 1549 1548 1547 1546 1545 1544
 1543 1542 1537 1541 1540 1538 1535 1536 1534 1533 1532 1531 1530 1584
 1583 1582 1581 1580 1579 1589 1588 1587 1586 1585 2213 2214 2215 1529
 1528 1527 1526 1525 1524 1523 1522 1487 1488 1521 1520 1519 1518 1517
 1516 1515 1514 1513 1512 1511 1508 1507 2265 2264 2263 2262 2261 2260
 2259 2258 2257 2256 2255 2254 2253 2252 2251 2250 2249 2248 2247 2246
 2245 2244 2243 2174 2173 2172 2171 2169 2170 2175 2176 2177 2179 2180
 2178 2181 2182 2183 2184 2185 2186 2187 2188 2189 2240 2241 2242 2233
 2234 2239 2238 2237 2235 2236 2232 2231 2230 2229 2228 2227 2226 2225
 2224 2223 2222 2221 2220 2219 2218 2217 2216 2210 2211 2212 2209 2208
 2207 2206 2205 2204 2203 2202 2201 2200 2199 2198 2191 2190]

eliteFit: 387994.0
percentError: 2.6352266474795787
computationTime: 408.549s