instanceName: pr2392
n: 2392
optFit: 378032

genTime, gen, eliteFit, percentError:
0.0032666000006429385, 0, 14755241.0, 3803.172
5.359976799998549, 1, 424912.0, 12.401
2.9343011000000843, 2, 421419.0, 11.477
2.9930623000000196, 3, 417166.0, 10.352
2.933282699999836, 4, 415833.0, 9.999
2.965787299999647, 5, 413915.0, 9.492
2.8715905000008206, 6, 413190.0, 9.300
2.9826873000001797, 7, 411067.0, 8.739
2.755998399999953, 8, 409917.0, 8.434
2.8329410000005737, 9, 409289.0, 8.268
2.512006200000542, 10, 409289.0, 8.268
2.5529444000003423, 11, 408421.0, 8.039
2.773872499999925, 12, 406696.0, 7.582
2.752396600000793, 13, 406495.0, 7.529
2.7423636999992596, 14, 406495.0, 7.529
2.8421577000008256, 15, 405194.0, 7.185
2.5545584999999846, 16, 405194.0, 7.185
2.5687179999986256, 17, 403709.0, 6.792
2.6036196000004566, 18, 403709.0, 6.792
2.6613208999988274, 19, 403086.0, 6.627
2.6030430999999226, 20, 402779.0, 6.546
2.3886868999998114, 21, 402487.0, 6.469
2.2112708000004204, 22, 400633.0, 5.979
2.4237868000000162, 23, 400633.0, 5.979
2.515008200000011, 24, 400633.0, 5.979
2.1596188000003167, 25, 400426.0, 5.924
2.156582499999786, 26, 398847.0, 5.506
2.3744757999993453, 27, 398296.0, 5.360
2.081975199998851, 28, 398296.0, 5.360
1.9341874000001553, 29, 398042.0, 5.293
1.6872445000008156, 30, 397723.0, 5.209
1.5496911999998702, 31, 397428.0, 5.131
1.7420534000011685, 32, 396918.0, 4.996
1.6333115999987058, 33, 396644.0, 4.923
1.418929900000876, 34, 395892.0, 4.724
1.1292030999993585, 35, 395874.0, 4.720
1.3267016999998305, 36, 395183.0, 4.537
1.4920287000004464, 37, 395000.0, 4.489
1.31912469999952, 38, 394698.0, 4.409
1.3505043000004662, 39, 394567.0, 4.374
1.491066899998259, 40, 394394.0, 4.328
1.5419466000003013, 41, 394125.0, 4.257
1.3895049000002473, 42, 393786.0, 4.167
1.5751903000000311, 43, 393531.0, 4.100
1.865789900000891, 44, 393123.0, 3.992
1.5126541000008729, 45, 392815.0, 3.911
1.8070219999990513, 46, 392815.0, 3.911
1.3794015999992553, 47, 392424.0, 3.807
1.3486417000003712, 48, 392397.0, 3.800
1.4179019999992306, 49, 392039.0, 3.705
1.1230665999992198, 50, 392039.0, 3.705
1.1391371999998228, 51, 391678.0, 3.610
1.1324605999998312, 52, 391376.0, 3.530
0.9146483999993507, 53, 391122.0, 3.463
0.9992029999993974, 54, 390696.0, 3.350
0.8669921000000613, 55, 390696.0, 3.350
0.8063538999995217, 56, 390626.0, 3.331
0.7444814000009501, 57, 390488.0, 3.295
0.729911099999299, 58, 390398.0, 3.271
0.8812284000014188, 59, 390306.0, 3.247
0.6645392000009451, 60, 390152.0, 3.206
0.6950403999999253, 61, 390119.0, 3.197
0.6561679000005824, 62, 390063.0, 3.183
0.7497380999993766, 63, 389982.0, 3.161
0.6361216000004788, 64, 389959.0, 3.155
0.6562052000008407, 65, 389922.0, 3.145
0.5552965000006225, 66, 389922.0, 3.145
0.6179475000008097, 67, 389922.0, 3.145
0.6210735999993631, 68, 389922.0, 3.145
0.5246858999998949, 69, 389922.0, 3.145
0.5905735999986064, 70, 389922.0, 3.145
0.6340862999986712, 71, 389922.0, 3.145
0.6071694000002026, 72, 389858.0, 3.128
0.609715700000379, 73, 389823.0, 3.119
0.5302063999988604, 74, 389823.0, 3.119
0.5387473999999202, 75, 389808.0, 3.115
0.625434800000221, 76, 389808.0, 3.115
0.5719965000007505, 77, 389808.0, 3.115
0.5633173000005627, 78, 389716.0, 3.091
0.597602600000755, 79, 389716.0, 3.091
0.5761788999989221, 80, 389716.0, 3.091
0.5178034999989904, 81, 389716.0, 3.091
0.5301956000002974, 82, 389716.0, 3.091
0.549812599998404, 83, 389713.0, 3.090
0.5317059000008157, 84, 389713.0, 3.090
0.5701035000001866, 85, 389513.0, 3.037
0.5514359000007971, 86, 389510.0, 3.036
0.5593306999999186, 87, 389325.0, 2.987
0.648622400000022, 88, 389322.0, 2.987
0.629592600000251, 89, 389322.0, 2.987
0.6089825999988534, 90, 389322.0, 2.987
0.6115166999989015, 91, 389322.0, 2.987
0.5748079000004509, 92, 388858.0, 2.864
0.5416233000014472, 93, 388858.0, 2.864
0.6102177000011579, 94, 388713.0, 2.825
0.5576115999992908, 95, 388713.0, 2.825
0.5299488000000565, 96, 388677.0, 2.816
0.6931744000012259, 97, 388662.0, 2.812
0.508871400001226, 98, 388662.0, 2.812
0.5497426000001724, 99, 388584.0, 2.791
0.6192930000015622, 100, 388584.0, 2.791
0.6446989000014582, 101, 388584.0, 2.791
0.6025348999992275, 102, 388584.0, 2.791
0.5258143999999447, 103, 388584.0, 2.791
0.5413779999998951, 104, 388584.0, 2.791
0.5120267000002059, 105, 388584.0, 2.791
0.5199776999997994, 106, 388584.0, 2.791
0.5990290000008827, 107, 388584.0, 2.791
0.6417454999991605, 108, 388584.0, 2.791
0.588333399999101, 109, 388584.0, 2.791
0.7066223000001628, 110, 388584.0, 2.791
0.6398143999995227, 111, 388584.0, 2.791
0.5541873000001942, 112, 388584.0, 2.791
0.554392199999711, 113, 388584.0, 2.791
0.5429292999997415, 114, 388437.0, 2.752
0.5584170999991329, 115, 388437.0, 2.752
0.5993534999997792, 116, 388437.0, 2.752
0.8642434999983379, 117, 388437.0, 2.752
0.8776756000006571, 118, 388437.0, 2.752
0.479307699999481, 119, 388437.0, 2.752
0.5030461000005744, 120, 388437.0, 2.752
0.5480274000001373, 121, 388437.0, 2.752
0.5316401999989466, 122, 388437.0, 2.752
0.6106455000008282, 123, 388437.0, 2.752
0.5717489999988175, 124, 388437.0, 2.752
0.5172855000000709, 125, 388437.0, 2.752
0.5322216000004119, 126, 388437.0, 2.752
0.6303309000013542, 127, 388437.0, 2.752
0.5599230000007083, 128, 388194.0, 2.688
0.6227971999996953, 129, 388194.0, 2.688
0.5496316999997362, 130, 388160.0, 2.679
0.7415576999992481, 131, 388160.0, 2.679
0.5113103000003321, 132, 387965.0, 2.628
0.6388156000011804, 133, 387965.0, 2.628
0.6262378999999783, 134, 387965.0, 2.628
0.6049036999993405, 135, 387965.0, 2.628
0.5131298000014795, 136, 387965.0, 2.628
0.5793825999990077, 137, 387927.0, 2.618
0.6114602999987255, 138, 387908.0, 2.612
0.5843991999990976, 139, 387908.0, 2.612
0.6653219999989233, 140, 387870.0, 2.602
0.526638000001185, 141, 387870.0, 2.602
0.5721503999993729, 142, 387870.0, 2.602
0.5664357000005111, 143, 387870.0, 2.602
0.6263856999994459, 144, 387870.0, 2.602
0.530286299999716, 145, 387870.0, 2.602
0.6958180000001448, 146, 387870.0, 2.602
0.6141288999988319, 147, 387870.0, 2.602
0.5320383999987826, 148, 387870.0, 2.602
0.5608073999992484, 149, 387870.0, 2.602
0.5273395999993227, 150, 387870.0, 2.602
0.5342627999998513, 151, 387870.0, 2.602
0.5608148999999685, 152, 387870.0, 2.602
0.5453914999998233, 153, 387870.0, 2.602
0.6832905999999639, 154, 387870.0, 2.602
0.5365492000000813, 155, 387870.0, 2.602
0.6000757000001613, 156, 387870.0, 2.602
0.5541666999997688, 157, 387870.0, 2.602
0.5897764000001189, 158, 387870.0, 2.602
0.5963660000015807, 159, 387870.0, 2.602
0.5560755000005884, 160, 387870.0, 2.602
0.6161455000001297, 161, 387870.0, 2.602
0.5171404000011535, 162, 387870.0, 2.602
0.6677622999995947, 163, 387870.0, 2.602
0.5443522000005032, 164, 387870.0, 2.602
0.5015695999991294, 165, 387870.0, 2.602
0.5153745999996318, 166, 387870.0, 2.602
0.530235400001402, 167, 387870.0, 2.602
0.5487730999993801, 168, 387870.0, 2.602
0.48499830000037036, 169, 387870.0, 2.602
0.6215839999986201, 170, 387864.0, 2.601
0.5046559000002162, 171, 387864.0, 2.601
0.6313687999991089, 172, 387710.0, 2.560
0.6232973999995011, 173, 387710.0, 2.560
0.753548700000465, 174, 387673.0, 2.550
0.6164386000000377, 175, 387673.0, 2.550
0.6404997000008734, 176, 387673.0, 2.550
0.5569393999994645, 177, 387673.0, 2.550
0.5633077000002231, 178, 387673.0, 2.550
0.5772313999987091, 179, 387673.0, 2.550
0.5235088000008545, 180, 387673.0, 2.550
0.5801881999996112, 181, 387673.0, 2.550
0.5576479000010295, 182, 387673.0, 2.550
0.5514550000007148, 183, 387673.0, 2.550
0.6034885999997641, 184, 387673.0, 2.550
0.5258270000012999, 185, 387673.0, 2.550
0.5996903999985079, 186, 387673.0, 2.550
0.6920891999998275, 187, 387495.0, 2.503
0.627382900000157, 188, 387495.0, 2.503
0.6473750999994081, 189, 387495.0, 2.503
0.538174400000571, 190, 387495.0, 2.503
0.6580859000005148, 191, 387495.0, 2.503
0.5297339999997348, 192, 387495.0, 2.503
0.6437288999986777, 193, 387340.0, 2.462
0.6613792999996804, 194, 387340.0, 2.462
0.6512175000007119, 195, 387327.0, 2.459
0.5544675000001007, 196, 387207.0, 2.427
0.6638462999999319, 197, 387207.0, 2.427
0.63715190000039, 198, 387207.0, 2.427
0.6458620000012161, 199, 387207.0, 2.427
0.5729113999987021, 200, 387207.0, 2.427
0.548784100001285, 201, 387207.0, 2.427
0.5620471000001999, 202, 387207.0, 2.427
0.5981936000007408, 203, 387207.0, 2.427
0.4835536000009597, 204, 387207.0, 2.427
0.6159087000014551, 205, 387207.0, 2.427
0.5214593999990029, 206, 387207.0, 2.427
0.5046937000006437, 207, 387207.0, 2.427
0.5941127000005508, 208, 387207.0, 2.427
0.6023558000015328, 209, 387207.0, 2.427
0.5923433999996632, 210, 387207.0, 2.427
0.5722505000012461, 211, 387207.0, 2.427
0.5528938000006747, 212, 387207.0, 2.427
0.5494321000005584, 213, 387207.0, 2.427
0.537858799998503, 214, 387207.0, 2.427
0.5856758000008995, 215, 387207.0, 2.427
0.5217146000013599, 216, 387207.0, 2.427
0.6133090000002994, 217, 387207.0, 2.427
0.6065483000002132, 218, 387207.0, 2.427
0.5360572999998112, 219, 387207.0, 2.427
0.564523700000791, 220, 387207.0, 2.427
0.6184780000003229, 221, 387207.0, 2.427
0.6576620000014373, 222, 387207.0, 2.427
0.6655885000000126, 223, 387207.0, 2.427
0.6048710000013671, 224, 387207.0, 2.427
0.5877173000008042, 225, 387207.0, 2.427
0.5299854000004416, 226, 387207.0, 2.427
0.6120893000006618, 227, 387207.0, 2.427
0.5474130000002333, 228, 387207.0, 2.427
0.5744560000002821, 229, 387207.0, 2.427
0.5399079999988317, 230, 387207.0, 2.427
0.577571199999511, 231, 387207.0, 2.427
0.5324916999998095, 232, 387207.0, 2.427
0.6024594999998953, 233, 387207.0, 2.427
0.5504758000006404, 234, 387207.0, 2.427
0.5923017999994045, 235, 387207.0, 2.427
0.5458911999994598, 236, 387207.0, 2.427
0.5661675000010291, 237, 387207.0, 2.427
0.5289749000003212, 238, 387207.0, 2.427
0.5890787000007549, 239, 387207.0, 2.427
0.579194699999789, 240, 387207.0, 2.427
0.5655616999993072, 241, 387207.0, 2.427
0.6201825000007375, 242, 387207.0, 2.427
0.5982259000011254, 243, 387207.0, 2.427
0.509961799998564, 244, 387207.0, 2.427
0.6383501000000251, 245, 387207.0, 2.427
0.6220909000003303, 246, 387207.0, 2.427

tour:
[1253 1256 1255 1217 1216 1215 1214 1213 1207 1208 1209 1210 1211 1212
 1258 1257 1259 1260 1261 1262 1263 1264 1265 1266 1267 1268 1269 1270
 1271 1272 1273 1274 1275 1276 1278 1277 1374 1375 1372 1371 1370 1369
 1368 1367 1366 1365 1364 1363 1362 1361 1373 1360 1359 1358 1279 1280
 1281 1282 1283 1284 1357 1356 1355 1354 1353 1348 1347 1346 1345 1344
 1343 1342 1341 1340 1339 1338 1337 1336 1335 1334 1333 1332 1331 1330
 1329 1328 1327 1326 1325 1324 1323 1322 1321 1320 1319 1318 1317 1316
 1314 1315 1349 1352 1351 1350 1287 1286 1285 1288 1289 1290 1291 1292
 1293 1294 1295 1296 1297 1298 1299 1300 1301 1302 1303 1304 1306 1305
 2326 2327 2328 2329 2330 2325 1308 1307 1310 1311 1313 1312 2310 2309
 2308 2307 2306 2305 2304 2303 2302 2301 2300 2299 2298 2293 2292 2273
 2274 2275 2276 2277 2278 2279 2280 2281 2282 2283 2284 2288 2285 2286
 2287 2289 2290 2291 2294 2295 2297 2296 2314 2313 2311 2312 2318 2317
 2316 2315 2320 2319 1309 2321 2322 2323 2324 2331 2332 2333 2334 2335
 2336 2337 2338 2339 2340 2341 2342 2343 2344 2345 2346 2347 2348 2349
 2350 2351 2352 2353 2354 2355 2356 2357 2358 2359 2360 2361 2362 2363
 2364 2365 2366 2367 2368 2369 2370 2371 2372 2373 2374 2377 2375 2376
 2378 2379 2380 2381 2382 2383 2384 2385 2386    1 2387 2388 2389 2390
 2391    0    2    3    4    5    6    7    8    9   10   11   12   13
   14   15   16   17   18   19   20   21   22   23   24   25   26   27
   28   29   30   31   32   33   34   35   36   37   38   39   40   41
   42   43   44   45   46   47   48   49   50   51   52   53   54   55
   56   57   58   59   60   61   62   63   64   65   66   67   68   69
   70   71   72   73   74   75   76   77   78   79   80   81   82   83
   84   85   86   87   88   89   90   91   92   93   94   95   96   97
   98   99  100  101  102  103  104  105  106  107  108  109  110  111
  112  113  114  115  116  117  118  119  120  121  122  124  123  220
  219  218  221  222  223  224  225  226  227  214  215  213  212  211
  210  209  216  217  208  207  206  205  204  203  202  125  126  127
  128  129  130  201  200  199  194  193  192  191  190  189  188  187
  186  185  184  168  167  166  165  164  163  162  160  161  196  195
  198  197  133  132  131  134  135  136  137  138  139  140  141  142
  143  144  145  146  147  148  149  150  151  152  153  154 1206 1205
 1204 1203 1202 1199 1200 1201  155  156  157  159  158 1192 1191 1193
 1194 1195 1196 1198 1197 1168 1167 1170 1171 1169 1172 1173 1174 1175
 1176 1177 1178 1179 1180 1181 1182 1183 1184 1185 1186 1187 1189 1190
 1188  169  170  171  172  173  174  175  176  177  178  180  179  183
  182  181  254  255  256  257  258  259  246  253  252  251  247  250
  249  248  245  244  240  239  238  228  229  230  231  232  233  234
  235  236  237  241  242  243  262  261  260  263  264  265  266  267
  268  269  270  271  272  273  274  275  276  277  278  279  280  281
  282  283  308  309  310  311  307  306  305  316  315  317  318  319
  320  321  323  322  314  312  313  327  328  329  330  331  332  335
  336  337  338  339  340  341  342  343  344  345  346  347  348  349
  350  351  352  353  354  355  356  357  358  359  360  361  362  363
  364  365  334  333  368  366  367  369  370  371  372  373  374  375
  376  377  378  379  380  381  382  383  384  325  326  324  385  386
  387  388  389  390  391  392  393  394  395  396  397  300  301  302
  303  304  291  290  287  284  285  286  288  289  292  293  294  295
  296  297  298  299  398  399  400  401  402  403  404  405  406  407
  408  409  410  411  412  413  414  415  416  417  418  419  420  421
  422  423  424  425  426  437  438  439  440  441  442  443  444  445
  433  432  434  435  436  427  428  429  430  431  458  457  447  446
  448  449  450  451  452  453  454  455  456  459  460  461  462  463
  464  465  466  467  468  469  470  471  472  473  474  475  476  477
  478  479  480  481  482  483  484  485  486  487  488  489  490  491
  492  493  494  495  496  497  498  499  500  501  502  503  527  528
  526  529  530  531  525  524  523  547  546  545  544  536  535  532
  533  534  537  538  543  542  539  540  541  549  548  550  551  552
  553  554  555  563  564  562  556  557  558  561  559  560  617  618
  619  616  615  614  613  612  611  610  609  608  607  605  606  575
  574  573  576  577  578  572  571  570  569  568  567  566  565  514
  513  515  516  517  518  519  520  521  522  504  505  506  507  508
  509  510  512  511  580  581  579  582  583  584  585  586  587  588
  589  590  591  592  593  937  938  939  936  935  934  933  940  941
  942  943  944  945  946  947  948  949  950  951  952  953  954  955
  956  957  958  959  960  961  962  963  964  965  966  967  968  969
  970  971  972  973  974  975  976  977  978  979  980  907  908  909
  910  911  912  913  914  915  916  917  918  919  920  921  922  923
  924  925  926  927  928  929  930  931  932  791  792  790  789  788
  787  786  785  784  783  782  781  780  779  778  777  776  775  772
  771  770  773  774  768  769  767  766  765  764  763  762  761  760
  759  758  757  756  755  754  753  752  751  594  595  596  597  598
  599  600  601  602  603  604  740  741  742  749  750  748  747  746
  745  744  743  739  738  737  736  735  734  733  732  731  728  727
  726  725  724  723  722  721  622  620  621  628  629  630  631  632
  627  626  625  624  623  720  719  718  717  716  729  730  714  712
  711  710  709  713  715  704  705  703  702  701  700  699  697  698
  706  708  707  681  680  679  682  684  683  689  690  691  692  693
  694  695  696  635  634  636  633  637  638  639  640  641  642  643
  644  645  646  647  648  649  650  651  652  687  688  685  686  653
  654  656  655  657  658  659  660  661  662  663  666  667  665  664
  672  673  674  676  677  678  675  671  670  669  668  845  844  843
  842  846  847  848  849  850  851  852  841  840  839  838  837  836
  835  834  833  832  831  830  829  828  827  825  822  826  821  820
  819  818  817  890  891  892  893  894  895  816  815  814  813  812
  804  811  810  809  808  807  805  806  793  794  795  796  797  798
  803  802  799  800  801  897  896  898  899  900  901  902  903  904
  905  906  992  981  982  983  984  985  986  987  988  989  990  991
  993  994  995  996  997  998  999 1000 1001 1002 1003 1004 1005 1006
 1007 1008 1009 1010 1011 1012 1013 1014 1015 1016 1019 1020 1021 1022
 1023 1024 1025 1026 1027 1028 1029 1030 1031 1032 1033 1034 1035 1036
 1037 1038 1039 1040 1041 1042 1425 1424 1423 1422 1421 1420 1419 1417
 1418 1427 1426 1428 1429 1430 1431 1432 1433 1434 1435 1436 1437 1438
 1439 1440 1441 1442 1443 1446 1447 1448 1449 1450 1451 1452 1453 1454
 1455 1456 1457 1548 1542 1543 1544 1545 1546 1547 1549 1550 1551 1552
 1553 1554 1555 1556 1557 1558 1559 1560 1561 1562 1563 1564 1565 1566
 1567 1568 1569 1570 1571 1572 1573 1574 1575 1576 1577 1578 1622 1623
 1624 1625 1626 1627 1628 1629 1630 1631 1632 1633 1636 1637 1638 1639
 1640 1641 1642 1643 1644 1645 1646 1647 1648 1649 1650 1651 1652 1653
 1654 1655 1656 1657 1658 1659 1660 1661 1662 1663 1664 1665 1666 1667
 1668 1669 1670 1671 1635 1634 1672 1673 1674 1675 1676 1677 1678 1679
 1680 1681 1682 1683 1684 1685 1686  866  867  868  869  870  871  872
  873  874  875  876  877  878  879  880  881  882  883  884  885  886
  887  889  888  823  824  859  860  858  857  856  855  854  853 1697
  862  861  863  864  865 1688 1689 1687 1690 1691 1692 1693 1694 1695
 1696 1698 1699 1700 1701 1702 1703 1704 1705 1706 1707 1708 1709 1710
 1711 1712 1713 1714 1715 1716 1717 1724 1718 1719 1720 1723 1721 1722
 1725 1726 1727 1728 1729 1730 1731 1732 1733 1734 1735 1736 1737 1738
 1739 1740 1741 1742 1743 1744 1745 1746 1747 1748 1749 1750 1751 1752
 1753 1754 1755 1756 1780 1781 1779 1782 1783 1784 1777 1778 1757 1758
 1759 1760 1761 1762 1763 1764 1765 1773 1774 1772 1766 1767 1768 1769
 1770 1771 1775 1776 1800 1799 1798 1795 1796 1797 1789 1788 1785 1786
 1787 1790 1791 1792 1793 1794 1804 1802 1801 1803 1805 1806 1807 1808
 1809 1810 1811 1812 1813 1814 1815 1816 1817 1818 1819 1820 1821 1822
 1823 1824 1825 1826 1827 1828 1829 1830 1831 1832 1833 1834 1835 1836
 1837 1838 1839 1840 1841 1842 1843 1845 1846 1844 1849 1847 1848 1851
 1850 1852 1853 1854 1855 1856 1857 1858 1859 1860 1861 1862 1863 1864
 1865 1866 1867 1868 1869 1870 1871 1872 1873 1874 1875 1974 1975 1976
 1977 1978 1979 1980 1981 1984 1985 1987 1988 1989 1986 1983 1982 1969
 1970 1971 1972 1973 1876 1877 1878 1879 1880 1881 1882 1883 1884 1885
 1890 1886 1887 1888 1949 1947 1948 1889 1892 1891 1893 1894 1895 1896
 1897 1898 1899 1900 1901 1902 1903 1904 1905 1906 1907 1908 1909 1910
 1911 1912 1913 1914 1915 1917 1916 1919 1920 1918 1925 1926 1927 1928
 1929 1930 1931 1932 1933 1934 1935 1936 1937 1938 1939 1940 1941 1942
 1943 1944 1945 1946 1960 1961 1959 1951 1950 1958 1957 1956 1952 1953
 1954 1955 1968 1967 1966 1962 1963 1964 1965 1990 1991 1992 1993 1994
 1995 1996 1997 1998 1999 2000 2001 2002 2003 2004 2005 2006 2007 2008
 2010 2009 1924 1923 1922 1921 2096 2097 2098 2099 2100 2095 2094 2093
 2091 2092 2088 2089 2090 2019 2018 2017 2016 2015 2014 2013 2012 2011
 2030 2031 2029 2032 2033 2034 2035 2036 2037 2038 2039 2040 2041 2042
 2043 2044 2045 2046 2059 2060 2058 2047 2048 2049 2050 2051 2052 2053
 1612 1611 1613 1614 1615 1616 1617 1618 1619 1620 1621 1590 1591 1592
 1593 1594 1595 1596 1597 1598 1599 1600 1601 1602 1603 1604 1605 1606
 1607 1608 1609 1610 2071 2070 2069 2068 2067 2054 2055 2066 2056 2057
 2065 2064 2063 2062 2061 2024 2025 2028 2027 2020 2021 2022 2026 2023
 2083 2082 2084 2085 2086 2087 2103 2101 2102 2104 2105 2106 2107 2108
 2109 2110 2111 2112 2115 2114 2113 2079 2080 2081 2078 2077 2076 2075
 2074 2073 2072 2117 2116 2118 2119 2120 2121 2122 2123 2124 2125 2126
 2127 2128 2129 2130 2131 2132 2133 2134 2135 2136 2137 2138 2139 2140
 2141 2142 2143 2144 2145 2180 2179 2146 2147 2149 2148 2150 2151 2152
 2153 2154 2155 2157 2156 2159 2158 2160 2161 2162 2163 2164 2165 2166
 2167 2168 2169 2170 2171 2172 2173 2174 2175 2176 2177 2178 2181 2182
 2183 2184 2185 2186 2187 2188 2189 2190 2191 2192 2194 2195 2193 2196
 2197 2198 2199 2200 2201 2202 2203 2204 2206 2205 2212 2211 2210 2209
 2207 2208 2218 2219 2220 2221 2222 2223 2224 2225 2226 2227 2228 2229
 2230 2231 2232 2233 2234 2235 2236 2237 2238 2239 2240 2241 2242 2243
 2244 2245 2246 2247 2248 2249 2250 2251 2252 2253 2254 2258 2259 2260
 2261 2262 2270 2271 2272 2269 2268 2267 2266 2265 2264 2263 2257 2256
 2255 1513 1514 1515 1516 1517 1518 1519 1520 1521 1522 1523 1524 1525
 1526 1527 1528 1529 2217 2216 2215 2214 2213 1585 1586 1587 1588 1589
 1579 1580 1581 1582 1583 1584 1530 1531 1532 1533 1534 1535 1536 1537
 1541 1538 1540 1539 1478 1479 1480 1477 1476 1475 1474 1473 1472 1471
 1470 1469 1459 1458 1445 1444 1460 1461 1462 1463 1464 1465 1466 1467
 1468 1481 1482 1483 1484 1485 1486 1487 1488 1489 1490 1491 1492 1493
 1494 1495 1496 1497 1498 1499 1500 1501 1512 1511 1508 1507 1509 1510
 1502 1503 1504 1506 1505 1411 1410 1409 1408 1407 1404 1403 1405 1402
 1401 1400 1399 1406 1412 1413 1414 1415 1416 1397 1396 1398 1395 1394
 1393 1392 1391 1390 1389 1388 1387 1386 1385 1384 1383 1382 1381 1380
 1379 1378 1376 1377 1251 1252 1250 1249 1248 1247 1246 1245 1244 1243
 1242 1241 1240 1239 1238 1235 1236 1237 1043 1044 1045 1046 1047 1048
 1049 1050 1051 1052 1053 1054 1055 1056 1057 1058 1059 1060 1061 1062
 1063 1064 1065 1066 1067 1069 1070 1071 1072 1073 1074 1075 1076 1018
 1017 1077 1078 1079 1080 1081 1082 1083 1084 1085 1086 1088 1087 1094
 1091 1092 1093 1097 1095 1096 1098 1099 1102 1103 1104 1101 1100 1090
 1089 1113 1114 1118 1119 1120 1121 1122 1123 1116 1117 1115 1124 1068
 1125 1126 1127 1128 1129 1130 1131 1132 1110 1111 1112 1105 1106 1107
 1108 1109 1133 1134 1135 1136 1137 1138 1139 1140 1141 1142 1143 1144
 1145 1146 1147 1148 1149 1150 1151 1152 1153 1154 1155 1156 1157 1158
 1159 1160 1161 1162 1163 1164 1165 1166 1224 1223 1222 1225 1230 1231
 1232 1234 1233 1229 1228 1226 1227 1221 1220 1219 1218 1254]

eliteFit: 387207.0
percentError: 2.4270432132729507
computationTime: 227.263s