instanceName: pr2392
n: 2392
optFit: 378032

genTime, gen, eliteFit, percentError:
0.002616699999634875, 0, 14831820.0, 3823.430
5.383500300000378, 1, 424227.0, 12.220
2.9677620000002207, 2, 420511.0, 11.237
2.7872762999995757, 3, 417267.0, 10.379
2.8550725000004604, 4, 417027.0, 10.315
2.8841294000012567, 5, 415361.0, 9.875
2.859062700001232, 6, 411395.0, 8.825
2.8705749999990076, 7, 411007.0, 8.723
2.845041600001423, 8, 409448.0, 8.310
2.7274965999986307, 9, 407773.0, 7.867
2.691705600000205, 10, 407773.0, 7.867
2.551151600000594, 11, 405727.0, 7.326
2.7403677000002062, 12, 405727.0, 7.326
2.6372687999992195, 13, 405465.0, 7.257
2.7058075000004465, 14, 404992.0, 7.132
2.547028999999384, 15, 404180.0, 6.917
2.5653963000004296, 16, 403969.0, 6.861
2.5760049000000436, 17, 403704.0, 6.791
2.4572463000004063, 18, 403093.0, 6.629
2.0212415999994846, 19, 403093.0, 6.629
1.5249777999997605, 20, 402661.0, 6.515
1.6251110000011977, 21, 402118.0, 6.371
1.3044699000001856, 22, 401562.0, 6.224
1.4995202999998583, 23, 400614.0, 5.974
1.4347864000010304, 24, 400351.0, 5.904
1.3420167000003858, 25, 399579.0, 5.700
1.4114043999998103, 26, 399257.0, 5.615
0.9664695999999822, 27, 398976.0, 5.540
0.7888406999991275, 28, 398662.0, 5.457
0.8187662999989698, 29, 398010.0, 5.285
0.9099493999983679, 30, 397900.0, 5.256
0.9290070999995805, 31, 397574.0, 5.169
0.7983464000008098, 32, 397241.0, 5.081
0.7510364999998274, 33, 397167.0, 5.062
0.7333812999986549, 34, 397114.0, 5.048
0.7665283999995154, 35, 397036.0, 5.027
0.6275956000008591, 36, 396802.0, 4.965
0.8161404000002221, 37, 396542.0, 4.896
0.6617126000001008, 38, 396464.0, 4.876
0.7551179000001866, 39, 396464.0, 4.876
0.7923219999993307, 40, 396450.0, 4.872
0.6857687000010628, 41, 396450.0, 4.872
0.6348421999991842, 42, 396450.0, 4.872
0.6465336000001116, 43, 396450.0, 4.872
0.6513829000014084, 44, 396363.0, 4.849
0.6254434999991645, 45, 396156.0, 4.794
0.5808446999999433, 46, 396152.0, 4.793
0.6574977000000217, 47, 396152.0, 4.793
0.642923500001416, 48, 396148.0, 4.792
0.6625741999996535, 49, 395908.0, 4.729
0.6320797000007587, 50, 395904.0, 4.728
0.675193400000353, 51, 395896.0, 4.726
0.6379081000013684, 52, 395721.0, 4.679
0.7152040999990277, 53, 395713.0, 4.677
0.9040375000004133, 54, 395627.0, 4.654
0.6958492999983719, 55, 395559.0, 4.636
0.6351116999994701, 56, 395515.0, 4.625
0.8539411999990989, 57, 395515.0, 4.625
0.5996986999998626, 58, 395481.0, 4.616
0.686263699999472, 59, 395481.0, 4.616
0.5549410000003263, 60, 395481.0, 4.616
0.5949932999992598, 61, 395481.0, 4.616
0.5989938999991864, 62, 395481.0, 4.616
0.5933756000013091, 63, 395481.0, 4.616
0.5994561999996222, 64, 395481.0, 4.616
0.6825133000002097, 65, 395481.0, 4.616
0.7116143000002921, 66, 395481.0, 4.616
0.8255077999983769, 67, 395396.0, 4.593
0.5703137000000424, 68, 395396.0, 4.593
0.870373899999322, 69, 395350.0, 4.581
1.3978177000008145, 70, 395211.0, 4.544
1.0340794999992795, 71, 395121.0, 4.521
1.1923563000000286, 72, 394916.0, 4.466
1.5065488000000187, 73, 394685.0, 4.405
1.6164964999989024, 74, 394685.0, 4.405
1.805240200001208, 75, 394685.0, 4.405
1.5439769000004162, 76, 394673.0, 4.402
1.5381815000000643, 77, 394540.0, 4.367
1.6030625000003056, 78, 394420.0, 4.335
1.3345910999996704, 79, 394420.0, 4.335
1.30663210000057, 80, 394346.0, 4.316
1.2883501000014803, 81, 393833.0, 4.180
0.8926287000012962, 82, 393827.0, 4.178
0.9732803999995667, 83, 393827.0, 4.178
1.20346569999856, 84, 393827.0, 4.178
1.3005065999986982, 85, 393703.0, 4.145
1.865338800000245, 86, 393660.0, 4.134
1.4670430999995006, 87, 393526.0, 4.099
1.631449700000303, 88, 393071.0, 3.978
1.190581700000621, 89, 393071.0, 3.978
1.4326431999998022, 90, 393071.0, 3.978
1.6710000000002765, 91, 392929.0, 3.941
1.609490699998787, 92, 392929.0, 3.941
1.08515670000088, 93, 392604.0, 3.855
0.93290209999941, 94, 392532.0, 3.836
0.9001043000007485, 95, 392405.0, 3.802
0.7528707999990729, 96, 392092.0, 3.719
0.657514499998797, 97, 392092.0, 3.719
0.6730754000000161, 98, 391965.0, 3.686
0.5963608999991266, 99, 391965.0, 3.686
0.7128430000011576, 100, 391869.0, 3.660
0.5608927000012045, 101, 391869.0, 3.660
0.6840474999989965, 102, 391751.0, 3.629
0.6953408000008494, 103, 391751.0, 3.629
0.6125465000004624, 104, 391751.0, 3.629
0.6343328000002657, 105, 391751.0, 3.629
0.6152543999996851, 106, 391751.0, 3.629
0.6269439000006969, 107, 391751.0, 3.629
0.624903699999777, 108, 391533.0, 3.571
0.5622732000010728, 109, 391533.0, 3.571
0.759974600001442, 110, 391502.0, 3.563
0.61401079999996, 111, 391496.0, 3.562
0.7108529999986786, 112, 391463.0, 3.553
0.5723560000005818, 113, 391427.0, 3.543
0.654017599999861, 114, 391403.0, 3.537
0.656653500000175, 115, 391388.0, 3.533
0.7405156999993778, 116, 391144.0, 3.468
0.9740533000003779, 117, 391144.0, 3.468
0.9706322999991244, 118, 391144.0, 3.468
1.2490641000003961, 119, 390966.0, 3.421
0.8777302999988024, 120, 390856.0, 3.392
0.5879590999993525, 121, 390712.0, 3.354
0.5739775999991252, 122, 390675.0, 3.344
0.7104488999993919, 123, 390402.0, 3.272
0.7032924999984971, 124, 390328.0, 3.253
0.8656575000004523, 125, 390305.0, 3.247
0.6373146000005363, 126, 390305.0, 3.247
0.5416440000008151, 127, 390220.0, 3.224
0.591778300000442, 128, 390220.0, 3.224
0.7011339999990014, 129, 390220.0, 3.224
0.5630793000000267, 130, 390220.0, 3.224
0.6418372000007366, 131, 390220.0, 3.224
0.6155557999991288, 132, 390220.0, 3.224
0.6268731000000116, 133, 390220.0, 3.224
0.6135709999998653, 134, 390220.0, 3.224
0.6027587999997195, 135, 390220.0, 3.224
0.6546211000004405, 136, 390220.0, 3.224
0.5919305999996141, 137, 390210.0, 3.221
0.5812030999986746, 138, 390210.0, 3.221
0.6287317999995139, 139, 390210.0, 3.221
0.5821934999985388, 140, 390210.0, 3.221
0.6395166999991488, 141, 390210.0, 3.221
0.5620455999996921, 142, 390210.0, 3.221
0.6009766000006493, 143, 390210.0, 3.221
0.6236589999989519, 144, 390210.0, 3.221
0.5796009000005142, 145, 390210.0, 3.221
0.6967244999996183, 146, 390210.0, 3.221
0.5446042000003217, 147, 390210.0, 3.221
0.6611529999991035, 148, 390109.0, 3.195
0.5488907999988442, 149, 390109.0, 3.195
0.6915004999991652, 150, 389956.0, 3.154
0.6580229000010149, 151, 389956.0, 3.154
0.5680759000006219, 152, 389855.0, 3.128
0.7543119999991177, 153, 389771.0, 3.105
0.771924399999989, 154, 389771.0, 3.105
0.6326181999993423, 155, 389746.0, 3.099
0.596087300000363, 156, 389746.0, 3.099
0.6843757000006008, 157, 389746.0, 3.099
0.5892872999993415, 158, 389746.0, 3.099
0.6170684000007896, 159, 389746.0, 3.099
0.5817616999993334, 160, 389746.0, 3.099
0.7199046999994607, 161, 389696.0, 3.085
0.6071271999990131, 162, 389696.0, 3.085
0.5734173000000737, 163, 389682.0, 3.082
0.6294661000010819, 164, 389682.0, 3.082
0.7059399999998277, 165, 389682.0, 3.082
0.6257726000003458, 166, 389682.0, 3.082
0.6103485000003275, 167, 389682.0, 3.082
0.5967519999994693, 168, 389682.0, 3.082
0.5262022999995679, 169, 389682.0, 3.082
0.668360900001062, 170, 389682.0, 3.082
0.5713150999999925, 171, 389682.0, 3.082
0.5800407000006089, 172, 389682.0, 3.082
0.5348823999993328, 173, 389682.0, 3.082
0.592463900000439, 174, 389682.0, 3.082
0.7317483000006177, 175, 389682.0, 3.082
0.5549272000007477, 176, 389682.0, 3.082
0.5792234999989887, 177, 389682.0, 3.082
0.7150114999985817, 178, 389682.0, 3.082
0.7378881000004185, 179, 389682.0, 3.082
0.6439967999995133, 180, 389571.0, 3.052
0.6298636999999871, 181, 389571.0, 3.052
0.7337568000002648, 182, 389571.0, 3.052
0.5546769000011409, 183, 389571.0, 3.052
0.6384066000009625, 184, 389078.0, 2.922
0.5816557000016473, 185, 389078.0, 2.922
0.7226315999996586, 186, 389078.0, 2.922
0.6476930000007997, 187, 389038.0, 2.911
0.5945370999997976, 188, 389025.0, 2.908
0.539247400000022, 189, 389025.0, 2.908
0.7250055999993492, 190, 389025.0, 2.908
0.5349919000000227, 191, 389025.0, 2.908
0.6364818000001833, 192, 389025.0, 2.908
0.6915917999995145, 193, 389025.0, 2.908
0.5849625000009837, 194, 389025.0, 2.908
0.6253519999991113, 195, 389025.0, 2.908
0.6920563999992737, 196, 389025.0, 2.908
0.5342574999995122, 197, 389025.0, 2.908
0.6115542000006826, 198, 389025.0, 2.908
0.5904289999998582, 199, 389025.0, 2.908
0.597885999999562, 200, 389025.0, 2.908
0.590556099999958, 201, 389025.0, 2.908
0.6084704999993846, 202, 389025.0, 2.908
0.5908110000000306, 203, 389025.0, 2.908
0.5209930000000895, 204, 389025.0, 2.908
0.6470356000008906, 205, 389025.0, 2.908
0.636721499999112, 206, 389025.0, 2.908
0.6876142000000982, 207, 389025.0, 2.908
0.5493791000008059, 208, 389025.0, 2.908
0.5226547000002029, 209, 389015.0, 2.905
0.5576268999993772, 210, 389015.0, 2.905
0.5493535000005068, 211, 388936.0, 2.884
0.6977345000013884, 212, 388936.0, 2.884
0.5981713000001037, 213, 388936.0, 2.884
0.5452258000004804, 214, 388798.0, 2.848
0.7909149999995861, 215, 388798.0, 2.848
0.8718730000000505, 216, 388572.0, 2.788
1.2287111999994522, 217, 388572.0, 2.788
1.4436900000000605, 218, 388548.0, 2.782
0.9341304000008677, 219, 388464.0, 2.760
0.5846485000001849, 220, 388436.0, 2.752
0.6830583999999362, 221, 388419.0, 2.748
0.6865400000006048, 222, 388387.0, 2.739
0.5447562999997899, 223, 388342.0, 2.727
0.5687050000015006, 224, 388342.0, 2.727
0.547293499999796, 225, 388314.0, 2.720
0.6898269000012078, 226, 388314.0, 2.720
0.6107085999992705, 227, 388132.0, 2.672
0.5923772000005556, 228, 388032.0, 2.645
0.6258965000015451, 229, 388004.0, 2.638
0.6056549999993877, 230, 388004.0, 2.638
0.6164081999995688, 231, 388004.0, 2.638
0.5253418000011152, 232, 388004.0, 2.638
0.6120405999990908, 233, 388004.0, 2.638
0.6402106000005006, 234, 388004.0, 2.638
0.6866095999994286, 235, 388004.0, 2.638
0.5210975999998482, 236, 388004.0, 2.638
0.5290731999994023, 237, 388004.0, 2.638
0.6652293000006466, 238, 388004.0, 2.638
0.5904203999998572, 239, 388004.0, 2.638
0.5873956000014005, 240, 388004.0, 2.638
0.5836102999983268, 241, 388004.0, 2.638
0.6045498000003136, 242, 388004.0, 2.638
0.667894599999272, 243, 388004.0, 2.638
0.7105897999990702, 244, 388004.0, 2.638
0.568558099999791, 245, 388004.0, 2.638
0.6269453999993857, 246, 388004.0, 2.638
0.5494732000006479, 247, 388004.0, 2.638
0.6265168999998423, 248, 388004.0, 2.638
0.5731102999998257, 249, 388004.0, 2.638
0.8203987000015331, 250, 388004.0, 2.638
0.5519588999995904, 251, 388004.0, 2.638
0.6107543999987683, 252, 388004.0, 2.638
0.5587228000003961, 253, 388004.0, 2.638
0.5409880999995949, 254, 388004.0, 2.638
0.631790400000682, 255, 388004.0, 2.638
0.5969024000005447, 256, 387959.0, 2.626
0.5630715999996028, 257, 387959.0, 2.626
0.668657100000928, 258, 387959.0, 2.626
0.4989998999990348, 259, 387959.0, 2.626
0.5845795000004728, 260, 387959.0, 2.626
0.5250395000002754, 261, 387959.0, 2.626
0.5824437999999645, 262, 387959.0, 2.626
0.5386226999999053, 263, 387959.0, 2.626
0.6463486000011471, 264, 387959.0, 2.626
0.5394820000001346, 265, 387959.0, 2.626
0.5425560000003316, 266, 387959.0, 2.626
0.5671999000005599, 267, 387959.0, 2.626
0.5402286000007734, 268, 387959.0, 2.626
0.5828794999997626, 269, 387959.0, 2.626
0.6936160999994172, 270, 387959.0, 2.626
0.643342000001212, 271, 387959.0, 2.626
0.6144897000012861, 272, 387959.0, 2.626
0.5654914999995526, 273, 387959.0, 2.626
0.650788899998588, 274, 387959.0, 2.626
0.5047002999999677, 275, 387959.0, 2.626
0.657797699999719, 276, 387959.0, 2.626
0.5827988999990339, 277, 387959.0, 2.626
0.5225585000007413, 278, 387959.0, 2.626
0.5635002999988501, 279, 387959.0, 2.626
0.5729661000004853, 280, 387959.0, 2.626
0.5888901999987866, 281, 387959.0, 2.626
0.5636410000006435, 282, 387959.0, 2.626
0.590090900001087, 283, 387959.0, 2.626
0.547629999999117, 284, 387959.0, 2.626
0.5278877999990073, 285, 387959.0, 2.626
0.6117325999985042, 286, 387959.0, 2.626
0.6499858999995922, 287, 387959.0, 2.626
0.5295177999996667, 288, 387959.0, 2.626
0.5682940000006056, 289, 387959.0, 2.626
0.6074174999994284, 290, 387959.0, 2.626
0.5594873999998526, 291, 387959.0, 2.626
0.5269836999996187, 292, 387959.0, 2.626
0.6094910000010714, 293, 387959.0, 2.626
0.5501516000003903, 294, 387959.0, 2.626
0.5793897000003199, 295, 387959.0, 2.626
0.5625760000002629, 296, 387959.0, 2.626
0.6101104999997915, 297, 387959.0, 2.626
0.552591300000131, 298, 387959.0, 2.626
0.5886451999995188, 299, 387959.0, 2.626
0.6509193999991112, 300, 387959.0, 2.626
0.5742885999989085, 301, 387957.0, 2.625
0.5952657999987423, 302, 387827.0, 2.591
0.793862700000318, 303, 387784.0, 2.580
0.9698404000009759, 304, 387784.0, 2.580
0.646667900000466, 305, 387752.0, 2.571
0.7132290999998077, 306, 387602.0, 2.532
0.7525968000009016, 307, 387602.0, 2.532
0.6529270999999426, 308, 387502.0, 2.505
0.7204212000015104, 309, 387483.0, 2.500
0.5798947000002954, 310, 387474.0, 2.498
0.60530160000053, 311, 387449.0, 2.491
0.6772320000000036, 312, 387449.0, 2.491
0.5978899000001547, 313, 387449.0, 2.491
0.5771715000009863, 314, 387449.0, 2.491
0.6300863000014942, 315, 387449.0, 2.491
0.7266263000001345, 316, 387449.0, 2.491
0.5132381999992504, 317, 387449.0, 2.491
0.5932028999995964, 318, 387449.0, 2.491
0.7260717999997723, 319, 387411.0, 2.481
0.8838097999996535, 320, 387411.0, 2.481
0.7810570000001462, 321, 387411.0, 2.481
1.1770969000008336, 322, 387411.0, 2.481
0.8665552000002208, 323, 387411.0, 2.481
0.5831185999995796, 324, 387411.0, 2.481
0.6783854000004794, 325, 387411.0, 2.481
0.5829066000005696, 326, 387411.0, 2.481
0.6464552999987063, 327, 387411.0, 2.481
0.5596582999987731, 328, 387411.0, 2.481
0.5344316999999137, 329, 387411.0, 2.481
0.7454632999997557, 330, 387411.0, 2.481
0.5474885000003269, 331, 387411.0, 2.481
0.5349843999993027, 332, 387411.0, 2.481
0.5363664000014978, 333, 387411.0, 2.481
0.6228191000009247, 334, 387411.0, 2.481
0.5808903999986796, 335, 387411.0, 2.481
0.6344573000005767, 336, 387411.0, 2.481
0.5365313000002061, 337, 387411.0, 2.481
0.6480535000009695, 338, 387411.0, 2.481
0.5714446000001772, 339, 387386.0, 2.474
0.5586951999994199, 340, 387386.0, 2.474
0.5371728999998595, 341, 387386.0, 2.474
0.7211753000010503, 342, 387386.0, 2.474
0.5797710000006191, 343, 387386.0, 2.474
0.6272618999992119, 344, 387386.0, 2.474
0.5357566999991832, 345, 387386.0, 2.474
0.6705836000001, 346, 387386.0, 2.474
0.6353541999997105, 347, 387386.0, 2.474
0.5358120000000781, 348, 387386.0, 2.474
0.5093866000006528, 349, 387386.0, 2.474
0.6448047999983828, 350, 387386.0, 2.474
0.6446083999999246, 351, 387386.0, 2.474
0.6356791999987763, 352, 387386.0, 2.474
0.5579650999989099, 353, 387386.0, 2.474
0.5383376999998291, 354, 387386.0, 2.474
0.5818112999986624, 355, 387386.0, 2.474
0.6024983999996039, 356, 387386.0, 2.474
0.6375031999996281, 357, 387386.0, 2.474
0.5337154999997438, 358, 387386.0, 2.474
0.7187396999997873, 359, 387386.0, 2.474
0.5086823999990884, 360, 387386.0, 2.474
0.6359941999999137, 361, 387386.0, 2.474
0.6403385999983584, 362, 387386.0, 2.474
0.6008535000000848, 363, 387386.0, 2.474
0.677563300001566, 364, 387386.0, 2.474
0.619665399999576, 365, 387386.0, 2.474
0.5709540999996534, 366, 387386.0, 2.474
0.5520293000008678, 367, 387386.0, 2.474
0.6174592999996094, 368, 387386.0, 2.474
0.6451899000003323, 369, 387386.0, 2.474
0.553584299999784, 370, 387386.0, 2.474
0.6725067000006675, 371, 387386.0, 2.474
0.5367774999995163, 372, 387386.0, 2.474
0.5347249999995256, 373, 387386.0, 2.474
0.6205133000003116, 374, 387386.0, 2.474
0.6808024999991176, 375, 387386.0, 2.474
0.6649799000006169, 376, 387386.0, 2.474
0.6593755000012607, 377, 387386.0, 2.474
0.6616261999988637, 378, 387386.0, 2.474
0.5585147000001598, 379, 387386.0, 2.474
0.6043835999989824, 380, 387386.0, 2.474
0.5748895999986416, 381, 387386.0, 2.474
0.605638099999851, 382, 387386.0, 2.474
0.5569945000006555, 383, 387386.0, 2.474
0.5972789000006742, 384, 387386.0, 2.474
0.5570032999985415, 385, 387386.0, 2.474
0.6107135000002017, 386, 387386.0, 2.474
0.7229524000013043, 387, 387386.0, 2.474
0.5789678999990429, 388, 387386.0, 2.474
0.6270700000004581, 389, 387386.0, 2.474

tour:
[2225 2228 2226 2227 2251 2252 2253 2254 2255 2256 2257 2258 2259 2260
 2261 2263 2264 2265 2262 2270 2271 2272 2269 2268 2267 2266 1328 1327
 1326 1325 1324 1323 1322 1321 1320 1319 1318 1317 1316 1314 1315 1350
 1351 1352 1286 1285 1287 1288 1289 1290 1291 1292 1293 1294 1295   30
   31   29   28   27   26   25   24   23   22   21   20   19   18 1296
 1297 1298 1299 1300 1301 1302 1303 1304 1306 1305 2326 2325 2330 2329
 2328 2327   17   16   15   14   13   12   11   10    9    8    7    6
    5    4    3    2    1    0 2391 2390 2389 2388 2387 2386 2385 2384
 2383 2382 2381 2380 2379 2378 2377 2376 2375 2373 2374 2371 2372 2336
 2335 2334 2333 2332 2331 2324 2323 2322 2321 2320 2315 2316 2317 2318
 2319 1309 1308 1307 1310 1311 1313 1312 2310 2309 2308 2311 2312 2314
 2313 2307 2306 2305 2304 2303 2302 2301 2300 2299 2298 2297 2296 2295
 2294 2291 2293 2292 2273 2274 2275 2276 2277 2278 2279 2280 2281 2282
 2289 2290 2287 2286 2285 2288 2283 2284 2342 2341 2340 2337 2338 2339
 2345 2344 2343 2348 2349 2350 2351 2347 2346 2366 2367 2370 2369 2368
 2365 2364 2363 2362 2361 2360 2359 2358 2357 2356 2352 2353 2354 2355
 2161 2162 2163 2164 2168 2167 2166 2165 2157 2158 2160 2159 2156 2155
 2154 2153 2152 2151 2150 2149 2148 2147 2146 2145 2144 2143 2142 2141
 2140 2139 2138 2137 2136 2135 2134 2133 2132 2131 2130 2129 2128 2127
 2126 2125 2124 2123 2122 2121 2120 2119 2118 2116 2117 2072 2073 2074
 2075 2076 2077 2113 2114 2115 2112 2111 2110 2109 2108 2107 2106 2105
 2104 2103 2087 2086 2080 2079 2078 2081 2082 2083 2084 2085 2088 2089
 2090 2091 2092 2102 2101 2100 2099 2093 2094 2095 2098 2097 2096 1921
 1922 1923 1924 1927 1928 1931 1929 1930 1926 1925 1917 1918 1920 1919
 1916 1915 1914 1913 1912 1911 1910 1908 1909 1907 1906 1905 1904 1903
 1902 1901 1900 1899 1898 1897 1896 1895 1894 1893 1891 1892 1889 1890
 1886 1885 1884 1883 1882 1881 1880 1878 1879 1970 1971 1972 1973 1876
 1877 1875 1874 1873 1974 1975 1976 1977 1978 1979 1980 1981 1984 1985
 1986 1983 1982 1969 1968 1957 1958 1956 1955 1954 1953 1952 1951 1950
 1949 1888 1887 1948 1947 1946 1945 1944 1943 1942 1941 1940 1939 1938
 1937 1936 1935 1932 1933 1934 1960 1959 1961 1962 1963 1964 1966 1967
 1965 1990 1989 1988 1987 1993 1994 1995 1996 1992 1991 1997 1998 1999
 2001 2002 2003 2000 2008 2009 2010 2007 2006 2005 2004 1651 1650 1649
 1648 1647 1646 1644 1643 1642 1639 1638 1637 1640 1641 1645 1661 1662
 1663 1664 1665 1666 1667 1668 1669 1670 1671 1672 1673 1634 1635 1636
 1633 1632 1631 1630 1629 1628 1627 1626 1625 1624 1623 1622 1621 1620
 1619 1618 1617 1616 1615 1614 1613 1611 1612 2053 2052 2051 2050 2049
 2048 2047 2046 2045 2044 2043 2042 2041 2040 2039 2038 2037 2036 2032
 2031 2030 2011 2012 2013 2014 2015 2016 2017 2018 2019 2020 2022 2021
 2027 2026 2023 2024 2025 2028 2029 2033 2034 2035 2059 2058 2060 2061
 2062 2063 2064 2065 2057 2056 2055 2054 2066 2067 2068 2069 2070 2071
 1610 1609 1608 1607 1606 1605 1604 1603 1602 1601 1600 1599 1598 1597
 1596 1595 1594 1593 1592 1591 1590 1589 1588 1587 1586 1585 1584 1583
 1582 1581 1580 1579 1578 1577 1576 1575 1574 1573 1572 1571 1570 1569
 1568 1567 1566 1565 1564 1563 1562 1561 1559 1558 1557 1556 1555 1016
 1015 1014 1013 1012 1011 1560  878  877  876  875  874  873  872  871
  870  868  869 1682 1681 1680 1679 1678 1677 1674 1675 1676 1683 1684
 1685 1686 1687 1690 1691 1692 1693 1694 1696 1695 1689 1688  865  866
  867  864  863  861  862 1697 1698 1699 1700 1701 1702 1703 1704 1705
 1706 1707 1708 1709 1710 1711 1712 1713 1716 1714 1715 1734 1733 1732
 1731 1730 1729 1728 1727 1725 1722 1724 1717 1718 1719 1723 1720 1721
 1726 1658 1659 1660 1656 1657 1655 1654 1653 1652 1846 1845 1844 1843
 1842 1840 1839 1836 1838 1837 1841 1850 1849 1847 1848 1851 1852 1853
 1854 1855 1856 1857 1859 1858 1860 1861 1828 1829 1830 1831 1832 1835
 1834 1833 1764 1763 1762 1761 1760 1759 1758 1757 1778 1777 1776 1775
 1774 1773 1772 1771 1770 1769 1768 1767 1766 1765 1821 1820 1818 1819
 1822 1823 1824 1825 1826 1827 1862 1863 1864 1865 1866 1867 1868 1869
 1872 1871 1870 1813 1812 1811 1814 1815 1817 1816 1809 1810 1808 1807
 1806 1805 1804 1803 1802 1801 1800 1799 1798 1797 1796 1795 1794 1793
 1792 1791 1790 1789 1788 1787 1786 1785 1784 1783 1782 1779 1781 1780
 1756 1755 1754 1753 1749 1750 1751 1752  657  658  659  660  661  662
  663  666  667 1742 1743 1744 1747 1748 1746 1745 1736 1735 1737 1738
 1739 1740 1741  846  847  848  849  850  851  853  854  855  858  860
  859  857  856  852  836  835  834  833  832  831  830  829  828  827
  826  821  820  819  818  817  815  816  895  894  893  892  891  890
  822  825  824  823  888  889  887  886  885  884  883  882  881  880
  879 1010 1009 1008 1007 1006 1005 1004 1003 1002 1001 1000  999  998
  997  996  995  994  993  992  991  990  989  988  987  986  985  984
  983  982  981  980  979  978  977  976  975  974  973  972  971  970
  969  968  967  966  965  963  962  961  960  422  421  959  958  957
  956  920  921  918  919  917  916  915  914  913  912  911  910  909
  908  907  906  905  904  903  902  901  900  899  898  896  897  800
  799  802  801  814  813  812  811  810  809  808  807  806  805  804
  803  798  797  796  795  794  793  792  791  790  789  788  787  786
  785  784  783  782  781  780  779  778  777  776  771  773  770  769
  768  767  774  772  775  758  759  760  761  762  763  764  765  766
  839  838  837  841  840  842  843  844  845  668  669  670  671  665
  664  672  673  674  675  676  677  678  679  680  681  682  683  684
  685  688  687  686  655  656  654  653  652  651  650  649  648  647
  646  645  644  643  642  641  640  639  638  637  636  633  632  631
  630  629  628  627  626  625  624  623  720  719  718  717  716  715
  702  701  700  703  699  698  697  696  635  634  695  694  693  692
  691  689  690  707  706  705  704  708  709  710  711  712  713  714
  729  730  733  732  731  728  727  726  725  724  723  722  721  622
  621  620  619  618  617  616  615  614  613  612  611  610  609  574
  575  607  608  606  605  604  603  602  601  600  599  742  741  740
  734  735  736  737  738  739  743  744  745  746  748  749  750  747
  755  756  757  754  753  752  751  936  935  934  933  932  931  929
  928  927  924  923  922  925  926  930  946  948  947  953  954  955
  952  951  950  949  944  945  941  942  943  940  939  938  937  593
  592  591  590  596  594  595  598  597  589  588  587  586  585  584
  583  582  581  580  579  578  577  576  573  572  571  570  569  567
  566  565  564  563  562  560  559  561  558  557  556  555  554  553
  552  551  550  548  549  541  540  539  542  543  538  537  536  544
  545  547  546  535  534  533  532  531  530  529  528  527  526  525
  524  523  517  516  515  514  513  568  512  511  510  521  520  519
  518  522  504  505  509  508  507  506  503  502  501  500  499  498
  497  496  495  494  493  492  491  490  489  488  487  486  485  484
  483  482  481  480  479  478  477  476  475  474  473  472  468  467
  470  469  471  465  466  464  463  462  461  460  459  458  457  456
  455  454  453  452  451  450  449  448  447  446  445  444  443  442
  441  440  439  438  437  436  435  434  433  432  431  430  429  428
  427  426  425  424  423  420  419  418  417  416  415  414  413  412
  411  410  409  408  407  406  964  405  404  403  402  401  400  399
  398  299  298  297  296  295  294  293  292  291  290  289  288  287
  286  285  284  283  282  281  280  279  278  277  276  275  274  273
  272  271  270  269  268  267  266  265  264  263  262  261  260  259
  258  257  256  255  254  253  246  247  252  251  250  249  248  245
  244  243  242  241  240  239  238  237  236  235  234  233  232  231
  230  229  228  227  214  226  225  224  223  222  221  220  219  218
  217  216  215  213  212  211  210  209  208  207  206  205  204  203
  202  201  130  129  128  127  126  125  124  123  122  121  120  119
  118  117  116  115  114  113  112  111  110  109  108  107  106  105
  104  103  102  101  100   99   98   97   96   95   94   93   92   91
   90   89   88   87   86   85   84   83   82   81   80   79   78   77
   76 1209   75   74   73   72   71   70   69   68   67   66   65   64
   63   62 1210 1211 1212 1258 1257 1259 1260 1261 1262 1263 1264 1265
 1266 1267   60   61   59   58   57   56   55   54   53   52   51   50
   49   48 1268 1269 1270 1271 1272 1273 1274 1275 1276 1278 1277 1374
 1373 1372 1375 1376 1377 1378 1379 1380 1381 1382 1383 1384 1385 1386
 1387 1388 1389 1390 1391 1392 1394 1393 1366 1367 1368 1369 1370 1371
 1362 1363 1364 1365 1361 1360 1359 1358 1279 1280 1281   47   46   45
   44   43   42   41   40   39   38   37   36   35   34   33   32 1282
 1283 1284 1357 1356 1355 1354 1353 1348 1349 1347 1346 1345 1344 1343
 1342 1403 1402 1401 1400 1405 1404 1406 1399 1398 1395 1396 1397 1416
 1415 1414 1413 1412 1411 1410 1409 1407 1408 1335 1336 1341 1340 1339
 1338 1337 1333 1334 1332 1331 1330 1329 1506 1505 1504 1503 1418 1417
 1419 1420 1421 1422 1423 1238 1239 1240 1241 1242 1243 1244 1245 1246
 1247 1248 1249 1250 1251 1252 1253 1256 1255 1254 1218 1217 1216 1215
 1214 1213 1206 1207 1208  151  152  150  149  148  147  146  145  144
  143  142  141  140  139  138  137  136  135  134  133  131  132  197
  198  200  199  194  193  190  189  188  187  186  185  191  192  195
  196  161  160  162  163  164  165  166  167  168  184  183  182  181
  180  179  178  177  176  175  352  351  350  349  348  347  346  345
  344  343  342  341  340  339  338  337  336  335  332  331  330  329
  328  327  322  323  321  320  319  318  317  315  316  314  313  312
  311  310  309  308  307  306  305  304  303  302  301  300  397  396
  395  394  393  392  391  390  389  388  387  386  385  324  326  325
  384  383  382  381  380  379  378  377  376  375  374  373  372  371
  370  369  367  366  368  333  334  365  364  363  362  361  360  359
  358  356  357  354  355  353 1147 1146 1145 1144 1152 1153 1154 1151
 1150 1149 1148  174  173  172  171  170  169 1188 1187 1186 1185 1184
 1183 1182 1181 1180 1179 1189 1190 1191 1192  158  159  157  156  153
  154  155 1201 1202 1203 1204 1205 1197 1198 1199 1200 1194 1193 1195
 1196 1178 1177 1176 1175 1174 1173 1168 1169 1170 1167 1166 1165 1171
 1172 1155 1156 1157 1158 1159 1160 1161 1162 1164 1163 1231 1230 1225
 1224 1223 1222 1219 1220 1221 1227 1226 1228 1229 1233 1232 1234 1235
 1236 1237 1043 1044 1045 1046 1047 1048 1049 1050 1051 1052 1053 1054
 1055 1056 1057 1058 1059 1060 1063 1064 1065 1066 1067 1068 1069 1070
 1071 1122 1123 1121 1120 1119 1118 1117 1116 1124 1125 1126 1115 1114
 1113 1112 1111 1132 1131 1127 1128 1129 1130 1133 1134 1135 1141 1143
 1142 1140 1139 1138 1137 1136 1109 1108 1110 1107 1106 1105 1104 1103
 1102 1101 1100 1099 1098 1096 1095 1097 1094 1093 1092 1091 1090 1089
 1088 1087 1086 1085 1084 1083 1082 1081 1073 1072 1074 1080 1079 1078
 1075 1077 1076 1017 1018 1019 1020 1021 1022 1023 1024 1025 1026 1027
 1062 1061 1028 1029 1030 1031 1032 1033 1034 1035 1036 1037 1038 1039
 1040 1041 1042 1424 1425 1426 1427 1428 1429 1430 1431 1432 1433 1434
 1435 1436 1437 1438 1460 1461 1462 1463 1464 1465 1466 1467 1493 1494
 1495 1496 1497 1498 1499 1500 1501 1502 1509 1507 1508 1511 1510 1512
 1513 1514 1515 1516 1517 1518 1519 1520 1521 1522 1487 1488 1489 1490
 1492 1491 1486 1485 1484 1483 1482 1481 1480 1479 1539 1478 1477 1476
 1475 1474 1473 1472 1471 1470 1468 1469 1459 1458 1445 1444 1441 1439
 1440 1442 1443 1446 1447 1448 1449 1450 1451 1452 1453 1552 1553 1554
 1550 1551 1454 1455 1456 1457 1548 1549 1547 1546 1545 1544 1543 1542
 1541 1540 1538 1537 1536 1535 1534 1533 1532 1531 1530 1529 1528 1527
 1526 1525 1524 1523 2221 2220 2219 2218 2217 2216 2214 2213 2215 2212
 2211 2210 2209 2208 2207 2206 2205 2204 2203 2202 2201 2200 2199 2198
 2197 2196 2195 2194 2193 2192 2191 2190 2189 2188 2187 2186 2185 2184
 2183 2182 2181 2180 2179 2178 2176 2175 2177 2170 2169 2171 2172 2173
 2174 2243 2242 2241 2240 2239 2238 2237 2236 2235 2234 2233 2244 2245
 2246 2247 2248 2249 2250 2232 2231 2230 2229 2223 2222 2224]

eliteFit: 387386.0
percentError: 2.474393702120455
computationTime: 315.715s