instanceName: ts225
n: 225
optFit: 126643

genTime, gen, eliteFit, percentError:
0.00022590000298805535, 0, 1464605.0, 1056.483
0.028059699994628318, 1, 128791.0, 1.696
0.013854999997420236, 2, 127796.0, 0.910
0.015655799987143837, 3, 127796.0, 0.910
0.014625800002249889, 4, 127346.0, 0.555
0.012803799996618181, 5, 126977.0, 0.264
0.014801600002101623, 6, 126977.0, 0.264
0.01379379999707453, 7, 126963.0, 0.253
0.012533500004792586, 8, 126893.0, 0.197
0.012391399999614805, 9, 126810.0, 0.132
0.011551499992492609, 10, 126726.0, 0.066
0.014102000001003034, 11, 126643.0, 0.000

tour:
[166 165  44  45  46  47  48 171 170  49 149 148 147 146 145  24  23  22
  21  20  19  18  17  16  15 140 141 142 143 144  43  42  41  40  39  38
  37 139 138 137 136 135  14  13  12  11  10   9   8   7 130   6   5   4
   3   2   1   0 125 126 127 128 129  26  25 150 151 152 153 154  50 175
 176 177  51  52  53  54  55 180 181 182 183 184  81  80  79  78  77  76
 178 179  75 200 201 202 203 204 100 101 102 103 104 105 106 107 108 109
 209 208 207 206 205  82  83  84  85  86 210 211 212 213 214 110 111 112
 113 114 115 116 117 118 219 119 120 121 122 123 124 224 223 222 221 220
  99  98 199 198 197 196 195  74 174 173 172  73  72  71  70  69  68 190
 191 192 193 194  94  95  96  97 218 217 216 215  93  92  91  90  89  88
  87 189 188 187 186 185  62  61  60  59  58  57  56 159 158 157 156 155
  30  29  28  27 131 132 133 134  31  32  33  34  35  36 160 161 162 163
 164  63  64  65  66  67 169 168 167]

eliteFit: 126643.0
percentError: 0.0
computationTime: 0.172s