instanceName: vm1748
n: 1748
optFit: 336556

genTime, gen, eliteFit, percentError:
0.0021034000092186034, 0, 14623244.0, 4244.966
2.7409973999892827, 1, 370695.0, 10.144
1.6396832999889739, 2, 365596.0, 8.629
1.6907503999827895, 3, 363218.0, 7.922
1.6424304000101984, 4, 360961.0, 7.251
1.6630757999955676, 5, 359832.0, 6.916
1.614192400011234, 6, 358106.0, 6.403
1.6071216000127606, 7, 358106.0, 6.403
1.5925669000134803, 8, 357917.0, 6.347
1.627774499997031, 9, 354200.0, 5.243
1.4561641000036616, 10, 354200.0, 5.243
1.6301520999986678, 11, 354200.0, 5.243
1.5239738000091165, 12, 354200.0, 5.243
1.2941834999946877, 13, 353825.0, 5.131
1.0536642000079155, 14, 353423.0, 5.012
0.830599999986589, 15, 352888.0, 4.853
1.0691065000137314, 16, 352840.0, 4.838
1.1046224999881815, 17, 352521.0, 4.744
0.9700387000048067, 18, 351721.0, 4.506
0.9335112000117078, 19, 351721.0, 4.506
1.094626000005519, 20, 351254.0, 4.367
1.1574130000080913, 21, 350927.0, 4.270
0.9627780999871902, 22, 350927.0, 4.270
0.6832915999984834, 23, 350523.0, 4.150
0.7034472999803256, 24, 350108.0, 4.027
0.5689449000055902, 25, 350061.0, 4.013
0.5933382000075653, 26, 349854.0, 3.951
0.6012389000097755, 27, 349373.0, 3.808
0.5743032000027597, 28, 349303.0, 3.787
0.46161249998840503, 29, 349256.0, 3.774
0.3998585999943316, 30, 349235.0, 3.767
0.4167144999955781, 31, 348993.0, 3.695
0.41217900000629015, 32, 348792.0, 3.636
0.46468400000594556, 33, 348690.0, 3.605
0.43692079998436384, 34, 348612.0, 3.582
0.46414299999014474, 35, 348417.0, 3.524
0.4647156000137329, 36, 348339.0, 3.501
0.4837534000107553, 37, 348339.0, 3.501
0.38792959999409504, 38, 348307.0, 3.492
0.42129639998893254, 39, 348307.0, 3.492
0.40170029998989776, 40, 347546.0, 3.265
0.43624429998453707, 41, 347546.0, 3.265
0.6201538000022992, 42, 347465.0, 3.241
0.5943908999906853, 43, 347027.0, 3.111
0.5314660000149161, 44, 346850.0, 3.059
0.8490476000006311, 45, 346850.0, 3.059
0.8592536000069231, 46, 346658.0, 3.002
0.9012704000051599, 47, 346577.0, 2.978
0.8392279999970924, 48, 346471.0, 2.946
0.5833991999970749, 49, 346471.0, 2.946
0.7127204000134952, 50, 346084.0, 2.831
0.6388983000069857, 51, 346084.0, 2.831
0.4616542999865487, 52, 346082.0, 2.830
0.48258260000147857, 53, 346082.0, 2.830
0.4497151999967173, 54, 346082.0, 2.830
0.45636630000080913, 55, 346082.0, 2.830
0.36939480001456104, 56, 346082.0, 2.830
0.44891599999391474, 57, 346082.0, 2.830
0.4525841999857221, 58, 346082.0, 2.830
0.4143749999930151, 59, 346082.0, 2.830
0.37150629999814555, 60, 345991.0, 2.803
0.4325535999960266, 61, 345991.0, 2.803
0.3935025999962818, 62, 345991.0, 2.803
0.3781870999955572, 63, 345991.0, 2.803
0.39437339999130927, 64, 345991.0, 2.803
0.40308759998879395, 65, 345991.0, 2.803
0.4212779000226874, 66, 345991.0, 2.803
0.49202589999185875, 67, 345974.0, 2.798
0.4314567999972496, 68, 345974.0, 2.798
0.4043975000095088, 69, 345859.0, 2.764
0.4260673999961, 70, 345859.0, 2.764
0.46157929999753833, 71, 345859.0, 2.764
0.44548669998766854, 72, 345859.0, 2.764
0.40645280000171624, 73, 345859.0, 2.764
0.4119143000280019, 74, 345859.0, 2.764
0.4100038000033237, 75, 345859.0, 2.764
0.45031119999475777, 76, 345859.0, 2.764
0.38198279999778606, 77, 345859.0, 2.764
0.45616070000687614, 78, 345767.0, 2.737
0.40185230001225136, 79, 345767.0, 2.737
0.44710970000596717, 80, 345767.0, 2.737
0.4107330999977421, 81, 345767.0, 2.737
0.42023829999379814, 82, 345767.0, 2.737
0.4383844000112731, 83, 345767.0, 2.737
0.4060386999917682, 84, 345767.0, 2.737
0.4286597000027541, 85, 345767.0, 2.737
0.48460440000053495, 86, 345767.0, 2.737
0.37008520000381395, 87, 345749.0, 2.731
0.4172316000040155, 88, 345713.0, 2.721
0.43901780000305735, 89, 345713.0, 2.721
0.4650137000135146, 90, 345572.0, 2.679
0.3834035000181757, 91, 345369.0, 2.619
0.3856089000182692, 92, 345369.0, 2.619
0.40493509999942034, 93, 344843.0, 2.462
0.4240562999912072, 94, 344784.0, 2.445
0.3959094000165351, 95, 344784.0, 2.445
0.3950634000066202, 96, 344784.0, 2.445
0.3939046000014059, 97, 344784.0, 2.445
0.4101236999849789, 98, 344784.0, 2.445
0.4636216000071727, 99, 344784.0, 2.445
0.36589030001778156, 100, 344784.0, 2.445
0.43663280000328086, 101, 344784.0, 2.445
0.44337090000044554, 102, 344784.0, 2.445
0.4169357999926433, 103, 344784.0, 2.445
0.382468499999959, 104, 344784.0, 2.445
0.3821616999921389, 105, 344784.0, 2.445
0.4353718000056688, 106, 344784.0, 2.445
0.4187004999839701, 107, 344784.0, 2.445
0.48348120000446215, 108, 344784.0, 2.445
0.3437541000021156, 109, 344784.0, 2.445
0.40143699999316595, 110, 344784.0, 2.445
0.3996783999900799, 111, 344784.0, 2.445
0.4195541999943089, 112, 344784.0, 2.445
0.3948560999997426, 113, 344784.0, 2.445
0.4317598000052385, 114, 344784.0, 2.445
0.4443116999755148, 115, 344784.0, 2.445
0.408058400003938, 116, 344784.0, 2.445
0.3840702000015881, 117, 344784.0, 2.445
0.40284960001008585, 118, 344784.0, 2.445
0.41467009999905713, 119, 344784.0, 2.445
0.45974299998488277, 120, 344784.0, 2.445
0.38984260000870563, 121, 344784.0, 2.445
0.4911934999981895, 122, 344784.0, 2.445
0.38568449998274446, 123, 344784.0, 2.445
0.48029439998208545, 124, 344784.0, 2.445
0.4817499999771826, 125, 344784.0, 2.445
0.41841790001490153, 126, 344784.0, 2.445
0.4155343000020366, 127, 344784.0, 2.445
0.45363209999050014, 128, 344784.0, 2.445
0.47171260000322945, 129, 344784.0, 2.445
0.3902329000120517, 130, 344784.0, 2.445
0.4638284999819007, 131, 344784.0, 2.445
0.41592310002306476, 132, 344784.0, 2.445
0.4435427999997046, 133, 344784.0, 2.445
0.4092281000048388, 134, 344784.0, 2.445
0.3473612999951001, 135, 344784.0, 2.445
0.3822472000028938, 136, 344784.0, 2.445
0.38749289998668246, 137, 344784.0, 2.445
0.4219814999960363, 138, 344784.0, 2.445
0.36124100000597537, 139, 344784.0, 2.445
0.43831840000348166, 140, 344418.0, 2.336
0.39457360000233166, 141, 344418.0, 2.336
0.4425919000059366, 142, 344418.0, 2.336
0.4185420000285376, 143, 344418.0, 2.336
0.44066140000359155, 144, 344418.0, 2.336
0.47271299999556504, 145, 344418.0, 2.336
0.37420489999931306, 146, 344418.0, 2.336
0.34314520002226345, 147, 344418.0, 2.336
0.41029649999109097, 148, 344418.0, 2.336
0.405888600012986, 149, 344418.0, 2.336
0.39718219998758286, 150, 344418.0, 2.336
0.45325659998343326, 151, 344418.0, 2.336
0.37396770002669655, 152, 344418.0, 2.336
0.41717709999647923, 153, 344418.0, 2.336
0.5126268000167329, 154, 344418.0, 2.336
0.40764520000084303, 155, 344418.0, 2.336
0.40683310001622885, 156, 344418.0, 2.336
0.3589715999842156, 157, 344418.0, 2.336
0.4314165999821853, 158, 344418.0, 2.336
0.388655499991728, 159, 344418.0, 2.336
0.3913507999968715, 160, 344418.0, 2.336
0.4085670000058599, 161, 344212.0, 2.275
0.4556064000062179, 162, 344212.0, 2.275
0.6448139999993145, 163, 344212.0, 2.275
0.5564605999970809, 164, 344179.0, 2.265
0.5479478999914136, 165, 344179.0, 2.265
0.4856085999927018, 166, 344179.0, 2.265
0.42793360000359826, 167, 344179.0, 2.265
0.4363664999837056, 168, 343957.0, 2.199
0.49772460001986474, 169, 343957.0, 2.199
0.5334224999824073, 170, 343957.0, 2.199
0.4615883999795187, 171, 343957.0, 2.199
0.40900409998721443, 172, 343957.0, 2.199
0.375338699988788, 173, 343957.0, 2.199
0.39689869998255745, 174, 343957.0, 2.199
0.4683495000062976, 175, 343957.0, 2.199
0.3717293000081554, 176, 343957.0, 2.199
0.38147290001506917, 177, 343957.0, 2.199
0.4557976000069175, 178, 343957.0, 2.199
0.42552879999857396, 179, 343957.0, 2.199
0.4043093999789562, 180, 343957.0, 2.199
0.4052394999889657, 181, 343957.0, 2.199
0.4276870999892708, 182, 343957.0, 2.199
0.41010620002634823, 183, 343957.0, 2.199
0.4758202000230085, 184, 343957.0, 2.199
0.39926639999612235, 185, 343957.0, 2.199
0.3998483000032138, 186, 343957.0, 2.199
0.3848158000037074, 187, 343957.0, 2.199
0.41844129998935387, 188, 343957.0, 2.199
0.41908170000533573, 189, 343957.0, 2.199
0.3430441999807954, 190, 343957.0, 2.199
0.5091497999965213, 191, 343957.0, 2.199
0.4716031000134535, 192, 343957.0, 2.199
0.4305426999926567, 193, 343957.0, 2.199
0.42062649998115376, 194, 343957.0, 2.199
0.44841049998649396, 195, 343957.0, 2.199
0.44438800000352785, 196, 343957.0, 2.199
0.4090176999743562, 197, 343948.0, 2.196
0.49593710000044666, 198, 343948.0, 2.196
0.37624420001520775, 199, 343945.0, 2.195
0.5034613000170793, 200, 343945.0, 2.195
0.4265802000008989, 201, 343945.0, 2.195
0.43762149999383837, 202, 343935.0, 2.193
0.4711562000156846, 203, 343935.0, 2.193
0.3867043000063859, 204, 343935.0, 2.193
0.3759839000122156, 205, 343935.0, 2.193
0.3770305000070948, 206, 343935.0, 2.193
0.38493720002588816, 207, 343935.0, 2.193
0.45117580000078306, 208, 343807.0, 2.154
0.44547450001118705, 209, 343716.0, 2.127
0.36462639999808744, 210, 343716.0, 2.127
0.43033470000955276, 211, 343716.0, 2.127
0.41303350002272055, 212, 343716.0, 2.127
0.4700541000056546, 213, 343716.0, 2.127
0.3776447999989614, 214, 343716.0, 2.127
0.4696647000091616, 215, 343716.0, 2.127
0.40992189999087714, 216, 343716.0, 2.127
0.4042189000174403, 217, 343716.0, 2.127
0.47482400000444613, 218, 343664.0, 2.112
0.43245350001961924, 219, 343664.0, 2.112
0.4024053000030108, 220, 343655.0, 2.109
0.548858599999221, 221, 343655.0, 2.109
0.4470222000090871, 222, 343655.0, 2.109
0.36317560001043603, 223, 343655.0, 2.109
0.43335150001803413, 224, 343655.0, 2.109
0.4308422999747563, 225, 343584.0, 2.088
0.4078635000041686, 226, 343425.0, 2.041
0.4299398999719415, 227, 343425.0, 2.041
0.4175407000002451, 228, 343425.0, 2.041
0.4350488999916706, 229, 343425.0, 2.041
0.5124080000096001, 230, 343425.0, 2.041
0.42480939999222755, 231, 343425.0, 2.041
0.4011661999975331, 232, 343425.0, 2.041
0.4280123999924399, 233, 343425.0, 2.041
0.4412076000007801, 234, 343425.0, 2.041
0.3674911999842152, 235, 343425.0, 2.041
0.4362938000122085, 236, 343425.0, 2.041
0.4668498999963049, 237, 343425.0, 2.041
0.46371199999703094, 238, 343425.0, 2.041
0.39481629998772405, 239, 343351.0, 2.019
0.37909400000353344, 240, 343351.0, 2.019
0.4863386999932118, 241, 343351.0, 2.019
0.48063199999160133, 242, 343334.0, 2.014
0.4117221999913454, 243, 343334.0, 2.014
0.4208851000003051, 244, 343218.0, 1.979
0.4087219999928493, 245, 343218.0, 1.979
0.4625279000028968, 246, 343218.0, 1.979
0.38951239999732934, 247, 343218.0, 1.979
0.38762900000438094, 248, 343218.0, 1.979
0.4215247000101954, 249, 343218.0, 1.979
0.4728580999944825, 250, 343218.0, 1.979
0.40285419998690486, 251, 343191.0, 1.971
0.519156499998644, 252, 343191.0, 1.971
0.602390199986985, 253, 343191.0, 1.971
0.567373800004134, 254, 343076.0, 1.937
0.43822369998088107, 255, 343076.0, 1.937
0.4639965999813285, 256, 343076.0, 1.937
0.6231743000098504, 257, 343076.0, 1.937
0.4070517999934964, 258, 343076.0, 1.937
0.40330889998585917, 259, 343076.0, 1.937
0.41022059999522753, 260, 343076.0, 1.937
0.4394332000229042, 261, 342960.0, 1.903
0.3677962999790907, 262, 342960.0, 1.903
0.43145600002026185, 263, 342960.0, 1.903
0.3741489999811165, 264, 342958.0, 1.902
0.42250050001894124, 265, 342842.0, 1.868
0.4146591999742668, 266, 342842.0, 1.868
0.35308339999755844, 267, 342842.0, 1.868
0.4285027000005357, 268, 342842.0, 1.868
0.42384480001055636, 269, 342842.0, 1.868
0.4175797999778297, 270, 342745.0, 1.839
0.48318720000679605, 271, 342745.0, 1.839
0.5764620999980252, 272, 342745.0, 1.839
0.8252528000157326, 273, 342745.0, 1.839
0.7262975000194274, 274, 342745.0, 1.839
0.9004896999977063, 275, 342741.0, 1.838
1.0695960000157356, 276, 342741.0, 1.838
0.5991404999804217, 277, 342741.0, 1.838
0.44824649998918176, 278, 342741.0, 1.838
0.3978006999823265, 279, 342741.0, 1.838
0.4160202000057325, 280, 342741.0, 1.838
0.41053520000423305, 281, 342741.0, 1.838
0.4120522000011988, 282, 342741.0, 1.838
0.46136509999632835, 283, 342622.0, 1.802
0.4707482999947388, 284, 342622.0, 1.802
0.644115300005069, 285, 342510.0, 1.769
0.780412799998885, 286, 342488.0, 1.763
0.7035112000012305, 287, 342386.0, 1.732
0.48709060001419857, 288, 342252.0, 1.692
0.48077560000820085, 289, 342252.0, 1.692
0.4346197000122629, 290, 342229.0, 1.686
0.4223168999888003, 291, 342229.0, 1.686
0.367560400016373, 292, 342229.0, 1.686
0.45229300000937656, 293, 342229.0, 1.686
0.3961810000182595, 294, 342229.0, 1.686
0.4127376000105869, 295, 342229.0, 1.686
0.36776629998348653, 296, 342229.0, 1.686
0.3913872000121046, 297, 342229.0, 1.686
0.4276728999975603, 298, 342229.0, 1.686
0.3996497000043746, 299, 342217.0, 1.682
0.3513737999892328, 300, 342217.0, 1.682
0.38496230001328513, 301, 342217.0, 1.682
0.35538290001568384, 302, 342217.0, 1.682
0.36875740002142265, 303, 342217.0, 1.682
0.38135589999728836, 304, 342217.0, 1.682
0.402032899990445, 305, 342217.0, 1.682
0.4284678999974858, 306, 342217.0, 1.682
0.45239080002647825, 307, 342217.0, 1.682
0.4067005999968387, 308, 342217.0, 1.682
0.40861820001737215, 309, 342217.0, 1.682
0.37230190000263974, 310, 342124.0, 1.654
0.4299048999964725, 311, 342124.0, 1.654
0.4519358999968972, 312, 342124.0, 1.654
0.3927382999972906, 313, 342124.0, 1.654
0.3522041999967769, 314, 342124.0, 1.654
0.3538510999933351, 315, 342124.0, 1.654
0.3589771999977529, 316, 342124.0, 1.654
0.38671719998819754, 317, 342124.0, 1.654
0.4518202999897767, 318, 342124.0, 1.654
0.36192330002086237, 319, 342124.0, 1.654
0.42061570001533255, 320, 342124.0, 1.654
0.36965300000156276, 321, 342124.0, 1.654
0.45606389999738894, 322, 342124.0, 1.654
0.3592639999988023, 323, 342124.0, 1.654
0.46045879999292083, 324, 342124.0, 1.654
0.3874474000185728, 325, 342124.0, 1.654
0.4397545999963768, 326, 342124.0, 1.654
0.3641185000014957, 327, 342124.0, 1.654
0.44609580002725124, 328, 342124.0, 1.654
0.4105122000037227, 329, 342124.0, 1.654
0.4166016000090167, 330, 342124.0, 1.654
0.3763026999949943, 331, 342124.0, 1.654
0.45555819998844527, 332, 342124.0, 1.654
0.3986778999969829, 333, 342124.0, 1.654
0.3655191999860108, 334, 342124.0, 1.654
0.3731377999938559, 335, 342124.0, 1.654
0.3753384999872651, 336, 342124.0, 1.654
0.37413489999016747, 337, 342124.0, 1.654
0.4127359999984037, 338, 342124.0, 1.654
0.4048592000035569, 339, 342124.0, 1.654
0.4258515000110492, 340, 342124.0, 1.654
0.3748848999966867, 341, 342124.0, 1.654
0.369871000002604, 342, 342124.0, 1.654
0.37019149999832734, 343, 342124.0, 1.654
0.42052779998630285, 344, 342124.0, 1.654
0.40558140000212006, 345, 342124.0, 1.654
0.3814178000029642, 346, 342124.0, 1.654
0.35579639999195933, 347, 341973.0, 1.610
0.4641383000125643, 348, 341973.0, 1.610
0.5929596000059973, 349, 341973.0, 1.610
0.7871423999895342, 350, 341973.0, 1.610
0.6996819000050891, 351, 341973.0, 1.610
0.4071492000075523, 352, 341973.0, 1.610
0.3764964999863878, 353, 341973.0, 1.610
0.4322344000102021, 354, 341973.0, 1.610
0.41666560000157915, 355, 341973.0, 1.610
0.43293209999683313, 356, 341973.0, 1.610
0.3744942000193987, 357, 341973.0, 1.610
0.4033921000082046, 358, 341973.0, 1.610
0.3915782999829389, 359, 341973.0, 1.610
0.4174903999955859, 360, 341973.0, 1.610
0.3820488999772351, 361, 341973.0, 1.610
0.37929899999289773, 362, 341973.0, 1.610
0.44406129998969845, 363, 341973.0, 1.610
0.3837892999872565, 364, 341973.0, 1.610
0.42403599998215213, 365, 341973.0, 1.610
0.38314900000113994, 366, 341973.0, 1.610
0.41155840002465993, 367, 341973.0, 1.610
0.43306130002019927, 368, 341973.0, 1.610
0.4526509999996051, 369, 341973.0, 1.610
0.377149100007955, 370, 341973.0, 1.610
0.4122341000183951, 371, 341973.0, 1.610
0.41170679999049753, 372, 341973.0, 1.610
0.42525559998466633, 373, 341973.0, 1.610
0.3777389000169933, 374, 341973.0, 1.610
0.4660635000036564, 375, 341973.0, 1.610
0.40694299997994676, 376, 341973.0, 1.610
0.4198908999969717, 377, 341973.0, 1.610
0.41152220001094975, 378, 341973.0, 1.610
0.5045432999904733, 379, 341890.0, 1.585
0.3706217000144534, 380, 341890.0, 1.585
0.47144150000531226, 381, 341890.0, 1.585
0.4312848999979906, 382, 341890.0, 1.585
0.3565773000009358, 383, 341890.0, 1.585
0.36311099998420104, 384, 341890.0, 1.585
0.3976867999881506, 385, 341890.0, 1.585
0.361297099996591, 386, 341890.0, 1.585
0.431925200013211, 387, 341890.0, 1.585
0.3849484999955166, 388, 341890.0, 1.585
0.42222330000367947, 389, 341890.0, 1.585
0.38389090000418946, 390, 341890.0, 1.585
0.37555389999761246, 391, 341847.0, 1.572
0.5452552000060678, 392, 341843.0, 1.571
0.6120297999877948, 393, 341843.0, 1.571
0.6901325999933761, 394, 341843.0, 1.571
0.6675388000148814, 395, 341626.0, 1.506
0.7779205999977421, 396, 341614.0, 1.503
0.6651838000107091, 397, 341579.0, 1.492
0.7981067999789957, 398, 341535.0, 1.479
0.7544773000117857, 399, 341523.0, 1.476
0.8567764000035822, 400, 341359.0, 1.427
0.4994736000080593, 401, 341329.0, 1.418
0.557219799986342, 402, 341213.0, 1.384
0.6108299999905284, 403, 341183.0, 1.375
0.7605174999916926, 404, 341131.0, 1.359
0.6184552000195254, 405, 341101.0, 1.350
0.5222490999731235, 406, 341101.0, 1.350
0.5467635999957565, 407, 341058.0, 1.338
0.3887664999929257, 408, 341058.0, 1.338
0.4078062000044156, 409, 341058.0, 1.338
0.414621600008104, 410, 341058.0, 1.338
0.4375243000104092, 411, 341058.0, 1.338
0.40764849999686703, 412, 341058.0, 1.338
0.4400253999920096, 413, 341058.0, 1.338
0.36488599999574944, 414, 341058.0, 1.338
0.511023800005205, 415, 341058.0, 1.338
0.3459533999848645, 416, 341058.0, 1.338
0.3967619000177365, 417, 341058.0, 1.338
0.37270219999481924, 418, 341058.0, 1.338
0.43583629999193363, 419, 341058.0, 1.338
0.40985739999450743, 420, 341058.0, 1.338
0.42463240001234226, 421, 341058.0, 1.338
0.41765019999002106, 422, 341024.0, 1.328
0.3973387999867555, 423, 341024.0, 1.328
0.4265838999999687, 424, 341024.0, 1.328
0.4161565999966115, 425, 341024.0, 1.328
0.4357404999900609, 426, 341024.0, 1.328
0.3811547000077553, 427, 341024.0, 1.328
0.44327550000161864, 428, 341024.0, 1.328
0.45368529998813756, 429, 341024.0, 1.328
0.37045170000055805, 430, 341024.0, 1.328
0.4542607000039425, 431, 341024.0, 1.328
0.4332734999770764, 432, 341024.0, 1.328
0.5034340000129305, 433, 341024.0, 1.328
0.3836942000198178, 434, 341024.0, 1.328
0.35438979999162257, 435, 341024.0, 1.328
0.4036146999860648, 436, 341024.0, 1.328
0.3790269000164699, 437, 341024.0, 1.328
0.46377460000803694, 438, 341024.0, 1.328
0.38671680001425557, 439, 341024.0, 1.328
0.43130789999850094, 440, 341024.0, 1.328
0.4371489000041038, 441, 341024.0, 1.328
0.4078483000048436, 442, 341024.0, 1.328
0.38864889999968, 443, 341024.0, 1.328
0.39432200000737794, 444, 341024.0, 1.328
0.4168927999853622, 445, 341024.0, 1.328
0.4009176999970805, 446, 341024.0, 1.328
0.43089529999997467, 447, 341024.0, 1.328
0.3476950000040233, 448, 341024.0, 1.328
0.3550812999892514, 449, 341024.0, 1.328
0.42256380000617355, 450, 341024.0, 1.328
0.38176649998058565, 451, 341024.0, 1.328
0.4051733000087552, 452, 341024.0, 1.328
0.4110295999853406, 453, 341024.0, 1.328
0.36446569999679923, 454, 341024.0, 1.328
0.4167328999901656, 455, 341024.0, 1.328
0.40188839999609627, 456, 341024.0, 1.328
0.36215319999610074, 457, 341024.0, 1.328
0.4020881000033114, 458, 341024.0, 1.328
0.45702780000283383, 459, 341024.0, 1.328
0.5048211000103038, 460, 341024.0, 1.328
0.4492002000042703, 461, 341024.0, 1.328
0.44744940000236966, 462, 341024.0, 1.328
0.41536090002045967, 463, 341024.0, 1.328
0.4046747999964282, 464, 341024.0, 1.328
0.4387984999921173, 465, 341024.0, 1.328
0.43109449997427873, 466, 341024.0, 1.328
0.34606199999689125, 467, 341024.0, 1.328
0.42261280000093393, 468, 341024.0, 1.328
0.3687472999736201, 469, 341024.0, 1.328
0.4141812000016216, 470, 341024.0, 1.328
0.376204800006235, 471, 341024.0, 1.328
0.35519230001955293, 472, 341024.0, 1.328

tour:
[ 818  831 1068  843  842  830  841  829  822  131  836    8  803 1067
  866  881  806  860  199  817  705  654  666  123  823  837  664  653
  704  198  807  859  865  880 1058  121  178  819  852  168  825  593
  374  384  991  735  124  353  304  839  791  220  282  288  702  967
  984  135  952  573  371  551  684  660  690  365  354  283  287  700
  983  136  953  968  992  156  372  950  647  574  565   12  306  332
  181  416  323  333  369  164  500  363  346  334  206  260 1055    4
  194  109  783  773  158   28  586  112  517  972  716  298  319  221
  678  736  317   13  786  410  322   18   20   60  562 1007  226  152
  281   61  472  297  165  370  501   21  561  584 1006  555 1012  196
    5  261  205 1056  362  336  583  706  556  496   17  492  246  404
  134  155  797  320   88  182   14  110 1000  787   29  784  415  775
  331  378   11  779  957   75  356   99  339  681  792  958  949  305
  646  564  159  409  587  113   87  357  403  318  597  321  997   16
  776  244  263  553  552  491  264  262  245  490  489  488  243  487
  777  774 1177 1335 1331 1683 1523 1564 1498 1264 1276 1339 1456 1173
 1569 1578 1159 1388 1227 1089 1389 1571 1143 1702 1228 1239 1240 1390
 1428 1191 1700 1277 1081 1710 1200 1075 1516 1429 1238 1207 1392 1706
 1737 1643 1656  554  898  923 1304 1448 1565  778 1291 1284 1083 1644
 1433 1395 1645 1646 1309 1181 1647 1263 1657 1377 1109 1219 1171 1251
 1641 1165 1635 1320  908  926  895  927  925  907  906  904  905  903
  900  901  902  899  924  538  885  598  143  387  998  119  342  528
   58  675  219  569  672  522  728  886  572  401  461 1070  796  696
  687  882  399  360  265  396  426   37  546  581  271  216   55  525
  533   46  560   40  254  693  402  944  187  942  408  814  535  302
  478  669  330  965  966  935  933  931  929  928 1288 1149 1412 1658
 1107 1648  909  910  930  911 1496 1659 1649 1214 1660 1661 1650 1662
 1679 1281  913  912  932  934  936  914  937  938  915 1438 1651 1494
 1663 1408 1492 1530 1382 1588 1440 1271 1746 1267 1194 1369 1418 1664
 1122 1230 1652 1218 1577 1334 1665 1653 1330 1510 1666 1504 1097 1667
  948  947  945  919  918  917   78  940  916  939  186  896  813 1069
  303  536  941  943  946   79  815 1071  887  442  873  891  897  441
  539 1508 1633 1420 1338 1254 1353 1747 1328 1326 1589 1356 1241 1232
 1346 1636 1095 1093 1642 1424 1446 1432 1209 1639 1101 1099 1627 1323
 1416 1410 1223 1586 1105 1103 1742 1212 1361 1184 1341  809  810 1063
 1303 1125 1316 1290 1468 1469 1423 1300 1226 1538 1470 1519 1557 1458
 1367 1553 1246 1118 1743 1249 1587 1552 1086 1111 1355 1459 1293 1471
 1375 1348 1402 1472 1556 1296 1473 1381 1460 1117 1474 1461 1127  607
  635  606  605  633  631  604  628  602  812 1065  600  626  811  622
  624 1064  625  623  361  418  169  345  242  740  272  874  892  601
  627  603  630  629  632  634  636  608  637  609 1475 1462 1387 1544
 1444 1628 1689 1640 1542 1548 1550 1399 1464 1561  614 1477 1186 1134
 1130 1385 1465 1478  617  615  642  643  645  618  620  621  619 1365
 1466 1540 1467 1687  800 1036 1154 1139 1344 1528 1482 1693 1725 1580
 1525 1695 1532 1709 1699 1705 1349 1358 1726 1236 1629 1560 1167 1623
 1363 1625 1073 1401 1163 1637 1115 1655 1084 1113 1147 1620 1205 1616
 1193 1378 1179 1610 1370 1613 1196 1413 1534 1712 1713 1741 1677 1017
 1015 1016 1085 1206 1379 1371  463  529  474  189  853  204  462  473
   23  203   22 1038 1037  801  146  770  145  769  126  987  978  743
  455  644  616  894  893  875  610  638  611  639  613  641  173  507
  746  981   66  756  759   96   90  483  454  742  977  127  651  876
 1005  725  104  423  990  996  444  430  258  867  452  870   70    2
  510   67  162  854 1614  190 1197  963 1414  530  734 1062  849  857
  863  888  140  185  116  922  161  509 1011  731  986    1  257  719
  989  995  431  445  868  451  871   69  962 1061  848  856  862  889
  802  733  877 1004   97   91  139  160  508  184  115   68  450  432
  446  869  872  961  921  890  861  855 1060  847   92  920  183   98
  878  176 1003 1010  730  994  988  985  128  976  741  453  482  256
  758  755  640  724  175  768  144  103  174  771  506  748  485  512
  577  980  745  612   85  476  351  765  468  348   25  422  172  428
  761   72   74  763  767  457  358   63  710  544  380   82  547   80
  524  443  580  425  215  188  239  599  270  691  249   48  999   51
  359  534  301  780  568  964  671  521  727  571  460   54  395   36
  695  686  883   39  398  285  266  532  170  419  739  278  440  469
  766  352  477   86  578  749  486   73  511  429  347   64   24  762
  458  711  545  381   83  449   52   49  391  240  236  211  559  253
  540  344  436  414  692   43   45  225  251  407  309  479  668  329
 1013  795  218  674   57  527  341  386  118 1001  142  280  296  471
  151  227   89  222  707  737  247  794  141  385  117  340  526   53
   56   50   47  708  273  974   41  307  250  223  274  649  214  459
  570  726  520  670  208  394   35  567  673  217  563   44  328  400
 1008  667  343  406  308  480  248   42  224 1002   38  694  685 1014
  884  397  413  252  541  558  531  437  424  579  523  234  275  212
  232  542  412  230  717  595  233  975  277  213  231  438  393  447
  543   71  379   81   62  421  267  235  392  448  420  171  276  548
  709  456  439  738   65  650  760  467  781  718   84  475  350  764
  349  427    0   26  484  747  505  576  979  723  744  102  732  513
  754  757  481  138  114  729 1009  720  721  713  722 1521 1740 1131
 1609 1526 1615 1619 1638 1654 1676 1626 1581 1624 1135 1630 1187 1359
 1362 1114 1192 1350 1178 1400 1704 1708 1698 1694  712 1520 1531 1155
 1692 1686 1146 1166 1539 1559 1364 1162 1384 1533 1403 1138 1235 1562
 1476 1549 1547 1455 1397 1541  504  596 1527 1688 1398 1463 1443 1543
 1072 1386 1087 1126 1380 1295 1555 1294 1347 1567 1374 1551 1119 1112
 1554 1558 1518 1366 1425 1537 1301 1185 1116 1315 1422 1342 1124 1110
 1324 1360 1354 1343 1123 1210 1248 1242 1409 1357 1685 1222 1415 1421
 1431 1524 1445  503 1345  241 1195 1231 1225 1255 1327 1337 1634 1711
 1457 1481 1503 1507 1245 1509 1094 1211 1221 1217  229  238 1302 1703
 1701 1229 1417 1368 1383 1096 1266 1439 1270 1333 1289 1529 1491 1407
 1707 1247 1493  237 1224 1329 1280 1678 1325 1092 1098 1437 1517 1495
 1213 1434 1100 1102 1104 1684 1106 1121 1411 1287 1137 1148 1406 1319
 1164 1576 1220 1536 1454 1129 1170 1376  594  973  519   77  101  228
  150  470  295  279  417  368  163   59  499  364  324  335  210  518
    3  193   19  493 1054  259  495  497  411  207  557  405  582  100
   76  798  785  133  154  971  316  772  782  299  108  575  566  180
   15  677  970  153  315  676  132  300  799  494  498  209 1052 1051
 1053  195 1033 1034 1035  325  326  502  327 1262 1216 1250 1340 1279
 1180 1396 1308 1108 1394 1305 1292 1278 1336 1283 1393 1208 1724 1430
 1391 1237 1332 1447 1736 1723 1082 1074 1199 1735 1579 1734 1436 1442
 1190 1142 1570 1265 1080 1050  192 1158 1269 1568 1172 1274 1497 1563
 1733 1049 1275 1682 1198  191 1176 1697 1480 1144 1672 1449 1078 1669
 1522 1671 1161 1575 1675 1311 1681 1175 1285 1307 1298 1313 1088 1690
  701 1512 1426 1253 1501 1597 1256 1499 1505 1486 1593 1317  659  698
  665 1153 1489 1585 1483 1514 1452 1583  592  697 1511 1201 1611 1617
 1182 1739 1188 1485 1621 1150 1631 1573 1732 1258 1321 1488 1076 1132
 1091 1727 1141 1451 1372 1156 1203 1168 1729 1261 1234 1352 1546  753
  750  752  293  294  588  661  589  655  662  656  166  850  590  679
  827  376  367  337  714  955    9  960  373  951  648  993  157  715
  111  585  954  137  969   27  549  682  688  821  382  314  657  286
  284  699  982  355  338  793  956   10  377  959  680  366  375  550
  683  689  658  383  663  820  652  125  826  808  591  703  805  851
  197  167  858 1059  864  879 1048    6 1039  107   93  388  289  120
  177  790   34  147 1042  200  129  464  435  255  292  751  313   33
  789   32  148   31  290  389   94 1047 1040  106  788 1044 1043   30
  201  149    7  804  179  122  291 1057  390 1046 1041   95  130  105
 1045  465  202  816 1066  466  828 1027  840  312  310  311 1025  433
 1026  434  833 1601  835  268 1243  269  834 1545 1244 1602 1260 1272
 1351 1718 1233 1273 1090 1719 1605 1598 1572 1140 1730 1373 1169 1744
 1590 1204 1133 1728 1731 1157 1594 1322 1603 1077 1259 1738 1582 1151
 1632 1622 1189 1584 1592 1183 1618 1612 1202 1596 1599 1606 1453 1515
 1484 1745 1152 1607  844 1490 1696 1535 1318 1312 1297 1591 1600 1268
 1487 1252 1506 1257 1215 1502 1595 1306 1608  846 1513 1427 1310 1441
 1574 1680 1674 1604 1691 1174 1160 1670 1720 1136 1721 1286 1500 1668
 1716 1120 1714 1722 1717 1419 1715 1566 1128 1479 1673 1079 1404 1299
 1145 1450 1314 1405 1435 1282  516  515  514 1020 1032 1024 1021  537
 1019 1023 1018 1022 1031 1030 1028 1029  838  824  845  832]

eliteFit: 341024.0
percentError: 1.3275651006073284
computationTime: 231.821s