instanceName: rl5915
n: 5915
optFit: 565530

genTime, gen, eliteFit, percentError:
0.008184999984223396, 0, 41853168.0, 7300.698
75.47861699998612, 1, 641325.0, 13.402
47.425896400003694, 2, 633787.0, 12.070
45.2433408999932, 3, 626096.0, 10.710
41.97100189997582, 4, 619351.0, 9.517
45.81182269996498, 5, 618271.0, 9.326
42.460175700020045, 6, 614023.0, 8.575
44.27659780002432, 7, 610641.0, 7.977
41.554630399972666, 8, 610321.0, 7.920
41.11049539997475, 9, 607251.0, 7.377
44.545952299959026, 10, 605315.0, 7.035
42.634843899984844, 11, 604304.0, 6.856
43.037750700023025, 12, 602091.0, 6.465
41.41478809999535, 13, 601229.0, 6.312
44.11678480001865, 14, 601229.0, 6.312
41.13685480004642, 15, 600221.0, 6.134
39.11309929995332, 16, 599717.0, 6.045
40.31278869998641, 17, 599377.0, 5.985
40.508205400023144, 18, 598937.0, 5.907
38.781685399997514, 19, 598174.0, 5.772
37.494833200005814, 20, 598093.0, 5.758
33.795150099962484, 21, 597586.0, 5.668
33.69464899995364, 22, 596926.0, 5.552
29.014142700005323, 23, 596101.0, 5.406
33.065101800020784, 24, 595499.0, 5.299
32.32957970001735, 25, 595499.0, 5.299
30.98026610002853, 26, 595193.0, 5.245
30.71122880000621, 27, 593582.0, 4.960
28.094769199960865, 28, 593431.0, 4.934
24.79893179994542, 29, 593431.0, 4.934
23.76141069998266, 30, 593332.0, 4.916
14.226845700002741, 31, 592972.0, 4.852
11.641265099984594, 32, 592445.0, 4.759
16.07456929999171, 33, 592093.0, 4.697
17.956049900036305, 34, 591099.0, 4.521
20.44541050004773, 35, 590921.0, 4.490
22.060023300000466, 36, 590777.0, 4.464
19.471053799963556, 37, 590492.0, 4.414
17.71784649998881, 38, 590315.0, 4.383
14.694321699964348, 39, 590199.0, 4.362
15.269755400018767, 40, 590068.0, 4.339
13.899136999971233, 41, 589595.0, 4.255
15.624780600017402, 42, 589595.0, 4.255
13.92938210000284, 43, 589502.0, 4.239
11.439876100048423, 44, 589460.0, 4.231
10.845193600049242, 45, 589460.0, 4.231
12.715502700011712, 46, 589363.0, 4.214
12.502683700004127, 47, 589363.0, 4.214
10.824296600010712, 48, 589102.0, 4.168
9.436455699964426, 49, 588963.0, 4.144
11.486142500012647, 50, 588716.0, 4.100
9.989175700000487, 51, 588605.0, 4.080
9.836212900001556, 52, 588523.0, 4.066
9.288704300008249, 53, 588471.0, 4.057
12.023394800024107, 54, 588357.0, 4.036
16.06060610001441, 55, 588246.0, 4.017
9.861741699976847, 56, 588246.0, 4.017
8.899120299960487, 57, 588246.0, 4.017
9.898764899990056, 58, 588246.0, 4.017
9.834064200054854, 59, 588246.0, 4.017
8.591033299977425, 60, 588231.0, 4.014
8.874234699993394, 61, 588231.0, 4.014
8.632918899995275, 62, 588133.0, 3.997
8.15163030003896, 63, 588133.0, 3.997
8.860457799979486, 64, 588133.0, 3.997
8.284899100020994, 65, 588133.0, 3.997
8.385313800012227, 66, 588133.0, 3.997
9.356269199983217, 67, 588133.0, 3.997
8.247465300024487, 68, 588133.0, 3.997
7.8259133999818005, 69, 588133.0, 3.997
8.368996300036088, 70, 588018.0, 3.976
7.999447099980898, 71, 588018.0, 3.976
7.818996699992567, 72, 588018.0, 3.976
9.174490400007926, 73, 588018.0, 3.976
7.988203199987765, 74, 588018.0, 3.976
8.899286400002893, 75, 588018.0, 3.976
7.656907800002955, 76, 587660.0, 3.913
7.63357880001422, 77, 587660.0, 3.913
7.739777600043453, 78, 587660.0, 3.913
8.668530500028282, 79, 587492.0, 3.883
7.310583200014662, 80, 587492.0, 3.883
8.642960100027267, 81, 587461.0, 3.878
9.787032499967609, 82, 587199.0, 3.832
8.343205400044098, 83, 587199.0, 3.832
8.04590729996562, 84, 587199.0, 3.832
7.228720200015232, 85, 587199.0, 3.832
9.408715600031428, 86, 587199.0, 3.832
7.525826600030996, 87, 587199.0, 3.832
9.63734320004005, 88, 587199.0, 3.832
8.250483099953271, 89, 587175.0, 3.827
9.503941099974327, 90, 587175.0, 3.827
9.249089200049639, 91, 587099.0, 3.814
11.523647800029721, 92, 587084.0, 3.811
9.849800500029232, 93, 587084.0, 3.811
11.016869699989911, 94, 587084.0, 3.811
9.330004999996163, 95, 587084.0, 3.811
7.351829099992756, 96, 587084.0, 3.811
9.596212100004777, 97, 587084.0, 3.811
8.438614999991842, 98, 587084.0, 3.811
9.132329099986237, 99, 587084.0, 3.811
8.126641000038944, 100, 587084.0, 3.811
7.874482100014575, 101, 587084.0, 3.811
7.332108900009189, 102, 587084.0, 3.811
8.252190999977756, 103, 587084.0, 3.811
9.355806300009135, 104, 587084.0, 3.811
7.421177200041711, 105, 587084.0, 3.811
8.794047300005332, 106, 587084.0, 3.811
8.4344658999471, 107, 587075.0, 3.810
8.11011300003156, 108, 587075.0, 3.810
8.432678500015754, 109, 587069.0, 3.809
11.785567500046454, 110, 586840.0, 3.768
10.545425699965563, 111, 586831.0, 3.767
11.344332800013945, 112, 586258.0, 3.665
11.281914499995764, 113, 586126.0, 3.642
10.553918800025713, 114, 586123.0, 3.641
8.117654500005301, 115, 586087.0, 3.635
9.356736000045203, 116, 586003.0, 3.620
8.113844199979212, 117, 585958.0, 3.612
7.792653999989852, 118, 585955.0, 3.612
8.999393999984022, 119, 585955.0, 3.612
11.181544399994891, 120, 585955.0, 3.612
7.497850599989761, 121, 585955.0, 3.612
8.740092299995013, 122, 585955.0, 3.612
9.088468400004786, 123, 585955.0, 3.612
7.876755299977958, 124, 585955.0, 3.612
7.530769800010603, 125, 585955.0, 3.612
9.858034599979874, 126, 585955.0, 3.612
8.566430900013074, 127, 585929.0, 3.607
7.714844300004188, 128, 585929.0, 3.607
8.487202899996191, 129, 585873.0, 3.597
7.741664899978787, 130, 585873.0, 3.597
8.411077499971725, 131, 585538.0, 3.538
8.674025899963453, 132, 585456.0, 3.523
8.498357599950396, 133, 585456.0, 3.523
11.059599900036119, 134, 585191.0, 3.477
7.399278600001708, 135, 585191.0, 3.477
8.157489800010808, 136, 585131.0, 3.466
8.346181000000797, 137, 585131.0, 3.466
7.187527699978091, 138, 585131.0, 3.466
9.44020020001335, 139, 585118.0, 3.464
8.197154199995566, 140, 585118.0, 3.464
10.606280900014099, 141, 584844.0, 3.415
15.246990100014955, 142, 584844.0, 3.415
16.323155599995516, 143, 584796.0, 3.407
19.226354000042193, 144, 584796.0, 3.407
21.23293719999492, 145, 584796.0, 3.407
15.859951800026465, 146, 584771.0, 3.402
9.753060299961362, 147, 584771.0, 3.402
9.290379200014286, 148, 584771.0, 3.402
10.316354400012642, 149, 584771.0, 3.402
8.293150400044397, 150, 584771.0, 3.402
7.723125600023195, 151, 584771.0, 3.402
7.874068700009957, 152, 584771.0, 3.402
8.765083500009496, 153, 584771.0, 3.402
7.891093600017484, 154, 584771.0, 3.402
9.594219599966891, 155, 584771.0, 3.402
8.618909300013911, 156, 584771.0, 3.402
8.529800200019963, 157, 584720.0, 3.393
8.749343500006944, 158, 584697.0, 3.389
9.000734300003387, 159, 584646.0, 3.380
8.547882199985906, 160, 584646.0, 3.380
9.394942599989008, 161, 584646.0, 3.380
7.824843899987172, 162, 584646.0, 3.380
8.592032600019593, 163, 584646.0, 3.380
7.854400800017174, 164, 584646.0, 3.380
8.675442399980966, 165, 584646.0, 3.380
9.871102699951734, 166, 584646.0, 3.380
10.358560299966484, 167, 584646.0, 3.380
8.628146499977447, 168, 584646.0, 3.380
10.220889599993825, 169, 584646.0, 3.380
7.347997299977578, 170, 584646.0, 3.380
9.846470599994063, 171, 584646.0, 3.380
8.281744099978823, 172, 584646.0, 3.380
7.063289600017015, 173, 584646.0, 3.380
8.50542719999794, 174, 584052.0, 3.275
9.523576699953992, 175, 584052.0, 3.275
10.956950400024652, 176, 584052.0, 3.275
10.8106703000376, 177, 584052.0, 3.275
7.557484600052703, 178, 584052.0, 3.275
7.33490429999074, 179, 584052.0, 3.275
9.39635900000576, 180, 584052.0, 3.275
7.672563900006935, 181, 584052.0, 3.275
8.459019300004002, 182, 584052.0, 3.275
7.840534599963576, 183, 584026.0, 3.271
8.10955200000899, 184, 584026.0, 3.271
8.90477289998671, 185, 584026.0, 3.271
7.560529500013217, 186, 584026.0, 3.271
9.52846280002268, 187, 584026.0, 3.271
7.641093800019007, 188, 584026.0, 3.271
7.779128900030628, 189, 584026.0, 3.271
8.955967199988663, 190, 584026.0, 3.271
8.763136700028554, 191, 584026.0, 3.271
8.029071099997964, 192, 584026.0, 3.271
7.638641500030644, 193, 584026.0, 3.271
7.575970100006089, 194, 584026.0, 3.271
9.427682499983348, 195, 584026.0, 3.271
7.812188999960199, 196, 584026.0, 3.271
7.46266249998007, 197, 584026.0, 3.271
9.54494649998378, 198, 583936.0, 3.255
10.89418060000753, 199, 583936.0, 3.255
14.829450199962594, 200, 583647.0, 3.204
13.211410199990496, 201, 583647.0, 3.204
18.60995339998044, 202, 583571.0, 3.190
20.63400930003263, 203, 583559.0, 3.188
22.05861859995639, 204, 583162.0, 3.118
17.847724100050982, 205, 583162.0, 3.118
24.96121740003582, 206, 582785.0, 3.051
19.917889299977105, 207, 582785.0, 3.051
17.690999999991618, 208, 582780.0, 3.050
11.587244800000917, 209, 582701.0, 3.036
12.253152599965688, 210, 582698.0, 3.036
15.434502099989913, 211, 582503.0, 3.001
9.949286799994297, 212, 582486.0, 2.998
16.554589800012764, 213, 582483.0, 2.998
21.09847039997112, 214, 582404.0, 2.984
16.313305900024716, 215, 582312.0, 2.967
11.047347199986689, 216, 582312.0, 2.967
8.787310300045647, 217, 582312.0, 2.967
8.029261599993333, 218, 582312.0, 2.967
9.035150300012901, 219, 582312.0, 2.967
7.124444300017785, 220, 582308.0, 2.967
7.337200200010557, 221, 582308.0, 2.967
8.957781900011469, 222, 582209.0, 2.949
8.280686900019646, 223, 582209.0, 2.949
9.08608609996736, 224, 582206.0, 2.949
7.98202830000082, 225, 582206.0, 2.949
8.143410599965136, 226, 582206.0, 2.949
9.455645699985325, 227, 582206.0, 2.949
8.046115200035274, 228, 582206.0, 2.949
8.245638599968515, 229, 582194.0, 2.947
8.066847199981567, 230, 582194.0, 2.947
8.699873300036415, 231, 582194.0, 2.947
7.224113100033719, 232, 582194.0, 2.947
8.19613960001152, 233, 582194.0, 2.947
8.0604795999825, 234, 582194.0, 2.947
9.427059100009501, 235, 582194.0, 2.947
8.443359200027771, 236, 582194.0, 2.947
9.915517399960663, 237, 582194.0, 2.947
8.181026300007943, 238, 582194.0, 2.947
9.545767299947329, 239, 582194.0, 2.947
10.82418160000816, 240, 582194.0, 2.947
7.274719599983655, 241, 582194.0, 2.947
9.061579799978063, 242, 582194.0, 2.947
9.073932599974796, 243, 582194.0, 2.947
7.734187999973074, 244, 582194.0, 2.947
9.597133800038137, 245, 582194.0, 2.947
8.4205912000034, 246, 582194.0, 2.947
7.232461300038267, 247, 582194.0, 2.947
9.141659800021444, 248, 582194.0, 2.947
7.524200899992138, 249, 582194.0, 2.947
7.712801599991508, 250, 582194.0, 2.947
8.616630600008648, 251, 582194.0, 2.947
9.385838800051715, 252, 582194.0, 2.947
9.25233309995383, 253, 582194.0, 2.947
10.232236000010744, 254, 582194.0, 2.947
7.422230600030161, 255, 582194.0, 2.947
8.980861599964555, 256, 582194.0, 2.947
9.580209200037643, 257, 582194.0, 2.947
8.24649310001405, 258, 582194.0, 2.947
9.087586100038607, 259, 582150.0, 2.939
8.78702649998013, 260, 582150.0, 2.939
9.474976399971638, 261, 582086.0, 2.928
8.308540300000459, 262, 582086.0, 2.928
9.892478600027971, 263, 582086.0, 2.928
7.933627999969758, 264, 582086.0, 2.928
7.988309400039725, 265, 582086.0, 2.928
9.879867399984505, 266, 582086.0, 2.928
7.188543900032528, 267, 582051.0, 2.921
10.767632100032642, 268, 582028.0, 2.917
9.255523599975277, 269, 582028.0, 2.917
8.411011799995322, 270, 582010.0, 2.914
8.771239400026388, 271, 582010.0, 2.914
8.275193099980243, 272, 582010.0, 2.914
8.498320600017905, 273, 582010.0, 2.914
9.723208400013391, 274, 582010.0, 2.914
9.503924899967387, 275, 582010.0, 2.914
8.52503419999266, 276, 582010.0, 2.914
8.308746599999722, 277, 582010.0, 2.914
9.013340799952857, 278, 582010.0, 2.914
7.8971197999781, 279, 581894.0, 2.894
12.590207399975043, 280, 581894.0, 2.894
15.21646199998213, 281, 581894.0, 2.894
13.390489399957005, 282, 581894.0, 2.894
14.591610300005414, 283, 581894.0, 2.894
14.824073700001463, 284, 581894.0, 2.894
21.613272199989296, 285, 581894.0, 2.894
24.7634208999807, 286, 581894.0, 2.894
12.964887099980842, 287, 581894.0, 2.894
9.24408609996317, 288, 581894.0, 2.894
9.18760280002607, 289, 581894.0, 2.894
9.7089078000281, 290, 581894.0, 2.894
8.296714700001758, 291, 581894.0, 2.894
9.319025800039526, 292, 581894.0, 2.894
7.976127100002486, 293, 581894.0, 2.894
7.677056200045627, 294, 581894.0, 2.894
11.80867609998677, 295, 581894.0, 2.894
8.29950349999126, 296, 581894.0, 2.894
7.221252100018319, 297, 581894.0, 2.894
10.412215400021523, 298, 581894.0, 2.894
7.642256100021768, 299, 581894.0, 2.894
8.827254399948288, 300, 581894.0, 2.894
9.030174800020177, 301, 581712.0, 2.861
8.130807099980302, 302, 581712.0, 2.861
10.199764799966943, 303, 581712.0, 2.861
9.399710599973332, 304, 581609.0, 2.843
8.775555400003213, 305, 581609.0, 2.843
8.107175000011921, 306, 581609.0, 2.843
9.397988400014583, 307, 581609.0, 2.843
8.020912600040901, 308, 581609.0, 2.843
7.854321299993899, 309, 581609.0, 2.843
9.694481600017752, 310, 581609.0, 2.843
8.081334999995306, 311, 581609.0, 2.843
8.301486600015778, 312, 581546.0, 2.832
9.591170899977442, 313, 581546.0, 2.832
8.490672699990682, 314, 581546.0, 2.832
8.086186100030318, 315, 581546.0, 2.832
10.239527800003998, 316, 581546.0, 2.832
9.033413199998904, 317, 581546.0, 2.832
7.857444800029043, 318, 581546.0, 2.832
7.387797600007616, 319, 581546.0, 2.832
8.571718999999575, 320, 581546.0, 2.832
7.5630077999667265, 321, 581546.0, 2.832
7.936788699997123, 322, 581546.0, 2.832
7.597838899993803, 323, 581546.0, 2.832
9.198608599952422, 324, 581546.0, 2.832
7.7246163000236265, 325, 581546.0, 2.832
8.843957900011446, 326, 581546.0, 2.832
8.84961380000459, 327, 581546.0, 2.832
7.8735333000076935, 328, 581546.0, 2.832
7.513951400003862, 329, 581546.0, 2.832
7.833551500050817, 330, 581546.0, 2.832
7.894466699974146, 331, 581476.0, 2.820
7.706849600013811, 332, 581476.0, 2.820
7.720765999983996, 333, 581476.0, 2.820
7.232490499969572, 334, 581476.0, 2.820
9.299241099972278, 335, 581427.0, 2.811
7.268146599992178, 336, 581427.0, 2.811
7.200826200016309, 337, 581427.0, 2.811
8.124890599981882, 338, 581427.0, 2.811
7.843998799973633, 339, 581427.0, 2.811
9.154145100037567, 340, 581427.0, 2.811
9.34626359998947, 341, 581427.0, 2.811
7.468487999984063, 342, 581427.0, 2.811
9.136567700013984, 343, 581427.0, 2.811
9.415622600005008, 344, 581427.0, 2.811
8.877338099991903, 345, 581427.0, 2.811
7.850524100009352, 346, 581427.0, 2.811
7.602226199989673, 347, 581427.0, 2.811
7.705378400045447, 348, 581427.0, 2.811
6.792934499972034, 349, 581427.0, 2.811
7.705936499987729, 350, 581427.0, 2.811
8.542100400023628, 351, 581427.0, 2.811
7.599018600012641, 352, 581427.0, 2.811
9.061415100004524, 353, 581427.0, 2.811
8.496784299961291, 354, 581427.0, 2.811
9.422783599991817, 355, 581427.0, 2.811
9.66807479999261, 356, 581427.0, 2.811
8.542843399976846, 357, 581427.0, 2.811
7.893825999984983, 358, 581427.0, 2.811
10.21835010003997, 359, 581427.0, 2.811
8.638482199981809, 360, 581427.0, 2.811
8.875760299968533, 361, 581427.0, 2.811
8.682513499981724, 362, 581427.0, 2.811
8.920195399958175, 363, 581427.0, 2.811
10.066418199974578, 364, 581427.0, 2.811
9.034817599982489, 365, 581427.0, 2.811
8.850770200020634, 366, 581427.0, 2.811
9.111755200021435, 367, 581427.0, 2.811
9.315745399973821, 368, 581427.0, 2.811
8.69083390000742, 369, 581427.0, 2.811
11.115966000012122, 370, 581427.0, 2.811
8.70328449999215, 371, 581427.0, 2.811
7.923260600015055, 372, 581406.0, 2.807
7.6690374000463635, 373, 581406.0, 2.807
8.403618499985896, 374, 581406.0, 2.807
7.726057099993341, 375, 581406.0, 2.807
7.9035629000281915, 376, 581406.0, 2.807
9.141166299988981, 377, 581406.0, 2.807
8.562136100023054, 378, 581406.0, 2.807
10.648220600036439, 379, 581406.0, 2.807
8.644355099997483, 380, 581406.0, 2.807
8.541191800031811, 381, 581406.0, 2.807
8.519299800042063, 382, 581406.0, 2.807
10.477993800013792, 383, 581406.0, 2.807
11.098389299993869, 384, 581406.0, 2.807
7.517216299951542, 385, 581406.0, 2.807
7.55387870001141, 386, 581406.0, 2.807
8.1131034999853, 387, 581406.0, 2.807
8.23049039999023, 388, 581406.0, 2.807
8.95802870002808, 389, 581406.0, 2.807
8.93263549997937, 390, 581406.0, 2.807
9.053014200006146, 391, 581406.0, 2.807
7.137792299967259, 392, 581406.0, 2.807
7.918599399970844, 393, 581406.0, 2.807
8.595459399977699, 394, 581406.0, 2.807
7.7485494000138715, 395, 581406.0, 2.807
7.5577425000374205, 396, 581394.0, 2.805
7.763477200001944, 397, 581394.0, 2.805
9.146798199974, 398, 581394.0, 2.805
7.05543960002251, 399, 581394.0, 2.805
8.76915220002411, 400, 581394.0, 2.805
8.995131700008642, 401, 581394.0, 2.805
7.618726400018204, 402, 581394.0, 2.805
8.418592300033197, 403, 581394.0, 2.805
7.820812299964018, 404, 581394.0, 2.805
9.52293269999791, 405, 581394.0, 2.805
8.523575800005347, 406, 581394.0, 2.805
7.78234189999057, 407, 581394.0, 2.805
11.490056900016498, 408, 581394.0, 2.805
9.604786200041417, 409, 581394.0, 2.805
8.184867299976759, 410, 581394.0, 2.805
8.827312299981713, 411, 581394.0, 2.805
7.231649400026072, 412, 581394.0, 2.805
8.389654600003269, 413, 581394.0, 2.805
9.462291800009552, 414, 581345.0, 2.796
10.842824199993629, 415, 581345.0, 2.796
9.562255600001663, 416, 581345.0, 2.796
14.528338200005237, 417, 581345.0, 2.796
16.696899300033692, 418, 581345.0, 2.796
18.380976799991913, 419, 581345.0, 2.796
24.317546199948993, 420, 581345.0, 2.796
16.73860139999306, 421, 581345.0, 2.796
8.896284500020556, 422, 581345.0, 2.796
7.634061600023415, 423, 581345.0, 2.796
9.266099800006486, 424, 581345.0, 2.796
10.07084770000074, 425, 581345.0, 2.796
8.83578690001741, 426, 581345.0, 2.796
10.227278399979696, 427, 581345.0, 2.796
7.596887900028378, 428, 581345.0, 2.796
7.854546799964737, 429, 581345.0, 2.796
8.078185599995777, 430, 581345.0, 2.796
9.530999700014945, 431, 581345.0, 2.796
7.967537500022445, 432, 581345.0, 2.796
9.29605880001327, 433, 581345.0, 2.796
8.097407199966256, 434, 581159.0, 2.764
9.39382719999412, 435, 581159.0, 2.764
8.951975999982096, 436, 581159.0, 2.764
9.295733599981759, 437, 581159.0, 2.764
8.32570449996274, 438, 581159.0, 2.764
9.698394600010943, 439, 581159.0, 2.764
7.7623396999551915, 440, 581159.0, 2.764
8.136375400004908, 441, 581159.0, 2.764
7.746254199999385, 442, 581159.0, 2.764
8.52659250004217, 443, 581159.0, 2.764
8.57944060000591, 444, 581159.0, 2.764
8.085873599979095, 445, 581159.0, 2.764
8.212202800030354, 446, 581129.0, 2.758
8.539825199986808, 447, 581129.0, 2.758
9.070745199976955, 448, 581067.0, 2.747
9.13469640002586, 449, 581067.0, 2.747
8.091705200029537, 450, 580945.0, 2.726
9.448428599978797, 451, 580914.0, 2.720
9.23581089999061, 452, 580914.0, 2.720
8.343437500006985, 453, 580914.0, 2.720
8.238235900003929, 454, 580914.0, 2.720
8.075234699994326, 455, 580914.0, 2.720
8.582101100008003, 456, 580914.0, 2.720
8.649014100024942, 457, 580914.0, 2.720
9.101081300002988, 458, 580914.0, 2.720
7.872820999997202, 459, 580914.0, 2.720
7.755808799993247, 460, 580914.0, 2.720
7.861228099965956, 461, 580914.0, 2.720
9.784353700000793, 462, 580914.0, 2.720
9.663301600026898, 463, 580914.0, 2.720
8.897657900000922, 464, 580914.0, 2.720
9.620804300007876, 465, 580914.0, 2.720
7.704204000008758, 466, 580914.0, 2.720
8.372334800020326, 467, 580914.0, 2.720
10.945742700016126, 468, 580914.0, 2.720
8.867976000008639, 469, 580914.0, 2.720
7.571698099956848, 470, 580914.0, 2.720
9.80049760005204, 471, 580914.0, 2.720
8.266531299974304, 472, 580914.0, 2.720
7.846416000043973, 473, 580914.0, 2.720
8.977019500045571, 474, 580914.0, 2.720
9.292612400022335, 475, 580914.0, 2.720
8.586265399993863, 476, 580914.0, 2.720
8.618717699951958, 477, 580914.0, 2.720
8.646442199999, 478, 580914.0, 2.720
7.8358466000063345, 479, 580914.0, 2.720
7.3660031000035815, 480, 580914.0, 2.720
7.700081699993461, 481, 580914.0, 2.720
8.740174200036563, 482, 580914.0, 2.720
7.066358099982608, 483, 580914.0, 2.720
8.825461799977347, 484, 580914.0, 2.720
8.687315399991348, 485, 580914.0, 2.720
7.782209299970418, 486, 580914.0, 2.720
9.875970599998254, 487, 580914.0, 2.720
9.052781300037168, 488, 580914.0, 2.720
8.183553699986078, 489, 580914.0, 2.720
7.579724199953489, 490, 580914.0, 2.720
7.999092800018843, 491, 580861.0, 2.711
8.608972800022457, 492, 580861.0, 2.711
16.374689000018407, 493, 580861.0, 2.711
17.843864100053906, 494, 580800.0, 2.700
13.496969599975273, 495, 580800.0, 2.700
11.656667699979153, 496, 580800.0, 2.700
15.01155930000823, 497, 580793.0, 2.699
12.34337499999674, 498, 580597.0, 2.664
17.71321800001897, 499, 580597.0, 2.664
18.66535299998941, 500, 580522.0, 2.651
16.552917199966032, 501, 580522.0, 2.651
16.581034699978773, 502, 580522.0, 2.651
12.737959699996281, 503, 580522.0, 2.651
8.044406400003936, 504, 580522.0, 2.651
8.006393400020897, 505, 580522.0, 2.651
7.738086800032761, 506, 580522.0, 2.651
9.329340800002683, 507, 580522.0, 2.651
9.434046600013971, 508, 580522.0, 2.651
7.702897200011648, 509, 580522.0, 2.651
7.69331229996169, 510, 580522.0, 2.651
8.042721700039692, 511, 580522.0, 2.651
8.436692199960817, 512, 580522.0, 2.651
7.578668700007256, 513, 580522.0, 2.651
8.430547399970237, 514, 580522.0, 2.651
7.61010809999425, 515, 580522.0, 2.651
8.06909689999884, 516, 580522.0, 2.651
8.06763529998716, 517, 580522.0, 2.651
8.865582400001585, 518, 580522.0, 2.651
7.98689119995106, 519, 580522.0, 2.651
7.991375199984759, 520, 580522.0, 2.651
7.938128800014965, 521, 580522.0, 2.651
8.14751249999972, 522, 580522.0, 2.651
9.637556900037453, 523, 580522.0, 2.651
8.419344699999783, 524, 580522.0, 2.651
8.321986099996138, 525, 580522.0, 2.651
9.249794300005306, 526, 580522.0, 2.651
8.435467700008303, 527, 580522.0, 2.651
9.41467589995591, 528, 580522.0, 2.651
7.728460700018331, 529, 580522.0, 2.651
7.489585000032093, 530, 580522.0, 2.651
7.337806100025773, 531, 580522.0, 2.651
8.340598199982196, 532, 580522.0, 2.651
8.824843899987172, 533, 580522.0, 2.651
9.193861399951857, 534, 580522.0, 2.651
9.183452200028114, 535, 580522.0, 2.651
7.379850999976043, 536, 580522.0, 2.651
7.842020899988711, 537, 580522.0, 2.651
12.09334870002931, 538, 580522.0, 2.651
9.210103999997955, 539, 580450.0, 2.638
9.352615999989212, 540, 580450.0, 2.638
9.964985200029332, 541, 580450.0, 2.638
8.22520289995009, 542, 580450.0, 2.638
10.457396400044672, 543, 580450.0, 2.638
7.834548000013456, 544, 580450.0, 2.638
8.412458500009961, 545, 580450.0, 2.638
7.365395799977705, 546, 580450.0, 2.638
9.902674100012518, 547, 580450.0, 2.638
9.427777600008994, 548, 580450.0, 2.638
7.789042699965648, 549, 580450.0, 2.638
7.184497700014617, 550, 580450.0, 2.638
8.26423229998909, 551, 580450.0, 2.638
10.665516599954572, 552, 580450.0, 2.638
8.729575800010934, 553, 580450.0, 2.638
8.607629499980249, 554, 580450.0, 2.638
8.819617700006347, 555, 580450.0, 2.638
7.44673139997758, 556, 580450.0, 2.638
10.48311349999858, 557, 580450.0, 2.638
8.794437400007155, 558, 580450.0, 2.638
8.032898399978876, 559, 580450.0, 2.638
7.779696099983994, 560, 580450.0, 2.638
7.090395999955945, 561, 580450.0, 2.638
8.282205299998168, 562, 580450.0, 2.638
8.736970300029498, 563, 580450.0, 2.638
9.483616200042889, 564, 580450.0, 2.638
9.930799600027967, 565, 580450.0, 2.638
8.379415299976245, 566, 580450.0, 2.638
8.728712300013285, 567, 580450.0, 2.638
8.004149799991865, 568, 580450.0, 2.638
8.831485299975611, 569, 580450.0, 2.638
7.574704400030896, 570, 580450.0, 2.638
7.324480500014033, 571, 580450.0, 2.638
7.393379899964202, 572, 580450.0, 2.638
8.143689300050028, 573, 580450.0, 2.638
8.057327800022904, 574, 580450.0, 2.638
8.65071060002083, 575, 580450.0, 2.638
7.810462600027677, 576, 580450.0, 2.638
8.101450000016484, 577, 580450.0, 2.638
8.031396900012624, 578, 580314.0, 2.614
8.855035100015812, 579, 580302.0, 2.612
12.875405699945986, 580, 580302.0, 2.612
16.54432759998599, 581, 580192.0, 2.593
10.387703299988061, 582, 580192.0, 2.593
7.503142500005197, 583, 580192.0, 2.593
9.058099099958781, 584, 580192.0, 2.593
8.954964699980337, 585, 580169.0, 2.589
8.573931900027674, 586, 580169.0, 2.589
8.485067100031301, 587, 580169.0, 2.589
8.376942500006407, 588, 580169.0, 2.589
8.721860499994364, 589, 580169.0, 2.589
9.789908499980811, 590, 580169.0, 2.589
6.940531499974895, 591, 580169.0, 2.589
8.02734979998786, 592, 580169.0, 2.589
9.214631700015161, 593, 580169.0, 2.589
7.773938200029079, 594, 580169.0, 2.589
7.458936399954837, 595, 580169.0, 2.589
9.21094419999281, 596, 580169.0, 2.589
7.647800599981565, 597, 580169.0, 2.589
9.222851400030777, 598, 580169.0, 2.589
8.498958899988793, 599, 580169.0, 2.589
7.774177599989343, 600, 580169.0, 2.589
7.56925100000808, 601, 580169.0, 2.589
7.7921116999932565, 602, 580169.0, 2.589
8.643350799975451, 603, 580169.0, 2.589
8.028481500048656, 604, 580169.0, 2.589
7.692563799966592, 605, 580169.0, 2.589
8.558662600000389, 606, 580169.0, 2.589
7.773670199967455, 607, 580169.0, 2.589
7.019420999975409, 608, 580169.0, 2.589
9.344502799969632, 609, 580169.0, 2.589
9.841593399993144, 610, 580169.0, 2.589
7.830953800003044, 611, 580169.0, 2.589
8.357351700018626, 612, 580169.0, 2.589
10.128588299965486, 613, 580169.0, 2.589
11.525712099974044, 614, 580169.0, 2.589
7.5021728000137955, 615, 580169.0, 2.589
8.219054299988784, 616, 580169.0, 2.589
9.305122899997514, 617, 580169.0, 2.589
7.269844000053126, 618, 580143.0, 2.584
7.374443200009409, 619, 580143.0, 2.584
9.575453700032085, 620, 580143.0, 2.584
8.986201299994718, 621, 580143.0, 2.584
9.509540400002152, 622, 580143.0, 2.584
8.000728900020476, 623, 580143.0, 2.584
8.113666400022339, 624, 580143.0, 2.584
8.045748799981084, 625, 580143.0, 2.584
7.978079999971669, 626, 580143.0, 2.584
9.185625500045717, 627, 580143.0, 2.584
8.984667400014587, 628, 580143.0, 2.584
8.351928499992937, 629, 580143.0, 2.584
8.183040300034918, 630, 580143.0, 2.584
7.9489713999792, 631, 580143.0, 2.584
9.628664699965157, 632, 580143.0, 2.584
8.398608700023033, 633, 580143.0, 2.584
8.841807699995115, 634, 580143.0, 2.584
8.916440800006967, 635, 580090.0, 2.575
13.028240500018, 636, 580090.0, 2.575
16.55783430003794, 637, 580090.0, 2.575
23.55066369997803, 638, 580090.0, 2.575
17.374800199992023, 639, 580040.0, 2.566
7.443318100005854, 640, 580009.0, 2.560
9.522514900017995, 641, 580009.0, 2.560
9.59197090001544, 642, 580009.0, 2.560
8.86210620001657, 643, 580009.0, 2.560
7.026990799990017, 644, 580009.0, 2.560
8.477637899981346, 645, 580009.0, 2.560
7.818105400016066, 646, 580009.0, 2.560
7.713708899973426, 647, 580009.0, 2.560
7.284356800024398, 648, 580009.0, 2.560
8.681925899989437, 649, 580009.0, 2.560
7.381685899978038, 650, 580009.0, 2.560
9.226831000007223, 651, 580009.0, 2.560
8.239347699971404, 652, 580009.0, 2.560
8.94014129997231, 653, 580009.0, 2.560
7.647685999982059, 654, 580009.0, 2.560
7.787243999948259, 655, 580009.0, 2.560
8.700518199999351, 656, 580009.0, 2.560
8.264264299999923, 657, 580009.0, 2.560
8.595129600027576, 658, 580009.0, 2.560
9.201117400021758, 659, 580009.0, 2.560
8.45511229999829, 660, 580009.0, 2.560
8.948754699958954, 661, 580009.0, 2.560
8.590800100006163, 662, 580009.0, 2.560
7.9433330000028946, 663, 580009.0, 2.560
8.763218000007328, 664, 580009.0, 2.560
8.15345049998723, 665, 580009.0, 2.560
8.845535199972801, 666, 580009.0, 2.560
9.58961540000746, 667, 580009.0, 2.560
8.022649699996691, 668, 580009.0, 2.560
7.505310100037605, 669, 580009.0, 2.560
7.827045399986673, 670, 580009.0, 2.560
8.48653719999129, 671, 580009.0, 2.560
9.034231400000863, 672, 580009.0, 2.560
8.308721899986267, 673, 580009.0, 2.560
8.277757100004237, 674, 580009.0, 2.560
8.065050299977884, 675, 580009.0, 2.560
9.124866899976041, 676, 580009.0, 2.560
9.467803200008348, 677, 580009.0, 2.560
8.07574040000327, 678, 580009.0, 2.560
7.518152199976612, 679, 580009.0, 2.560
8.792887400020845, 680, 580009.0, 2.560
7.8765485000330955, 681, 580009.0, 2.560
7.387171299953479, 682, 580009.0, 2.560
7.606970600027125, 683, 580009.0, 2.560
9.538951700029429, 684, 580009.0, 2.560
9.510604599956423, 685, 580009.0, 2.560
9.227907499996945, 686, 580009.0, 2.560
9.991234399960376, 687, 580009.0, 2.560
9.204398099973332, 688, 580009.0, 2.560
7.7919893999933265, 689, 580009.0, 2.560
8.53091879998101, 690, 580009.0, 2.560

tour:
[1312   97 1313   98 1314   99 1315  100 5490 4499 1720 1877 3207 2715
 3482 3964 3872 1678 1388 3519 4256 3490 5419 5392 1662 1349 5018 2221
 4875   56 5642 4346  136 5641  187 4345 4259 4344 4343 1194 4342 1193
 4341 1192 4340  460 5640 5639 5638 5637 5636 1137 5635 5634 5633 3459
 3458 3457 3456 3455 3454 3453 3452 5632 5631 5630 5629 5628 5627 5626
 3451 3449 3448 3447 3446 3445   85 3444 1093 3443 1092 3442 1091 3441
 1090 3440 1089 3439  296 3438 3437 3436 3435 1088 3434 1603 1602 1556
 1236 1599 1261 3922 1331 1516 1381 1621 3070 3660 3208 3950 3734 2074
 3940 1601 3500 5550 1290 5510 1452 3954 1434 5483 5452 1510 3966 5384
 4015 4195 3863 3948 3875 1300 3318 3938 2052 3868 3986 3248 3972 3916
 3183 3975 3144 2762 4010 3450 4871 3899 1588 2002 5880 1861 5128 1856
 3463 1949 1752 5625 1393 1972 1518 3504 5651 5767 1333 4103 5378 5799
 4283 5676 5420 5438 3848 4338 4540 5111 5464 5489 4498 4657 1718 1875
 3205 2713 3480 3962 3870 1676 1386 3517 4260 1540 3493 5417 5390 1660
 1347 5016 4873 5376 5289 3497 1272 4279 3234 1463 2844 5098 4787 2812
 1406 3512 1502 4315 1553 1559 4437 3555 1008 4970  936 4971  842 4972
 1111 4973  500 4974  638 4975  226 4976  395 4977  178 4978  832 4979
 1183 4980  989 4981  153 4982  677 4983   16 4984  805 4985  743 4986
  740 4987 4988 4989 4990 3035  738 3036  986 3037  951 3038  997 3039
 4991 4992 2454 5860 1745 3552 4693 3042 3903 3132 5305 2662 3880 4151
 4915 1766 5729 3563 1675 2874 1659 2218 3825 5052 3727 5696 2696 3052
 5126 5284 1943 2997 3025 5601 2947 2212 3998 3120 3993 3980 5237 3861
 5574 5395 5370 5554 5316 5317 5318 5319 5320 5321 5322 5323 5324  757
 5325  667 5326  245 5327  603 5328  918 5329 1080 5330 5365 4725 3374
 4043 4216 3715 5167 2717 1914 4244 4537 1443 2406 3410 2031 2705 3592
 2517 2315 2106 3684 3663 3630 5560 5559 5558 5557 5556  272 5555  710
 2480 2481 2482 2483 2484 2485 2486 5160 1123 5161  695 5162 5163 5164
 5165 5166  602 2111 2112 2113 2114 2115 2042 2041 2040 2039 2038 2037
 2036  244 2110 2109 2108  696 2107 2105 3683 3662 3629 2487 2938 3133
 3096 4110 2664 3669 4574 3026 2691 5159 5158 5157 5156 5155 5154 5153
 5152 5151 5150 2479  821 2478  820 2477  819 2476  818 5149 5148 5147
 5146  713 2475 2474  817 2473  816 2472  815 2471  619 2470  814 2469
  813 2468  812 2467  422 2466  429 2465  811 2464  493 2463  810 2462
  809 2461  808 2460  480 2146 2172 2254 4369 2839 4500 4030 3919 2967
 2806 2258 2260 4628 2267 2269 2448 2668 1756 1245 1284 4746 2656 2071
 3820 1362 3508 2971 4224 2528 1384 3744 2929 1637 2951 3141 4464 3583
 1682 1430 1968 2274 2613 1945 4791 1771 5830 3565 2541 3767 2772 4969
 3085 1628  386 1627  322 1626  289 1625  385 1624 1623 1404  198 1414
 1461 1460 1459 1403 1402 1401 1458 1457 1400 1399 1398 1456 1455 1264
   44 1263   45 1265   46 1266   47 1267   48 1268   49 1269   50 1270
   51 1271 4278 3233 1462 2843 5097 4786 2811 1405 3511 1501 4314 1552
 1558 4436 3554 4968 3084 2771  387 1629  388 1630  389 1631  390 1632
  391 1633  392 1634  225 1635  393 1636 2950 3140 4463 3582 1681 1429
 1967 2273 2612 1944 4790 1770 5829 3564 3766 2540 3764  935 3763 3762
 3765 1721  463 1722  464 1723  465 1724  224 1725  394 1726  177 1727
  466 1728  467 1729  468 1730  152 1731  469 1732   15 1733  470 1734
  471 1735  472 1736  473 1737  474 1738  475 1739  476 1740  477 1741
  478 1742  479 1743 5883 3901 3130 5303 2660 3878 4149 4913 1764 5727
 3561 1673 2872 1657 2216 3823 5050 3725 5694 2694 3050 5124 5282 1941
 2995 5144 3023 5599 2945 2210 3996 3118 3991 3978 5235 3859 5572 5393
 5368 5552 3577 2167 3150 5314 3044 3065 3057 1482  271 5903  999 5902
  709 5901 1223 5900 1228 5899 1138 5898 1015 5897  712 5896 1229 5895
  994 5894  618 5893  910 5892 1230 5891 1131 5890  421 5889  428 5888
 1231 5887  492 5886  889 5885 1018 5884 3041 4692 3551 1744 5859 3902
 3131 5304 2661 3879 4150 4914 1765 5728 3562 1674 2873 1658 2217 3824
 5051 3726 5695 2695 3051 5125 5283 1942 2996 5145 3024 5600 2946 2211
 3997 3119 3992 3979 5236 3860 5573 5394 5369 5553 3578 2168 3151 5315
 3045 3066 3058 1483 3641 1620 2931 2800 2699 4262 5904  976 5905  912
 5906  907 5907  890 5908  822 5909 1122 5910  694 5911  756 5912  666
 5913 5914 4243 1913 1920  608 1921  609 1922  610 1923  611 1924  612
 1925  613 1926  614 1927  615 1928 2046 2045 2044 2043 2116 5179 5178
 5177 5176 5338 5339 5340 1074 5180 1028 5341 5342 5343 5344 1063 1100
 5181 5182 5183 1781  517 1782  518 1783  519 1784 1785  520 1786 2051
 2050 2049 2048 2047  506 1929 1930 1931 1932 1933  616 1934  336 1935
  617 1525 1936 2902 4269 2903  966 2907  878 2908  967 2909  968 2910
  869 2911  969 2912  970 2913   33 2914  529 2915  140 2916  971 2917
   60 2918  106 2919  972 2920 2643 1425 3653 1479 2363 3701 3675 3638
 1238 5517 5521 5825 5568 2926  975 2925  974 2924   10 2923  220 2922
  746 2921  973 4153 5366 1319 1853 4905 4732 1276 1821 1371 4227 3406
 3708 1352 1796  528 1795   34 1794  527 1793  526 1792  525 1791  524
 1790  523 1789  522 1788  521 1787 5191 5190  306 5189 5188  337 5187
 5186 5185 5184 5345 5346 5347 5348 5349 5350 5351 5352 5353 1215 5354
 1175 5355  870 5356 1039 5357 1086 5358   35 5359  886 5360  141 5361
 1084 5362   61 5363  107 5364 1180 4077 5107 4144 5119 5306 5230 5292
 2278 2317 2644 1426 3654 1480 2364 3702 3676 3639 1239 5518 5522 5523
 3704   11 3703 1127 4154 1320 1854 4906 4733 1277 1822 1372 4228 3407
 3709 1353 3833 4175 2650 1995 1256 3082 5277 3424 5406 4034 3285 3210
 2616 4246 4089 4131 4835 2636 5399 4100 2904 4270 1526 2536 1578 4066
 2519 5095 3755 1797 4168 1775 3368 2591 2765 3647 3275 3484 3738 4960
 3178 3335 2445 2358 3352 2679 4044 4217 3716 5168 2718 1915 4245 4538
 1444 2407 3411 2518 2316  693 2104  692 2103  691 2102  690 2101  689
 2100  688 2099  687 2098 2097  686 2096 2095 4830 4829 4828 4827 4826
 4825 4824 4823 4822 4821 4820 4819 4818 4817 4816 4815 4814  494 4813
 2078 2079  685 2080 2081 2082 2083 2084 2085 2086 2087 2088 2089 2090
 2091 2092 2093 2094 5012 5011 5010 5009 5008 5007 5006 5005 5004 5003
 5002 5001 5000 4999 4998 4997 4996 4995 1019 4994 4993  481 3040  998
 4812 4811 4810 4809 4808 4807 4806  741 4805  744 4804  806 4803   17
 4802  678 4801  154 4800  990 4799 1184 4798  833 4797  179 4796  396
 4795  227 4794  639 4793 4792  621 1772 5831 3566 2542 3768 2773 3086
  727 2233  726 2232  725 2231  724 2230  723 2229  323 2228  290 2227
  722 2226  199 2225   52 2224  721 2219  133 4659  184 4658  457 1719
 1876 3206 2714 3481 3963 3871 1677 1387 3518 4261 1541 3494 5418 5391
 1661 1348 5017 2220 4874 4660   53 4661  200 4662 1106 4663  291 4664
  324 4665 1109 4666 1009 4667  937 4668  843 4669 1112 4670  502 4671
  623 4672  641 4673  229 2234  501 2235  622 2236  640 2237  228 2238
  397 2239  180 2240  728 2241  729 2242  730 2243  155 2244  679 2245
   18 2246  731 2247  732 2248  733 2249  734 2250  735 2251  736 2252
  737 2253 2255 2173 2147 2455 5861 1746 3553 4694 2488 2489  683 2490
 2491 2492 2493  423 2494 2495 2496 2497 2498 2499 2500 2501 2502 2503
 2504 2505 2506 2507 2508 2509 2510 2511 2512 2513 2514 2515 2516  758
 3593 2706 2032  790 3412  246 3413  604 3414  919 3415 5331 4726 3375
 3416 4045 4218 3717 5169 2719 1916 5759 5758  247 5757  791 5756 5755
 5754 5753 5752 2314  755 2313  754 2312  753 2311 5751 5750  752 2310
  751 2309  750 2308  749 2307 2306 2305 2304 2303 2302 2301 2300 2299
 2298 2297 2296 2295 2294 2293 2292 2291 2290 2289 2288 2287 3129 5730
 5731 5732 5733 5734 5735 5736 5737 5738 5739 5740 5741 5742 5743 5744
 5745 5746 2394 2393 2392 2391 2390 2389 2388 2387 2386 2385 2384 2383
 2382 2381 2380 2379  495 2378  684 2377 2376  482 2372 1195 4688  952
 4687  987 4686 4685  742 4684  745 4683  807 4682   19 4681  680 4680
  156 4679  991 4678 1185 4677  834 4676  181 4675  398 4674 2952 2955
  399 2953 3142 4465 3584 1683 1431 1969 2275 2614 1946 1773 5832 3567
 2543 3769 2774 3087 3556 4438 1560 1554 4316 1503 3513 1407 2813 4788
 5099 2845 1464 3235 4280 1273 3498 5290 5377 4547  134 5781  185 4546
 4545 4544 4543 1204 4542 1203 4541 1202 1199  458 5780 5779 5778 5777
 5776 5775 1136 5774 1225 5773 1224 5772 1189 5771 1176 5770 5768 5769
  122 1334 4104 5379 5800 4284 5677 5421 5439 3849 4339 5112 5465 5466
 1226 5467 1200 5468  459 5469  186 5470  135 5471   55 5472 2815 2816
 2817 2818 1413  205 1412  204 1411  203 1410  202 1409 1408 2814 4789
 5100 2846 1465 3232 5783 5782   54 4548  201 4549 4550 4551 4552 4553
 4554 4555 4556 4557 4558 4559 4560  230 4561  400 4562  183 4563  836
 4564 1186 4565  992 4566 4567 4568 4569 4570 4571 3006 3007 3008 4750
 4749 4748 4747 2657 2072 3821 1363 3509 2972 4225 2529 1385 3745 2930
 3143  642  624  503 1113  844 5790  938 5789 1010 1110  325  292 1107
 5784 5785 5786 5787 5788 3088 3089 5791 5792 5793 5794 5795 1432 1684
 3585 4466 2954 1638  401 1639 1640  402 1641  403 1642  404 1643 1644
  405 1645 1646  406 1647  407 1648  408 1649  409 1650  410 1651 2561
 2560 2559 5848 5849 5850 2456 2148 2174 2373 4689 2840 3100 4032 3921
 2807 4572 2261 2256 4629 3032 2268 2266  739 2265 4895 4894 2836 2837
 4896 2838  950 1880 4897 4898 4899 1881 1882 1883 1884 1885  416 1886
  363 1887  578 1888  579 1889  580 1890  581 1891  582 1892  583 1893
  584 1894  585 1895  586 1896  587 1897  588 1898  589 1899  590 1900
  275 1901  591 1902  592 1903  593 1904  594 1905  595 1906  596 1907
  597 1908  598 1909  599 2709 1910  600 1911  251 1912  601 4221 5620
 3419 3378 3379 3380 3381 3382 3383 3384 3385 3386 3387 2733  930 2732
  929 2731  928 2730  927 2729  926 2728  550 2727  782 2726  903 2725
  925 2724  924 2723  923 2722 5078 1919 5762 4238 1446 4401 2034 2708
 4532 3588 3666 3628 4580 4579 4578 4577 2702 3644 3056 3858 3857 3856
 3855 2160 2159  705 2158 2157  620 3830 3829 3828 3827 3826 2156 2155
 2154 4904 4903 4902 4901 4900 2153 2152 2151 2150 5862 5863 5864 5865
 5854 5853 5852 5851 2562 2563 2564 2565 2566  362 5855 5856 5857 2567
 2568 2569 2570 2571  846 2572  847  716 5602 5603 5604 3124 3123 2161
 2162 2163 2164  706 2165  707 2166  708 2170 3153 4832 3047 3068 3060
 1485 3643 2933 2802 4264 4265 2701 4266 2693 3028 4576 3671 2666 4112
 3098 3135 2940 5562 3632 3665 4780 5616 5617 5618 5619  922 5591  607
 5590  250 5589  669 5588  915 5587 1214 5586 5615 5614 5613 5612 5611
 5610 5609 5608 5607 5606 5605 5576 5577 5578  711 1000 5579  274 5580
 5581  978  914 5582 5583 5584 5585 1125  982 5071 5070  892 5069  909
 5068 5067 5066 5065 5064 5063 5062 5061 1139 5060 1016  715 5059 5058
 5057 5056 5055 5054 5053 1656  415 1655 4757 4758 4759 3017 3016 3015
 3014 3106 3105 3104 3012 3013 4754 4755 4756  414 1654  413 1653  412
 1652  411 4753 4752 4751 3009 3010 3011 3103 2984 2983  993 2982  988
 2981 2980 2979 2978 2977 2976  681 2975  157 2974  182 2956  835 2957
  984 2958  985 2959 2960 2961 2962 2963 2964 2965  945 2966 2968 3920
 4031 4501 4502 4370 5302 4371 4372 4373 4374 4375 4508 4507 4506 4505
 4504 4503 2985 2986 2987 2988 2989 2990 3107 3108 3109  361 3110 3111
 3112 2994 2993 2992 2991 4509 4510 4511 4512 4513 4514 4515 4516 4517
 4518 4519 4520 4521 4522 4389 4388 4387 4386 4385 4384 4383 4382 4381
 4380 4379 4378 4377 4376 1606  370 1607  371 1608  372 1609  373 1610
  374 1611  375 1612  376 1613  377 1614  378 1615  379 1616  380 1617
  381 1618  382 1619 2395  273 2396 2397 5747 5748 5749 2398 2399 2400
 2401 2402 2403  789 2404 2405 3595  248 3596  605 3597  920 3598 1081
 3599 1116 3600  900 3601  780 3602 1075 3603 1029 3604 1101 3605 1064
 3606  507 3607 1117 3608  823 3609 1118 3610  338 3611  838 3612  307
 3613  963 3614  879 3615 1119 3616 1120 3617 4247 2617  871 2618  872
 2619   36 2620  873 2621  142 2622  874 2623   62 2624  108 2625  875
 2626  876 2627  877 2628  747 2629  221 1855 4907 4734 1278 1823 1373
 4229 3408 3710 1354 3834 4176 2651 1996 1257 3083 5278 3425 5407 4035
 3286 3211 4248 3618 4132 4090 4130 1178 4129  880 4128  964 4127  308
 4126  839 4125  339 4124 4116 2520 3362 4067  824 3361 1079 3360  508
 3359 1065 3358 1078 3357 1030 3356 3355 3354 3353 2680 5332 4727 3376
 3417 4046 4219 3718 5170 2720 1917 5760 4236 4539 4536  249 4535 4398
 4399  668 3594 3591 4397 4396 4395  981 4394  891 4393 4392  908  913
 4391 4390  977 4523 4524 4525 4526 4527 4528 1124 1128 4529 4530 3685
 3686 3687 3688  606 3689  921 3690 1082 5083 5084 5085 5086  901 3691
 1129 3692 3693  781 3694 3695 5087 5088 5089 5090 5091 5096 5093 5092
  509 1833  560 1832  559 1831  558 1830  557 1829 1824 2446 2359 2681
 5333 4728 3377 3418 4047 4220 3719 5171 2721 5094 1918 5761 4237 1445
 4400 2033 2707 4531 3587 3664 3631 5561 2939 3134 3097 4111 2665 3670
 4575 3027 2692 4263 2700 2801 2932 3642 1484 3059 3067 3046 4831 3152
 2169 3579 5013 5371 5396 5575 3862 5238 3981 3122 3994 3121 1014 3117
  714 3116 1013 3115  996 3114 3113 3022 3021 3020 3019 3018 4760 4761
 4762 4763 4764 4765 4766 4767 4768 1212 4769 1213 4770 4771 4772 4773
 4774 4775 4776 4777 4778 4779 5072 5073 5074 5075 5076 5077 5592 1083
 5593 1222 5594  902 5595 4048 4049 4050 4051 4052 4053 4054 3336 3696
 3179 4961 3739 3485 3276 3648 2766 2592 3369 1776 4169 1799 3756 2521
 3363 4068 4117  539 1805  538 1804  537 1798 1834 1835 1836 1837 1806
  340 1838 1839 1840 3078 3079 3080 3081 1847 1846 1845 1844 1843 1842
 1841  309 1807  540 1808 1809  541 1810  542 1811  543 1812  544 1813
  545 1814  546 1815  547 1816   37 1848 1849 1817  548 1818 1819  549
 1820  143 1850 1851   63 1852  561 1321 4155 4078 5108 4145 5120 5307
 5231 5293 2279 2318 2645 1427 3655 1481 2365 2630 3677 3640 5826 5569
 5565 5487 5458 4106 5430 1234 4626 4589 4740 5539 4434 5524 3705 5519
 1240 3637  270 1478  269 1477  219 1424  218 1423  217 1418 4908 4735
 1279 1374 4230 3409 3711 1355 3835 4177 2652 1997 1258 5279 3426 5408
 4036 3287 3212 4249 3619 4091 3072 4836 2637 5400 4101 2905 4271 1527
 2537 1579 1528  310 1529  311 1530  312 1531  313 1532  314 1533  315
 1534  316 1535   38 2746 2745 2744 2743 2742 2741 2740 2739 2738 2737
  931 2736 2735 2734  530  510 3388 3389  825 3390 3391  341  840 3392
 3393 3394 3395 3396 3397 3398 3399 3400 3401 3405  144 2747 2748  932
 2749  165 2750   64 2751 2752 2753 2754  109 1474  267 1475  268 1476
  212 2755 2756 2631 3678 2366 2757 3656 3633 2646 2319 2280 5294 5232
 5308 5121 4146 5109 1419 4079 4156 1322 1470 4909 4736 1280 1375 4231
 3402 3712 1356 3836 4178 2653 1536 1998 1259 5280 3427 5409 4037 3288
 3213 4250 3620 4092 3073 4837 2638 5401 4102 2906 4272 2538 1580 4118
 4069 3364 2522 3757 1800 4170 1777 3370 2593 2767 3649 3277 3486 3740
 4958 4962 1166 4957 1031 4956 1076 4955  551 4954  783 4953  904 4952
 1220 4951 1210 4950 1085 4949 1130 4948 4947 4959 4942  252 4941  670
 4940 1115 4939 4938 4937 1020 4936 2941 3095 3029 2690 4935  905 4934
  944 4933  979 4932 1126 4931  276 4930 1002 4929 1001 4928 1114 4927
 1219 4926 1017 4925 1159 4924 1162 3999 4923  717 4922  995 4921 4920
 1940 1939 1938 1937 4917 4918 4919 5858 2697 3053 5127 5285 2998 3853
 3831 2573 2948 2213 4000 3995 3982 5239 3125 5397 5372 5014 3580 3154
 4833 3048 3054 3069 1486 3645 2934 2803 2703 4267 2688 3030 3093 3672
 2667 4113 3136 5563 3626 3667 4781 2942 4581 3589 4533 2710 2035 4402
 1447 4943 4239 5763 5079 4212 5172 3720 5621 3420 4729 5334 2682 5596
 2360 2447 1825 3337 3697 3180 4055 4596 4597 4598 4599 4600  342 4601
  841 4602  965 4603  881 4604 1208 4605 1003 4606 1121 4607 1040 4608
 1087 4609   39 4610  145 4611 1187 4612  166 4613   65 4614  110 4615
 1181 4616 1170 4617  213 4618 4619  759  748 5295  786 2367   12 2368
  787 5459 4627 5460 2369 5296 4620 4621   13 4622  788 4623 1209 4624
 1177 4625    4 1235 5431 4107 5461 5488 5566 2370 5570 5827 5525 3706
 5520 1241 5297 3679 2632 2758 3657 3634 2647 2320 2281 5233 5309 5122
 4147 5110 1420 4080 4157 1323 1471 4910 4737 1281 1376 4232 3403 3713
 1357 3837 4179 2654 1537 1999 1260 5281 3428 5410 4038 3289 3214 4251
 3621 4093 1004 4088 1174 4087  882 4086 4085 2539 2535 1581 3347 2530
 4098 4099  962 2901  961 2900  343 2899  827 2898  532 2897 3758 3279
 3280 3281 4070 4119 3346 1077 3345  826 3344  531 3343  511 3342 3341
 3340 3278 1062 3274 1061 3273 1060 3272 1032 3339 3338 3271  552 3270
 3269 3268 5723 5722 5721 5720 5719 5718 5717 5716 5715 5714 2432 2433
 2434 2435 2436 2881 2880 2879 2878 2877 2876 2804 2935 1487 3155 2425
 2426 2427  795 2428  796 2429  797 2430  798 2431 5713 5712 5711 5710
 5709  277 5708 5707 5706 2424  794 2423 2422  793 2421  792 2420 5705
 5704 5703 5702 5701 5700 5699 5698 5049 5697 5048  364 5047  417 5046
 1179 5045 1149 5044 3882 2410 2411 2412 2413  365 2414 2415 2416 2417
 2418 2419 2944 3049 2011  653 2012 2013  654 2014  655 2015  656 2016
  657 2017  658 2018  659 2019  660 2020 2021  661 2022  278 2023  662
 2024  663 2025  664 2026  665 2027 2028 2029 2030 4403 1448 4944 4240
 5764 5080 4213 5173 3721 5724 5622 3421 4730 3265 5335 2683 2888 2887
 2886 2885 2884 2883 2882 2437  253 2438  799 2439  800 2440  801 2441
  802 2442  803 2443  804 2444  784 2889 2890  553 2891  956 2892  957
 2893  958 2894  959 2895  960 2896  512 2768 2594 3371 1778 4171 1801
 3759 2523 3365 3282 4071 4120 3348 1582 2531 4094 4081 4273 5402 2639
 4838 3074 1249 3622 4252 3215 4039 4040 5411 3429 4135 3292 3291 3290
   30 1253   31 1254   32 1255 1351 1324  111 1325  112 1326  113 1327
  114 1328  760 2321  761 2322 2323  762 2324 5432 5433    5 1198 5434
 5457 5435 4590 4741 5538 5537 5536    3 1233    0 4432  763 4433 4435
 1205 4742 1211 4743 2686 2687 3733 3732 3731 3730 3729 4108 5462 2325
    1 4004 4005 4006 4007 4008 4009  288 1500  287 1499  286 1498  285
 1497  284 1496  283 1495 1494  282 1493  117 1492  281 1491 3227  215
 3226 1047 3225  265 3224   68 3223 1046 3222 1045 3221  139 3220 1044
 3219  161 3218 1043 3217 3216 4253 3623 1250 3075 4839 2640 5403 4275
 4082 4095 2532 1583 3349 4121 4072 3283 3366 2524 3760 1802 4172 1779
 3372 2595 2769 4406 3651 4594 3488 3742 4057 3182 3699 1827 2362 2357
  779 2356  778 2355  777 2354  776 2353  775 2352  774 2351 2350 2349
 2348  240 4716 4717 4718 4719 4721 4722 4723 4724 5200 5199 5198 5197
 5196 5195 5194 3808 5193 3673 4715 4714 4713 4712 4711 4710 4709 4708
 4707 4706 4705 4704 4703 4702 4701 4700 4699 4698 4697 4696 4695 2871
 3790  419 2215 3791  367 3792 2698 3793  983 3794  848 3795  718 3796
 1133 3797 3798 3574 3575 3576 3800 3799 3062 3063 3064 3801 1026 3802
  279 3803  980 3804  906 3805 3806 3807 4114 1439  241 1440  242 1441
  243 1442 3809 3810 3811 4945 4241 5765 5081 4214 5174 3722 3723 5725
 5623 3422 4731 3266 5336 5201 1059 5202 1221 5203  785 5204  554 5205
 1033 5206 1167 5207 1102 5208 1206 5209  514 5210  534 5211  829 5212
  345 5213 1172 5214  884 5215 1216 5216 1006 5217   27 5218 1042 5219
 1165 5220  160 5221 1182 5222 5223 5224 5225 5226 5227 5228 5229 3845
 5528 1329 2648 3635 3658 2759 2285 2634 3681 5299 5514 5484 1243 1242
 4431 5486 5513 5298 3680 2633 5516   14 5535 5534 5533 5532  115 5531
 4148 4076 4142 1169 4141  263 3297 3296 3295 3294 3293  167   66 4140
 4139 4138 4137 4136 1370  164 1369  163 1368 1367  138 4421 4422 4423
 4424 4425 4426 4427 5118 4143 5123 5310 5234 5527 2282 2283 2284  116
 4430 4429 1197 4428 1135 3844  214 3843 1134 3842  264 3841   67 3840
 3839 3838 4420  159 4419 1164 4418 1041 4417   26 4416 1005 4415 1196
 4414  883 4274 4413 1188 4412 1171 4411  344 4410  828 4409  533 4408
  513 4405 3650 4593 3487 3741 4056 3181 3698 1826 2361 5597 2678  899
 2677  898 2676  897 2675  896 2674  895 2673  254 2672 4655 4654 4653
 4652 4651 4650 4649 4648 4647 4646 4645 4644 4643 4642 4641 4640 4639
 4638 4637 4636 4635  366 2010  418 2009 4634  484 4633 4632 4029 2969
 3918 4573 2270 2257 2259 3034 2453 1248 2005 1287 2670 4368 1758 1755
 1754 3005 2659 2069 3750 3510 2262 2973 4226 2527 4325 4324  174 4326
 4327 4328 4329 4330 4331 4332 4333 4334 4335 2006  652 2007 2008 4336
  575 2458 2408 3549 2145 2810 2809  704 5042 5043  483 3904 5301 2663
 3881 4152 4916 1763 1762 1761  491 1759 3127 1747 3548 2457 2149 2175
 2374 4690 1878 2841 3101 4033 4631 2452   22 1247   21 2450 2451 3033
 4630 2449 2669 4367 1757 1246 1285 3004 2658 2073 3822 1364 2834 2835
 4893 4892 2264 2263  158 4365 4364 4363 4362 4361 4360 4359 5837 5838
 5839 5840 5841 5842 5843 5844 4366 5845 5846 5847 2558 2557 2556   20
 2555 2554 2553 2552 2551 2550 2549 2548 2547 2546 2545 2544  845 3770
 2821 5833  504 5834  625 5835  643 5836  231 4358 4357 4356 4355 1011
 4354  946 4353 4352  939 2820 2819  206 4351 4350 4349 4348 4347 5643
 5644 5645 5646 5647 4883  947 4882  940 4881  207 4880 4879 4878 4877
 4876 1466 1467 5813 5814 5815 5816 5817 5818 5819 5820 5821  232 2829
  644 2828  626 2827  505 2826  948 2825 4884 4885 4886 4887 2928 4888
  173 4889 4890 4891  837 2833  949 2832 2831 2830 5822 5823 1382 3746
 1359  149 1360  150 1361  151 3819 3818 3817 3816 3815 5032 5033 5034
 5035 5036  682 5037   70 5038 5039 5040 5041 2808 2144 2143 2142 1286
 2141  703 2140  702 2139 2070 3749 3748 3747  146 2138 2137 2136 2135
 2134  701 2133  233 2132  627 2854  496 2131 2130  700 2129 2853 2852
 2851 2128 2127 2126 2850 2849 5024 5025  208 5026 5027 5028 5029 5030
  645 5031 5796 1970 2276 2615 1774 1769 3569 3568 3090 3771 2822 1670
  425 1669 1668  424 1667 1666 1665 5812 5811 5810 1664   57 1663 5389
  137 5809 5808 5416  188 5807  461 5806 1201 5805 1227 5804 5803 5802
 5801 5380 4105 1335 5652 3505 1519 1973 1394 1753 1950 3464 1857 5129
 3465 3466 3467 3468 3469 3470 1095 3471 1096 3472 1097 3473 1094 3474
  101 3475 1098 3476 1099 3477 2716 3483 1389 3520 4257 3491 1542 5414
 5387 1344 5019 5020 5021 5022 5023 2848 2847 2125 2124 2123 2122  699
 2121  698 2120  697 2119  189 2118 5375 1390 1679 3873 3965  462 4497
 5491 4495 3961 5445 5444 5443  102 5442 5441 3332 3331 1336  124 1337
  125 1338  126 1339  127 1340 1341  128 1342  129 1343  130 1345 5446
 1391 2222 5373 5288 5291 5101 1274 5473 3230 4281 3499 5286 3496 5497
 1104 5496  720 5495  131 5494  574 5493 5492 5114 1317 5142 3851 3461
 1523  304 1522  303 1521 1520  302 4028  646 4027  632 4026  562 4025
  568 4024  349 4023 1021 4022 1053 4021 1160 4020 1143 4019 4018 4017
 5386 5383 3969 3968 3943 3906 1514 5455 5451  237 1154 5450 5449 1289
   74 5867  256 5868 5869 5870  299 5871 1156 5872 1141 5873 1147 5874
 1144 5875 1161 5876 1054 5877 1022 5878 3146  350 3147  648 3148 5879
 5882 1863 1858 1859  563 1974 3506  193 3507 1977 1976 1975 1951  569
 4012 4013  564 1864 1865  570 1866  194 1867  571 1868 1869  572 1870
  573 1871 1872 3203 5684 5683 5682  103 5681 5680 5679 1978 1979 1980
 1981  453 1873 1982  647 1983 1984 1985 1986 1987 1988 1989 1990 1958
 1957 1956 1955 1954 5498 5499 5500 5501 1561 1550 4785 5102 3514 1504
 1468 4317 4318 4319 4320 4321 4322 4323 2610 1947 2855 2277 1767 3570
 3091 3772 2823 1671 2775 1415 5648 3557 4439 3558 1562 1959 1960  636
 1961  209 1962  426 1963  637 1964  497 1965  628 1966 2272 1971 5797
 3138 3813 1433 1685 3586 4467 2949 2927 5824 1383 1358 2526 4223 4222
 2970 3777 3778 3779 3780 3781 3782 3783 3784 3785 3786 3787 3788 3789
 2870  576 2869  955 2868   23 2867   71 2866  893 2865  489 2864  887
 2863 2862  954 2861  147 2860  175 2859  953 2858 2857 3776 3775 3774
 3773 2824 1672 2776 1416 5649 3559 1993 1992 1991  326 5692  261 5691
 5690 5689 5688   58 5687 5686 5685  132 3521 3522 3523 3524 3525 3526
 3527 3528 3529 5672 5671 5670 5669 5668 5667 5666 5665 5664 1543  317
 1544  318 1545 1546  319 1547  320 1548  321 1549 2177 2178 2179 2180
 2181 2182  327 2183 2184 2185 2186  499  630 2187  222 4443 4442 4441
 4440  210 5673  427 5674 3530 3531 3532  498 3533  629 3534 3535 3536
 3537 3538 3539 3540 3541 3542 3543 3544 3545 3546 3547 3102 2842 1879
 2171 4691 2375 4337 2459 3550 2409 3128 1760 4458 2202  441 4482 1700
 2203 4459 2327 2328 4460  368 2204 1701 4483 4484 4485 1702  442 1703
  443 1704  444 1705  445 1706  446 1707  447 1708  448 1709  449 1710
 3158 3159 3160 3161 3162 3163 5247 5246  280 5245 5244 5243 5242 5241
 5240 3983 3572 4001 3989 2214 2209 2208 2207 2206 2205 4461 4462 2329
 2330 2331  764 2332  765 2333  766 2334  719 2335  767 2336  768 2337
  769 2338 2339 2340 2341 2342 2343  770 2344  771 2345  772 2346  773
 2347 5250 5249 5248 3164 3165 3166 3167 5251 5252 5253 5254 5255 5256
 5257 5258 5260 5261  555 3176 3175 3174 3173 3172 3171 3170 3169 3168
  849 2576  850 2577  851 2578  852 2579  853 2580  854 2581  855 2582
  856 2583  857 2584 4161  556 4162 2585  858 2586  859 2587 4163 4164
 4165 4166 4167 4173 2596  516 2589  861 2588  860 4063 4062 4061 4060
 1027 3177 5262 5263 1168 5264 1103 5265 1207 5266  515 5267  535 5268
  830 5269  346 5270 1173 5271  885 5272 1217 5273 1007 5274   28 5275
 5276 4180 1538 2000 4133 3430 1365 5412 4041 4254 3624 1251 3076 4840
 2641 5404 4276 4083 4096 2533 1584 3350 4122 4073 4065 4064  536 2597
  831 2598  862 2599  347 2600  863 2601  864 2602  865 2603  866 2604
   29 2605  867 2606  162 2607  868 2609  328 1565   69 1566  266 1567
  329 1568  216 1569  330 1570 3404 3714 1350 2655 4233 1282 4738 4911
 1472 3298 4158 4074 5105 1421 5116 1489 5311 3228 3846 5529 1330 2649
 3636 3659 2760 2286 2635 3682 5300 5515 5485 4003 3707 5526 5828 5571
 2371 5567 1232 1244 2326 5463 4109 3728 4591 5436 3753 3754 3751 2684
 4744  335 1577 5456 5313 4235 2937 4745 2685 3752 5437 4592 4588 4587
 1576  334 1575  333 1574  332 1573    2 4586 1572  331 1571  118 4585
 4584 4583 5530 3847 3229 5312 1490 5117 1422 5106 4075 4159 3299 1473
 4912 4739 1283 4234 1564 2608 4181 1539 2001 4134 3431 1366 5413 4042
 4255 3625 1252 3077 4841 2642 5405 4277 4084 4097 2534 1585 3351 4123
 3284 3367 2525 3761 1803 4174 1780 3373 2770 4407 3652 4595 3489 3743
 4058 4059 3700 4966 4964 4967 4965 4963 1828 5598 4160 5337 3267 5259
 3423 5624 5726 3724 5175 4215 5082 5766 4242 4946 3812 4720 2671 4404
 4656 2711 4534 3590 4582 2943 4782 2575 3668 2590 3627 5564 1438 3137
 4115 5192 3674 3094 3031 2875 2689 4268 2704 2805 2936 1715 3646 1488
 3156 3055 4494 1716 1714 1713  452 1712  451 1711  450 4492 4491 4490
 4489 4488 4487 4486 2999 3000 3001 3003 3126 5367 5398 3061 5015 3157
 3043 4834 4493 3002 3984 3573 4002 3990 2574 3832 3854 2799  943 2798
  911 2797  942 2796  369 2795  420 2794  485 2793  577 2792  941 2791
   25 2790   73 2789  894 2788  490 2787  888 2786 2785 2784 2783 2782
 2781 2780 4308 4309 4310 4311 4312 4313 4471 4472 4473 4474 4475 4476
 4477 4478 4479 4480 4481 1699  440 1698  439 1697 2200 2201 4457 4456
 4455 4454 4453 4452 4451 4450 4449 4448 4447 4446 4445 4444  431 2188
 2189 2190 2191 2192 2193 2194 2195 2196 2197 2198 2199   72   24 1696
 1695  438 1694  437 1693  436 1692  435 1691  434 1690  433 1689 1688
 1687  432 1686  176  148 4470 4469 4468 3581 3814 3139 5798 1428 2856
 1948 2611 2271 1768 3571 5675 3092 1509  294 1508 1507  293 1506 1505
 3515 5103 4783 1275 5474 3231 4282 1953 3495 5287 5374 2176 2223 1392
 5447 1346 5388 5415 3492 4258 2117 1680 3874 3959 5428  916 5427  455
 5426 5425 5424 5423  305 3263 3262 3261 1058 3260 1057 3259  196 3258
 1056 3257  634 3256 4286 4287 4288 4289  105 4290  456 4291  917 4292
 4293 4294 4295 4296 4297   59 4298 1190 4299 1191 4300 1108 4301  262
 4302 4303  211 4304 4305  295 4306 4307  631  223 2779 2778 2777 1417
 5650 3560 1994 5693 1563 5502 1551 1469 3516 5104 4784 1299 1298   84
 1297   83 1296   82 1295   81 1294   80 1293 3960 5429 3478 2712 3204
 3479 1717 4496 1874 5115 1318 3264 5143 3852 3462 1524 3334 4211 1105
 4210  197 4209 1163 4208  635 4207  567 4206 1025 4205  651 4204  353
 4203  934 4202 1158 4201 1145 4200 1148 4199 1142 4198 4194 1157 4193
  301 4192  239 4191 1155 4190  258 4189   76 4188    9 4187   43 4186
  121 4185  384 4184  168 4183  354 4182 4843 1012 3099 3236   42 3237
    8 3238   75 3239  257 3240 1048 3241  238 3242  300 3243 1049 3244
 1050 3245 1051 3246 3985 1052 3247 1055 3971 3251  933 3252  352 3253
  650 3254 1024 3255  566 2761 3188  351 3189  649 3190 1023 3191  565
 3192  633 3193 1034 3194  195 3195 1035 3196 3197 1036 3198 3199  104
 3200 3201 3202 5663  430 5662 5661 1037 5660  454 5659 5658 5657 5656
 5655 5654 5653 1952 1860 4014 3149 2004 1586 1748 3187 2764 3977 3974
 3250 3988 3866 3877 3865 4197 5382 3970 3944 3907 1515 1437 3884 3958
 5448 1450 1288 3503 2077 1605 3433 3942 5866 3925 5477 1237 1555 1262
 3923 3737 1332 5503 1517 1622 3071 3661 3953 3300 3209 1377 5540 1590
 4842 3941 3432 1604 2076 3502 1292 1449 3307 3308  255 3309 1067 3310
  236 3311 1068 3312  298 3313 1069 3314 1070 3315 1071 3316 1072 3317
 3333 3320 3321 3322 3323 3324 3325 3326 3327 3328 3329 3330 1397  192
 1396  191 1395  488 1751  487 1750  486 1749  348 3186 3185 3915 3914
 3913 3912 3911 3936 3935 3934 3933 3910 3909 3908 3905 1513 1512 5454
 1436 3883 3956 1454 5512 3957 1451   79 5509 5508  360 3306 1066 3305
 3304 3303 3302 3301 1378  169 1379  170 1380  120 5504 5505   41 5506
    7 5507 1598 1597  356 1596 1595  172 1594 1593 1592  355 1591 4844
 1218 4845 4846 1038 5541 5542 3952 3951 3735 3736 5544 5543  171  383
 4847 4848 4849 4850 4851  357   40 1132  119 5545 5546 5547 5548    6
 5549  359 4853 4852 1600 1557 5476 3924 3926 3927 3928 3929  260   78
 4854 4855 4856  235 4857  297 4858 3930 3931 3932 4859 4860 4861 1140
 4862 1146 4863 1073 3937 2054  672 2055  673 2056  674 2057  675 2058
 2059 2060 2061 2062 2063 2064 2065 2066  123 2067  676 2068 5381 4285
 5678 5422 5440 3460 3850 5113 5141 1316 5140 5139 5138 5137 5136 5135
 5134 5133 5132  190 5131 5130 1587 4870 4869 4868 4867 4866 4865 4864
  671 3893 3894 3895 3896 3897 3898 1153 1589 2003 5881 1862 3900 4872
 4011 2763 3145 3976 3184 3917 3973 3249 3987 3869 3867 2053 3939 3319
 3892 3891 3890 3889 1152 3888 1151 3887 1150 3886 3885 3947 3946 3945
 1435 3955 1453 5511 1291 5551 3501 2075 5475 5478  358 5479 5480   77
  259 5481 5482  234 5453 1511 3967 5385 4016 4196 3864 3949 3876 1301
   86 1302   87 1303   88 1304   89 1305   90 1306   91 1307   92 1308
   93 1309   94 1310   95 1311   96]

eliteFit: 580009.0
percentError: 2.5602532137994447
computationTime: 7405.897s