instanceName: rl5915
n: 5915
optFit: 565530

genTime, gen, eliteFit, percentError:
0.00846900005126372, 0, 41791603.0, 7289.812
77.41966509999475, 1, 637845.0, 12.787
45.06650469999295, 2, 633783.0, 12.069
46.896688500011805, 3, 622153.0, 10.012
44.87613940000301, 4, 622153.0, 10.012
43.45251189998817, 5, 618196.0, 9.313
40.687808299961034, 6, 617432.0, 9.178
40.38656090002041, 7, 614761.0, 8.705
40.572242700029165, 8, 610756.0, 7.997
41.12410259997705, 9, 609425.0, 7.762
43.37668579997262, 10, 609307.0, 7.741
42.755313500005286, 11, 604954.0, 6.971
40.94035270001041, 12, 604954.0, 6.971
40.948010199994314, 13, 604606.0, 6.910
37.946086600015406, 14, 602872.0, 6.603
38.38550849998137, 15, 602523.0, 6.541
35.292467000021134, 16, 600781.0, 6.233
36.27844149997691, 17, 599482.0, 6.004
35.461796000017785, 18, 598911.0, 5.903
33.34581520000938, 19, 597815.0, 5.709
35.458439100009855, 20, 597815.0, 5.709
35.56164860003628, 21, 595789.0, 5.351
31.895253300026525, 22, 595789.0, 5.351
34.43712079996476, 23, 595789.0, 5.351
33.857609099999536, 24, 594435.0, 5.111
32.32500569999684, 25, 593815.0, 5.002
29.512856999994256, 26, 593696.0, 4.980
27.15532160003204, 27, 593696.0, 4.980
17.007799500017427, 28, 593640.0, 4.971
9.354624100029469, 29, 593423.0, 4.932
9.25333999999566, 30, 592976.0, 4.853
12.18393980001565, 31, 592641.0, 4.794
11.336548499995843, 32, 592641.0, 4.794
13.207255100016482, 33, 592324.0, 4.738
13.563690699986182, 34, 592157.0, 4.708
15.167934600031003, 35, 591710.0, 4.629
15.952075799985323, 36, 591710.0, 4.629
17.306786700035445, 37, 590677.0, 4.447
19.99313409999013, 38, 590649.0, 4.442
17.15890669997316, 39, 590505.0, 4.416
12.836918600019999, 40, 590375.0, 4.393
12.20169190003071, 41, 590203.0, 4.363
10.905818000028376, 42, 589935.0, 4.315
10.596084399963729, 43, 589935.0, 4.315
14.247940599976573, 44, 589775.0, 4.287
15.866047999996226, 45, 589567.0, 4.250
19.06101020000642, 46, 589301.0, 4.203
18.033967400027905, 47, 588969.0, 4.145
12.486538299999665, 48, 588969.0, 4.145
11.5328021000023, 49, 588451.0, 4.053
9.575032799970359, 50, 588378.0, 4.040
8.951171500026248, 51, 588066.0, 3.985
11.81090199999744, 52, 587750.0, 3.929
13.98261820001062, 53, 587483.0, 3.882
14.98809820000315, 54, 587357.0, 3.860
13.294942000007723, 55, 587238.0, 3.839
9.50867140002083, 56, 587123.0, 3.818
9.860587100032717, 57, 586963.0, 3.790
11.610707799962256, 58, 586768.0, 3.755
9.795838999969419, 59, 586730.0, 3.749
10.020955599960871, 60, 586684.0, 3.741
7.63749180000741, 61, 586684.0, 3.741
9.260805299971253, 62, 586684.0, 3.741
8.53350139997201, 63, 586684.0, 3.741
6.858753199980129, 64, 586684.0, 3.741
8.279171400004998, 65, 586540.0, 3.715
11.077385900018271, 66, 586540.0, 3.715
9.39474610000616, 67, 586540.0, 3.715
13.613393199979328, 68, 586508.0, 3.709
17.614285100018606, 69, 586484.0, 3.705
22.98566900001606, 70, 586011.0, 3.622
25.288287099974696, 71, 586003.0, 3.620
28.23530360002769, 72, 585764.0, 3.578
22.649165400012862, 73, 585764.0, 3.578
14.764313900028355, 74, 585756.0, 3.576
8.043786199996248, 75, 585658.0, 3.559
8.176910799986217, 76, 585650.0, 3.558
10.451878099993337, 77, 585541.0, 3.538
7.637083200039342, 78, 585443.0, 3.521
9.996660100005101, 79, 585281.0, 3.492
11.974550799990539, 80, 585273.0, 3.491
10.746437099995092, 81, 585232.0, 3.484
8.72959850000916, 82, 585070.0, 3.455
8.585043099999893, 83, 585070.0, 3.455
7.084146699984558, 84, 585070.0, 3.455
8.538301200023852, 85, 585070.0, 3.455
12.029640999971889, 86, 585070.0, 3.455
7.346369400038384, 87, 585070.0, 3.455
10.512289399979636, 88, 585070.0, 3.455
8.94453069998417, 89, 584797.0, 3.407
11.007831900031306, 90, 584509.0, 3.356
15.671791700005997, 91, 584509.0, 3.356
22.666719799977727, 92, 584376.0, 3.332
17.638957099989057, 93, 584376.0, 3.332
11.829393199994229, 94, 584246.0, 3.309
14.198598199989647, 95, 584097.0, 3.283
12.298724199994467, 96, 584052.0, 3.275
15.558281000005081, 97, 583963.0, 3.259
13.064952899992932, 98, 583789.0, 3.229
14.309217000030912, 99, 583625.0, 3.200
14.593242899980396, 100, 583334.0, 3.148
17.12095860001864, 101, 583282.0, 3.139
15.555899499973748, 102, 583238.0, 3.131
14.571866500016768, 103, 583146.0, 3.115
14.694669699994847, 104, 583098.0, 3.106
14.406041999987792, 105, 583035.0, 3.095
14.025217599992175, 106, 582895.0, 3.071
12.848418099980336, 107, 582783.0, 3.051
14.357295599998906, 108, 582783.0, 3.051
11.524552799994126, 109, 582760.0, 3.047
13.888471000012942, 110, 582705.0, 3.037
9.920897699950729, 111, 582671.0, 3.031
12.289666700002272, 112, 582661.0, 3.029
8.961248499981593, 113, 582661.0, 3.029
7.894841899978928, 114, 582646.0, 3.027
9.670251499977894, 115, 582646.0, 3.027
9.557062800042331, 116, 582412.0, 2.985
9.171432100003585, 117, 582412.0, 2.985
11.282599699974526, 118, 582412.0, 2.985
9.675516399962362, 119, 582293.0, 2.964
9.166795200027991, 120, 582293.0, 2.964
8.169568300014362, 121, 582293.0, 2.964
8.749874500033911, 122, 582293.0, 2.964
7.566666800004896, 123, 582293.0, 2.964
8.912866699974984, 124, 581876.0, 2.890
10.528554500022437, 125, 581876.0, 2.890
11.77983509999467, 126, 581876.0, 2.890
17.67998280003667, 127, 581853.0, 2.886
19.15476560004754, 128, 581447.0, 2.815
14.685880600009114, 129, 581447.0, 2.815
16.571750800008886, 130, 581447.0, 2.815
19.2711588999955, 131, 581290.0, 2.787
24.591838899999857, 132, 581220.0, 2.774
20.927381900022738, 133, 580611.0, 2.667
26.30660860001808, 134, 580611.0, 2.667
26.40176119998796, 135, 580606.0, 2.666
25.92531100002816, 136, 580606.0, 2.666
20.317831900028978, 137, 580572.0, 2.660
18.550143699976616, 138, 580190.0, 2.592
15.331093900022097, 139, 580151.0, 2.585
19.29117879999103, 140, 580146.0, 2.584
14.257015299983323, 141, 579881.0, 2.538
13.411988399981055, 142, 579881.0, 2.538
15.583633099973667, 143, 579727.0, 2.510
12.547429700032808, 144, 579695.0, 2.505
8.46509040001547, 145, 579580.0, 2.484
10.795799900020938, 146, 579541.0, 2.477
11.829555700009223, 147, 579480.0, 2.467
8.095459799980745, 148, 579480.0, 2.467
10.132026300008874, 149, 579474.0, 2.466
8.441000399994664, 150, 579454.0, 2.462
8.576075499993749, 151, 579454.0, 2.462
9.877706400002353, 152, 579454.0, 2.462
7.463296900037676, 153, 579454.0, 2.462
8.64510560000781, 154, 579454.0, 2.462
9.937413100036792, 155, 579454.0, 2.462
10.32129769999301, 156, 579454.0, 2.462
8.86076489998959, 157, 579454.0, 2.462
8.263133500004187, 158, 579454.0, 2.462
7.622962799970992, 159, 579454.0, 2.462
8.965647300006822, 160, 579454.0, 2.462
7.378144099959172, 161, 579454.0, 2.462
11.237961500009988, 162, 579454.0, 2.462
7.729420999996364, 163, 579454.0, 2.462
9.314419600006659, 164, 579454.0, 2.462
8.76710329996422, 165, 579454.0, 2.462
8.29077329998836, 166, 579454.0, 2.462
7.825379099987913, 167, 579454.0, 2.462
10.282258299994282, 168, 579454.0, 2.462
8.076056699967012, 169, 579454.0, 2.462
7.505914899986237, 170, 579454.0, 2.462
8.132169599994086, 171, 579454.0, 2.462
9.797041799989529, 172, 579454.0, 2.462
7.365629099949729, 173, 579454.0, 2.462
7.96938169997884, 174, 579454.0, 2.462
9.072842499997932, 175, 579454.0, 2.462
8.689477899984922, 176, 579454.0, 2.462
9.485384800005704, 177, 579454.0, 2.462
8.153585400024895, 178, 579454.0, 2.462
9.41145359998336, 179, 579454.0, 2.462
6.8529706000117585, 180, 579454.0, 2.462
8.834746500011533, 181, 579454.0, 2.462
9.89629199996125, 182, 579454.0, 2.462
8.151124000025447, 183, 579454.0, 2.462
9.568414699984714, 184, 579454.0, 2.462
7.592550600005779, 185, 579454.0, 2.462
7.141997599974275, 186, 579454.0, 2.462
6.887319600034971, 187, 579454.0, 2.462
10.95945640001446, 188, 579454.0, 2.462
6.4342670000041835, 189, 579454.0, 2.462
8.09691710001789, 190, 579454.0, 2.462
8.472628100018483, 191, 579454.0, 2.462
6.711641300003976, 192, 579454.0, 2.462
9.406558100017719, 193, 579454.0, 2.462
9.174784300033934, 194, 579454.0, 2.462
10.003185499983374, 195, 579454.0, 2.462
9.122203700011596, 196, 579414.0, 2.455
8.955005700001493, 197, 579414.0, 2.455
11.90291259996593, 198, 579354.0, 2.444
17.894192300038412, 199, 579354.0, 2.444
14.824944899999537, 200, 579354.0, 2.444
13.449807700002566, 201, 579354.0, 2.444
14.254328100010753, 202, 579354.0, 2.444
9.116811499989126, 203, 579354.0, 2.444
8.787342399999034, 204, 579354.0, 2.444
8.621959100011736, 205, 579354.0, 2.444
8.680007399991155, 206, 579354.0, 2.444
7.599433399969712, 207, 579354.0, 2.444
7.765308899979573, 208, 579354.0, 2.444
8.738282200007234, 209, 579354.0, 2.444
8.690023000002839, 210, 579354.0, 2.444
7.508833500032779, 211, 579354.0, 2.444
8.212246700015385, 212, 579343.0, 2.442
8.062416000000667, 213, 579083.0, 2.397
11.64584620000096, 214, 579083.0, 2.397
8.879665000014938, 215, 579044.0, 2.390
8.15809540002374, 216, 579038.0, 2.389
7.886434099986218, 217, 579038.0, 2.389
7.549580599996261, 218, 578999.0, 2.382
7.281280800001696, 219, 578944.0, 2.372
7.810185400012415, 220, 578899.0, 2.364
10.707685399975162, 221, 578899.0, 2.364
7.066291900002398, 222, 578899.0, 2.364
8.071030499995686, 223, 578899.0, 2.364
8.785073000006378, 224, 578899.0, 2.364
7.219985699979588, 225, 578899.0, 2.364
9.143763799977023, 226, 578899.0, 2.364
8.723217600025237, 227, 578899.0, 2.364
7.61067369999364, 228, 578899.0, 2.364
7.684259399946313, 229, 578899.0, 2.364
8.658558300056029, 230, 578899.0, 2.364
7.933805999986362, 231, 578899.0, 2.364
10.391156999976374, 232, 578899.0, 2.364
7.880596800008789, 233, 578899.0, 2.364
8.879478199989535, 234, 578899.0, 2.364
8.04650259995833, 235, 578899.0, 2.364
8.047335500014015, 236, 578899.0, 2.364
6.982042699994054, 237, 578899.0, 2.364
9.051248500007205, 238, 578899.0, 2.364
7.627202700008638, 239, 578899.0, 2.364
9.31044109998038, 240, 578899.0, 2.364
8.324279200052842, 241, 578899.0, 2.364
9.126712600002065, 242, 578899.0, 2.364
6.565057199972216, 243, 578899.0, 2.364
8.06020740000531, 244, 578899.0, 2.364
7.919687099987641, 245, 578899.0, 2.364
8.352742299961392, 246, 578899.0, 2.364
8.386963700002525, 247, 578899.0, 2.364
8.288261000008788, 248, 578899.0, 2.364
7.357170200033579, 249, 578899.0, 2.364
9.247534800029825, 250, 578899.0, 2.364
8.609042599971872, 251, 578899.0, 2.364
8.965382399968803, 252, 578899.0, 2.364
8.317228300031275, 253, 578899.0, 2.364
10.718282299989369, 254, 578899.0, 2.364
8.752756299974862, 255, 578899.0, 2.364
9.016554299974814, 256, 578698.0, 2.328
7.590024599980097, 257, 578698.0, 2.328
8.632911599997897, 258, 578698.0, 2.328
9.358359700010624, 259, 578698.0, 2.328
7.251084599993192, 260, 578698.0, 2.328
9.987967399996705, 261, 578698.0, 2.328
9.858436099952087, 262, 578698.0, 2.328
7.853020999988075, 263, 578698.0, 2.328
8.412698399974033, 264, 578698.0, 2.328
8.529569200007245, 265, 578698.0, 2.328
8.278996300010476, 266, 578698.0, 2.328
7.157192899961956, 267, 578698.0, 2.328
9.4296786999912, 268, 578698.0, 2.328
7.720019600004889, 269, 578698.0, 2.328
7.121245499991346, 270, 578698.0, 2.328
9.406952299992554, 271, 578698.0, 2.328
8.613692799990531, 272, 578698.0, 2.328
8.658282399992459, 273, 578698.0, 2.328
9.23346739995759, 274, 578698.0, 2.328
6.822972199996002, 275, 578698.0, 2.328
9.169371900032274, 276, 578698.0, 2.328
8.577430700010154, 277, 578698.0, 2.328
7.7227213000296615, 278, 578698.0, 2.328
8.466689299966674, 279, 578698.0, 2.328
8.777720000012778, 280, 578698.0, 2.328
9.636319699988235, 281, 578698.0, 2.328
7.441345400002319, 282, 578698.0, 2.328
7.533332800026983, 283, 578698.0, 2.328
8.634382600022946, 284, 578698.0, 2.328
9.718581499997526, 285, 578698.0, 2.328
7.4715738000231795, 286, 578698.0, 2.328
7.895461799984332, 287, 578698.0, 2.328
7.795433600025717, 288, 578698.0, 2.328
8.477427700010594, 289, 578698.0, 2.328
7.6382778999977745, 290, 578698.0, 2.328
7.987831999955233, 291, 578698.0, 2.328
7.962017500016373, 292, 578698.0, 2.328
7.674171299964655, 293, 578698.0, 2.328
6.955134399991948, 294, 578698.0, 2.328
10.058340899995528, 295, 578698.0, 2.328
6.9386263999622315, 296, 578698.0, 2.328
7.828440400015097, 297, 578680.0, 2.325
8.993036100000609, 298, 578680.0, 2.325
7.429825500003062, 299, 578668.0, 2.323
8.983910299954005, 300, 578650.0, 2.320
10.835321700025816, 301, 578636.0, 2.317
9.0659169999999, 302, 578636.0, 2.317
7.172484800044913, 303, 578618.0, 2.314
7.524789399991278, 304, 578618.0, 2.314
7.04660739999963, 305, 578618.0, 2.314
8.937436999985948, 306, 578618.0, 2.314
7.859028399980161, 307, 578618.0, 2.314
7.925621499947738, 308, 578618.0, 2.314
7.3900344999856316, 309, 578618.0, 2.314
9.05465299997013, 310, 578618.0, 2.314
9.00777399999788, 311, 578618.0, 2.314
9.247828599996865, 312, 578618.0, 2.314
7.57488969998667, 313, 578618.0, 2.314
7.48131469998043, 314, 578618.0, 2.314
6.760618900007103, 315, 578618.0, 2.314
9.538103499973658, 316, 578618.0, 2.314
8.91055359999882, 317, 578618.0, 2.314
6.808950799982995, 318, 578618.0, 2.314
8.32746490003774, 319, 578618.0, 2.314
8.249057199980598, 320, 578618.0, 2.314
8.221958699985407, 321, 578618.0, 2.314
8.24213339999551, 322, 578618.0, 2.314
10.23170319997007, 323, 578618.0, 2.314
7.821514200011734, 324, 578618.0, 2.314
7.926960000011604, 325, 578618.0, 2.314
7.1958413000102155, 326, 578618.0, 2.314
7.22854159999406, 327, 578618.0, 2.314
10.05143130000215, 328, 578618.0, 2.314
8.951726400002372, 329, 578618.0, 2.314
8.806552099995315, 330, 578618.0, 2.314
8.45720629999414, 331, 578618.0, 2.314
9.213021499977913, 332, 578618.0, 2.314
7.877082200022414, 333, 578618.0, 2.314
8.297951599990483, 334, 578618.0, 2.314
9.196341599978041, 335, 578618.0, 2.314
9.440175499999896, 336, 578618.0, 2.314
7.745265699981246, 337, 578618.0, 2.314
9.340110099990852, 338, 578618.0, 2.314
8.901248099980876, 339, 578618.0, 2.314
8.417159600008745, 340, 578618.0, 2.314
8.564669099985622, 341, 578618.0, 2.314
10.677740600018296, 342, 578618.0, 2.314
8.831653299974278, 343, 578618.0, 2.314
7.672295600001235, 344, 578618.0, 2.314
8.807051999960095, 345, 578618.0, 2.314
8.022057500027586, 346, 578618.0, 2.314
7.449572800018359, 347, 578618.0, 2.314
8.163824099989142, 348, 578618.0, 2.314
8.80149350001011, 349, 578618.0, 2.314
7.89766050002072, 350, 578618.0, 2.314
7.315975199977402, 351, 578618.0, 2.314
8.317179200006649, 352, 578618.0, 2.314
11.544503900047857, 353, 578618.0, 2.314

tour:
[2791   25 2790   73 2789  894 2788  490 2787  888 2786 2785 2784 2783
 2782 2781 2780 2779 2778  295 2777 1417 5650 3560 1994 5693 1563 5502
 1551 1469 3516 5104 4784 1299 1298   84 1297   83 1296   82 1295   81
 1294   80 1293 3960 5429 3478 2712 3204 3479 1717 4496 1874 5115 1318
 3264 5143 3852 3462 1524 3334 4211 1105 4210  197 4209 1163 4208  635
 4207  567 4206 1025 4205  651 4204  353 4203  934 4202 1158 4201 1145
 4200 1148 4199 1142 4198 4194 1157 4193  301 4192  239 4191 1155 4190
  258 4189   76 4188    9 4187   43 4186  121 4185  384 4184  168 4183
  354 4182 4843 1012 3099 3236   42 3237    8 3238   75 3239  257 3240
 1048 3241  238 3242  300 3243 1049 3244 1050 3245 1051 3246 3985 1052
 3247 1055 3971 3251  933 3252  352 3253  650 3254 1024 3255  566 3256
  634 3257 1056 3258  196 3259 1057 3260 1058 3261  305 5423 5424 5425
 5426 3263 3262 4286 4287 4288 4289  105 4290  456 4291  917 4292 4293
 4294 4295 4296 4297   59 4298 1190 4299 1191 4300 1108 4301 4302 4303
 1507  293 1506  262 1505 3515 5103 4783 1275 5474 3231 4282 1953 3495
 5287 5374 2176 2223 1392 5447 1346 5388 5415 3492 4258 2117 1680 3874
 3959 5428  916 5427  455 3201 3202 3200  104 3199 3198 1036 3197 3196
 1035 3195  195 3194 1034 3193  633 3192  565 3191 1023 3190 2761 3188
  351 3189  649 1860 4014 3149 2004 1586 1748 3187 2764 3977 3974 3250
 3988 3866 3877 3865 4197 5382 3970 3944 3907 1515 1437 3884 3958 5448
 1450 1288 3503 2077 1605 3433 3942 5866 3925 5477 1237 1555 1262 3923
 3737 1332 5503 1517 1622 3071 3661 3953 3300 3209 1377 5540 1590 4842
 3301 3302 3303 3304 3305 1066 3306 3941 3432 1604 2076 3502 1292 1449
 3309 1067 3310  236 3311 1068 3312  298 3313 1069 3314 1070 3315 1071
 3316 1072 3317 3333 3320 3321 3322 3323 3324 3325 3326 3327 3328 3329
 3330 1397  192 1396  191 1395  488 1751  487 1750  486 1749  348 3186
 3185 3915 3914 3913 3912 3911 3910 3909 3908 3905 1513 1512 5454 1436
 3883 3956 1454 5512 3957 1451 5509   79  255 3308 3307  360 5508 5507
    7 5506   41 5505 5504  120 1380  170 1379  169 1378 1591  355 1592
 1593 1594  172 1595 1596  356 1597 1598 1600 1557 5476 3924 3926 4853
  359 5549 5548 5547 5546 5545 5544 5543  171  119 1132   40  357    6
 4852 4851 4850 4849 4848 4847  383 1038 4846 4845 1218 4844 5541 5542
 3952 3951 3736 3735 5475 2075 3501 5551 1291 5511 1453 3955 1435 5453
 1511 3967 5385 4016 4196 3864 3876 3949 3947 3946 3945 3885 3886 1150
 3887 1151 3888 1152 3889 3890 3891 3892  671 3893 3894 3895 3896 3897
 3898 1153 1589 2003 5881 1862 5129 3465 3466 3467 3468 3469 3470 1095
 3471 1096 3472 1097 3473 1094 5139 5138 5137 5136 5135 5134 5133 5132
  190 5131 5130 1587 4870 4869 4868 4867 4866 4865 4864 1073 4863 1146
 4862 1140 4861 4860 4859 4858  297 4857  235 4856  260 4855 4854   78
 3927 3928 3929 3930 3931 3932 3933 3934 3935 3936 3937 2054  672 2055
  673 2056  674 2057  675 2058 2059 2060 2061 2062 2063 2064 2065 2066
  123 2067  676 2068 5381 4285 5678 5422 5440 3460 3850 5141 5113 4495
 5491 4497 1316 5140 3474  101 3475 1098 3476 1099 3477 2716  462 3965
 3873 1679 3483 1389 3520 4257 3491 1542 5414 5387 1344 5019 5020 1390
 5375 5021 1663   57 1664 1665 1666 1667  424 1668 1669  425 1670 2822
 3771 3090 3568 3569 1769 1774 2615 2276 1970 5796 3815 3816 3817 3818
 3819   21 1247   22 2452 2451 3033 4630 2449 2669 4367 1757 2450 1246
 1285 3004 2658 2073 3822 1364  151 1361  150 1360  149 1359 3746 1382
 5823 5822 2830 2831 2832  949 2833  837 4891 4890 4889  173 4888 2928
 4887 4886 4885 4884 4883  947 4882  940 2825  948 2826  505 2827  626
 2828  644 2829  232 5821 5820 5819 5818 5817 5816 5815 5814 5813 5812
 5811 5810 1466 1467 4876 4877 4878 4879 4880  207 4881 5647 5646 5645
 5644 5643 4347 4348 4349 4350 4351 4352  206  939 4353  946 4354 1011
 4355 4356 4357 4358  231 5836  643 5835  625 5834  504 5833 2821 2820
 2819 2818 2817 2816 2815 5472   55 5471  135 5470  186 5469  459 5468
 1200 5467 1226 5466 5465 5112 4339 3849 5439 5421 5677 4284 5800 5379
 4104 1334 5626 5627 5628 5629 5630 5631 5632 5633 5634 4340 1192 4341
 1193 4342 1194 4343 4344  460 5640 5639 5638 5637 5636 1137 5635 3459
 3458 1313   98 1314   99 1315  100 5490 4499 1720 1877 3207 2715 3482
 3964 3872 1678 1388 3519 4256 3490 5641  187 4345 4259 4346  136 5642
   56 4875 2221 5018 1349 1662 5392 5419 5416 5809  137 5389 5808  188
 5807  461 5806 1201 5805 1227 5804 5803 5802 5801 5380 4105 1335 5652
 3505 1519 1973 1394 1753 1950 3464 1857 3900 4872 4011 2763 3145 3976
 3184 3917 3973 3249 3987 3869 3867 2053 3939 3319 1301   86 1302   87
 1303   88 1304   89 1305   90 1306   91 1307   92 1308   93 1309   94
 1310   95 1311   96 1312   97 3457 3456 3455 3454 3453 3452 3451 3449
 3448 3447 3446 3445   85 3444 1093 3443 1092 3442 1091 3441 1090 3440
 1089 3439  296 3438 3437 3436 3435   77  259  234 5482 5481 5480 5479
 5478  358 3434 1088 1603 1602 1556 1236 1599 1261 3922 1331 1516 1381
 1621 3070 3660 3208 3950 3734 2074 3940 1601 3500 5550 1290 5510 1452
 3954 1434 5483 5452 1510 3966 5384 4015 4195 3863 3948 3875 1300 3318
 3938 2052 3868 3986 3248 3972 3916 3183 3975 3144 2762 4010 3450 4871
 3899 1588 2002 5880 1861 5128 1856 3463 1949 1752 5625 1393 1972 1518
 3504 5651 5767 1333 4103 5378 5799 4283 5676 5420 5438 3848 4338 4540
 5111 5464 5489 4498 4657 1718 1875 3205 2713 3480 3962 3870 1676 1386
 3517 4260 1540 3493 5417 5390 1660 1347 5016 4873 5376 5289 3497 1272
 4279 3234 1463 2844 5098 4787 2812 1406 3512 1502 4315 1553 1559 4437
 3555 1008 4970  936 4971  842 4972 1111 4973  500 4974  638 4975  226
 4976  395 4977  178 4978  832 4979 1183 4980  989 4981  153 4982  677
 4983   16 4984  805 4985  743 4986  740 4987 4988 4989 4990 4991 4992
 2454 5860 1745 3552 4693 3042 3903 3132 5305 2662 3880 4151 4915 1766
 5729 3563 1675 2874 1659 2218 3825 5052 3727 5696 2696 3052 5126 5284
 1943 2997 3025 5601 2947 2212 3998 3120 3993 3980 5237 3861 5574 5395
 5370 5554 5555  272 5556 5557 5558 5559 5560 5321 5320 5319 5318 5317
 5316 5012 5011 5010 5009 5008 5007 5006 5005 5004 5003 5002 5001 5000
 4999 4998 4997 4996 4995 1019 4994 4993  481 3040  998 4812 4811 4810
 4809 3039  997 3038  951 3037  986 3036  738 3035 4808 4807 4806  741
 4805  744 4804  806 4803   17 4802  678 4801  154 4800  990 4799 1184
 4798  833 4797  179 4796  396 4795  227 4794  639 4793 4792  621 1772
 5831 3566 2542 3768 2773 3086 2224  721 2219   52 2225  199 2226  722
 2227  290 2228  323 2229  723 2230  724 2231  725 2232  726 2233  727
 2234  501 2235  622 2236  640 2237  228 2238  397 2239  180 2240  728
 2241  729 2242  730 2243  155 2244  679 2245   18 2246  731 2247  732
 2248  733 2249  734 2250  735 2251  736 2252  737 2253 2255 2173 2147
 2455 5861 1746 3129 2287 3553 4694 2488 2489  683 2490 2491 2492 2493
  423 2494 2495 2496 2497 2498 2499 2500 2501 2502 2503 2504 2505 2506
 2507 4830 4829 4828 4827 4826 4825 4824 4823 4822 4821 4820 4819 4818
 4817 4816 4815 4814  494 4813 2078 2079  685 2080 2081 2082 2083 2084
 2085 2086 2087 2088 2089 2090 2091 2092 2093 2094 2095 2096  686 2097
 2098  687 2099  688 2100  689 2101  690 2102  691 2103  692 2104  693
 2316 5322 5323 5324  757 5325  667 5326  245 5327  603 5328  918 5329
 1080 5330 5365 3374 4725 5338 5339 5178 5177 5176 2113 2114 2115 2042
 2041 2040 2039 2038 2112 2111  602 2110 2109 2108  696 2107 2105 3683
 3662 3629 2487 2938 3133 3096 4110 2664 3669 4574 3026 2691 4262 2699
 2800 2931 1620 3641 1483 3058 3066 3045 5315 3151 2168 3578 5553 5903
  999 5902  709 5901 1223 5900 1228 5899 1138 5898 1015 5897  712 5896
 1229 5895  994 5894  618 5893  910 5892 1230 5891 1131 5890  421 5889
  428 5888 1231 5887  492 5886  889 5885 1018 5884 3041 4692 3551 1744
 5859 3902 3131 5304 2661 3879 4150 4914 1765 5728 3562 1674 2873 1658
 2217 3824 5051 3726 5695 2695 3051 5125 5283 1942 2996 5145 3024 5600
 2946 2211 3997 3119 3992 3979 5236 3860 5573 5394 5369 5150 5151 5152
 5153 5154 5155 5156 5157 5158 5159 5160 1123 5161  695 5162 5163 5164
 5165 5166 5167 4043 4216 3715 2717 1914 4244 4537 1443 2406 3410 2031
 2705 3592 2517 2315 2106 3684 3663 3630 2486 2485 2484 2483 2482 2481
 2480  710 2479  821 2478  820 2477  819 2476  818 5149 5148 5147 5146
  713 2475 2474  817 2473  816 2472  815 2471  619 2470  814 2469  813
 2468  812 2467  422 2466  429 2465  811 2464  493 2463  810 2462  809
 2461  808 2460  480 2146 2172 2254 4369 2839 4500 4030 3919 2967 2806
 2258 2260 4628 2267 2269 2448 2668 1756 1245 1284 4746 2656 2071 3820
 1362 3508 2971 4224 2528 1384 3744 2929 1637 2951 3141 4464 3583 1682
 1430 1968 2274 2613 1945 4791 1771 5830 3565 2541 3767 2772 4969 3085
  387 1628  386 1627  322 1626  289 1625  385 1624 1623 1404  198 1414
 1461 1460 1459 1403 1402 1401 1458 1457 1400 1399 1398 1456 1455 1264
   44 1263   45 1265   46 1266   47 1267   48 1268   49 1269   50 1270
   51 1271 4278 3233 1462 2843 5097 4786 2811 1405 3511 1501 4314 1552
 1558 4436 3554 4968 3084 3763 3762  935 2771 1629  388 1630  389 1631
  390 1632  391 1633  392 1634  225 1635  393 1636 2950 3140 4463 3582
 1681 1429 1967 2273 2612 1944 4790 1770 5829 3564 3766 2540 3764 3765
 1721  463 1722  464 1723  465 1724  224 1725  394 1726  177 1727  466
 1728  467 1729  468 1730  152 1731  469 1732   15 1733  470 1734  471
 1735  472 1736  473 1737  474 1738  475 1739  476 1740  477 1741  478
 1742  479 1743 5883 3901 3130 5303 2660 3878 4149 4913 1764 5727 3561
 1673 2872 1657 2216 3823 5050 3725 5694 2694 3050 5124 5282 1941 2995
 5144 3023 5599 2945 2210 3996 3118 3991 3978 5235 3859 5572 5393 5368
 5552 3577 2167 3150 5314 3044 3065 3057 1482  271 5904  976 5905  912
 5906  907 5907  890 5908  822 5909 1122 5910  694 5911  756 5912  666
 5913 2036  244 2037 5914 4243 1913 1920  608 1921  609 1922  610 1923
  611 1924  612 1925  613 1926  614 1927  615 1928 2046 2045 2044 2043
 2116 5179 5340 1074 5180 5181 1028 5341 5342 5343 1100 1063 5182 5183
 5344 5345 5346 5347 5186 5185 5184 1781  517 1782  518 1783  519 1784
 2051 2050 2049 2048 2047  506 1929 1930 1931 1932 1933  616 1934  336
 1935  617 1525 2903  966 4269 1936 2902 2907  878 2908  967 2909  968
 2910  869 2911  969 2912  970 2913   33 2914  529 2915  140 2916  971
 2917   60 2918  106 2919  972 2920 2643 1425 3653 1479 2363 3701 3675
 3638 1238 5517 5521 5825 5568 2926  975 2925  974 2924   10 2923  220
 2922  746 2921  973 4153 5366 1319 1853 4905 4732 1276 1821 1371 4227
 3406 3708 1352 1796  528 1795   34 1794  527 1793  526 1792  525 1791
  524 1790  523 1789  522 1788  521 1787 1786  520 1785 5191 5190  306
 5189 5188  337 5187 5348 5349 5350 5351 5352 5353 1215 5354 1175 5355
  870 5356 1039 5357 1086 5358   35 5359  886 5360  141 5361 1084 5362
   61 5363  107 5364 1180 4077 5107 4144 5119 5306 5230 5292 2278 2317
 2644 1426 3654 1480 2364 3702 3676 3639 1239 5518 5522 5523 3704   11
 3703 1127  221 2629  747 2628  877 2627  876 2626  875 2625  108 2624
   62 2623  874 2622  142 2621  873 2620   36 2619  872 2618 4247 2617
  871 4154 1320 1854 4906 4733 1277 1822 1372 4228 3407 3709 1353 3833
 4175 2650 1995 1256 3082 5277 3424 5406 4034 3285 3210 2616 4246 4089
 4131 4835 2636 5399 4100 2904 4270 1526 2536 1578 4066 2519 5095 3755
 1797 4168 1775 3368 2591 2765 3647 3275 3484 3738 4960 3178 3335 2445
 2358 3352 2679 4044 4217 3716 5168 2718 1915 4245 4538 1444 2407 3411
 2518 3593 2706 2032  790 3412  246 3413  604 3414  919 3415 5331 4726
 3375 3416 4045 4218 3717 5169 2719 1916 5759 5758  247 5757  791 5756
 5755 5754 5753 5752 5751 5750 5749 5748 5747 2307  749 2308  750 2309
  751 2310  752 2311  753 2312  754 2313  755 2314  758 2516 2515 2514
 2513 2512 2511 2510 2509 2508 2306 2305 2304 2303 2302 2301 2300 2299
 2298 2297 2296 2295 2294 2293 2292 2291 2290 2289 2288 5730 5731 5732
 5733 5734 5735 5736 5737 5738 5739 5740 5741 5742 5743 5744 5745 5746
 2394 2393 2392 2391 2390 2389 2388 2387 2386 2385 2384 2383 2382 2381
 2380 2379  495 2378  684 2377 2376  482 2372 1195 4688  952 4687  987
 4686 4685  742 4684  745 4683  807 4682   19 4681  680 4680  156 4679
  991 4678 1185 4677  834 4676  181 4675  398 4674  229 4673  641 4672
  623 4671  502 4670 1112 4669  843 4668  937 4667 1009 4666 1109 4665
  324 4664  291 4663 1106 4662  200 4661   53 4660  133 4659  184 4658
  457 1719 1876 3206 2714 3481 3963 3871 1677 1387 3518 4261 1541 3494
 5418 5391 1661 1348 5017 2220 4874 5377 5290 3498 1273 4280 3235 1464
 2845 5099 4788 2813 1407 3513 1503 4316 1554 1560 4438 3556 3087 2774
 3769 2543 3567 5832 1773 1946 2614 2275 1969 1431 1683 3584 4465 3142
 2953  399 2952 2955  182 2956  835 2957  984 2958  985 2959 2960 2961
 2962 2963 2964 2979 2978 2977 2976  681 2975  157 2974 4567 4566  992
 4565 1186 4564  836 4563  183 4562  400 4561  230 4560 4559 4558 4557
 4556 4555 4554 4553 4552 4551 4550 4549  201 1107  292  325 1110 1010
  938 5790 5789 5788 5787 5786 5785 5784   54 4548 4547  134  185 4546
 4545  458 1199 4544 4543 1204 4542 1203 4541 1202 5768 5769  122 5770
 1176 5771 1189 5772 1224 5773 1225 5774 1136 5775 5776 5777 5778 5779
 5780 5781 5782 5783 3232 1465 2846 5100 4789 2814 1408 1409  202 1410
  203 1411  204 1412  205 1413 3088 3089 3770  845 2544 2545 2546 2547
 2548 2549 2550 2551 2552 2553 2554 2555   20 2556 2557 2558 2559 2560
 2561 5850 5849 5848 5847 5846 5845 5844 5843 5842 5841 5840 5839 5838
 5837 4359 4360 4361 4362 4363 4364  158 4365 4366 2263 2264 4893 4892
 2834 2835 2836 2837 4895 4894 2265  739 2266 2268 3032 4629 2256 2261
 4572 2807 3921 4032 3100 2840 4689 2373 2174 2148 2456 2150 2151 2152
 2153 2154 2155 2156 2157 2158  705 2159 2160  620 3830 3829 3828 3827
 3826 5857 5856  362 5855 5854 5853 5852 5865 5864 5863 5862 5851 2562
 2563 2564 2565 2566 2567 2568 2569 2570 2571  846 2572  847  716 5602
 5603 5604 5605 5606 5607 5608 5609 5610 5611 5612 5613 5614 5615 5616
 5617 5618 5590  250 5589  669 5588  915 5587 1214 5586 5585 1125  982
 5070  892 5584 5583 5582  909 5069 5068 5067 5066  978  914 5581 5580
  274 5065 1000 5579 5578 5577 5576  711 5064 5063 5062 5061 1139 5060
 1016  715 5059 5058 5057 5056 5055 5054 5053 1656  415 1655  414 1654
  413 1653  412 1652  411 1651  410 1650  409 1649  408 1648  407 1647
  406 1646 1645  405 1644 1643  404 1642  403 1641  402 1640 1639  401
 1638 2954 4466 3585 1684 1432 5795 5794 5793 5792 5791  844 1113  503
  624  642 3143 2930 3745 1385 2529 4225 2972 3509 1363 3821 2072 2657
 4747 4748 4749 4750 3008 3007 3006 4568 4569 4570 4571 3009 3010 4751
 4752 4753 3011 3103 2984 2983  993 2982  988 2981 2980  945 2965 2966
 2968 3920 4031 4501 4502 4370 5302 4371 4372 4373 4374 4375 4508 4507
 4506 4505 4504 4503 2985 2986 2987 2988 2989 2990  361 3110 3111 3112
 2994 2993 2992 2991 4509 4510 4511 4512 4513 4514 4515 4516 4517 4518
 4519 4520 4521 4522 4523 4524 4525  908 4526  891 4527  981 1124 1128
 4398 4399  668 3594 3591 4397 4396 4395 4394 4393 4392  913  977 4391
 4390 4389 4388 4387 4386 4385 4384 4383 4382 4381 4380 4379 4378 4377
 4376 1606  370 1607  371 1608  372 1609  373 1610  374 1611  375 1612
  376 1613  377 1614  378 1615  379 1616  380 1617  381 1618  382 1619
 2395  273 2396 2397 2398 2399 2400 2401 2402 2403  789 2404 2405 3595
  248 3596  605 3597  920 3598 1081 3599 1116 3600  900 3601  780 3602
 1075 3603 1029 3604 1101 3605 1064 3606  507 3607 1117 3608  823 3609
 1118 3610  338 3611  838 3612  307 3613  963 3614  879 3615 1119 3616
 1120 3617 4132 4090 3618 4248 3211 3286 4035 5407 3425 5278 3083 1257
 1996 2651 4176 3834 1354 3710 3408 4229 1373 1823 1278 4734 4907 1855
 5108 4145 5120 5307 5231 5293 2279 2318 2645 1427 2630 3677 5826 5569
 5565 5487 5458 4106 5430 1234 4626 4589 4740 5539 4434 5524 3705 5519
 1240 3640 2365 1481 3655 4078 4155 1321  561 1852   63 1851 1850 1849
 1848  143 1820  549 1819 1818  548 1817   37 1816  547 1815  546 1814
  545 1813  544 1812  543 1811  542 1810  541 1809  309 1808  540 1807
  340 1838 1839 1840 1841 1842 1843 1844 1845 1846 1847 3081 3080 3079
 3078 4130 1178 4129  880 4128  964 4127  308 4126  839 4125  339 4124
 4116 5093 5096 2520 3362 4067  824 3361 1079 3360  508 3359 1065 3358
 1078 3357 1030 3356 3695 5088 5089 5090 5091 5092 1835 1836 1837 1806
  539 1805  538 1804  537 1798 1834  509 1833  560 1832  559 1831  558
 1830  557 1829 5087 3694 3355 3354 3353 2680 5332 4727 3376 3417 4046
 4219 3718 5170 2720 1917 5760 4236 4539 4536 4535 4530 4529 4528 3685
 3686 3687  249 3688  606 3689  921 3690 3691 1129 3692 3693  781  901
 5086 5085 5084 1082 5083 1918 5761 4237 1445 4400 2033 2707 4531 3587
 3664 3631 5561 2939 3134 3097 4111 2665 3670 4575 3027 2692 4263 2700
 2801 2932 3642 1484 3059 3067 3046 4831 3152 2169 3579 5013 5371 5396
 5575 3862 5238 3981 3122 3994 3121 1014 3117  714 3116 1013 3115  996
 3114 3113 3022 3021 3020 3019 3018 3017 3016 3015 3109 3108 3107 3106
 3105 3104 3012 3013 4754 4755 4756 3014 4757 4758 4759 4760 4761 4762
 4763 4764 4765 4766 4767 4768 1212 4769 1213 4770 4771 4772 4773 4774
 4775 4776 4777 4778 4779 5071 5072 5073 5074 5075 5076 5077 2721 5094
 5171 3719 4220 4047 3418 3377 4728 5333 2681 2359 2446 1824 3336 3696
 3179 4961 3739 3485 3276 3648 2766 2592 3369 1776 4169 1799 3756 2521
 3363 4068 4117 1579 2537 1527 4271 2905 4101 5400 2637 4836 3072 4091
 3619 4249 3212 3287 4036 5408 3426 5279 1258 1997 2652 4177 3835 1355
 3711 3409 4230 1374 1279 4735 4908 1418  217 1423  218 1424  219 3637
  270 1478  269 1477 2755 2756 2631 3678 2366 2757 3656 3633 2646 2319
 2280 2754 2753  212 1476  268 1475  267 1474  109 2752 2751   64 2750
  165 2749  932 2748 2747  144 3405 3401 3400   38 2746 1535  316 1534
  315 1533  314 1532  313 1531  312 1530  311 1529  310 1528 2739 2740
 2741 2742 2743 2744 2745 3399 3398 3397 3396 3395 3394 3393 3392  840
 2738  341 3391 2737  931 2736 2735  825 3390 3389 3388  530 2734  510
 3387 3386 2733  930 2732  929 3385 3384 3383 3382 3381 3380 3379 3378
 3419 5620 4221 1919 5078  923 2723  924 2724  925 2725  903 2726  782
 2727  550 2728  926 2729  927 2730  928 2731 4054 4053 4052 4051 4050
 4049 4048 5595  902 5594 1222 5593 1083 5592 5591  607  922 5619 2722
 5762 4238 1446 4401 2034 2708 4532 3588 4780 3665 3632 3666 3628 5562
 2940 3135 3098 4112 2666 3671 4576 3028 2693 4266 4265 4264 2701 2802
 2933 3643 1485 3060 3068 2170 3124 3123 2161 2162 2163 2164  706 2165
  707 2166  708 3153 4832 3047 3056 3644 2702 4577 4578 4579 4580 1909
  598 1908  597 1907  596 1906  595 1905  594 1904  593 1903  592 1902
  591 1901  275 1900  590 1899  589 1898  588 1897  587 1896  586 1895
 3858 3857 3856 3855  583 1893  584 1894  585 3999 1892  582 1891  581
 1890  580 1889  579 1888  578 1887  363 4904 4903 4902 4901 4900 4899
 4898 4897 4896 2838  950 1880 1881 1882 1883 1884 1885  416 1886 1763
 1762 1761  491 1759 3127 1747 3548 2457 2149 2175 2374 4690 1878 2841
 3101 4033 4631 5040 5041 2808 2144 2143 2142 4333 4332 4331 4330 2141
  703 2140  702 2139 2070 1286 5039 5038   70 5037  682 5036 5035 5034
 5033 5032  146 3747 3748 3749 2138 2137 2136 2135  174 2134  701 2133
  233 5031  645 5030 5029 5028 5027 5026  208 5025 5024 5023 5022 2847
 2848 2849 2850 2851 2852 2853 2854  627 2132 2131  496 2130  700 2129
 2128 2127 2126 2125 2124 2123 2122  699 2121  698 2120  697 2119  189
 2118 3961 5444 5443  102 5442 5441 3332 3331 1336  124 1337  125 1338
  126 1339  127 1340 1341  128 1342  129 1343 5445  130 1345 5446 1391
 2222 5373 5288 5291 5101 1274 5473 3230 4281 3499 5286 3496 4785 5102
 3514 1504 1468 4317 4318 4319 4320 4321 4322 4323 4324 4325 4326 4327
 4328 4329 2527 4226 2973 2262 3510 3750 2069 2659 3005 1754 1755 1758
 4368 2670 1287 2005 1248 2453 3034 2259 2257 2270 4573 3918 2969 4029
 4632 4633  484 2008 2007  652 2006 4334 4335  575 4336 2408 3549 2458
 2145 2810 2809  704 5042 5043  483 3904 5301 2663 3881 4152 4916 4917
 4918 4919 1937 1938 1939 1940 4920 4921  995 4922  717 4923 1162 4924
 1159 4925 1017 4926 1219 4927 1114 4928 1001 4929 1002 4930  276 4931
 1126 4932  979 4933  944 4934  905 4935 2690 3029 3095 2941 4936 1020
 4937 4938 4939 1115 4940  670 4941  252 4942 4959 4947 2709  599 1910
  600 1911  251 1912  601 4948 1130 4949 1085 4950 1210 4951 1220 4952
  904 4953  783 4954  551 4955 1076 4956 1031 4957 1166 4962 4958 3740
 3486 3277 3649 2767 2593 3370 1777 4170 1800 3757 2522 3364 4069 4118
 1580 2538 4272 2906 4102 5401 2638 4837 3073 4092 3620 4250 3213 3288
 4037 5409 3427 5280 1259 1998 1536 2653 4178 3836 1356 3712 3402 4231
 1375 1280 4736 4909 1470 1322 4156 4079 1419 5109 4146 5121 5308 5232
 5294  786 2367   12 2368  787 2369 5459 5460 4627    4 4625 1177 4624
 1209 4623  788 4622   13 4621 4620 5296 5295  759  748 4619 4618  213
 4617 1170 4616 1181 4615  110 4614   65 4613  166 4612 1187 4611  145
 4610   39 4609 1087 4608 1040 4607 1121 4606 1003 4605 1208 4604  881
 4603  965 4602  841 4601  342 4600 4599 4598 4597 4596 4055 3180 3697
 3337 1825 2447 2360 5596 2682 5334 4729 3420 5621 3720 5172 4212 5079
 5763 4239 4943 1447 4402 2035 2710 4533 3589 4581 2942 4781 3667 3626
 5563 3136 4113 2667 3672 3093 3030 2688 4267 2703 2803 2934 3645 1486
 3069 3054 3048 4833 3154 3580 5014 5372 5397 3125 5239 3982 3995 4000
 2213 2948 2573 3831 3853 2998 5285 5127 3053 2697 5858 5697 5048  364
 5047  417 5046 1179 5045 1149 5044 3882 2410 2411 2412 2413  365 2414
 2415 2416 2417 5698 5049 5699 5700 5701 5702 5703 5704 5705 5706 5707
 5708 5709 5710 5711 5712  277 2425 2426 2427  795 2428  796 2429  797
 2430  798 2431 5713 5714 5715 5716 5717 5718 5719 5720 5721 5722 5723
 3268 3269 3270  552 3271 3338 3339 3340 3341 1032 3272 1060 3273 1061
 3274 1062 3278 3342  511 3343  531 3344  826 3345 1077 3346 4119 4070
 3281 3280 3279 3758  512 2897  532 2898  827 2899  343 2900  961 2901
  962 4099 4098 2530 3347 1581 2535 2539 4085 4086  882 4087 1174 4088
 1004 4093 3621 4251 3214 3289 4038 5410 3428 5281 1260 1999 1537 2654
 4179 3837 1357 3713 3403 4232 1376 1281 4737 4910 1471 1323 4157 4080
 1420 5110 4147 5122 5309 5233 2281 1324  111 1325  112 1326  113 1327
  114 1328 2320 2647 3634 3657 2758 2632 3679 5297 1241 5520 3706 5525
 5827 5570 2370 5566 5488 1235 5461 4107 5431 5434 5457 5435 4590 4741
 1233    3 5536 5537 5538    5 1198 5433 5432 2324  762 2323 2322  761
 2321  760 5531  115 5532 5533 5534 5535   14 5516 2633 3680 5298 5513
 5486 4431    0 4432  763 4433 4435 1205 4742 1211 4743 2686 2687 3733
 3732 3731 3730 3729 4108 5462 2325 1242 1243 5484 5514 5299 3681 2634
 2285 2759 3658 3635 2648 1329 5528 3845 5229 5228 5227 5226 5225 5224
 5223 5222 1182 5221  160 5220 1165 5219 1042 5218   27 5217 1006 5216
 1216 5215  884 4274 5214 1172 5213  345 5212  829 5211  534 5210  514
 5209 1206 5208 1102 5207 1167 5206 1033 5205  554 5204  785 5203 1221
 5202 1059 5201 4724 4723 4722 4721 4719 4718 4717 4716 4715 4714 4713
 4712 4711 4710 4709 4708 4707 4706 4705 4704 4703  719 4702 4701 4700
 4699 4698 4697 4696 2698 3793  983 3794  848 3795  718 3796 1133 3797
 3798 3574 3575 3576 3800 3799 3062 3063 3064 3801 1026 3802  279 3803
  980 3804  906 3805 3806 3807 3673 5193 5194 5195 5196 5197 5198 5199
 5200 3723 5336 3266 4731 3422 5623 5725 3722 5174 4214 5081 5765 4241
 4945 3811 3810 3809 3808 4114 1439  241 1440  242 1441  243 1442 2672
  254 2673  895 2674  896 2675  897 2676  898 2677  899 2678 5597 2361
 1826 3698 3181 4056 3741 3487 4593 3650 4405  513 4408  533 4409  828
 4410  344 4411 1171 4412 1188 4413  883 4414 1196 4415 1005 4416   26
 4417 1041 4418 1164 4419  159 4420 3838 3839 3840   67 3841  264 3842
 1134 3843  214 3844 1135 4428 1197 4429 4430  116 2284 2283 2282 5527
 5234 5310 5123 4148 4076  263 4141 1169 4142 4143 5118 4427 4426 4425
 4424 4423 4422 4421  138 1367 1368  163 1369  164 1370 4136 4137 4138
 4139 4140   66  167 3297 3296 3295 3294 3293 1351 1255   32 1254   31
 1253   30 3290 3291 3292 4135 3429 5411 4040 4039 3215 4252 3622 1249
 3074 4838 2639 5402 4273 4081 4094 2531 1582 3348 4120 4071 3282 3365
 2523 3759 1801 4171 1778 3371 2594 2768 2896  960 2895  959 2894  958
 2893  957 2892  956 2891  553 2890  784 2444  804 2443  803 2442  802
 2441  801 2440  800 2439  799 2438  253 2437 2436 2435 2434 2433 2432
 2878 2877 2876 2804 2935 1487 3155 2424  794 2423 2422  793 2421  792
 2420 2419 2418 2944 3049 2011  653 2012 2013  654 2014  655 2015  656
 2016  657 2017  658 2018  659 2019  660 2020 2021  661 2022  278 2023
  662 2024  663 2025  664 2026  665 2027 2028 2029 2030 2879 2880 2881
 2882 2883 2884 2885 2886 2887 2888 2889 2683 5335 3265 4730 3421 5622
 5724 3721 5173 4213 5080 5764 4240 4944 1448 4403 4655 4654 4653 4652
 4651 4650 4649 4648 4647 4646 4645 4644 4643 4642 4641 4640 4639 4638
 4637 4636  366 2010  418 2009 4634 4635 2215 3792  367 3791  419 3790
 2871 4695 1760 3128 2409 3550 2459 4337 2375 4691 2171 1879 2842 3102
 3547 3546 3545 3544 3543 3542 3541 3540 3539 3538 3537 3536 3535 3534
  629 3533  498 3532 3531 3530 5673 5674  427 4440  210 5672 5671 3529
 3528 3527 3526 3525 3524 3523 3522 3521  132 5685 5686 5687   58 5688
 5689 5690 5691  261 5692  326 1991 1992 1993 3559 5649 1416 2776 1672
 2824 3773 3774 3775  497 1965  628 1966 3776 2857 2858  953 2859  175
 2860  147 2861  954 2862 2863  887 2864  489 2865  893 2866   71 2867
   23 2868  955 2869 2870 3789  576 3788 3787 3786 3785 3784 3783 3782
 3781 3780 3779 3778 3777 2970 4222 4223 2526 1358 1383 5824 2927 2949
 4467 3586 1685 1433 3813 3138 5797 1971 2272 2277 2855 1947 2610 1767
 3570 3091 3772 2823 1671 2775 1415 5648 3557 4439 1550 1561 5501 1562
 3558 1964  637 1963  426 1962  209 1961  636 1960 1959 1958 1957 1990
 1989 1988 1987 1986 1985 1984 1954 1955 1956 5500 5499 5498 5497 1104
 5496  720 5495  131 5494  574 5493 5492 1317 5114 1873  453 1982  647
 1983 5684 5683 3203 1872 1871  573 1870  572 1869 5679 5680 5681  103
 5682 1981 1980 1979 1978 1977 1976 1975 1974 3506  193 3507 1523 5142
 3851 3461  304 1522  303 1521 1520  302 4028  646 4027  632 4026  562
 4025  568 4024  349 4023 1021 4022 1053 4021 1160 4020 1143 4019 4018
 4017 5386 5383 3969 3968 3943 3906 1514 5455 5451 5450  237 1154 5449
 1289   74 5867  256 5868 5869 5870  299 5871 1156 5872 1141 5873 1147
 5874 1144 5875 1161 5876 1054 5877 1022 5878 5879 5882 1863 1858  563
 1859  569 3148  648 3147  350 3146 4012 4013 1864  564 1951 1865 1952
 5653  194  570 1866 1867  571 1868 5654 5655 5656 5657 5658 5659  454
 5660 1037 5661 5662  430 5663 5664 5665 5666 5667 5668 5669 5670 1549
  321 1548  320 1547  319 1546 1545  318 1544  317 1543 2177 2178 2179
 2180 2181 2182  327 2183 2184 2185 4441 4442  499  630 2187 2186 2611
 2271 1768 3571 5675 3092 1509  294 1508  211 4304 4305 4306  631  223
 4307 1948 2856 1428 5798 3139 3814 3581 4468 4469 4308 4309 4310 4311
 4312 4313 4472 4471  148 4470  176 1686  432 1687 1688 1689  433 1690
  434 1691  435 4473 4474 4475 4476 4477 4478 1696 1695  438 1694  437
 1693  436 1692 2196 2195 2194 2193 2192 2191 2190 2189 2188  431  222
 4443 4444 4445 4446 4447 4448 4449 4450 4451 4452 4453 4454 4455 2197
 2198 2199   72   24 2200 2201 4456 4457 4458 2202 1699  440 1698  439
 1697 4479 4480 4481  441 4482 1700 2203 4459 2327 2328 4460  368 2204
 1701 4483 4484 4485 1702  442 1703  443 1704  444 1705  445 1706  446
 1707  447 1708  448 1709  449 3158 3159 3160 3161 3162 3163 3164 3165
 3166 5250 5249 5248 5247 5246  280 5245 5244 5243 5242 5241 5240 3983
 3572 4001 3989 2214 2209 2208 2207 2206 2205 4461 4462 2329 2330 2331
  764 2332  765 2333  766 2334 2335  767 2336  768 2337  769 2338 2339
 2340 2341 2342 2343  770 2344  771 2345  772 2346  773 2347  240 2348
 2349 2350 2351  774 2352  775 2353  776 2354  777 2355  778 2356  779
 2357 2362 1827 3699 3182 4057 3742 3488 4594 3651 4406 2769 2595 3372
 1779 4172 1802 3760 2524 3366 3283 4072 4121 3349 1583 2532 4095 4082
 4275 5403 2640 4839 3075 1250 3623 4253 3216 3217 1043 3218  161 3219
 1044 3220  139 3221 1045 3222 1046 3223   68 3224  265 3225 1047 3226
  215 3227 1491  281 1492  117 1493  282 1494    1 4004 4005 4006 4007
 4008 4009  288 1500  287 1499  286 1498  285 1497  284 1496  283 1495
 3753 3754 4744 2684 3751 5436 4591 3728 4109 5463 2326 1244 1232 5567
 2371 5571 5828 5526 3707 4003 5485 5515 5300 3682 2635 2286 2760 3659
 3636 2649 1330 5529 3846 3228 5311 1489 5116 1421 5105 4074 4158 3298
 1472 4911 4738 1282 4233 4180 1538 2000 4133 3430 1365 5276 5275   28
 5274 1007 5273 1217 5272  885 5271 1173 5270  346 5269  830 5268  535
 5267  515 5266 1207 5265 1103 5264 1168 5263 1027 3177 5262  555 5261
 3176 3175 3174 3173 5260 5258 5257 5256 5255 5254 5253 5252 5251 3167
 3168 3169 3170 3171 3172  849 2576  850 2577  851 2578  852 2579  853
 2580  854 2581  855 2582  856 2583  857 2584 4161  556 2585 4162 4163
 4164 4165 4166 4167 4173 2596  516 2589  861 2588  860 2587  859 2586
  858 4060 4061 4062 4063 4064  536 2597 2598  862  831 4065 4073 4122
 3350 1584 2533 4096 4083 2599  347 2600  863 2601  864 2602  865 2603
  866 2604   29 4276 5404 2641 4840 3076 1251 3624 4254 4041 5412 2605
  867 2606  162 2607  868 2655 1350 3714 3404 2609  328 1565   69 1566
  266 1567  329 1568  216 1569  330 1570 1571  331 1572 1573  332 1574
  333 1575  334 1576  335 1577 5456 5313 4235 2937 4745 2685 3752 5437
 4592 4588 4587    2 4586  118 4585 4584 4583 5530 3847 3229 5312 1490
 5117 1422 5106 4075 4159 3299 1473 4912 4739 1283 4234 1564 2608 4181
 1539 2001 4134 3431 1366 5413 4042 4255 3625 1252 3077 4841 2642 5405
 4277 4084 4097 2534 1585 3351 4123 3284 3367 2525 3761 1803 4174 1780
 3373 2770 4407 3652 4595 3489 3743 4058 4059 3700 4967 4965 4966 4964
 4963 1828 5598 4160 5337 3267 5259 3423 5624 5726 3724 5175 4215 5082
 5766 4242 4946 3812 4720 2671 4404 4656 2711 4534 3590 4582 2943 4782
 2575 3668 2590 3627 5564 1438 3137 4115 5192 3674 3094 3031 2875 2689
 4268 2704 2805 2936 1715 3646 1488 3156 3055 4494 1716 1714 1713  452
 1712  451 1711  450 1710 4492 4491 4490 4489 4488 4487 4486 2999 3000
 3001 3003 3126 5367 5398 3061 5015 3157 3043 4834 4493 3002 3984 3573
 4002 3990 2574 3832 3854 2799  943 2798  911 2797  942 2796  369 2795
  420 2794  485 2793  577 2792  941]

eliteFit: 578618.0
percentError: 2.314289250791293
computationTime: 4447.480s