instanceName: rl5915
n: 5915
optFit: 565530

genTime, gen, eliteFit, percentError:
0.008137400029227138, 0, 41847790.0, 7299.747
75.23084719997132, 1, 640176.0, 13.199
44.77674190001562, 2, 635034.0, 12.290
44.379768699989654, 3, 627294.0, 10.921
43.11014439997962, 4, 623813.0, 10.306
41.82667709997622, 5, 620042.0, 9.639
43.383098499965854, 6, 617728.0, 9.230
43.959101299988106, 7, 614667.0, 8.689
40.79698929999722, 8, 614667.0, 8.689
43.88783150003292, 9, 610837.0, 8.011
43.197386000014376, 10, 610837.0, 8.011
41.249385299975984, 11, 608885.0, 7.666
39.828280599962454, 12, 606556.0, 7.254
40.43705999996746, 13, 606556.0, 7.254
40.764717200014275, 14, 604845.0, 6.952
40.60957979998784, 15, 604326.0, 6.860
39.99926129996311, 16, 603401.0, 6.697
38.152468500018585, 17, 602407.0, 6.521
37.42648409999674, 18, 601640.0, 6.385
41.8248384000035, 19, 601640.0, 6.385
39.73574239999289, 20, 600088.0, 6.111
40.76713870000094, 21, 600088.0, 6.111
40.395581100019626, 22, 600088.0, 6.111
40.99516950000543, 23, 599709.0, 6.044
38.74843460001284, 24, 599709.0, 6.044
39.44850990001578, 25, 598994.0, 5.917
39.561877899977844, 26, 598994.0, 5.917
39.641277000017, 27, 598040.0, 5.749
36.825029200001154, 28, 597994.0, 5.740
33.91036650002934, 29, 597081.0, 5.579
28.479504299990367, 30, 597081.0, 5.579
33.79680589999771, 31, 596730.0, 5.517
36.89482510002563, 32, 596289.0, 5.439
29.919761900033336, 33, 594996.0, 5.210
20.318909199966583, 34, 594934.0, 5.199
23.076284799957648, 35, 594501.0, 5.123
22.791036500013433, 36, 594501.0, 5.123
33.21024770004442, 37, 594066.0, 5.046
31.034562800021376, 38, 593728.0, 4.986
24.95300330000464, 39, 593692.0, 4.980
20.29449709999608, 40, 593381.0, 4.925
21.76001659996109, 41, 592114.0, 4.701
19.657760999980383, 42, 591892.0, 4.661
20.240539599966723, 43, 591824.0, 4.649
20.42808350000996, 44, 590574.0, 4.428
15.255409600038547, 45, 590574.0, 4.428
14.765981800039299, 46, 590344.0, 4.388
13.196943799965084, 47, 590199.0, 4.362
10.831783100031316, 48, 589797.0, 4.291
14.604219800035935, 49, 589797.0, 4.291
10.170950800005812, 50, 589582.0, 4.253
13.185999299981631, 51, 589536.0, 4.245
10.373619400023017, 52, 589287.0, 4.201
12.327255900017917, 53, 589287.0, 4.201
8.889985399961006, 54, 589287.0, 4.201
8.644370599999093, 55, 589287.0, 4.201
9.270652699982747, 56, 589287.0, 4.201
7.4611289000022225, 57, 589287.0, 4.201
8.217095999978483, 58, 589287.0, 4.201
9.310297399992123, 59, 589287.0, 4.201
7.583746700023767, 60, 589287.0, 4.201
9.718060999992304, 61, 589287.0, 4.201
9.24484709999524, 62, 589287.0, 4.201
9.84182770003099, 63, 589287.0, 4.201
8.311524299962912, 64, 589287.0, 4.201
8.394445199985057, 65, 589227.0, 4.190
7.13661529996898, 66, 589227.0, 4.190
8.657913600036409, 67, 589227.0, 4.190
9.048696500016376, 68, 589227.0, 4.190
7.80819439998595, 69, 588972.0, 4.145
8.670566499989945, 70, 588799.0, 4.115
9.029521299991757, 71, 588799.0, 4.115
10.35018810001202, 72, 588799.0, 4.115
8.578739299962763, 73, 588799.0, 4.115
7.936343400040641, 74, 588799.0, 4.115
8.061786899983417, 75, 588799.0, 4.115
10.042958399979398, 76, 588676.0, 4.093
8.77428830001736, 77, 588676.0, 4.093
8.753309899999294, 78, 588676.0, 4.093
10.545151699974667, 79, 588620.0, 4.083
9.01731749996543, 80, 588585.0, 4.077
8.557333300006576, 81, 588173.0, 4.004
9.865009400004055, 82, 588117.0, 3.994
9.077825300046243, 83, 587934.0, 3.962
7.831888199958485, 84, 587925.0, 3.960
8.61512319999747, 85, 587878.0, 3.952
8.930648499983363, 86, 587598.0, 3.902
10.130655500048306, 87, 587598.0, 3.902
8.310120999987703, 88, 587598.0, 3.902
9.587106899998616, 89, 587598.0, 3.902
8.480412299977615, 90, 587222.0, 3.836
10.361640800023451, 91, 587222.0, 3.836
14.462878999998793, 92, 587222.0, 3.836
20.471328200015705, 93, 587052.0, 3.806
23.447626899986062, 94, 587052.0, 3.806
17.76205060002394, 95, 586937.0, 3.785
10.784117300005164, 96, 586767.0, 3.755
9.319585999997798, 97, 586497.0, 3.707
9.426328899979126, 98, 586497.0, 3.707
8.45400199998403, 99, 586231.0, 3.660
9.968618299986701, 100, 586206.0, 3.656
10.194086999981664, 101, 585875.0, 3.598
10.648308000003453, 102, 585875.0, 3.598
9.080868199991528, 103, 585705.0, 3.567
7.956296199990902, 104, 585600.0, 3.549
9.202484900015406, 105, 585553.0, 3.541
9.975936400005594, 106, 585430.0, 3.519
10.623307499976363, 107, 585126.0, 3.465
10.625322100007907, 108, 585059.0, 3.453
11.097403599997051, 109, 584936.0, 3.431
9.245780400000513, 110, 584936.0, 3.431
10.16951340000378, 111, 584936.0, 3.431
9.44246980000753, 112, 584936.0, 3.431
8.966409699991345, 113, 584936.0, 3.431
9.702421800000593, 114, 584936.0, 3.431
7.377074099960737, 115, 584936.0, 3.431
7.681170099996962, 116, 584936.0, 3.431
8.170151999976952, 117, 584936.0, 3.431
8.159723500022665, 118, 584936.0, 3.431
8.360567499999888, 119, 584936.0, 3.431
7.354972799948882, 120, 584936.0, 3.431
8.001676799962297, 121, 584936.0, 3.431
8.87951240001712, 122, 584936.0, 3.431
9.526721600035671, 123, 584936.0, 3.431
8.421207300038077, 124, 584936.0, 3.431
8.999115100014023, 125, 584843.0, 3.415
7.931143099965993, 126, 584619.0, 3.375
9.110926800000016, 127, 584619.0, 3.375
7.76695010002004, 128, 584568.0, 3.366
7.940056699968409, 129, 584568.0, 3.366
8.898308200004976, 130, 584493.0, 3.353
8.08513729996048, 131, 584361.0, 3.330
9.677773399977013, 132, 584288.0, 3.317
10.492780499975197, 133, 584288.0, 3.317
10.648230499995407, 134, 584288.0, 3.317
10.569655600003898, 135, 584288.0, 3.317
8.26482100004796, 136, 584288.0, 3.317
8.421709199959878, 137, 584288.0, 3.317
7.963127799972426, 138, 584288.0, 3.317
9.707628199947067, 139, 584288.0, 3.317
8.993507700040936, 140, 584288.0, 3.317
8.733460499963257, 141, 584288.0, 3.317
7.473644600016996, 142, 584288.0, 3.317
8.042148000036832, 143, 584288.0, 3.317
7.755643000011332, 144, 584288.0, 3.317
7.561052799981553, 145, 584288.0, 3.317
7.7757648000260815, 146, 584288.0, 3.317
7.480433600023389, 147, 584129.0, 3.289
7.592943599971477, 148, 584129.0, 3.289
8.817726199980825, 149, 584129.0, 3.289
9.042778700008057, 150, 584129.0, 3.289
8.21912289998727, 151, 584129.0, 3.289
9.049732599989511, 152, 584115.0, 3.286
8.561600500019267, 153, 583948.0, 3.257
8.122213300026488, 154, 583948.0, 3.257
9.343041600019205, 155, 583774.0, 3.226
7.917844699986745, 156, 583774.0, 3.226
8.504236100008711, 157, 583774.0, 3.226
8.434367100009695, 158, 583774.0, 3.226
8.611084399977699, 159, 583774.0, 3.226
9.886234699981287, 160, 583774.0, 3.226
6.931836400006432, 161, 583774.0, 3.226
9.084018900000956, 162, 583774.0, 3.226
8.285941299982369, 163, 583774.0, 3.226
8.62870760000078, 164, 583774.0, 3.226
11.06538449996151, 165, 583774.0, 3.226
9.033924899995327, 166, 583774.0, 3.226
8.775894700025674, 167, 583774.0, 3.226
7.539266999985557, 168, 583774.0, 3.226
7.965979699976742, 169, 583774.0, 3.226
8.88304780004546, 170, 583774.0, 3.226
7.530343100021128, 171, 583774.0, 3.226
8.93972239998402, 172, 583774.0, 3.226
8.147357999987435, 173, 583774.0, 3.226
7.746809699980076, 174, 583774.0, 3.226
8.271773199958261, 175, 583774.0, 3.226
7.8560566999949515, 176, 583697.0, 3.212
10.869277499965392, 177, 583527.0, 3.182
8.709549300023355, 178, 583356.0, 3.152
9.500803900009487, 179, 583262.0, 3.135
8.88937900000019, 180, 583229.0, 3.130
8.459090599964838, 181, 583229.0, 3.130
10.150591299985535, 182, 583229.0, 3.130
9.172841100022197, 183, 583229.0, 3.130
8.683796999976039, 184, 583229.0, 3.130
9.301548300019931, 185, 583229.0, 3.130
7.326610399992205, 186, 583229.0, 3.130
8.377317100006621, 187, 583229.0, 3.130
8.136556099983864, 188, 583229.0, 3.130
7.344993399980012, 189, 583229.0, 3.130
8.207913999969605, 190, 583229.0, 3.130
10.778605800005607, 191, 583229.0, 3.130
9.93730319995666, 192, 583229.0, 3.130
9.000434999994468, 193, 583229.0, 3.130
6.696268500003498, 194, 583229.0, 3.130
9.063773199974094, 195, 583229.0, 3.130
9.280544900044333, 196, 583228.0, 3.129
7.874728400027379, 197, 583228.0, 3.129
8.140737599984277, 198, 583228.0, 3.129
9.072781900002155, 199, 583228.0, 3.129
7.785590399987996, 200, 583228.0, 3.129
8.078295699961018, 201, 583220.0, 3.128
9.6838666999829, 202, 583220.0, 3.128
8.955949300026987, 203, 583220.0, 3.128
8.795816400030162, 204, 583147.0, 3.115
8.465049999998882, 205, 583147.0, 3.115
8.33483810001053, 206, 583147.0, 3.115
7.709808499959763, 207, 583147.0, 3.115
8.83909720001975, 208, 583147.0, 3.115
8.376887999998871, 209, 583147.0, 3.115
8.391677899984643, 210, 583106.0, 3.108
7.426885700027924, 211, 583106.0, 3.108
9.829126800002996, 212, 583106.0, 3.108
12.225326400017366, 213, 583106.0, 3.108
8.52730130002601, 214, 583106.0, 3.108
9.302392400044482, 215, 582869.0, 3.066
8.346162099973299, 216, 582869.0, 3.066
7.732583500037435, 217, 582869.0, 3.066
8.291267999971751, 218, 582869.0, 3.066
8.199487299949396, 219, 582869.0, 3.066
9.317713600001298, 220, 582869.0, 3.066
7.262339500011876, 221, 582869.0, 3.066
7.411347999994177, 222, 582869.0, 3.066
8.103393600031268, 223, 582869.0, 3.066
8.504275899962522, 224, 582869.0, 3.066
9.450934000022244, 225, 582869.0, 3.066
10.308215099968947, 226, 582869.0, 3.066
9.496925599989481, 227, 582869.0, 3.066
8.20048559998395, 228, 582869.0, 3.066
9.389777399948798, 229, 582869.0, 3.066
10.590826900035609, 230, 582869.0, 3.066
8.845745200000238, 231, 582869.0, 3.066
7.301258300023619, 232, 582861.0, 3.065
8.214099399978295, 233, 582861.0, 3.065
8.905712399980985, 234, 582861.0, 3.065
8.504304999951273, 235, 582861.0, 3.065
8.354596699995454, 236, 582861.0, 3.065
7.352621700032614, 237, 582861.0, 3.065
8.056093299994245, 238, 582861.0, 3.065
7.513559499988332, 239, 582861.0, 3.065
8.129385399981402, 240, 582861.0, 3.065
7.918790600029752, 241, 582861.0, 3.065
7.569730300048832, 242, 582861.0, 3.065
7.725138599984348, 243, 582861.0, 3.065
7.948362199997064, 244, 582861.0, 3.065
7.71622290002415, 245, 582861.0, 3.065
7.945149099978153, 246, 582861.0, 3.065
9.434135099989362, 247, 582861.0, 3.065
8.137001800001599, 248, 582861.0, 3.065
8.309316999977455, 249, 582861.0, 3.065
7.3031495999894105, 250, 582861.0, 3.065
9.389049399993382, 251, 582861.0, 3.065
7.762353899946902, 252, 582861.0, 3.065
8.222024299961049, 253, 582861.0, 3.065
8.401164300041273, 254, 582861.0, 3.065
9.06031690002419, 255, 582861.0, 3.065
7.308676999993622, 256, 582861.0, 3.065
7.33363329997519, 257, 582861.0, 3.065
9.382327799976338, 258, 582861.0, 3.065
7.487548400007654, 259, 582861.0, 3.065
8.003005099948496, 260, 582861.0, 3.065
10.830660499981605, 261, 582861.0, 3.065
9.373687099956442, 262, 582861.0, 3.065
8.462395899987314, 263, 582861.0, 3.065
10.344339000002947, 264, 582861.0, 3.065
8.559439899981953, 265, 582861.0, 3.065
7.377471700019669, 266, 582861.0, 3.065
9.159969100030139, 267, 582861.0, 3.065
9.182976700016297, 268, 582861.0, 3.065
8.34177830000408, 269, 582861.0, 3.065
8.369828599970788, 270, 582861.0, 3.065
8.329110299993772, 271, 582861.0, 3.065
8.033475299947895, 272, 582861.0, 3.065
9.625794299994595, 273, 582861.0, 3.065
8.475617999967653, 274, 582861.0, 3.065
9.197065499960445, 275, 582861.0, 3.065
7.642687699990347, 276, 582861.0, 3.065
8.602511000004597, 277, 582861.0, 3.065
7.375316499965265, 278, 582861.0, 3.065
9.16068670002278, 279, 582861.0, 3.065
7.070854799996596, 280, 582861.0, 3.065
8.943343899969477, 281, 582861.0, 3.065
8.515782000031322, 282, 582784.0, 3.051
8.751732799981255, 283, 582784.0, 3.051
8.928309099981561, 284, 582784.0, 3.051
6.999437599966768, 285, 582784.0, 3.051
8.046470600005705, 286, 582784.0, 3.051
8.006074200035073, 287, 582784.0, 3.051
9.10284910001792, 288, 582759.0, 3.047
7.825884299993049, 289, 582759.0, 3.047
7.933951799990609, 290, 582759.0, 3.047
9.619704100012314, 291, 582759.0, 3.047
9.072863299981691, 292, 582759.0, 3.047
8.399741299974266, 293, 582759.0, 3.047
7.428202999988571, 294, 582759.0, 3.047
8.48491360002663, 295, 582759.0, 3.047
11.124765700020362, 296, 582759.0, 3.047
8.601126399997156, 297, 582759.0, 3.047
10.925915500032715, 298, 582759.0, 3.047
8.09402850002516, 299, 582759.0, 3.047
9.175974000012502, 300, 582705.0, 3.037
8.660397300031036, 301, 582697.0, 3.036
8.344986599986441, 302, 582697.0, 3.036
9.344597599992994, 303, 582697.0, 3.036
7.997599000053015, 304, 582697.0, 3.036
7.92018969997298, 305, 582697.0, 3.036
8.393277399998624, 306, 582697.0, 3.036
8.689637499977835, 307, 582697.0, 3.036
9.532467500015628, 308, 582697.0, 3.036
10.156266100006178, 309, 582697.0, 3.036
8.223875199968461, 310, 582697.0, 3.036
9.860203599964734, 311, 582697.0, 3.036
8.742920799995773, 312, 582697.0, 3.036
7.292819499969482, 313, 582697.0, 3.036
8.46415379998507, 314, 582697.0, 3.036
10.15435460000299, 315, 582697.0, 3.036
9.641708599985577, 316, 582697.0, 3.036
8.155024299980141, 317, 582697.0, 3.036
8.540292199992109, 318, 582697.0, 3.036
10.637540900032036, 319, 582697.0, 3.036
7.316400299954694, 320, 582697.0, 3.036
9.947973600006662, 321, 582697.0, 3.036
8.862649800023064, 322, 582697.0, 3.036
7.7078540999791585, 323, 582697.0, 3.036
8.542693399998825, 324, 582697.0, 3.036
8.838762600033078, 325, 582697.0, 3.036
7.869468500022776, 326, 582697.0, 3.036
8.538974699971732, 327, 582697.0, 3.036
7.850539099948946, 328, 582697.0, 3.036
8.326906099973712, 329, 582697.0, 3.036
9.704084100027103, 330, 582697.0, 3.036
7.436610899982043, 331, 582697.0, 3.036
7.963981099950615, 332, 582697.0, 3.036
7.452000499994028, 333, 582697.0, 3.036
9.366629600001033, 334, 582697.0, 3.036
8.686653800017666, 335, 582689.0, 3.034
7.7634913000511006, 336, 582689.0, 3.034
7.7165290000266396, 337, 582689.0, 3.034
8.866794100031257, 338, 582689.0, 3.034
8.616089999966789, 339, 582689.0, 3.034
7.765466700016987, 340, 582689.0, 3.034
7.827828000008594, 341, 582689.0, 3.034
9.609728700015694, 342, 582689.0, 3.034
8.197239500004798, 343, 582508.0, 3.002
9.060609600041062, 344, 582508.0, 3.002
7.94272169994656, 345, 582409.0, 2.985
8.706039100012276, 346, 582409.0, 2.985
9.075425199989695, 347, 582409.0, 2.985
7.777869599987753, 348, 582409.0, 2.985
9.246965199999977, 349, 582304.0, 2.966
7.153797600010876, 350, 582304.0, 2.966
7.4702298999764025, 351, 582221.0, 2.951
9.477714500040747, 352, 582221.0, 2.951
9.992713499988895, 353, 582119.0, 2.933
9.810775199963246, 354, 582119.0, 2.933
8.680505199998152, 355, 582119.0, 2.933
8.47294070001226, 356, 582119.0, 2.933
7.750178899965249, 357, 582119.0, 2.933
8.649832599970978, 358, 582119.0, 2.933
10.37705760000972, 359, 582119.0, 2.933
7.932874399994034, 360, 582119.0, 2.933
7.843793500040192, 361, 582119.0, 2.933
8.377452299988363, 362, 582119.0, 2.933
9.021503500000108, 363, 582119.0, 2.933
7.1746680999640375, 364, 582119.0, 2.933
6.9156589999911375, 365, 582119.0, 2.933
8.928704900026787, 366, 582119.0, 2.933
8.240563199971803, 367, 582119.0, 2.933
7.4473101000185125, 368, 582119.0, 2.933
9.186747700034175, 369, 582119.0, 2.933
8.700154999969527, 370, 582119.0, 2.933
8.250826800009236, 371, 582119.0, 2.933
9.192180800018832, 372, 582119.0, 2.933
8.95571160002146, 373, 582119.0, 2.933
8.43546129995957, 374, 582119.0, 2.933
7.66892279998865, 375, 582119.0, 2.933
7.225578800018411, 376, 582119.0, 2.933
9.663743899960537, 377, 582119.0, 2.933
7.747151600022335, 378, 582119.0, 2.933
7.905633399961516, 379, 582119.0, 2.933
8.371083799982443, 380, 582119.0, 2.933
8.118106600013562, 381, 582119.0, 2.933
9.188502600009087, 382, 582119.0, 2.933
9.119512400007807, 383, 582119.0, 2.933
9.135271700040903, 384, 582119.0, 2.933
7.876098900043871, 385, 582119.0, 2.933
8.89155070000561, 386, 582119.0, 2.933
7.8123237999971025, 387, 582119.0, 2.933
9.011550199997146, 388, 582119.0, 2.933
9.299540999985766, 389, 582119.0, 2.933
7.595224599994253, 390, 582119.0, 2.933
10.118567999976221, 391, 582119.0, 2.933
6.953375699988101, 392, 582119.0, 2.933
7.395469899987802, 393, 582119.0, 2.933
8.700302799989004, 394, 582119.0, 2.933
9.0004595000064, 395, 582119.0, 2.933
8.359171300020535, 396, 582119.0, 2.933
9.111302000004798, 397, 582119.0, 2.933
8.758242600015365, 398, 582119.0, 2.933
8.754777499998454, 399, 582119.0, 2.933
8.846819299971685, 400, 582119.0, 2.933
10.051511200028472, 401, 582119.0, 2.933
7.806803100043908, 402, 582119.0, 2.933
9.527711900009308, 403, 582119.0, 2.933

tour:
[ 484 4633 4632 2969 3918 4573 2270 2257 2259 3034 2453 1248 2005 1287
 2670 1755 4368 1758 2006  652 2007 2008 4336 2408 3549 2458 2145  575
 4335 4334 4333 4332 4331 4330 2141  703 2140  702 2139 2138 2137 2136
 2135  146 3747 3748 3749 2070 1286 2142 2143 2144 2808 5041 5040 5039
 5038   70 5037  682 5036 5035 5034 5033 5032 3815 3816 3817 3818 3819
   21 1247   22 2452 4631 4033 3101 2841 1878 4690 2374 2175 2149 2457
 3548 1747 3127 1759  491 1761 1762 1763 4916 4152 3881 2663 5301 3904
  483 5043 5042  704 2809 2810 5044 1149 5045 1179 5046  417 5047  364
 5048 5697 5049 5698 5699 5700 5701 5702 5703 5704 5705 5706 5707 5708
 5709 5710 5711 5712 5713 2432 2433 2434 2435 2436 2437  253 2438  799
 2439  800 2440  801 2441  802 2442  803 2443  804 2444  784 3271  552
 3270 3269 3268 5723 5722 5721 5720 5719 5718 5717 5716 5715 5714 3626
 5563 3136 4113 2667 3672 3093 3030 2688 4267 2703 2803 2934 3645 1486
 3069 3054 3048 4833 3154 3580 5014 5372 5397 3125 5239 3982 3995 4000
 2213 2948 2573 3831 3853 2998 5285 5127 3053 2697 5858 4920 4919 4918
 4917 1937 1938 1939 1940 4921  995 4922  717 4923 1162 4924 1159 4925
 1017 4926 1219 4927 1114 4928 1001 4929 1002 4930  276 4931 1126 4932
  979 4933  944 4934  905 4935 4936 1020 4937 4938 3667 4781 2942 4581
 3589 4533 2710 2035 4402 1447 4943 4239 5763 5079 4212 5172 3720 5621
 3420 4729 5334 2682 5596 2360 2447 1825 3337 3697 3180 4055 3740 3486
 3277 3649 2767 2593 3370 1777 4170 1800 3757 2522 3364 4069 4118 1580
 2538 4272 2906 4102 5401 2638 4837 3073 4092 3620 4250 3213 3288 4037
 5409 3427 5280 1259 1998 1536 2653 4178 3836 1356 3712 3402 4231 1375
 1280 4736 4909 1470 1322 4156 4079 1419 5109 4146 5121 5308 5232 5294
 2280 2319 2646 3633 3656 2757 2366 3678 2631 2756 2755 1477  269 1478
  270 3637 1418  217 1423  218 1424  219 1240 5519 3705 5524 3640 2365
 1481 3655 1427 2318 2645 2630 3677 5826 5569 5565 5487 4434 5539 4740
 4589 4626 1234 5430 4106 5458 3704 5523   11 3703 1127  221 2629  747
 2628  877 2627  876 2626  875 2625  108 2624   62 2623  874 2622  142
 2621  873 2620   36 2619  872 2618  871 2617 4247 3617 1120 3616 1119
 3615  879 3614  963 3613  307 3612  838 3611  338 3610 1118 3609  823
 3608 1117 3607  507 3606 1064 3605 1101 3604 1029 3603 1075 3602  780
 3601  900 3600 1116 3599 1081 3598  920 3597  605 3596  248 3595 3594
 3591  668 4399 4398 4397 1128 4530 4529 4528  981 1124 4396 4395 4394
  891 4527 4526 4393 4392  908 4525 4524 4523  977  913 4391 4390 1619
  382 1618  381 1617  380 1616  379 1615  378 1614  377 1613  376 1612
  375 1611  374 1610  373 1609  372 1608  371 1607  370 1606 4376 4377
 4378 4379 4380 4381 4382 4383 4384 4385 4386 4387 4388 4389 4522 4521
 4520 4519 4518 4517 4516 4515 4514 4513 4512 4511 4510 4509 4375 4374
 4373 4372 4371 4370 4503 4504 4505 4506 4507 4508 2990 2989 2988 2987
 2986 2985 3104 3105 3106 3012 3013 3014 3015 3016 3017 3107 3108 3109
  361 2991 2992 2993 2994 3113 3112 3111 3110 3018 3019 3020 3021 3022
 3114  996 3115 1013 3116  714 3117 3122 1014 3121 3994 3981 5238 3862
 5575 5396 5371 5013 3579 2169 3152 4831 3046 3067 3059 1484 3642 2932
 2801 2700 4263 2692 3027 4575 3670 2665 4111 3097 3134 2939 5561 3631
 3664 3685 3686 3687 3688  249 4535 4536 4539 4236 5760 1917 2720 5170
 3718 4219 4046 3417 3376 4727 5332 2680 3353 3354 3355 3694  781 3693
  901 3692 1129 3691 1082 3690 3689  606  921 5083 5084 5085 5086 5087
 3695 3356 1030 3357 1078 3358 1065 3359  508 3360 1079 3361  824 4067
 3362 5096 2520 4116 4124  339 4125  839 4126  308 4127  964 4128  880
 4129 1178 4130 4090 4132 3618 4248 3211 3286 4035 5407 3425 5278 3083
 1257 1996 2651 4176 3834 1354 3710 3408 4229 1373 1823 1278 4734 4907
 1855 5108 4145 5120 5307 5231 5293 2279 4078 4155 1321  561 1852   63
 1851 1850 1820  549 1819 1818  143 1849 1848   37  548 1817 1816  547
 1815  546 1814  545 1813  544 1812  543 1811  542 1810  541 1809 1808
  540 1807  340  309 1841 1842 1843 1844 1845 1846 1847 3081 3080 3079
 3078 1840 1839 1838 1837 1806  539 1805  538 1804  537 1798 1834 1835
 1836 5093 5092  509 1833  560 1832  559 1831 5091 5090 5089 5088  558
 1830  557 1829 1824 2446 2359 2681 5333 4728 3377 3418 4047 4220 3719
 5171 2721 5094 1918 5761 4237 1445 4400 2033 2707 4531 3587 4779 4778
 4777 4776 4775 4774 4773 4772 4771 4770 1213 4769 1212 4768 1139 4767
 4766 4765 4764 4763 4762 4761 4760 4759 4758 4757 4756 4755 4754 3011
 3103 3010 3009 4751 4752 4753 1651  410 1650  409 1649  408 1648  407
 1647  406 1646 1645  405 1644 1643  404 1642  403 1641  402 1640 1639
  401 2548 2549 2550 2551 2552 2553 2554 2555   20 2556 2557 2558 5847
 5846 5845 5844 5843 5842 5841 5840 5839 5838 5837 4359 4360 4361 4362
 4363 4364  158 4365 4366 2263 2264 4893 4892 2834 2835 2836 2837 4895
 4894 2265  739 2266 2268 3032 4629 2256 2261 4572 2807 3921 4032 3100
 2840 4689 2373 2174 2148 2456 5850 5849 5848 2559 2560 2561  411 1652
  412 1653  413 1654  414 1655  415 1656 5053 5054 5055 5056 5057 5058
  715 1016 5059 5060 5061 5062 5063 5064  711 5576 5577 5578 5579 1000
 5065  274 5066 5067  914  978 5580 5581 5582  909 5068 5069  892 5070
  982 1125 5071 5072 5073 5074 5075 5076 5077 5591  607 5590  250 5589
  669 5588  915 5587 1214 5586 5585 5584 5583 5611 5610 5609 5608 5607
 5606 5605 5604 5603 5602  716  847 2572  846 2571 2570 2569 2568 2567
 5857 5856 5855  362 2566 2565 2564 2563 2562 5851 5852 5853 5854 5865
 5864 5863 5862 2153 2152 2151 2150 4899 4900 4901 4902 4903 4904 2154
 2155 2156 2157 3826 3827 3828 3829 3830  620 2158  705 2159 2160 3855
 3856 3857 3858 2161 2162 2163 3123 3124 2164  706 2165  707 2166  708
 2170 3153 4832 3047 3068 3060 1485 3643 3644 2702 4266 2701 2802 2933
 4264 4265 2693 3028 4576 3671 2666 4112 3098 3135 2940 5562 5612 5613
 5614 5615 5616 5617 5618 5619  922 5592 1083 5593 1222 5594  902 5595
 4048 4049 4050 4051 4052 4053 4054 3336 3696 3179 4961 3739 3485 3276
 3648 2766 2592 3369 1776 4169 1799 3756 2521 3363 4068 4117 1579 2537
 1527 4271 2905 4101 5400 2637 4836 3072 4091 3619 4249 3212 3287 4036
 5408 3426 5279 1258 1997 2652 4177 3835 1355 3711 3409 4230 1374 1279
 4735 4908 1474  267 1475  268 1476  212 2754 2753 2752  109 2751   64
 2750  165 2749  932 2748 3405 3401  144 2747 1535  316 1534  315 1533
  314 1532  313 1531  312 1530  311 1529  310 1528 2740 2741 2742 2743
 2744 2745 2746   38 3400 3399 3398 3397 3396 3395 3394 3393 3392  840
 2739 2738  341 3391 2737  931 2736 2735  825 3390 3389 3388  530 2734
  510 2733  930 2732  929 2731  928 2730  927 2729  926 2728  550 2727
  782 2726  903 2725  925 2724  924 2723  923 2722 5078 1919 5762 4238
 1446 4401 2034 2708 4532 3588 4780 3665 3632 3628 3666 4580 4579 4578
 4577  596 1907  597 1908  598 1909  599 1910  600 1911  251 1912  601
 4221 5620 3419 3378 3379 3380 3381 3382 3383 3384 3385 3386 3387 4962
 4958 1166 4957 1031 4956 1076 4955  551 4954  783 4953  904 4952 1220
 4951 1210 4950 1085 4949 1130 4948 4947 4959 4942  252 4941  670 4940
 1115 4939 2709 2941 3095 3029 2690 1906  595 1905  594 1904  593 1903
  592 1902  591 1901  275 1900  590 1899 3056  589 1898  588 1897  587
 1896  586 1895  585 1894  584 1893 3999  583 1892  582 1891  581 1890
  580 1889  579 1888  578 1887  363 1886  416 1885 1884 1883 1882 1881
 4898 4897 4896 1880  950 2838 4630 3033 2451 2450 2449 2669 4367 1757
 1246 1285 3004 2658 2073 3822 1364  151 1361  150 1360  149 1359 3746
 1382 5823 5822 2830 2831 2832  949 2833  837 4891 4890 4889  173 4888
 2928 4887 4886 4885 4884 4883  947 4882  940 4881  207 4880 4879 4878
 4877 4876 5643 5644 5645 5646 5647 4350 4349 4348 4347 2815 2816 2817
 2818 2819 2820 2821  939  206 4351 4352 4353  946 4354 1011 4355 4356
 4357 4358 5833  504 5834  625 5835  643 5836  231 2547 2546 2545 2544
  845 3770 1413  205 1412  204 1411  203 1410  202 1409 1408 2814 4789
 5100 2846 1465 5472   55 5471  135 5470  186 4259 4345  187 5641  136
 4346 5642   56 4875 2221 5018 1349 1662 5392 5419 5416 3490 4256 3519
 1388 1678 3872 3964 3482 2715 3207 1877 1720 4499 5490 5638 5639 5640
  460 4344 4343 1194 4342 1193 4341 1192 4340 5637 5636 1137 5635 5634
 5633 5632 5631 5630 5629 5628 5627 5626 1334 4104 5379 5800 4284 5677
 5421 5439 3849 4339 5112 5466 1226 5467 1200 5468  459 5469 5465 5776
 5775 1136 5774 1225 5773 1224 5772 1189 5771 1176 5770  122 5769 5768
 1202 4541 1203 4542 1204 4543 4544 4545  458 1199 5777 5778 5779 5780
 5781  185 4546  134 4547 4548   54 5782 5783 3232 5784 5785 5786 5787
 5788 1010 1110  325  292 1107  201 4549 4550 4551 4552 4553 4554 4555
 4556 4557 4558 4559 4560  230 4561  642  624  503 1113  844 5790  938
 5789 3088 3089 5791 5792 5793 5794 5795 1432 1684 3585 4466 2954 1638
 3143 2930 3745 1385 2529 4225 2972 3509 1363 3821 2072 2657 4747 4748
 4749 4750 3008 3007 3006 4571 4570 4569 4568 4567 4566  992 4565 1186
 4564  836 4563  183 4562  400 2974  157 2975  681 2976 2977 2978 2979
 2980 2981  988 2982  993 2983 2984 4502 4501 4031 3920 2968 2966  945
 2965 2964 2963 2962 2961 2960 2959  985 2958  984 2957  835 2956  182
 2955  399 2952 3142 2953 4465 3584 1683 1431 1969 2275 2614 1946 1773
 5832 3567 2543 3769 2774 3087 3556 4438 1560 1554 4316 1503 3513 1407
 2813 4788 5099 2845 1464 3235 4280 1273 3498 5290 5377 4874 2220 5017
 1348 1661 5391 5418 3494 1541 4261 3518 1387 1677 3871 3963 3481 2714
 3206 1876 1719  457 4658  184 4659  133 4660   53 4661  200 4662 1106
 4663  291 4664  324 4665 1109 4666 1009 4667  937 4668  843 4669 1112
 4670  502 4671  623 4672  641 4673  229 4674  398 4675  181 4676  834
 4677 1185 4678  991 4679  156 4680  680 4681   19 4682  807 4683  745
 4684  742 4685 4686  987 4687  952 4688 1195 2372  482 2287 3129 2376
 5302 2377  684 2378  495 2379 2380 2381 2382 2383 2384 2385 2386 2387
 2388 2389 2390 2391 2392 2393 2394 2395  273 2396 2397 2398 2399 2400
 2401 2402 2403  789 2404 2405 5756  791 5757  247 5758 5759 1916 2719
 5169 3717 4218 4045 3416 3375 4726 5331 2679 3352 2358 2445 3335 3178
 4960 3738 3484 3275 3647 2765 2591 3368 1775 4168 1797 3755 5095 2519
 4066 1578 2536 1526 4270 2904 4100 5399 2636 4835 4131 4089 4246 2616
 3210 3285 4034 5406 3424 5277 3082 1256 1995 2650 4175 3833 1353 3709
 3407 4228 1372 1822 1277 4733 4906 1854 1320 4154 4077 5107 4144 5119
 5306 5230 5292 2278 2317 2644 1426 3654 1480 2364 3702 3676 3639 1239
 5518 5522 2923   10 2924  974 2925  975 2926 5568 5825 5521 5517 1238
 3638 3675 3701 2363 1479 3653 1425 2643  220 2922  746 2921  973 2920
  972 2919  106 2918   60 2917  971 2916  140 2915  529 2914   33 2913
  970 2912  969 2911  869 2910  968 2909  967 2908  878 2907  966 2903
 4269 2902 1936 1525  617 1935  336 1934  616 1933 1932 1931 1930 1929
 2047 2048 2049 2050 2051  519 1783  518 1782  517 1781 5184 5185 5186
 5187 1784 1785  520 1786 1787  521 1788  522 1789  523 1790  524 1791
  525 1792  526 1793  527 1794   34 1795  528 1796 1352 3708 3406 4227
 1371 1821 1276 4732 4905 1853 1319 4153 5366 1180 5364  107 5363   61
 5362 1084 5361  141 5360  886 5359   35 5358 1086 5357 1039 5356  870
 5355 1175 5354 1215 5353 5352 5191 5190  306 5189 5188  337 5351 5350
 5349 5348 5347 5346 5345 5344 5343 1063 5183 5182 1100 5181 5180 1074
 1028 5342 5341 5340 5339 5338 5176 5177 5178 5179 2116 2043 2044 2045
 2046  506 1928  615 1927  614 1926  613 1925  612 1924  611 1923  610
 1922  609 1921  608 1920 1913 4243 5914 5913  666 5912  756 5911  694
 5910 1122 5909  822 5908  890 5907  907 5906  912 5905  976 5904  271
 3066 3058 1483 3641 1620 2931 2800 2699 4262 2691 3026 4574 3669 2664
 4110 3096 3133 2938 2487 3629 3662 3683 2105 2107  696 2108 2109  244
 2036 2037 2038 2039 2040 2041 2042 2115 2114 2113 2112 2111  602 2110
 5166 5165 5164 5163 5162  695 5161 1123 5160 5159 5158 5157 5156 5155
 5154 5153 5152 5151 5150 3045 5315 3151 2168 3578 5553 5369 5394 5573
 3860 5236 3979 3992 3119 3997 2211 2946 5600 3024 5145 2996 1942 5283
 5125 3051 2695 5695 3726 5051 3824 2217 1658 2873 1674 3562 5728 1765
 4914 4150 3879 2661 5304 3131 3902 5859 1744 3551 4692 3041 5884 1018
 5885  889 5886  492 5887 1231 5888  428 5889  421 5890 1131 5891 1230
 5892  910 5893  618 5894  994 5895 1229 5896  712 5897 1015 5898 1138
 5899 1228 5900 1223 5901  709 5902  999 5903 1482 3057 3065 3044 5314
 3150 2167 3577 5552 5368 5393 5572 3859 5235 3978 3991 3118 3996 2210
 2945 5599 3023 5144 2995 1941 5282 5124 3050 2694 5694 3725 5050 3823
 2216 1657 2872 1673 3561 5727 1764 4913 4149 3878 2660 5303 3130 3901
 5883 1743  479 1742  478 1741  477 1740  476 1739  475 1738  474 1737
  473 1736  472 1735  471 1734  470 1733   15 1732  469 1731  152 1730
  468 1729  467 1728  466 1727  177 1726  394 1725  224 1724  465 1723
  464 1722  463 1721 3765 3764  935 3762 3763 3084 4968 3554 4436 1558
 1552 4314 1501 3511 1414  198 1404 1461 1462 2843 5097 4786 2811 1405
 3233 4278 1271   51 1270   50 1269 1460 1459   49 1268   48 1267   47
 1266   46 1265   45 1264 1263   44 1455 1456 1398 1399 1400 1457 1458
 1401 1402 1403 1623 1624  385 1625  289 1626  322 1627  386 1628  387
 2771 3766 2540 3564 5829 1770 4790 1944 2612 2273 1967 1429 1681 3582
 4463 3140 2950 1636  393 1635  225 1634  392 1633  391 1632  390 1631
  389 1630  388 1629 3085 4969 2772 3767 2541 3565 5830 1771 4791 1945
 2613 2274 1968 1430 1682 3583 4464 3141 2951 1637 2929 3744 1384 2528
 4224 2971 3508 1362 3820 2071 2656 4746 1284 1245 1756 2668 2448 2269
 2267 4628 2260 2258 2806 2967 3919 4030 4500 2839 4369 2254 2172 2146
  480 2460  808 2461  809 2462  810 2463  493 2464  811 2465  429 2466
  422 2467  812 2468  813 2469  814 2470  619 2471  815 2472  816 2473
  817 2474  713 5146 5147 5148 5149 2475  818 2476  819 2477  820 2478
  821 2479  710 2480 2481 2482 2483 2484 2485 2486 3630 3663 3684 2106
 2315 2517 3592 2705 2031 3410 2406 1443 4537 4244 1914 2717 5167 3715
 4216 4043 3374 4725 5365 5330 1080 5329  918 5328  603 5327  245 5326
  667 5325  757 5324 5323 5322 5321 5320 5560 5559 5558 5319 5318 5317
 5316 5557 5556  272 5555 5554 5370 5395 5574 3861 5237 3980 3993 3120
 3998 2212 2947 5601 3025 2997 1943 5284 5126 3052 2696 5696 3727 5052
 3825 2218 1659 2874 1675 3563 5729 1766 4915 4151 3880 2662 5305 3132
 3903 3042 4693 3552 2454 5860 1745 4993 4994 1019 4995 4996 4997 4998
 4999 5000 5001 5002 5003 5004 5005 5006 5007 5008 5009 5010 5011 5012
 2094 2093 2092 2091 2090 2089 2088 2087 2086 2085 2084 2083 2082 2081
 2080  685 2079 2078 4813  494 4814 4815 4816 4817 4818 4819 4820 4821
 4822 4823 4824 4825 4826 4827 4828 4829 4830 2095 2096  686 2097 2098
  687 2099  688 2100  689 2101  690 2102  691 2103  692 2104  693 2316
 2518 3411 2407 1444 4538 4245 1915 2718 5168 3716 4217 4044 3415  919
 3414  604 3413  246 3412  790 2032 2706 3593  758 2516 2515 2514 2513
 2512 2511 2510 2509 2307  749 2308  750 2309  751 2310  752 2311  753
 2312  754 2313  755 2314 5755 5754 5753 5752 5751 5750 5749 5748 5747
 5746 5745 5744 5743 5742 5741 5740 5739 5738 5737 5736 5735 5734 5733
 5732 5731 5730 2288 2289 2290 2291 2292 2293 2294 2295 2296 2297 2298
 2299 2300 2301 2302 2303 2304 2305 2306 2508 2507 2506 2505 2504 2503
 2502 2501 2500 2499 2498 2497 2496 2495 2494  423 2493 2492 2491 2490
  683 2489 2488 4694 3553 1746 5861 2455 2147 2173 2255 2253  737 2252
  736 2251  735 2250  734 2249  733 2248  732 2247  731 2246   18 2245
  679 2244  155 2243  730 2242  729 2241  728 2240  180 2239  397 2238
  228 2237  640 2236  622 2235  501 2234  727 2233  726 2232  725 2231
  724 2230  723 2229  323 2228  290 2227  722 2226  199 2225   52 2219
  721 2224 3086 2773 3768 2542 3566 5831 1772  621 4792 4793  639 4794
  227 4795  396 4796  179 4797  833 4798 1184 4799  990 4800  154 4801
  678 4802   17 4803  806 4804  744 4805  741 4806 4807 4808 4809 4810
 4811 4812  998 3040  481 3039  997 3038  951 3037  986 3036  738 3035
 4992 4991 4990 4989 4988 4987  740 4986  743 4985  805 4984   16 4983
  677 4982  153 4981  989 4980 1183 4979  832 4978  178 4977  395 4976
  226 4975  638 4974  500 4973 1111 4972  842 4971  936 4970 1008 3555
 4437 1559 1553 4315 1502 3512 1406 2812 4787 5098 2844 1463 3234 4279
 1272 3497 5289 5376 4873 5016 1347 1660 5390 5417 3493 1540 4260 3517
 1386 1676 3870 3962 3480 2713 3205 1875 1718 4657 4498 5489 5464 5111
 4540 4338 3848 5438 5420 5676 4283 5799 5378 4103 1333 5767 5651 3504
 1518 1972 1393 5625 1752 1949 3463 1856 5128 1861 5880 2002 1588 3899
 4871 3450 4010 2762 3144 3975 3183 3916 3972 3248 3986 3868 2052 3938
 3318 1300 3875 3948 3863 4195 4015 5384 3966 1510 5452 5483 1434 3954
 1452 5510 1290 5550 3500 1601 3940 2074 3734 3950 3208 3660 3070 1621
 1381 1516 1331 3922 1261 1599 1236 1556 1602 1603 3434 1088 3435 3436
 3437  234 5482 5481  259   77 5480 5479  358 5478 5475 2075 3501 5551
 1291 5511 1453 3955 1435 3945 3946 3947 3949 3864 4196 4016 5385 3967
 1511 5453 3438  296 3439 1089 3440 1090 3441 1091 3442 1092 3443 1093
 3444   85 3445 3446 3447 3448 3449 3451 3452 3453 3454 3455 3456 3457
 3458 3459  100 1315   99 1314   98 1313   97 1312   96 1311   95 1310
   94 1309   93 1308   92 1307   91 1306   90 1305   89 1304   88 1303
   87 1302   86 1301 3876 3319 3939 2053 3867 3869 3987 3249 3973 3917
 3184 3976 3145 2763 4011 4872 3900 1857 3464 1950 1753 1394 1973 1519
 3505 5652 1335 4105 5380 5801 5802 5803 5804 1227 5805 1201 5806  461
 5807  188 5808 5809 5810 5811 1466 1467 5812 5813 5814 5815 5816 5817
 2825  948 2826  505 2827  626 2828  644 2829  232 5821 5820 5819 5818
 5796 1970 2276 2615 1774 1769 3569 3568 3090 3771 2822 1670  425 1669
 1668  424 1667 1666 1665 1664   57 1663  137 5389 2716 3483 3965 3873
 1679 1389 3520 4257 3491 1542 5414 5387 1344 5019 5020 1390 2118  189
 2119  697 2120  698 2121  699 2122 2123 2124 2125 2126 2127 2128 4317
 4318 4319 4320 4321 4322 4323 2132 2131 2130  700 2129  496  627 2854
 2853 2852 2851 2850 2849 2848 2847 5375 5021 5022 5023 5024 5025  208
 5026 5027 5028 5029 5030  645 5031  233 2133  701 2134  174 4324 4325
 4326 4327 4328 4329 2527 4226 2973 2262 3510 3750 2069 2659 3005 1754
 2970 4222 4223 2526 1358 1383 5824 2927 2949 4467 3586 1685 1433 3813
 3138 5797 1971 2277 2855 1947 2610 1767 3570 3091 3772 2823 1671 2775
 1415 5648 3557 4439 1550 1468 1504 3514 5102 4785 1561 3558 1562 5501
 5500 5499 5498 3496 5286 3499 4281 3230 5473 1274 5101 5291 5288 5373
 2222 1391 5446 1345  130 1343  129 1342  128 1341 1340  127 1339  126
 1338  125 1337  124 1336 3331 3332 5441 5442  102 5443 5444 5445 3961
 4495 5491 4497  462 3477 1099 3476 1098 3475  101 3474 3473 1097 3472
 1096 3471 1095 3470 3469 3468 3467 3466 3465 5129 1862 5881 2003 1589
 1153 3898 3897 3896 3895 3894 3893 3892 3891 3890 3889 1152 3888 1151
 3887 1150 3886 3885  235 4856 4857  297 4858 4859 4860 4861 1140 4862
 1146 4863 1073 4864  671 4865 4866 4867 4868 4869 4870 1587 5130 5131
  190 5132 5133 5134 5135 5136 5137 5138 5139 1094 5140 1316 5141 5113
 3850 3460 5440 5422 5678 4285 5381 2068  676 2067  123 2066 2065 2064
 2063 2062 2061 2060 2059 2058  675 2057  674 2056  673 2055  672 2054
 3937 3936 3935 3934 3933 3932 3931 3930 3929 3928 3927   78  260 4855
 4854  359 5549    6 5548 5547 3736 3735 3951 3952 5542 5541 1038 4844
 1218 4845 4846 4847  383  171 5543 5544 5545 5546  357   40 1132  119
 4848 4849 4850 4851 4852 4853 3926 3924 5476 1557 1600 1598 1597  356
 1596 1595  172 1594 1593 1592  355 1591 1378  169 1379  170 1380  120
 5504 5505   41 5506    7 5507 5508  360 5509 1451 3957 5512 1454 3956
 3883 1436 5454 1512 1513 3905 3908 3909 3910 3911 3912 3913 3914 3915
 3185 3186  348 1749  486 1750  487 1751  488 1395  191 1396  192 1397
 3330 3329 3328 3327 3326 3325 3324 3323 3322 3321 3320 3333 3317 1072
 3316 1071 3315 1070 3314 1069 3313  298 3312 1068 3311  236 3310 1067
 3309  255 3308   79 3307 3306 1066 3305 3304 3303 3302 3301 4842 1590
 5540 1377 3209 3300 3953 3661 3071 1622 1517 5503 1332 3737 3923 1262
 1555 1237 5477 3925 5866 3942 3433 1605 2077 3503 1288 1450 5448 3958
 3884 1437 1515 3907 3944 3970 5382 4197 3865 3877 3866 3988 3250 3974
 3977 2764 3187 1748 1586 2004 3149 4014 1860  351 3189  649 3190 1023
 3191  565 3192  633 3193 1034 3194  195 3195 1035 3196 3197 1036 3198
 3199 3200 3202 3201  455  104 5425 5424 5423  305 1058 3261 3262 3263
 5426 5427  916 5428 3959 3874 1680 2117 4258 3492 5415 5388 1346 5447
 1392 2223 2176 5374 5287 3495 1953 4282 3231 5474 1275 4783 5103 3515
 1505 1506  293 1507 1508  294 1509 4305  295 4304  211 4303 4302  262
 4301 1108 4300 1191 4299 1190 4298   59 4297 4296 4295 4294 4293 4292
  917 4291  456 4290  105 4289 4288 4287 4286 3260 1057 3259  196 3258
 1056 3257  634 3256  566 3255 1024 3254  650 3253  352 3252  933 3188
 2761 3251 3971 1055 3247 1052 3985 3246 1051 3245 1050 3244 1049 3243
  300 3242  238 3241 1048 3240  257 3239   75 3238    8 3237   42 3236
 3099 1012 4843 4182  354 4183  168 4184  384 4185  121 4186   43 4187
    9 4188   76 4189  258 4190 1155 4191  239 4192  301 4193 1157 4194
 4198 1142 4199 1148 4200 1145 4201 1158 4202  934 4203  353 4204  651
 4205 1025 4206  567 4207  635 4208 1163 4209  197 4210 1105 4211 3334
 1524 3462 3852 5143 3264 1318 5115 1874 4496 1717 3479 3204 2712 3478
 5429 3960 1293   80 1294   81 1295   82 1296   83 1297   84 1298 1299
 4784 5104 3516 1469 1551 5502 1563 5693 1994 3560 5650 1417 2777 2778
 2779  223  631 4306 4307 3581 3814 3139 5798 1428 2856 1948 2611 2271
 1768 3571 5675 3092 2185 2184 2183  327 2182 2181 2180 2179 2178 2177
 1545  318 1544  317 1543 5664 5665 5666 5667 5668 1546  319 1547  320
 1548  321 1549 5669 5670 5671 5672  210 4440 4441  427 5674 5673 3530
 3531 3532  498 3533  629 3534 2857 3776 3775  497 3774 3773 2824 1672
 2776 1416 5649 3559 1993 1992 1991 1990 1989 1988 1987 1986 1985 1984
 5685 5686 5687   58 5688 5689 5690 5691  261 5692  326 3529 3528 3527
 3526 3525 3524 3523 3522 3521  132 5663  430 5662 5661 1037 5660  454
 5659 5658 5657 5656 5655 5654 1952 5653  194  571 1867 1866  570 1865
 1864  564 1951 1975 1976 1977 1978 1979 1980 1981 5682  103 5681 5680
 5679 1868 1869  572 1870  573 1871 1872 3203 5683 5684 1983  647 1982
 1873  453 1523 3507  193 3506 1974  563 1859 1858 1863 5882 5879 3148
  569 4013 4012  648 3147  350 3146 5878 1022 5877 1054 5876 1161 5875
 1144 5874 1147 5873 1141 5872 1156 5871  299 5870 5869 5868  256 5867
   74 1154  237 5450 5449 1289 3941 3432 1604 2076 3502 1292 1449 5451
 5455 1514 3906 3943 3968 3969 5383 5386 4017 4018 4019 1143 4020 1160
 4021 1053 4022 1021 4023  349 4024  568 4025  562 4026  632 4027  646
 4028  302 1520 1521  303 1522  304 3461 3851 5142 1317 5114 5492 5493
  574 5494  131 5495  720 5496 1104 5497 1954 1955 1956 1957 1958 1959
 1960  636 1961  209 1962  426 1963  637 1964 1965  628 2272 1966 3777
 3778 3779 3780 3781 3782 3783 3784 3785 3786 3787 3788 4029 3789 2870
  576 2869  955 2868   23 2867   71 2866  893 2865  489 2864  887 2863
 2862  954 2861  147 2860  175 2859  953 2858 3535 3536 3537 3538 3539
 3540 3541 3542 3543 3544 3545 3546 3547 3102 2842 1879 2171 4691 2375
 4337 2459 3550 2409 3128 1760 4695 2871 3790  419 2215 3791  367 3792
 3793  983 2698 4696 4697 4698 4699 4700 4701 4702 4703 4704 4705 2337
  768 2336  767 2335  719 2334  766 2333  765 2332  764 2331 2330 2329
 4461 4462 2205 2206 2207 2208 2209 2214 3989 4001 3572 3983 5240 5241
 3158 3159 3160 3161 3162 3163 3164 3165 3166 3167 3168 3169 3170 3171
 3172 3173 3174 3175 3176 3177 1027 4060 4061 4062 4063 2588  861 2589
  516 2596 4173 4167 4166 4165 4164 4163  860 2587  859 2586  858 2585
 4162  556 4161 2584  857 2583  856 2582  855 2581  854 2580  853 2579
  852 2578  851 2577  850 2576  849 1716 1714 1713  452 1712  451 1711
  450 1710  449 1709  448 1708  447 1707  446 1706  445 1705  444 1704
  443 1703  442 1702 4486 4485 4484 4483 1701 2204  368 4460 2328 2327
 4459 2203 1700 4482  441 2202 4458 4457 4456 4455 4454 4453 4452 4451
 4450 4449 4448 4447 4446 4445 4444 4443 4442  499 2186  630 2187  222
  431 2188 2189 2190 2191 2192 2193 2194 2195 2196 2197 1690  433 1689
 1688 1687  432 1686 4468 4469 4470  176  148  434 1691  435 1692  436
 1693  437 1694  438 1695 1696   72 2198 2199   24 2200 2201 1697  439
 1698  440 1699 4481 4480 4479 4478 4477 4476 4475 4474 4473 4472 4471
 4313 4312 4311 4310 4309 4308 2780 2781 2782 2783 2784 2785 2786  888
 2787  490 2788  894 2789   73 2790   25 2791  941 2792  577 2793  485
 2794  420 2795  369 2796  942 2797  911 2798  943 2799 3854 3832 2574
 3990 4002 3573 3002 3984 3003 3001 3000 2999 4487 4488 4489 4490 4491
 4492 4494 3126 5367 5398 3061 5015 3157 3043 4834 4493 3055 3156 1488
 3646 1715 2936 2805 2704 4268 2689 2875 3031 3094 3674 5192 4115 3137
 1438 5564 3627 2590 3668 2575 4782 2943 4582 3590 4534 2711 4656 4404
 2671 4720 3812 4946 4242 5766 5082 4215 5175 3724 5726 5624 3423 5259
 3267 5337 4160 5598 1828 4963 4964 4966 4965 4967 3700 4059 4058 3743
 3489 4595 3652 4407 2770 3373 1780 4174 1803 3761 2525 3367 3284 4123
 3351 1585 2534 4097 4084 4277 5405 2642 4841 3077 1252 3625 4255 4042
 5413 1366 3431 4134 2001 1539 4181 2608 1564 4234 1283 4739 4912 1473
 3299 4159 4075 5106 1422 5117 1490 5312 3229 3847 5530 4583 4584 4585
  118 1571  331 1572 4586    2 4587 1573  332 1574  333 1575  334 1576
  335 4588 4592 5437 3752 2685 4745 2937 4235 5313 5456 1577 4744 2684
 3751 3753 3754  288 1500  287 1499  286 1498  285 1497  284 5436 4591
 3728 4109 5463 2326 1244 1232 5567 2371 5571 5828 5526 3707 4003 5485
 5515 5300 3682 2635 2286 2760 3659 3636 2649 1330 5529 3846 3228 5311
 1570  330 1569  216 1568  329 1567  266 1566   69 1565  328 2609 3404
 3714 1350 2655  868 2607  162 2606  867 2605   29 2604  866 2603  865
 2602  864 2601  863 2600  347 2599  862 2598  831 2597  536 4064 4065
 4073 4122 3350 1584 2533 4096 4083 4276 5404 2641 4840 3076 1251 3624
 4254 4041 5412 1365 3430 4133 2000 1538 4180 4233 1282 4738 4911 1472
 3298 4158 4074 5105 1421 5116 1489 1491  281 1492  117 1493  282 1494
 1495  283 1496    1 4004 4005 4006 4007 4008 4009 3733 2687 4743 2686
 3732 3731 3730 3729 4108 5462 2325 1242 1243 5484 5514 5299 3681 2634
 2285 2759 3658 3635 2648 1329 5528 3845 3227  215 3226 1047 3225  265
 3224   68 3223 1046 3222 1045 3221  139 3220 1044 3219  161 3218 1043
 3217 3216 4253 3623 1250 3075 4839 2640 5403 4275 5276 5275   28 5274
 1007 5273 1217 5272  885 5271 1173 5270  346 5269  830 5268  535 5267
  515 5266 1207 5265 1103 5264 1168 5263 5262  555 5261 5260 5258 5257
 5256 5255 5254 5253 5252 5251 5250 5249 5248 5247 5246  280 5245 5244
 5243 5242  769 2338 2339 2340 2341 2342 2343  770 2344  771 2345  772
 2346  773 2347 2348 2349 2350 2351  774 2352  775 2353  776 2354  777
 2355  778 2356  779 2357 2362 1827 3699 3182 4057 3742 3488 4594 3651
 4406 2769 2595 3372 1779 4172 1802 3760 2524 3366 3283 4072 4121 3349
 1583 2532 4095 4082 5212  345 5213 1172 5214 4274  884 5215 1216 5216
 1006 5217   27 5218 1042 5219 1165 5220  160 5221 1182 5222 5223 5224
 5225 5226 5227 5228 5229 1135 3844  214 3843 1134 3842  264 3841   67
 3840 3839 3838 4421 4422 4423 4424 4425 4426 4427 4428 1197 4429 4430
 4431 5486 5513 5298 3680 2633 5516   14 5535 5534 5533 5532  115 5531
 4148 4076  263 3297 3296 3295 3294 3293 1351 3292 3291 1255   32 1254
   31 1253   30 3290 1249 3622 4252 3215 4039 5411 3429 4135 4136 4137
 4138 4139  167   66 4140 4141 1169 4142 4143 5123 5310 5234 5527 2282
 2283 2284  116 5118 1370  164 1369  163 1368 1367  138 4420  159 4419
 1164 4040 4418 1041 4417   26 4416 1005 4415 1196 4414  883 4413 1188
 4412 1171 4411  344 4410  828 4409  533 4408  513 4405  829 5211  534
 5210  514 5209 1206 5208 1102 5207 1167 5206 1033 5205  554 5204  785
 5203 1221 5202 1059 5201 4724 4723 4722 4721 4719 4718 4717 4716  240
 4715 5193 3673 4714 4713 4712 4711 4710 4709 4708 4707 4706 3576 3575
 3574 3794  848 3795  718 3796 1133 3797 3798 3799 3800 3062 3063 3064
 3801 1026 3802  279 3803  980 3804  906 3805 3806 3807 4114 1439  241
 1440  242 1441  243 1442 4945 4241 3811 3810 3809 3808 5194 5195 5196
 5197 5198 5199 5200 3723 5765 5081 4214 5174 3722 5725 5623 3422 4731
 3266 5336  899 2677  898 2676  897 2675  896 2674  895 2673  254 2672
 4655 4654 4653 4652 4651 4650 4649 4648 4647 4646 4645 4644 4643 4642
 4641 4640 4639 4638 4637 4636 2012  653 2011 3049 2013  654 2014  655
 2015  656 2016  657 2017  658 2018  659 2019  660 2020 3155 1487 2935
 2804 2022  661 2021  278 2023  662 2024  663 2025  664 2026  665 2027
 2028 2029 2030 4403 1448 4944 4240 5764 5080 4213 5173 3721 5724 5622
 3421 4730 3265 5335 2683 2678 5597 2361 1826 3698 3181 4056 3741 3487
 4593 3650 2768 2594 3371 1778 4171 1801 3759 2523 3365 3282 4071 4120
 3348 1582 2531 4094 4081 4273 3074 4838 2639 5402  962 2901  961 2900
  343 2899 4098 4099 2530 3347 1581 2535 2539 4085 4086  882 4087 1174
 4088 1004 4093 3621 4251 3214 3289 4038 5410 3428 5281 1260 1999 1537
 2654 4179 3837 1357 3713 3403 4232 1376 1281 4737 4910 1471 1323 4157
 4080 1420 5110 4147 5122 5309 5233 1324  111 1325  112 1326  113 1327
  114 1328  760 2321  761 2322 2323  762 2324 5536    3 1233    0 4432
  763 4433 4435 1205 4742 1211 4741 4590 5435 5457 5434 1198 5538 5537
    5 5433 5432 5461 4107 5431 1235 5488 5566 2370 5570 5827 5525 3706
 5520 1241 5297 3679 2632 2758 3657 3634 2647 2320 2281 4621   13 4622
  788 4623 1209 4624 1177 4625    4 4627 5460 5459 2369  787 2368   12
 2367  786 5296 4620  759 5295  748 4619 4618  213 4617 1170 4616 1181
 4615  110 4614   65 4613  166 4612 1187 4611  145 4610   39 4609 1087
 4608 1040 4607 1121 4606 1003 4605 1208 4604  881 4603  965 4602  841
 4601  342 4600 4599 4598 4597 4596 3346 1077 3345  826 3344  531 3343
  511 3342 3341 3340 3339 3338 1032 3272 1060 3273 1061 3274 1062 3278
 3279 3280 3281 4070 4119 3758  827 2898  532 2897  512 2896  960 2895
  959 2894  958 2893  957 2892  956 2891  553 2890 2889 2888 2887 2886
 2885 2884 2883 2882 2881 2880 2879 2878 2877 2876 2431  798 2430  797
 2429  796 2428  795 2427  277 2426 2425 2424  794 2423 2422  793 2421
  792 2420 2419 2944 2418 2417 2416 2415 2414  365 2413 2412 3882 2410
 2411  418 2010  366 4635 4634 2009]

eliteFit: 582119.0
percentError: 2.933354552366806
computationTime: 4788.931s