instanceName: rl5915
n: 5915
optFit: 565530

genTime, gen, eliteFit, percentError:
0.008002799993846565, 0, 41998629.0, 7326.419
76.89057500002673, 1, 644449.0, 13.955
46.93405520002125, 2, 632675.0, 11.873
46.341000900021754, 3, 626606.0, 10.800
46.18695470003877, 4, 622230.0, 10.026
42.948411000019405, 5, 617637.0, 9.214
44.38153190002777, 6, 616686.0, 9.046
42.83688429999165, 7, 612565.0, 8.317
42.627419400028884, 8, 611107.0, 8.059
43.43981239997083, 9, 610806.0, 8.006
40.87088539998513, 10, 608138.0, 7.534
40.973056600021664, 11, 607414.0, 7.406
39.71642359998077, 12, 607414.0, 7.406
42.10599229997024, 13, 603872.0, 6.780
40.4164829000365, 14, 603872.0, 6.780
40.30169839999871, 15, 603827.0, 6.772
39.56152489996748, 16, 602838.0, 6.597
39.76489869999932, 17, 602338.0, 6.509
36.29556880000746, 18, 602338.0, 6.509
37.03113829996437, 19, 599510.0, 6.009
37.13734710001154, 20, 599510.0, 6.009
37.84362460003467, 21, 599510.0, 6.009
37.00396150001325, 22, 599353.0, 5.981
32.52978959999746, 23, 598972.0, 5.913
31.064236800011713, 24, 598028.0, 5.746
24.96771150000859, 25, 596690.0, 5.510
26.96931910002604, 26, 596496.0, 5.476
25.59811570000602, 27, 596285.0, 5.438
29.23171409999486, 28, 595737.0, 5.341
28.236140900000464, 29, 595737.0, 5.341
33.99179359996924, 30, 594959.0, 5.204
31.26551140000811, 31, 594777.0, 5.172
32.88062140002148, 32, 594283.0, 5.084
35.039385799958836, 33, 594169.0, 5.064
32.927016900037415, 34, 593798.0, 4.998
33.08832460001577, 35, 593798.0, 4.998
34.49584579997463, 36, 593701.0, 4.981
34.2779859000002, 37, 593002.0, 4.858
34.747641399968415, 38, 592658.0, 4.797
29.086058800050523, 39, 591816.0, 4.648
29.911710599961225, 40, 590578.0, 4.429
27.751111799967475, 41, 590578.0, 4.429
23.9747773000272, 42, 590222.0, 4.366
22.168958399968687, 43, 589923.0, 4.313
20.447279300016817, 44, 589750.0, 4.283
16.59509610000532, 45, 589413.0, 4.223
18.597709800000302, 46, 588709.0, 4.099
19.372637399996165, 47, 588709.0, 4.099
18.53024789999472, 48, 588599.0, 4.079
13.181288499967195, 49, 588502.0, 4.062
8.956618700001854, 50, 588364.0, 4.038
10.21392269997159, 51, 588177.0, 4.005
9.725908800028265, 52, 588117.0, 3.994
9.466266799950972, 53, 588059.0, 3.984
9.879977400007192, 54, 587957.0, 3.966
7.12632839998696, 55, 587843.0, 3.946
9.203930499963462, 56, 587792.0, 3.936
8.956427400000393, 57, 587674.0, 3.916
8.64974149997579, 58, 587674.0, 3.916
9.132402000017464, 59, 587457.0, 3.877
8.578568099997938, 60, 587457.0, 3.877
8.303201499977149, 61, 587342.0, 3.857
9.143329399987124, 62, 587313.0, 3.852
8.65416199999163, 63, 587313.0, 3.852
7.423861800052691, 64, 587313.0, 3.852
7.714218900015112, 65, 587313.0, 3.852
9.832662300032098, 66, 587313.0, 3.852
7.735439600015525, 67, 587313.0, 3.852
7.906833300017752, 68, 587313.0, 3.852
7.886558400001377, 69, 587313.0, 3.852
8.291515599994455, 70, 587313.0, 3.852
8.348336099996231, 71, 587313.0, 3.852
7.402807699982077, 72, 587018.0, 3.800
9.080474400019739, 73, 587018.0, 3.800
12.300128300033975, 74, 586832.0, 3.767
16.704442200018093, 75, 586683.0, 3.740
14.59542979998514, 76, 586683.0, 3.740
19.779802400036715, 77, 586604.0, 3.726
13.599462699959986, 78, 586604.0, 3.726
10.20875900000101, 79, 586604.0, 3.726
8.693317700002808, 80, 586604.0, 3.726
9.234302300028503, 81, 586604.0, 3.726
9.24106380000012, 82, 586604.0, 3.726
7.087203499977477, 83, 586604.0, 3.726
9.422836899990216, 84, 586604.0, 3.726
8.84125540003879, 85, 586604.0, 3.726
7.615357699978631, 86, 586604.0, 3.726
7.650067399954423, 87, 586604.0, 3.726
10.295711499988101, 88, 586604.0, 3.726
9.498840099957306, 89, 586604.0, 3.726
8.1349280999857, 90, 586604.0, 3.726
10.358949700021185, 91, 586604.0, 3.726
8.442088200012222, 92, 586604.0, 3.726
8.028897500014864, 93, 586471.0, 3.703
9.663002599962056, 94, 586471.0, 3.703
11.066670699976385, 95, 586471.0, 3.703
7.88157530000899, 96, 586415.0, 3.693
9.010100900020916, 97, 586415.0, 3.693
8.347724199993536, 98, 586415.0, 3.693
7.59832460002508, 99, 586415.0, 3.693
7.342740299995057, 100, 586415.0, 3.693
9.46543559996644, 101, 586415.0, 3.693
9.640033299976494, 102, 586415.0, 3.693
7.542237599962391, 103, 586415.0, 3.693
8.348893199989107, 104, 586415.0, 3.693
7.251227800035849, 105, 586415.0, 3.693
8.935945999983232, 106, 586415.0, 3.693
8.992740600020625, 107, 586304.0, 3.673
8.827553700015415, 108, 586272.0, 3.668
8.734852399968076, 109, 585862.0, 3.595
9.161881300038658, 110, 585862.0, 3.595
8.588967800023966, 111, 585808.0, 3.586
8.416220999963116, 112, 585808.0, 3.586
7.77189490001183, 113, 585808.0, 3.586
8.511639899981674, 114, 585808.0, 3.586
9.873033299983945, 115, 585537.0, 3.538
7.082507899962366, 116, 585537.0, 3.538
9.089059100020677, 117, 585537.0, 3.538
9.550201700010803, 118, 585537.0, 3.538
8.96117810002761, 119, 585537.0, 3.538
10.35936630005017, 120, 585537.0, 3.538
9.629550700017717, 121, 585537.0, 3.538
8.391944299975876, 122, 585537.0, 3.538
8.04881510004634, 123, 585537.0, 3.538
7.913463400036562, 124, 585537.0, 3.538
6.453612699988298, 125, 585537.0, 3.538
7.816863999993075, 126, 585537.0, 3.538
9.883746399951633, 127, 585537.0, 3.538
8.68518159998348, 128, 585537.0, 3.538
8.044937399972696, 129, 585537.0, 3.538
8.492331400047988, 130, 585537.0, 3.538
7.95123639999656, 131, 585537.0, 3.538
8.932301599998027, 132, 585537.0, 3.538
7.812413299980108, 133, 585537.0, 3.538
8.856371600006241, 134, 585537.0, 3.538
11.626570700027514, 135, 585537.0, 3.538
9.735428599989973, 136, 585537.0, 3.538
7.863762900000438, 137, 585454.0, 3.523
8.482105700008105, 138, 585454.0, 3.523
7.683151600009296, 139, 585454.0, 3.523
8.212277300015558, 140, 585454.0, 3.523
8.58604300004663, 141, 585454.0, 3.523
7.760900900000706, 142, 585454.0, 3.523
8.560989899968263, 143, 585454.0, 3.523
7.247126000002027, 144, 585454.0, 3.523
8.833422200055793, 145, 585380.0, 3.510
9.244370299973525, 146, 585380.0, 3.510
8.017971099994611, 147, 585380.0, 3.510
11.406560599978548, 148, 585380.0, 3.510
9.1355862999917, 149, 585380.0, 3.510
10.028885200037621, 150, 585380.0, 3.510
7.424001400009729, 151, 585380.0, 3.510
8.87185799999861, 152, 585380.0, 3.510
8.913323700020555, 153, 585380.0, 3.510
8.262026800017338, 154, 585376.0, 3.509
7.6661783999879844, 155, 585035.0, 3.449
10.27511519996915, 156, 584950.0, 3.434
13.138775100000203, 157, 584707.0, 3.391
8.152571199985687, 158, 584538.0, 3.361
9.60084560001269, 159, 584538.0, 3.361
9.502450800035149, 160, 584538.0, 3.361
9.23646559996996, 161, 584519.0, 3.358
9.016912699968088, 162, 584519.0, 3.358
7.842493999982253, 163, 584519.0, 3.358
9.045131399994716, 164, 584519.0, 3.358
10.766857499955222, 165, 584519.0, 3.358
6.909365499974228, 166, 584519.0, 3.358
8.80691400001524, 167, 584519.0, 3.358
8.165276899992023, 168, 584519.0, 3.358
9.223113599990029, 169, 584519.0, 3.358
7.841718400013633, 170, 584519.0, 3.358
8.718035199970473, 171, 584519.0, 3.358
7.424780300003476, 172, 584519.0, 3.358
9.077168099989649, 173, 584519.0, 3.358
7.833200699998997, 174, 584519.0, 3.358
7.774991999962367, 175, 584519.0, 3.358
9.000322000007145, 176, 584493.0, 3.353
9.249786300002597, 177, 584440.0, 3.344
8.450636800029315, 178, 584440.0, 3.344
8.157539499981795, 179, 584440.0, 3.344
7.546809000021312, 180, 584440.0, 3.344
7.509508500050288, 181, 584440.0, 3.344
9.65621009998722, 182, 584440.0, 3.344
7.270490600029007, 183, 584440.0, 3.344
9.366246799996588, 184, 584324.0, 3.323
7.657237100007478, 185, 584324.0, 3.323
7.394101799989585, 186, 584324.0, 3.323
11.730944399954751, 187, 584182.0, 3.298
8.372386300005019, 188, 584066.0, 3.278
8.607126299990341, 189, 584066.0, 3.278
11.682074900018051, 190, 584066.0, 3.278
7.524862400023267, 191, 584066.0, 3.278
7.83941999997478, 192, 584066.0, 3.278
8.234370999969542, 193, 584066.0, 3.278
8.785299899987876, 194, 584066.0, 3.278
8.675375699996948, 195, 583831.0, 3.236
11.185886899998877, 196, 583819.0, 3.234
11.872587099962402, 197, 583819.0, 3.234
14.264357800013386, 198, 583783.0, 3.228
8.85826500004623, 199, 583783.0, 3.228
8.743851399980485, 200, 583772.0, 3.226
8.30577059998177, 201, 583736.0, 3.219
9.254187799990177, 202, 583736.0, 3.219
8.027053300000262, 203, 583703.0, 3.213
8.147069300001021, 204, 583703.0, 3.213
7.8150395000120625, 205, 583504.0, 3.178
8.268035900022369, 206, 583504.0, 3.178
8.170722000009846, 207, 583497.0, 3.177
7.666099300025962, 208, 583497.0, 3.177
8.156157699995674, 209, 583497.0, 3.177
8.331662900047377, 210, 583497.0, 3.177
8.215519600023981, 211, 583497.0, 3.177
8.114483900018968, 212, 583497.0, 3.177
7.6797053999616764, 213, 583497.0, 3.177
9.373568199982401, 214, 583497.0, 3.177
9.296649799973238, 215, 583497.0, 3.177
8.813357400009409, 216, 583497.0, 3.177
7.768723599961959, 217, 583497.0, 3.177
7.88524370000232, 218, 583497.0, 3.177
8.0734422999667, 219, 583497.0, 3.177
10.377007500035688, 220, 583497.0, 3.177
7.794699100020807, 221, 583497.0, 3.177
9.752358599973377, 222, 583497.0, 3.177
10.311554699961562, 223, 583497.0, 3.177
8.169450799992774, 224, 583497.0, 3.177
7.503902700031176, 225, 583497.0, 3.177
7.875793399987742, 226, 583497.0, 3.177
8.671226100006606, 227, 583497.0, 3.177
7.724543999996968, 228, 583497.0, 3.177
8.400811100029387, 229, 583497.0, 3.177
8.028184599999804, 230, 583422.0, 3.164
7.5399638999952, 231, 583422.0, 3.164
7.391591499967035, 232, 583422.0, 3.164
8.596390400023665, 233, 583422.0, 3.164
11.303335800010245, 234, 583422.0, 3.164
8.940707599977031, 235, 583422.0, 3.164
7.955630300042685, 236, 583422.0, 3.164
8.703745800012257, 237, 583377.0, 3.156
9.510259500006214, 238, 583377.0, 3.156
7.810592700028792, 239, 583361.0, 3.153
10.296159200021066, 240, 583361.0, 3.153
11.894669600005727, 241, 583361.0, 3.153
7.83251580002252, 242, 583361.0, 3.153
8.601218900003005, 243, 583361.0, 3.153
7.795790399948601, 244, 583361.0, 3.153
6.39431240002159, 245, 583361.0, 3.153
7.530342000012752, 246, 583218.0, 3.128
12.264308399986476, 247, 583218.0, 3.128
8.31961050000973, 248, 583218.0, 3.128
8.77512259996729, 249, 583218.0, 3.128
9.638126000005286, 250, 583218.0, 3.128
8.73143970000092, 251, 583138.0, 3.114
8.563771299959626, 252, 583138.0, 3.114
8.375997600029223, 253, 583138.0, 3.114
7.533829100022558, 254, 583138.0, 3.114
8.60864859999856, 255, 583138.0, 3.114
9.491131699993275, 256, 583138.0, 3.114
7.924985199992079, 257, 583138.0, 3.114
8.152551500010304, 258, 583138.0, 3.114
10.046972099982668, 259, 583138.0, 3.114
8.268485700013116, 260, 583138.0, 3.114
8.951258999994025, 261, 583138.0, 3.114
7.6824891999713145, 262, 583138.0, 3.114
9.64046749996487, 263, 583138.0, 3.114
7.687356699956581, 264, 583138.0, 3.114
9.204680799972266, 265, 583138.0, 3.114
8.295869000023231, 266, 583138.0, 3.114
8.344953199964948, 267, 583138.0, 3.114
11.048919600027148, 268, 583073.0, 3.102
9.118229899962898, 269, 583073.0, 3.102
8.975393900007475, 270, 582999.0, 3.089
9.639357100008056, 271, 582999.0, 3.089
8.15258489997359, 272, 582999.0, 3.089
7.408270099957008, 273, 582999.0, 3.089
7.735945799970068, 274, 582999.0, 3.089
9.189727399963886, 275, 582999.0, 3.089
8.056081499962602, 276, 582999.0, 3.089
9.543062400014605, 277, 582999.0, 3.089
8.626985299983062, 278, 582993.0, 3.088
8.151097900001332, 279, 582993.0, 3.088
7.733133199973963, 280, 582993.0, 3.088
7.733778599998914, 281, 582993.0, 3.088
9.528027300024405, 282, 582993.0, 3.088
8.788128099986352, 283, 582993.0, 3.088
7.664727499999572, 284, 582993.0, 3.088
8.657276600017212, 285, 582993.0, 3.088
8.903257100027986, 286, 582993.0, 3.088
8.396118900040165, 287, 582993.0, 3.088
7.228476000018418, 288, 582993.0, 3.088
8.39438200002769, 289, 582993.0, 3.088
8.06413790001534, 290, 582993.0, 3.088
7.975207299983595, 291, 582993.0, 3.088
7.867342599958647, 292, 582993.0, 3.088
7.641764500003774, 293, 582993.0, 3.088
8.401379099988844, 294, 582981.0, 3.086
8.058227300003637, 295, 582981.0, 3.086
9.188526100013405, 296, 582981.0, 3.086
7.122927499993239, 297, 582981.0, 3.086
8.849398499995004, 298, 582845.0, 3.062
10.205032100027893, 299, 582845.0, 3.062
11.8120048000128, 300, 582845.0, 3.062
12.349573000043165, 301, 582845.0, 3.062
13.78724889998557, 302, 582796.0, 3.053
13.949929499998689, 303, 582796.0, 3.053
8.985626699985005, 304, 582793.0, 3.053
9.517442400043365, 305, 582782.0, 3.051
9.896494399989024, 306, 582733.0, 3.042
10.646783499978483, 307, 582623.0, 3.022
9.575740200001746, 308, 582623.0, 3.022
9.42052619997412, 309, 582481.0, 2.997
7.988828400033526, 310, 582481.0, 2.997
8.959554700006265, 311, 582481.0, 2.997
8.61671940004453, 312, 582481.0, 2.997
9.280917900032364, 313, 582481.0, 2.997
10.755668999976479, 314, 582481.0, 2.997
7.835224299982656, 315, 582481.0, 2.997
8.528684500022791, 316, 582431.0, 2.989
7.580993000010494, 317, 582431.0, 2.989
9.514092200028244, 318, 582431.0, 2.989
10.096794999961276, 319, 582277.0, 2.961
8.44526379997842, 320, 582277.0, 2.961
10.324023499968462, 321, 582277.0, 2.961
9.319278299983125, 322, 582151.0, 2.939
7.571181300038006, 323, 582151.0, 2.939
9.804716399987228, 324, 582151.0, 2.939
7.6843634999822825, 325, 582151.0, 2.939
7.600052399968263, 326, 582151.0, 2.939
9.168905999977142, 327, 582151.0, 2.939
7.662364899995737, 328, 582151.0, 2.939
8.31309130002046, 329, 582151.0, 2.939
10.234707299969159, 330, 582151.0, 2.939
6.557322499982547, 331, 582151.0, 2.939
7.833569500013255, 332, 582151.0, 2.939
8.063738800003193, 333, 582151.0, 2.939
9.118539699993562, 334, 582151.0, 2.939
7.676714199944399, 335, 582151.0, 2.939
7.714764400036074, 336, 582151.0, 2.939
7.717495299992152, 337, 582151.0, 2.939
7.76666630001273, 338, 582151.0, 2.939
8.055545100010931, 339, 582151.0, 2.939
7.770757500024047, 340, 582151.0, 2.939
7.923691799980588, 341, 582151.0, 2.939
9.365232999960426, 342, 582151.0, 2.939
9.257737000007182, 343, 582151.0, 2.939
7.319687300012447, 344, 582151.0, 2.939
10.832927999959793, 345, 582151.0, 2.939
8.71383030002471, 346, 582151.0, 2.939
9.221104600001127, 347, 582151.0, 2.939
7.65381739998702, 348, 582151.0, 2.939
7.890372199995909, 349, 582151.0, 2.939
8.061792799970135, 350, 582151.0, 2.939
8.999784599989653, 351, 582151.0, 2.939
8.589738600014243, 352, 582151.0, 2.939
8.59315400000196, 353, 582151.0, 2.939
8.570982299977913, 354, 582036.0, 2.919
8.24365449999459, 355, 581904.0, 2.895
9.698855599970557, 356, 581904.0, 2.895
8.423377099970821, 357, 581868.0, 2.889
8.532843000022694, 358, 581868.0, 2.889
8.386917700001504, 359, 581868.0, 2.889
8.530135799956042, 360, 581868.0, 2.889
8.336368400021456, 361, 581868.0, 2.889
8.435882300022058, 362, 581868.0, 2.889
9.13910999998916, 363, 581868.0, 2.889
7.639627200027462, 364, 581868.0, 2.889
9.765497000014875, 365, 581868.0, 2.889
8.897941999952309, 366, 581868.0, 2.889
8.942641600035131, 367, 581868.0, 2.889
8.12655749998521, 368, 581868.0, 2.889
9.258223899989389, 369, 581868.0, 2.889
8.568217499996535, 370, 581868.0, 2.889
7.4459645000169985, 371, 581868.0, 2.889
7.437971799983643, 372, 581868.0, 2.889
7.911423399986234, 373, 581868.0, 2.889
9.373426600010134, 374, 581868.0, 2.889
7.9947138000279665, 375, 581847.0, 2.885
7.841380700003356, 376, 581847.0, 2.885
9.176813400001265, 377, 581816.0, 2.880
9.241201900003944, 378, 581816.0, 2.880
8.300019000016619, 379, 581816.0, 2.880
8.195692599983886, 380, 581816.0, 2.880
8.171495800022967, 381, 581816.0, 2.880
8.009293699986301, 382, 581816.0, 2.880
7.435367700003553, 383, 581816.0, 2.880
8.867152100021485, 384, 581816.0, 2.880
8.074706999992486, 385, 581816.0, 2.880
9.80505699996138, 386, 581816.0, 2.880
7.627205999975558, 387, 581816.0, 2.880
7.781476899981499, 388, 581816.0, 2.880
8.955755900009535, 389, 581816.0, 2.880
7.522026900027413, 390, 581816.0, 2.880
10.237933799973689, 391, 581816.0, 2.880
8.260059499996714, 392, 581816.0, 2.880
7.1478793999995105, 393, 581816.0, 2.880
8.551116300048307, 394, 581816.0, 2.880
8.27789580001263, 395, 581816.0, 2.880
8.10789990000194, 396, 581816.0, 2.880
7.947065200016368, 397, 581745.0, 2.867
8.40535950002959, 398, 581745.0, 2.867
9.04237209999701, 399, 581745.0, 2.867
10.000349399982952, 400, 581640.0, 2.849
8.20163229998434, 401, 581640.0, 2.849
10.064687100006267, 402, 581640.0, 2.849
8.137703500047792, 403, 581630.0, 2.847
7.797162199974991, 404, 581630.0, 2.847
7.814590399968438, 405, 581630.0, 2.847
8.920855600037612, 406, 581630.0, 2.847
8.51340799999889, 407, 581630.0, 2.847
8.003318499948364, 408, 581630.0, 2.847
7.52867349999724, 409, 581630.0, 2.847
10.201325599977281, 410, 581630.0, 2.847
9.21966760000214, 411, 581630.0, 2.847
7.547728999983519, 412, 581630.0, 2.847
8.556352099985816, 413, 581630.0, 2.847
8.657000400009565, 414, 581630.0, 2.847
9.520095599989872, 415, 581630.0, 2.847
9.59328440000536, 416, 581630.0, 2.847
7.59353839996038, 417, 581630.0, 2.847
6.833961000025738, 418, 581630.0, 2.847
8.711139799968805, 419, 581630.0, 2.847
7.889827000035439, 420, 581630.0, 2.847
7.726612100028433, 421, 581630.0, 2.847
7.805952200025786, 422, 581630.0, 2.847
8.216169800027274, 423, 581630.0, 2.847
9.948348800011445, 424, 581630.0, 2.847
9.99871809995966, 425, 581630.0, 2.847
10.161602800013497, 426, 581630.0, 2.847
8.039699699962512, 427, 581630.0, 2.847
8.379984800005332, 428, 581630.0, 2.847
7.969800299964845, 429, 581630.0, 2.847
8.5580776000279, 430, 581630.0, 2.847
7.582144600048196, 431, 581630.0, 2.847
8.529017799999565, 432, 581630.0, 2.847
8.211504800012335, 433, 581630.0, 2.847
8.034820500004571, 434, 581630.0, 2.847
8.839436799986288, 435, 581630.0, 2.847
8.888302400009707, 436, 581630.0, 2.847
8.188278199988417, 437, 581630.0, 2.847
7.778908899985254, 438, 581630.0, 2.847
8.361537499993574, 439, 581630.0, 2.847
8.135874500032514, 440, 581630.0, 2.847
8.283539099968038, 441, 581630.0, 2.847
7.7663548000273295, 442, 581630.0, 2.847
7.808879300020635, 443, 581630.0, 2.847
8.363234000047669, 444, 581630.0, 2.847
9.17292650003219, 445, 581630.0, 2.847
8.448613199987449, 446, 581630.0, 2.847
8.879345600027591, 447, 581630.0, 2.847
9.991732400027104, 448, 581630.0, 2.847
9.342044800054282, 449, 581630.0, 2.847
7.646083100000396, 450, 581630.0, 2.847
9.4550581999938, 451, 581630.0, 2.847
8.367441200010944, 452, 581630.0, 2.847
8.249029600003269, 453, 581630.0, 2.847

tour:
[ 726 2233  727 2234  501 2235  622 2236  640 2237  228 2238  397 2239
  180 2240  728 2241  729 2242  730 2243  155 2244  679 2245   18 2246
  731 2247  732 2248  733 2249  734 2250  735 2251  736 2252  737 2253
 2255 2173 2147 2455 5861 1746 3553 4694 2488 2287 3129 2377  684 2378
  495 2379 2380 2381 1606  370 1607  371 1608  372 1609  373 1610  374
 1611  375 1612  376 1613  377 1614  378 1615  379 1616  380 1617  381
 1618  382 1619 4389 4388 4387 4386 4385 4384 4383 4382 4381 4380 4379
 4378 4377 4376 4509 4510 4511 4512 4513 4514 4515 4516 4517 4518 4519
 4520 4521 4522 4523 4524  977 4390 4391  913 4392  908 4525 4526  891
 4393 4394 4395 4396 1124  981 4527 4528 4529 4530 1128 4397 4398 3591
 3594  668 4399 4535  249 4536 4539 4236 5760 1917 2720 5170 3718 4219
 4046 3417 3376 4727 5332 2680 3353 3354 3355 3695 3356 1030 3357 1078
 3358 1065 3359  508 3360 1079 3361  824 4067 3362 2520 5096 5093 5092
  509 1834 1835 1836 1798  537 1804  538 1805  539 1806 1837 4116 4124
  339 4125  839 4126  308 4127  964 4128  880 4129 1178 4130 3078 3079
 3080 3081 1846 1845 1844 1843 1842 1841 1840 1839 1838  340 1807  540
 1808  309 1809  541 1810  542 1811  543 1812  544 1813  545 1814  546
 1815  547 1816   37 1847 1848 1817  548 1818 1819  549 1820  143 1849
 1850 1851   63 1852  561 1321 4155 4078 1240 5519 3705 5524 4434 5539
 4740 4589 4626 1234 5430 4106 5458 5487 5565 5569 5826 3640 3677 2630
 2365 1481 3655 1427 2645 2318 2279 5293 5231 5307 5120 4145 5108 1855
 4907 4734 1278 1823 1373 4229 3408 3710 1354 3834 4176 2651 1996 1257
 3083 5278 3425 5407 4035 3286 3211 4248 3618 4090 4132 1120 3617 4247
 3616 1119 3615  879 3614  963 3613  307 3612  838 3611  338 3610 1118
 3609  823 3608 1117 3607  507 3606 1064 3605 1101 3604 1029 3603 1075
 3602  780 3601  900 3600 1116 3599 1081 3598  920 3597  605 3596  248
 3595 2405 2404  789 2403 2402 2401 2400 2399 2398 2397 2396  273 2395
 2394 2393 2392 2391 2390 2389 2388 2387 2386 2385 2384 2383 2382 5732
 5731 5730 2288 2289 2290 2291 2292 2293 2294 5733 5734 5735 5736 5737
 5738 5739 5740 5741 5742 5743 5744 5745 5746 5747 5748 5749 5750 5751
 5752 5753 5754 5755 5756  791 5757  247 5758 5759 1916 2719 5169 3717
 4218 4045 3416 3375 4726 5331 2679 3352 2358 2445 3335 3178 4960 3738
 3484 3275 3647 2765 2591 3368 1775 4168 1797 3755 5095 2519 4066 1578
 2536 1526 4270 2904 4100 5399 2636 4835 4131 4089 4246 2616 3210 3285
 4034 5406 3424 5277 3082 1256 1995 2650 4175 3833 1353 3709 3407 4228
 1372 1822 1277 4733 4906 1854 1320 4154 2617  871 2618  872 2619   36
 2620  873 2621  142 2622  874 2623   62 2624  108 2625  875 2626  876
 2627  877 2628  747 2629  221 1127 3703   11 3704 5523 5522 5518 1239
 3639 3676 3702 2364 1480 3654 1426 2644 2317 2278 5292 5230 5306 5119
 4144 5107 4077 1180 5364  107 5363   61 5362 1084 5361  141 5360  886
 5359   35 5358 1086 5357 1039 5356  870 5355 1175 5354 1215 5353 5352
 5351 5350 5349  337 5188 5189  306 5190 5191 1785  520 1786 1787  521
 1788  522 1789  523 1790  524 1791  525 1792  526 1793  527 1794   34
 1795  528 1796 1352 3708 3406 4227 1371 1821 1276 4732 4905 1853 1319
 4153 5366  220 2923   10 2924  974 2925  975 2926 5568 5825 5521 5517
 1238 3638 3675 3701 2363 1479 3653 1425 2643 2922  746 2921  973 2920
  972 2919  106 2918   60 2917  971 2916  140 2915  529 2914   33 2913
  970 2912  969 2911  869 2910  968 2909  967 2908  878 2907 2903 1525
 4269  966 2902 1936  617 1935  336 1934  616 1933 1932 1931 1930 1929
 2047 2048 2049 2050 2051 1784  519 1783  518 1782  517 1781 5184 5185
 5186 5187 5348 5347 5346 5345 5344 5343 1100 1063 5183 5182 5181 5180
 1074 1028 5342 5341 5340 5179 2116 2043 2044 2045 2046  506 1928  615
 1927  614 1926  613 1925  612 1924  611 1923  610 1922  609 1921  608
 1920 1913 4243 5914 5913  666 5912  756 5911  694 5910 1122 5909  822
 5908  890 5907 4110 2664 3669 4574 3026 2691 4262 2699 2800 2931 1620
 3641 1483 3058 3066 3045 5315 3151 2168 3578 5553 5369 5394 5573 3860
 5236 3979 3992 3119 3997 2211 2946 5600 3024 5145 2996 1942 5283 5125
 3051 2695 5695 3726 5051 3824 2217 1658 2873 1674 3562 5728 1765 4914
 4150 3879 2661 5304 3131 3902 5859 1744 3551 4692 3041 5884 1018 5885
  889 5886  492 5887 1231 5888  428 5889  421 5890 1131 5891 1230 5892
  910 5893  618 5894  994 5895 1229 5896  712 5897 1015 5898 1138 5899
 1228 5900 1223 5901  709 5902  999 5903  271 5904  976 5905  912 5906
  907 1482 3057 3065 3044 5314 3150 2167 3577 5552 5368 5393 5572 3859
 5235 3978 3991 3118 3996 2210 2945 5599 3023 5144 2995 1941 5282 5124
 3050 2694 5694 3725 5050 3823 2216 1657 2872 1673 3561 5727 1764 4913
 4149 3878 2660 5303 3130 3901 5883 1743  479 1742  478 1741  477 1740
  476 1739  475 1738  474 1737  473 1736  472 1735  471 1734  470 1733
   15 1732  469 1731  152 1730  468 1729  467 1728  466 1727  177 1726
  394 1725  224 1724  465 1723  464 1722 1967 2273 2612 1944 4790 1770
 5829 3564 2771 3766 2540  463 1721 3765 3764  935 3762 3763 3084 4968
 3554 4436 1558 1552 4314 1501 1414 3511 1405 2811 4786 5097 2843 1462
 3233 4278 1271   51 1270   50 1269   49 1268   48 1267   47 1266   46
 1265   45 1263   44 1264 1455 1456 1398 1399 1400 1457 1458 1401 1402
 1403 1459 1460 1461  198 1404 1623 1624  385 1625  289 1626  322 1627
  386 1628  387 1629  388 1630  389 1631  390 1632  391 1633  392 1634
  225 1429 1681 3582 4463 3140 2950 1636 1635  393 2929 3744 1384 2528
 4224 2971 3508 1362 3820 2071 2656 4746 1284 1245 1756 2668 2448 2269
 2267 4628 2260 2258 2806 2967 3919 4030 4500 2839 4369 2254 2172 2146
  480 2460  808 2461  809 2462  810 2463  493 2464  811 2465  429 2466
  422 2467  812 2468  813 2469  814 2470  619 2471  815 2472  816 2473
  817 2474  713 5146 5147 5148 5149 5150 5151 5152 5153 5154 5155 5156
 5157 5158 5159 3096 3133 2938 2487 3629 3662 3683 2105 2107  696 2108
 2109 2110  244 2036 2037 2038 2039 2040 2041 2042 2115 5178 5177 5176
 2114 2113 2112 2111  602 5166 5165 5164 5163 5162  695 5161 1123 5160
 2486 2485 2484 2483 2482 2481 2480  710 2479  821 2478  820 2477  819
 2476  818 2475 2212 2947 5601 3025 2997 1943 5284 5126 3052 2696 5696
 3727 5052 3825 2218 1659 2874 1675 3563 5729 1766 4915 4151 3880 2662
 5305 3132 3903 3042 4693 3552 1745 5860 2454 4992 4991 4990 4989 4988
 4987  740 4986  743 4985  805 4984   16 4983 3035  738 3036  986 3037
  951 3038  997 3039  481 3040  998 4993 4994 1019 4995 4996 4997 4998
 4999 5000 5001 5002 5003 5004 5005 5006 5007 5008 3998 3120 3993 3980
 5237 3861 5574 5395 5370 5554 5555  272 5556 5557 5558 5559 5560 3630
 3663 3684 2106 2315 2517 3592 2705 2031 3410 2406 1443 4537 4244 1914
 2717 5167 3715 4216 4043 3374 4725 5338 5339 5365 5330 1080 5329  918
 5328  603 5327  245 5326  667 5325  757 5324 5323 5322 5321 5320 5319
 5318 5317 5316 5012 5011 5010 5009 2091 2092 2093 2094 2095 2096  686
 2097 4830 4829 4828 4827 4826 4825 2090 2089 2088 2087 2086 2085 2084
 2083 2082 2081 2080  685 2079 2078 4813  494 4814 4815 4816 4817 4818
 4819 4820 4821 4822 4823 4824 2499 2500 2501 2502 2503 2504 2505 2506
 2507 2508 2509 2510 2511 2512 2513 2098  687 2099  688 2100  689 2101
  690 2102  691 2103  692 2104  693 2316 3411 2407 1444 4538 4245 1915
 2718 5168 3716 4217 4044 3415  919 3414  604 3413  246 3412  790 2032
 2706 2518 3593  758 2516 2515 2514 2314  755 2313  754 2312  753 2311
  752 2310  751 2309  750 2308  749 2307 2306 2305 2304 2303 2302 2301
 2300 2299 2298 2297 2296 2295 2498 2497 2496 2495 2494  423 2493 2492
 2491 2490  683 2489 4812 4811 4810 4809 4808 4807 4806  741 4805  744
 4804  806 4803   17 4802  678 4801  154 4800  990 4799 1184 4798  833
 4797  179 4796  396 4795  227 4794  639 4793 4792  621 1772 5831 3566
 2542 3768 2773 3086 1008 4970  936 4971  842 4972 1111 4973  500 4974
  638 4975  226 4976  395 4977  178 4978  832 4979 1183 4980  989 4981
  153 4982  677 1637 2951 3141 4464 3583 1682 1430 1968 2274 2613 1945
 4791 1771 5830 3565 2541 3767 2772 3085 4969 3555 4437 1559 1553 4315
 1502 3512 1406 2812 4787 5098 2844 1463 3234 4279 1272 3497 5289 5376
 4873 5016 1347 1660 5390 5417 3493 1540 4260 3517 1386 1676 3870 3962
 3480 2713 3205 1875 1718 4657 4498 5489 5464 5111 4540 4338 3848 5438
 5420 5676 4283 5799 5378 4103 1333 5767 5651 3504 1518 1972 1393 5625
 1752 1949 3463 1856 5128 1861 5880 2002 1588 3899 4871 3450 4010 2762
 3144 3975 3183 3916 3972 3248 3986 3868 2052 3938 3318 1300 3875 3948
 3863 4195 4015 5384 3966 1510 5452 5483 1434 3954 1452 5510 1290 5550
 3500 1601 3940 2074 3734 3950 3208 3660 3070 1621 1381 1516 1331 3922
 1261 1599 1236 1556 1602 1603 3434 1088 3435 3436   77  259  234 3437
 3438  296 3439 1089 3440 1090 3441 1091 3442 1092 3443 1093 3444   85
 3445 3446 3447 3448 3449 3451 5627 5628 5629 5626 1334 4104 5379 5800
 4284 5677 5421 5439 3849 4339 4340 1192 4341 1193 4342 1194 4343 4344
  460 5640 5639 5638 5637 5636 1137 5635 5634 5633 5632 5631 5630 3459
 3458 3457 3456 3455 3454 3453 3452 1307   92 1308   93 1309   94 1310
   95 1311   96 1312   97 1313   98 1314   99 1315  100 5490 4499 1720
 1877 3207 2715 3482 3964 3872 1678 1388 3519 4256 3490 5419 5392 1662
 1349 4875 2221 5018 5416  188 5807  461 5806 1201 5805 1227 5804 5803
 5802 5801 5380 4105 1335 5652 3505 1519 1973 1394 1753 1950   91 1306
   90 1305   89 1304   88 1303   87 1302   86 1301 3876 3949 3864 4196
 4016 5385 3967 1511 5453 1435 5482 5481 5480 5479  358 5478 5475 2075
 3501 5551 1291 5511 1453 3955 3885 3886 1150 3887 1151 3888 1152 3889
 3945 3946 3947 3890 3891 3892  671 3893 3894 3895 3896 3867 3319 3939
 2053 3869 3987 3249 3973 3917 3184 3976 3145 2763 4011 4872 3900 3897
 3898 1153 1589 2003 5881 1862 5129 1857 3464 3465 3466 3467 3468 3469
 3470 1095 3471 1096 3472 1097 3473 1094 3474  101 3475 1098 3476 1099
 3477 2716 3483 1679 3873 3965  462 4497 5491 4495 3961 5445 5444 5443
  102 5442 5441 5440 5422 3460 3850 5113 5141 1316 5140 5139 5138 5137
 5136 5135 5134 5133 5132  190 5131 5130 1587 4870 4869 4868 4867 4866
 4865 4864 1073 4863 1146 4862 1140 4861 4860 4859 4858  297 4857  235
 4856 3929 3928 3927   78  260 4855 4854  359 4853 3926 3924 5476 1557
 1600 4848 4847  383  171  119 1132 4849 4850 4851 4852    6 5549 5548
  357   40 5547 5546 5545 5544 5543 3736 3735 3951 3952 5542 5541 1038
 4846 4845 1218 4844 1591  355 1592 1593 1594  172 1595 1596  356 1597
 1598 5508 5507    7 5506   41 5505 5504  120 1380  170 1379  169 1378
 3301 3302 3303 3304 3305 1066 3306  360 5509 5512 1454 3956 3883 1436
 5454 1512 3905 1513 3957 1451   79 3307 3308  255 3309 1067 3310  236
 3311 1068 3312  298 3313 1069 3314 1070 3315 1071 3316 1072 3317 3333
 3320 3321 3322 3323 3324 3325 3326 3327 3328 3329 3330 1397  192 1396
  191 1395  488 1751  487 1750  486 1749  348 3186 3185 3915 3914 3913
 3912 3911 3910 3909 3908 3930 3931 3932 3933 3934 3935 3936 3937 2054
  672 2055  673 2056  674 2057  675 2058 2059 2060 2061 2062 2063 2064
 2065 2066  123 2067  676 2068 5381 4285 5678 3332 3331 1336  124 1337
  125 1338  126 1339  127 1340 1341  128 1342  129 1343  130 1345 5446
 1391 2222 5373 5288 5291 5101 1274 5473 3230 4281 3499 5286 3496 5497
 1104 5496  720 5495  131 5494  574 5493 5492 5114 1317 5142 3851 3461
 1523  304 1522  303 1521 1520  302 4028  646 4027  632 4026  562 4025
  568 4024  349 4023 1021 4022 1053 4021 1160 4020 1143 4019 4018 4017
 5386 5383 3969 3968 3943 3906 1514 5455 5451 5450 5449 1154  237 1156
 5871  299 5870 5869 5868  256 5867   74 1289 1449 1292 3502 2076 1604
 3432 3941 4842 1590 5540 1377 3209 3300 3953 3661 3071 1622 1517 5503
 1332 3737 3923 1262 1555 1237 5477 3925 5866 3942 3433 1605 2077 3503
 1288 1450 5448 3958 3884 1437 1515 3907 3944 3970 5382 4197 3865 3877
 5872 1141 5873 1147 5874 1144 5875 1161 5876 1054 5877 1022 5878 5879
 5882 1863 1858  563 1859  569 3148  648 3147  350 3146 4012 4013  564
 1864 1865 1951 1975 1974 3506  193 3507 1977 1976 1867  571 1868 1869
  572 1870  573 1871 1872  103 5682 5681 5680 5679 1978 1979 1980 1981
  453 1873 1982  647 1983 5684 5683 3203 5663  430 5662 5661 1037 5660
  454 5659 5658 5657 5656 5655 5654  194 1866  570 5653 1952 1860 4014
 3149 2004 1586 1748 3187 2764 3977 3974 3988 3866 3250 2761 3188  351
 3189  649 3190 1023 3191  565 3192  633 3193 1034 3194  195 3195 1035
 3196 3197 1036 3198 3199 3200  104 5425 5426  455 5427  916 5428 1680
 3874 3959 3201 3202 2117 4258 3492 5415 5388 1346 5447 1392 2223 2176
 5374 5287 3495 1953 4282 3231 5474 1275 4783 5103 3515 1505 1506  293
 1507 4303 4302  262 4301 1108 4300 1191 4299 1190 4298   59 4297 4296
 4295 4294 4293 4292  917 4291  456 4290  105 4289 4288 4287 4286 3262
 3263 5424 5423  305 3261 1058 3260 1057 3259  196 3258 1056 3257  634
 3256  566 3255 1024 3254  650 3253  352 3252  933 3251 3971 1055 3247
 1052 3985 3246 1051 3245 1050 3244 1049 3243  300 3242  238 3241 1048
 3240  257 3239   75 3238    8 3237   42 3236 3099 1012 4843 4182  354
 4183  168 4184  384 4185  121 4186   43 4187    9 4188   76 4189  258
 4190 1155 4191  239 4192  301 4193 1157 4194 4198 1142 4199 1148 4200
 1145 4201 1158 4202  934 4203  353 4204  651 4205 1025 4206  567 4207
  635 4208 1163 4209  197 4210 1105 4211 3334 1524 3462 3852 5143 3264
 1318 5115 1874 4496 1717 3479 3204 2712 3478 5429 3960 1293   80 1294
   81 1295   82 1296   83 1297   84 1298 1299 4784 5104 3516 1469 1551
 5502 1563 5693 1994 3560 5650 1417 2777 2778 2779  631  223 4307 4306
  295 4305 4304  211 1508  294 1509 3092 5675 3571 1768 2271 2611 1948
 2856 1428 5798 3139 3814 3581 4468 4469 4470  176  148 4471 4472 4473
 4313 4312 4311 4310 4309 4308 2780 2781 2782 2783 2784 2785 2786  888
 2787  490 2788  894 2789   73 2790   25 2791  941 2792  577 2793  485
 2794  420 2795  369 2796  942 2797  911 2798  943 2799 3854 3832 2574
 3990 4002 3573 3002 3984 3003 3126 5367 5398 3061 5015 3157 3043 4834
 4493 3055 4494 3156 1488 3646 1715 2936 2805 2704 4268 2689 2875 3031
 3094 1716 1714 1713  452 1712  451 1711  450 4492 4491 4490 4489 3001
 3000 2999 4488 4487 4486 4485 4484 4483 1701 2204  368 4460 4461 4462
 2330 2329 2328 2327 4459 2203 1700 4482  441 4481 4480 4479 1697  439
 1698  440 1699 2202 4458 4457 4456 2201 2200   24   72 1696 4478 4477
 4476 4475 4474 1695  438 1694  437 1693  436 1692  435 1691  434 1690
  433 1689 1688 1687  432 1686 2189 2190 2191 2192 2193 2194 2195 2196
 2197 2198 2199 4455 4454 4453 4452 4451 4450 4449 4448 4447 4446 4445
 4444  431 2188 2187  222 4443  630 4442  499 2186 2185 2184 2183  327
 2182 2181 2180 2179 2178 2177 1549  321 1548  320 1547  319 1546 1545
  318 1544  317 1543 5664 5665 5666 5667 5668 5669 5670 5671 5672  210
 4440 4441  427 5674 5673 3529 3528 3527 3526 3525 3524 3523 3522 3521
  132 5685 5686 5687   58 5688 5689 5690 5691  261 5692  326 1992 1991
 1990 1989 1988 1987 1986 1985 1984 1954 1955 1956 1957 1958 1959 1960
  636 1961  209 1962  426 1963  637 1964 1965  628 1966 3776 2857 3775
  497 3774 3773 2824 1672 2776 1416 5649 3559 1993 3530 3531 3532  498
 3533  629 3534 3535 3536 3537 3538 3539 3540 3541 3542 3543 3544 3545
 3546 3547 3102 2842 1879 2171 4691 2375 4337 2459 3550 2409 3128 1760
 2870 3789 4029 3787 3788  576 2869  955 2868   23 2867   71 2866  893
  489 2865 3786 3785 3784 3783 3782 2864  887 2863 2862  954 2861  147
 2860  175 2859  953 2858 3777 3778 3779 3780 3781 2970 4222 4223 2526
 1358 1383 5824 2927 2949 4467 3586 1685 1433 3813 3138 5797 1971 2272
 2277 2855 1947 2610 1767 3570 3091 3772 2823 1671 2775 1415 5648 3557
 4439 1550 1561 3558 1562 5501 5500 5499 5498 4785 5102 3514 1504 1468
 4317 4318 4319 4320 4321 4322 4323 4324 4325 4326 4327 4328 4329 2527
 4226 2973 2262 3510 3750 2069 2659 3005 1754 1755 1758 4368 2670 1287
 2005 1248 2453 3034 2259 2257 2270 4573 3918 2969 4632 4633 2007  652
 2006 4334 4335  575 2145 2458 3549 2408 4336 2008  484 2009  418 2010
  366 4635 4634 2215 4636 4637 4638 4639 4640 4641 4642 4643 4644 4645
 3064 3063 3062 3798 3797 1133 3796  718 3795  848 3794  983 3793 2698
 3792  367 3791  419 3790 2871 4695 4696 4697 4698 4699 4700 4701 4702
 4703  719 2331  764 2332  765 2333  766 2334 2335  767 2336  768 2337
  769 2338 2339 2340 2341 2342 2343  770 2344  771 2345  772 2346  773
 2347  240 2348 2349 2350 2351  774 2352  775 2353  776 2354  777 2355
  778 2356  779 2357 5261 5260 5258 5257 5256 5255 5254 5253 5252 5251
 5250 5249 5248 5247 5246  280 5245 5244 5243 5242 5241 5240 3983 3572
 4001 3989 2214 2209 2208 2207 2206 2205 1702  442 1703  443 1704  444
 1705  445 1706  446 1707  447 1708  448 1709  449 1710 3158 3159 3160
 3161 3162 3163 3164 3165 3166 3167 3168 3169 3170 3171 3172 3173 3174
 3175 3176  555 5262 3177 1027 4060 4061 4062 4063 2587  860 2588  861
 2589  516 2596 2597 4173 4167 4166 4165 4164 4163  859 2586  858 2585
 4162  556 4161 2584  857 2583  856 2582  855 2581  854 2580  853 2579
  852 2578  851 2577  850 2576  849 2590 3627 5564 1438 3137 4115 5192
 3674 2575 3668 4782 2943 4582 3590 4534 2711 4656 4404 2671 4720 3812
 4946 4242 5766 5082 4215 5175 3724 5726 5624 3423 5259 3267 5337 4160
 5598 1828 4964 4966 4963 4965 4967 3700 4059 4058 3743 3489 4595 3652
 4407 2770 3373 1780 4174 1803 3761 2525 3367 3284 4123 3351 1585 2534
 4097 4084 4277 5405 2642 4841 3077 1252 3625 4255 4042 5413 1366 3431
 4134 2001 1539 4181 2608 1564 4234 1283 4739 4912 1473 3299 4159 4075
 5106 1422 5117 1490 5312 3229 3847 5530 4583 4584 4585 4586 4587 4588
 4592 5437 3752 2685 4745 2937 4235 5313 5456 1577  335 1576  334 1575
  333 1574  332 1573    2 1572  331 1571  118 1570  330 1569  216 1568
  329 1567  266 1566   69 1565  328 2609 3404 3714 1350 2655  868 2607
  162 2606  867 2605   29 2604  866 2603  865 2602  864 2601  863 2600
  347 2599  862 2598  831  536 4064 4065 4073 4122 3350 1584 2533 4096
 4083 4276 5404 2641 4840 3076 1251 3624 4254 4041 5412 1365 3430 4133
 2000 1538 4180 4233 1282 4738 4911 1472 3298 4158 4074 5105 1421 5116
 1489 5311 3228 3846 5529 1330 2649 3636 3659 2760 2286 2635 3682 5300
 5515 5485 4003 3707 5526 5828 5571 2371 5567 1232 1244 2326 5463 4109
 3728 4591 5436 3751 2684 4744 3754 3753 1495  283 1496  284 1497  285
 1498  286 1499  287 1500  288 4009 4008 4007 4006 4005 4004    1 1494
  282 1493  117 1492  281 1491 3227  215 3226 1047 3225  265 3224   68
 3223 1046 3222 1045 3221  139 3220 1044 3219  161 5222 1182 5221  160
 5220 1165 5219 1042 5218   27 5217 1006 5216 1216 5215  884 4274 5214
 1172 5213  345 5212  829 5211  534 5210  514 2595 3372 1779 4172 1802
 3760 2524 3366 3283 4072 4121 3349 1583 2532 4095 4082 4275 5403 2640
 4839 3075 1250 3623 4253 3216 3217 1043 3218 5276 5275   28 5274 1007
 5273 1217 5272  885 5271 1173 5270  346 5269  830 5268  535 5267  515
 5266 1207 5265 1103 5264 1168 5263 2769 4406 3651 4594 3488 3742 4057
 3182 3699 1827 2362 4724 4723 4722 4721 4719 4718 4717 4716 4715 4714
 4713 4712 4711 4710 4709 4708 4707 4706 4705 4704 3574 3575 3576 3799
 3800 3801 1026 3802  279 3803  980 3804  906 3805 3673 5193 5194 5195
 5196 5197 5198 5199 5200 5201 1059 5202 1221 5203  785 5204  554 5205
 1033 5206 1167 5207 1102 5208 1206 5209 4405  513 4408  533 4409  828
 4410  344 4411 1171 4412 1188 4413  883 4414 1196 4415 1005 4416   26
 4417 1041 4418 1164 4419  159 4420 1367 4135 4136 4137 4138 1370  164
 1369  163 1368  138 4421 4422 4423 4424 4425 4426 5118 2282 2283 2284
 2633 3680 5298 5513 5516   14 5486 4431 4430  116 4429 1197 4428 4427
 1135 3844  214 3843 1134 3842  264 3841   67 3840 3839 3838 5223 5224
 5225 5226 5227 5228 5229 3845 5528 1329 2648 3635 3658 2759 2285 2634
 3681 5299 5514 5484 1243 1242 2325 5462 4108 3729 3730 3731 3732 3733
 2687 2686 4743 1211 4742 1205 4435 4433  763 4432    0    3 1233 4741
 4590 5435 5457 5434 1198 5433 5432    5 5538 5537 5536 5535 5534 5533
 5532  115 5531 5527 5234 5310 5123 4143 4148 4076 4142 1169 4141 4140
 4139  167   66  263 3297 3296 3295 3294 3293 3292 3291 3290 3429 5411
 4040 4039 3215 4252 3622 1249 3074 4838   30 1253   31 1254   32 1255
 1351 1324  111 1325  112 1326  113 1327  114 1328  760 2321  761 2322
 2323  762 2324 5461 4107 5431 1235 5488 5566 2370 5570 5827 5525 3706
 5520 1241 5297 3679 2632 2758 3657 3634 2647 2320 2281 5233 5309 5122
 4147 5110 1420 4080 4157 1323 1471 4910 4737 1281 1376 4232 3403 3713
 1357 3837 4179 2654 1537 1999 1260 5281 3428 5410 4038 3289 3214 4251
 3621 4093 1004 4088 1174 4087  882 4086 4085 2539 2535 1581 3347 2530
 4099 4098 2899  343 2900  961 2901  962 5402 2639 4273 4081 4094 2531
 1582 3348 4120 4071 3282 3365 2523 3759 1801 4171 1778 3371 2594 2768
 3650 4593 3487 3741 4056 3181 3698 1826 2361 5336 3266 4731 3422 5623
 5725 3723 3722 5174 4214 5081 5765 4241 4945 3811 3810 3809 3808 3807
 3806 4114 1439  241 1440  242 1441  243 1442 2672  254 2673  895 2674
  896 2675  897 2676  898 2677  899 2678 5597 2683 5335 3265 4730 3421
 5622 5724 3721 5173 4213 5080 5764 4240 4944 1448 4403 4655 4654 4653
 4652 4651 4650 4649 4648 4647 4646  278 2023  662 2024  663 2025  664
 2026  665 2027 2877 2878 2879 2028 2029 2030 2880 2881 2882 2883 2884
 2885 2886 2887 2888 2889 2890  553 2891  956 2892  957 2893  958 2894
  959 2895  960 2896  512 2897  532 2898  827 3758 4119 4070 3281 3280
 3279 3278 1062 3274 1061 3273 1060 3272 1032 3271 3338 3339 3340 3341
 3342 4596 4597 4598 4599  511 3343  531 3344  826 3345 1077 3346 4600
  342 4601  841 4602  965 4603  881 4604 1208 4605 1003 4606 1121 4607
 1040 4608 1087 4609   39 4610  145 4611 1187 4612  166 4613   65 4614
  110 4615 1181 4616 1170 4617  213 4618 4619  748  759 5295 5296 4620
 4621   13 4622  788 4623 1209 4624 1177 4625    4 4627 5460 5459 2369
  787 2368   12 2367  786 5294 5232 5308 5121 4146 5109 1419 4079 4156
 1322 1470 4909 4736 1280 1375 4231 3402 3712 1356 3836 4178 2653 1536
 1998 1259 5280 3427 5409 4037 3288 3213 4250 3620 4092 3073 4837 2638
 5401 4102 2906 4272 2538 1580 4118 4069 3364 2522 3757 1800 4170 1777
 3370 2593 2767 3649 3277 3486 3740 4055 3180 3697 3337 1825 2447 2360
 5596 2682 5334 4729 3420 5621 3720 5172 4212 5079 5763 4239 4943 1447
 4402 2035 2710 4533 3589 4581 2942 4781 3667 3626 5563 3136 5716 5717
 5718 5719 5720 5721 5722 5723 3268 3269 3270  552  784 2444  804 2443
  803 2442  802 2441  801 2440  800 2439  799 2438  253 2437 2436 2435
 2434 2433 2432 5715 5714 5713 5712 5711 5710 5709  277 5708 5707 5706
 5705 5704 5703 5702 5701 5700 5699 5698 2416 2417 2944 2418 2419 2420
  792 2421  793 2422 2423  794 2424 2425 2426 2427  795 2428  796 2429
  797 2430  798 2431 2876 2804 2935 1487 3155 2022  661 2021 2020  660
 2019  659 2018  658 2017  657 2016  656 2015  655 2014  654 2013 2012
  653 2011 3049 2415 2414  365 2413 2412 2411 2410 3882 5044 1149 5045
 1179 5046  417 5047  364 5048 5049 5697 5858 2697 3053 5127 5285 2998
 3853 3831 2573 2948 2213 4000 3995 3982 5239 3125 5397 5372 5014 3580
 3154 4833 3048 3054 3069 1486 3645 2934 2803 2703 4267 2688 3030 3093
 3672 2667 4113 4936 1020 4937 4938 4939 1115 4940  670 4941  252 4942
 4959 4947 4948 1130 4949 1085 4950 1210 4951 1220 4952  904 4953  783
 4954  551 4955 1076 4956 1031 4957 1166 4958 4962 3387 3386 3385 3384
 3383 3382 3381 3380 3379 3378 3419 5620 4221  601 1912  251 1911  600
 1910 2709  599 1909  598 1908 2941 3095 3029 2690 4935  905 4934  944
 4933  979 4932 1126 4931  276 4930 1002 4929 1001 4928 1114 4927 1219
 4926 1017 4925 1159 4924 1162 3999 4923  717 4922  995 4921 4920 4919
 4918 4917 1937 1938 1939 1940 1889  580 1890  581 1891  582 1892  583
 1893  584 1894  585 1895  586 1896  587 1897  588 1898  589 1899  590
 1900  275 1901  591 1902  592 1903  593 1904  594 1905  595 1906  596
 1907  597 4579 4580 3666 3628 4578 4577 2702 3644 3056 3047 4832 3153
  708 2166  707 2165  706 2164 3858 3857 3856 3855 2158  705 2159 2160
 2161 2162 2163 3123 3124 2170 3068 3060 1485 3643 2933 2802 2701 4266
 4576 3028 2693 4265 4264 3671 2666 4112 3098 3135 2940 5562 3632 3665
 4780 3588 4532 2708 2034 4401 1446 4238 5762 1919 5078 2722  923 2723
  924 2724  925 2725  903 2726  782 2727  550 2728  926 2729  927 2730
  928 2731  929 2732  930 2733  510 2734  530 3388 3389 3390  825 2735
 2736  931 2737 3391 3392 3393  840  341 2738 2739 1528  310 1529  311
 1530  312 1531  313 1532  314 1533  315 1534  316 1535   38 2746 2745
 2744 2743 2742 2741 2740 3394 3395 3396 3397 3398 3399 3400 3401 3405
  144 2747 2748  932 2749  165 2750   64 2751  109 1474  267 1475  268
 1476  212 2752 2753 2754 2280 2319 2646 3633 3656 2757 2366 3678 2631
 2756 2755 1477  269 1478  270 3637  219 1424  218 1423  217 1418 4908
 4735 1279 1374 4230 3409 3711 1355 3835 4177 2652 1997 1258 5279 3426
 5408 4036 3287 3212 4249 3619 4091 3072 4836 2637 5400 4101 2905 4271
 1527 2537 1579 4117 4068 3363 2521 3756 1799 4169 1776 3369 2592 2766
 3648 3276 3485 3739 4961 3179 3696 3336 4054 4053 4052 4051 4050 4049
 4048 5595  902 5594 1222 5593 1083 5592  922 5619 5618 5617 5616 5615
 5614 5613 5612 5611 5610 5609 5608 5581 5580  274  978  914  909 5582
 5583  892 5584  982 1125 5585 5586 1214 5587  915 5588  669 5589  250
 5590  607 5591 5077 5076 5075 5074 5073 5072 5071 5070 5069 5068 5067
 5066 5065 5064 5063 5062 5061 1139 4768 1212 4769 1213 4770 4771 4772
 4773 4774 4775 4776 4777 4778 4779 3587 4531 2707 2033 4400 1445 4237
 5761 1918 5094 2721 5171 3719 4220 4047 3418 3377 4728 5333 2681 2359
 2446 1824 1829  557 1830  558 1831  559 1832  560 1833 5091 5090 5089
 5088 5087 3694  781 3693 3692 1129 3691  901 5086 5085 5084 5083 1082
 3690  921 3689  606 3688 3687 3686 3685 3664 3631 5561 2939 3134 3097
 4111 2665 3670 4575 3027 2692 4263 2700 2801 2932 3642 1484 3059 3067
 3046 4831 3152 2169 3579 5013 5371 5396 5575 3862 5238 3981 3122 3994
 3121 1014 3117  714 3116 1013 3115  996 3114 3113 2994 2993 2992 2991
 3110 3111 3112 3018 3019 3020 3021 3022 4765 4764 4763 4762 4761 4760
 5053 5054 5055 5056 5057 5058 5059  715 4766 4767 1016 5060 5576 5577
 5578  711 1000 5579 5607 5606 5605 5604 5603 5602  716  847 2572  846
 2571 2570 2569 2568 2567  362 5857 5856 5855 5854 5853 5852 5851 5862
 5863 5864 5865 3826 3827 3828 3829 3830  620 2157 2156 2155 2154 2153
 2152 2151 2150 4898 4899 4900 4901 4902 4903 4904  579 1888  578 1887
  363 1886  416 1885 1884 1883 1882 1881 1880  950 2838 4897 4896 4895
 4894 2265  739 2266 2268 3032 4629 2256 2261 4572 2807 3921 4032 3100
 2840 4689 2373 2174 2148 2456 5850 5849 5848 2559 2560 2561 1651  410
 1650  409 1649  408 1648  407 1647  406 1646 1645  405 1644 1643  404
 1642  403 1641  402 1640 1639  401 2548 2549 2550 2551 2552 2553 2554
 2555   20 2556 2557 2558 5847 5846 5845 4366 5844 5843 5842 5841 5840
 5839 5838 5837 4359 4360 4361 4362 4363 4364 4365  158 2263 2264 4893
 4892 4891 4890 4889  837 2831 2832  949 2833 2834 2835 2836 2837 4630
 2449 2669 4367 1757 2450 2451 3033 2452   22 1247   21 5039 5040 5041
 4631 4033 3101 2841 1878 4690 2374 2175 2149 2457 3548 1747 3127 1759
  491 1761 1762 1763 4916 4152 3881 2663 5301 3904  483 5043 5042  704
 2810 2809 2808 2144 2143 2142 4333 4332 4331 4330 2141  703 2140  702
 2139 2070 1286 5038   70 5037  682 5036 5035 5034 5033 5032  146 3747
 3748 3749 2138 2137 2136 2135  174 2134  701 2133  233 5031  645 5030
 5029 5028 5027 5026  208 5025 5024 5023 1666 1665 1664   57 5021 5022
 2847 2848 2849 2850 2851 2852 2853 2854  627 2132 2131  496 2130  700
 2129 2128 2127 2126 2125 2124 2123 2122  699 2121  698 2120  697 2119
  189 2118 5375 1390 5020 5019 1344 1389 3520 4257 3491 1542 5414 5387
 1663 5389  137 5808 5809 5810 5811 5812 1467 1466 4876 4877 4878 4879
 4880  207 4881  940 4882  947 4883 2825  948 2826  505 2827  626 2828
 4884 4885 4886 4887  232 2829  644 5821 5820 5819 5818 5817 5816 5815
 5814 5813 1667  424 1668 1669  425 1670 2822 3771 3090 3568 3569 1769
 1774 2615 2276 1970 5796 3815 3816 3817 3818 3819 1246 1285 3004 2658
 2073 3822 1364  151 1361  150 1360  149 1359 3746 1382 5823 5822 2830
  173 4888 2928 4358 4357 4356 4355 1011 4354  946 4353 4352 4351 5647
 5646 5645 5644 5643 4347 4348 4349 4350 2818 2817 2816 2815  202 1410
  203 1411  204 1412  205 1413 2819  206  939 2820 2821 5833  504 5834
  625 5835  643 5836  231 2547 2546 2545 2544  845 3770 3089 3088 5790
  844 1113  503  624  642 5791 5792 5793 5794 5795 1432 1684 3585 4466
 2954 1638 3143 2930 3745 1385 2529 4225 2972 3509 1363 3821 2072 2657
 4747 4748 4749 4750 3008 3007 3006 4567 4568 4569 4570 4571 2979 2978
 2977 2976  681 2975  157 2974 4566  992 4565 1186 4564  836 4563  183
 4562  400 4561  230 4560 4559 4558 4557 4556 4555 4554 4553 4552 1110
 1010  938 5789 5788 5787 5786 5785 5784  201 1107  292  325 4551 4550
 4549 4548 4547   54 5782 5783 3232 1408 1409 2814 4789 5100 2846 1465
 5472   55 5471  135 4346   56 5642  136 5641  187 4345 4259 5470  186
 5469  459 5468 1200 5467 1226 5466 5112 5465 5776 5775 1136 5774 1225
 5773 1224 5772 1189 5771 1176 5770  122 5769 5768 1202 4541 1203 4542
 1204 4543 4544 4545  458 1199 5777 5778 5779 5780 5781  185  134 4546
 1719 1876 3206 2714 3481 3963 3871 1677 1387 3518 4261 1541 3494 5418
 5391 1661 1348 5017 2220 4874 5377 5290 3498 1273 4280 3235 1464 2845
 5099 4788 2813 1407 3513 1503 4316 1554 1560 4438 3556 3087 2774 3769
 2543 3567 5832 1773 1946 2614 2275 1969 1431 1683 3584 4465 2952 3142
 2953  399 2955  182 2956  835 2957  984 2958  985 2959 2960 2961 2962
 2963 2964 2965 2966 2968 3920 4031 4501 4502  945 2980 2981  988 2982
  993 2983 2984 3103 3011 3010 3009 4751 4752 4753  411 2562 2563 2564
 2565 2566 1656  415 1655  414 1654  413 1653  412 1652 4754 4755 4756
 4757 4758 4759 3017 3016 3015 3014 3013 3012 3104 3105 3106 3107 3108
 3109  361 2990 2989 2988 2987 2986 2985 4503 4504 4505 4506 4507 4508
 4375 4374 4373 4372 4371 4370 5302 2376  482 2372 1195 4688  952 4687
  987 4686 4685  742 4684  745 4683  807 4682   19 4681  680 4680  156
 4679  991 4678 1185 4677  834 4676  181 4675  398 4674  229 4673  641
 4672  623 4671  502 4670 1112 4669  843 4668  937 4667 1009 4666 1109
 4665  324 4664  291 4663 1106 4662  200 4661   53 4660  133 4659  184
 4658  457 2219  721 2224   52 2225  199 2226  722 2227  290 2228  323
 2229  723 2230  724 2231  725 2232]

eliteFit: 581630.0
percentError: 2.846886990964228
computationTime: 5224.285s