instanceName: eil76
n: 76
optFit: 538

genTime, gen, eliteFit, percentError:
9.980000322684646e-05, 0, 2233.0, 315.056
0.0029350999975576997, 1, 559.0, 3.903
0.0019583000103011727, 2, 544.0, 1.115
0.0015050000074552372, 3, 544.0, 1.115
0.0017527000018162653, 4, 541.0, 0.558
0.0019890999974450096, 5, 539.0, 0.186
0.0013975000038044527, 6, 539.0, 0.186
0.0012805000005755574, 7, 538.0, 0.000

tour:
[29 47 28 44 26 51 33 45 66 25 75 74  3 67  5 50 16 39 11 57 71 38  8 31
 43  2 15 62 32  0 72 61 21 63 41 42 40 55 22 48 23 17 49 24 54 30  9 37
 64 65 10 58 13 52 34  6  7 18 53 12 56 14  4 36 19 69 59 70 68 35 46 20
 60 27 73  1]

eliteFit: 538.0
percentError: 0.0
computationTime: 0.017s