instanceName: kroC100
n: 100
optFit: 20749

genTime, gen, eliteFit, percentError:
0.00011419999646022916, 0, 150444.0, 625.066
0.004605699999956414, 1, 21001.0, 1.215
0.0027812000043923035, 2, 20938.0, 0.911
0.0031863999902270734, 3, 20938.0, 0.911
0.00255349998769816, 4, 20853.0, 0.501
0.002471800005878322, 5, 20816.0, 0.323
0.002774599997792393, 6, 20749.0, 0.000

tour:
[19 63 78 12 14 26 84  0 52 39 11 48 17 28 45 23 31 60 25  6 81 77  8 36
 15 50 62 43 65 47 83 10 51 86 95 96 80 44 32 99 73 56 35 13  9 91 18 98
 92  3 59 68  2 72 58 40 88 20 22 69 75 90 93 94 49 61 82 71 85  4 42 55
 70 37 38 27 87 97 57 33 89 24 16  7 21 74  5 53  1 34 67 29 76 79 64 30
 46 66 54 41]

eliteFit: 20749.0
percentError: 0.0
computationTime: 0.023s