instanceName: kroA150
n: 150
optFit: 26524

genTime, gen, eliteFit, percentError:
0.0002195999986724928, 0, 234047.0, 782.397
0.010451099995407276, 1, 27386.0, 3.250
0.006382499996107072, 2, 27386.0, 3.250
0.006272700004046783, 3, 27017.0, 1.859
0.007155799990869127, 4, 26962.0, 1.651
0.006340799998724833, 5, 26901.0, 1.421
0.005732100005843677, 6, 26804.0, 1.056
0.008402000006753951, 7, 26801.0, 1.044
0.008029300006455742, 8, 26771.0, 0.931
0.008816799992928281, 9, 26697.0, 0.652
0.005621799995424226, 10, 26697.0, 0.652
0.0052244999969843775, 11, 26673.0, 0.562
0.005087300000013784, 12, 26558.0, 0.128
0.006251400001929142, 13, 26524.0, 0.000

tour:
[107  57  60  80  24 124  50  86 144 139 134  84  67  72  68  63  39  53
   1 143 113  43  49 115  81 125  94  12  75  32 145 102 146  36   4  51
  77  95  38 100 120  29 106 111 131  28  45   2  13  47  99  70  40 135
 127  42 122 114 119 148  54  82  33 116   8   6  56  19  11  26  85  34
 149  61  59  76 109  22  97  90  44 108  31  10  14  16 140  58 126  73
  20  71 112  46 130  92  27 129   0  62   5  48  89   9  83  35  98 101
 110 103  37  23  17  93  21  69  15  87 136  78 105 133  52  18  74  96
   3  64  65 128  25 123 117 118 142  55 138  91   7  41 121  79  30  88
 137 132 147 141 104  66]

eliteFit: 26524.0
percentError: 0.0
computationTime: 0.098s