instanceName: rat195
n: 195
optFit: 2323

genTime, gen, eliteFit, percentError:
0.00019079999765381217, 0, 20449.0, 780.284
0.018760800012387335, 1, 2510.0, 8.050
0.010383000000729226, 2, 2452.0, 5.553
0.010620999993989244, 3, 2440.0, 5.037
0.011042800004361197, 4, 2398.0, 3.229
0.010043800008133985, 5, 2398.0, 3.229
0.009842199986451305, 6, 2395.0, 3.099
0.00912149999930989, 7, 2379.0, 2.411
0.007088599988492206, 8, 2379.0, 2.411
0.006858100008685142, 9, 2362.0, 1.679
0.007757400002446957, 10, 2359.0, 1.550
0.013823000001139008, 11, 2357.0, 1.464
0.008642400003736839, 12, 2354.0, 1.334
0.00895269999455195, 13, 2350.0, 1.162
0.009420999995199963, 14, 2349.0, 1.119
0.008492799999658018, 15, 2349.0, 1.119
0.008394300006330013, 16, 2337.0, 0.603
0.011555099990800954, 17, 2337.0, 0.603
0.011452200007624924, 18, 2337.0, 0.603
0.008445400002528913, 19, 2337.0, 0.603
0.007486700007575564, 20, 2337.0, 0.603
0.00609979999717325, 21, 2337.0, 0.603
0.0038091000023996457, 22, 2337.0, 0.603
0.0032307000074069947, 23, 2337.0, 0.603
0.004474600005778484, 24, 2337.0, 0.603
0.0032993999921018258, 25, 2337.0, 0.603
0.003948800003854558, 26, 2337.0, 0.603
0.00395000001299195, 27, 2337.0, 0.603
0.00408259998948779, 28, 2337.0, 0.603
0.0035112000041408464, 29, 2337.0, 0.603
0.0034881999890785664, 30, 2337.0, 0.603
0.003049999999348074, 31, 2337.0, 0.603
0.003950500002247281, 32, 2337.0, 0.603
0.003075400003581308, 33, 2337.0, 0.603
0.004515900000114925, 34, 2337.0, 0.603
0.003917599999113008, 35, 2337.0, 0.603
0.003692900005262345, 36, 2337.0, 0.603
0.0031608999997843057, 37, 2337.0, 0.603
0.0027656000020215288, 38, 2337.0, 0.603
0.004752499997266568, 39, 2337.0, 0.603
0.003634199994849041, 40, 2337.0, 0.603
0.003046800004085526, 41, 2337.0, 0.603
0.004203799995593727, 42, 2337.0, 0.603
0.0034116999886464328, 43, 2337.0, 0.603
0.004167499995674007, 44, 2337.0, 0.603
0.003985700008342974, 45, 2337.0, 0.603
0.023649099995964207, 46, 2337.0, 0.603
0.0053952000016579404, 47, 2337.0, 0.603
0.007448799995472655, 48, 2337.0, 0.603
0.005316199996741489, 49, 2337.0, 0.603
0.005622600001515821, 50, 2337.0, 0.603
0.005293199996231124, 51, 2337.0, 0.603
0.005302199992001988, 52, 2337.0, 0.603
0.00521899999876041, 53, 2337.0, 0.603
0.004888000010396354, 54, 2337.0, 0.603
0.004614899997250177, 55, 2337.0, 0.603
0.005078300004242919, 56, 2337.0, 0.603
0.0037704999995185062, 57, 2337.0, 0.603
0.0035186000022804365, 58, 2337.0, 0.603
0.004876900013186969, 59, 2337.0, 0.603
0.004255099993315525, 60, 2337.0, 0.603
0.004721300007076934, 61, 2337.0, 0.603
0.004008599993539974, 62, 2337.0, 0.603
0.005080799994175322, 63, 2337.0, 0.603
0.003036699999938719, 64, 2337.0, 0.603
0.003636200010078028, 65, 2337.0, 0.603
0.0034930999972857535, 66, 2337.0, 0.603

tour:
[ 74  73  72  71  84  83  82  81  80  79  78  65  66  67  68  69  70  57
  56  55  54  53  52  39  40  41  42  28  29  30  31  32  33  20  19  18
  17  16  15  14  27  26  13   0   1   2   3   4   5   6   7   8   9  10
  11  12  25  24  23  22  21  34  35  36  37  38  51  50  49  48  47  46
  45  43  44  58  59  60  61  62  63  64  77  76  89  90 103 102 116 115
 114 127 128 129 142 141 140 139 138 137 136 135 134 132 133 146 147 148
 149 150 151 152 153 154 155 168 167 166 165 164 163 162 161 160 159 158
 171 172 173 174 175 176 177 178 179 180 181 194 193 192 191 190 189 188
 187 186 185 184 183 182 170 169 156 157 145 144 143 131 130 117 118 119
 120 121 122 123 124 125 126 113 112 111 110 109 108 107 106 105 104  91
  92  93  94  95  96  97  98  99 100 101  86  85  87  88  75]

eliteFit: 2337.0
percentError: 0.6026689625484287
computationTime: 0.451s