instanceName: rat195
n: 195
optFit: 2323

genTime, gen, eliteFit, percentError:
0.00024819999816827476, 0, 20436.0, 779.724
0.01988010000786744, 1, 2500.0, 7.619
0.009934199988492765, 2, 2451.0, 5.510
0.00959480000892654, 3, 2420.0, 4.176
0.011533899989444762, 4, 2420.0, 4.176
0.009881899997708388, 5, 2389.0, 2.841
0.009358199997222982, 6, 2389.0, 2.841
0.009854699994320981, 7, 2378.0, 2.368
0.008458900003461167, 8, 2363.0, 1.722
0.009807299997191876, 9, 2359.0, 1.550
0.009707199991680682, 10, 2355.0, 1.378
0.008013400001800619, 11, 2355.0, 1.378
0.009395799992489628, 12, 2352.0, 1.248
0.007710700010647997, 13, 2342.0, 0.818
0.00830869999481365, 14, 2341.0, 0.775
0.006367699999827892, 15, 2341.0, 0.775
0.006970800008275546, 16, 2337.0, 0.603
0.00597530000959523, 17, 2337.0, 0.603
0.004458300012629479, 18, 2334.0, 0.474
0.0035545999999158084, 19, 2334.0, 0.474
0.0039037000096868724, 20, 2334.0, 0.474
0.004413199989357963, 21, 2334.0, 0.474
0.003667099997983314, 22, 2334.0, 0.474
0.004324800000176765, 23, 2334.0, 0.474
0.004528399993432686, 24, 2334.0, 0.474
0.0037334000080591068, 25, 2333.0, 0.430
0.0038204000011319295, 26, 2332.0, 0.387
0.0043803000007756054, 27, 2332.0, 0.387
0.003134200000204146, 28, 2332.0, 0.387
0.004557100008241832, 29, 2332.0, 0.387
0.005352699998184107, 30, 2332.0, 0.387
0.0049673000030452386, 31, 2332.0, 0.387
0.004423700011102483, 32, 2332.0, 0.387
0.004430100001627579, 33, 2332.0, 0.387
0.0054213999974308535, 34, 2332.0, 0.387
0.0045947999897180125, 35, 2332.0, 0.387
0.003981200003181584, 36, 2332.0, 0.387
0.004300799992051907, 37, 2332.0, 0.387
0.004843699993216433, 38, 2332.0, 0.387
0.00413509999634698, 39, 2332.0, 0.387
0.0032743000047048554, 40, 2332.0, 0.387
0.004547000004095025, 41, 2332.0, 0.387
0.0035134999925503507, 42, 2332.0, 0.387
0.003638499998487532, 43, 2332.0, 0.387
0.0036225000076228753, 44, 2332.0, 0.387
0.00328839999565389, 45, 2332.0, 0.387
0.0034113000001525506, 46, 2332.0, 0.387
0.002865900009055622, 47, 2332.0, 0.387
0.004678600002080202, 48, 2332.0, 0.387
0.0035924999974668026, 49, 2332.0, 0.387
0.0034737999958451837, 50, 2332.0, 0.387
0.003372599996509962, 51, 2332.0, 0.387
0.003913900000043213, 52, 2332.0, 0.387
0.003993500009528361, 53, 2332.0, 0.387
0.0036379999946802855, 54, 2332.0, 0.387
0.0030196000006981194, 55, 2332.0, 0.387
0.005289000007905997, 56, 2332.0, 0.387
0.003555000002961606, 57, 2332.0, 0.387
0.0031863000040175393, 58, 2332.0, 0.387
0.003534700008458458, 59, 2332.0, 0.387
0.004440700009581633, 60, 2332.0, 0.387
0.004300800006603822, 61, 2332.0, 0.387
0.004618699997081421, 62, 2332.0, 0.387
0.0036334999895188957, 63, 2332.0, 0.387
0.004099400000995956, 64, 2332.0, 0.387
0.004705100000137463, 65, 2332.0, 0.387
0.0031919999892124906, 66, 2332.0, 0.387
0.003322800010209903, 67, 2332.0, 0.387
0.003428000010899268, 68, 2332.0, 0.387
0.0028504999936558306, 69, 2332.0, 0.387
0.003366799996001646, 70, 2332.0, 0.387
0.0031254000059561804, 71, 2332.0, 0.387
0.0042384999978821725, 72, 2332.0, 0.387
0.003156000006129034, 73, 2332.0, 0.387
0.004719999997178093, 74, 2332.0, 0.387
0.004266799995093606, 75, 2332.0, 0.387
0.003308400002424605, 76, 2332.0, 0.387

tour:
[ 62  61  60  59  58  44  45  46  47  48  49  50  51  38  37  36  35  34
  21  22  23  24  25  12  11  10   9   8   7   6   5   4   3   2   1   0
  14  13  26  27  28  15  16  17  18  19  20  33  32  31  30  29  43  42
  41  40  39  52  53  54  55  56  57  70  69  68  67  66  65  78  79  80
  81  82  83  84  71  72  73  74  75  88  87  85  86 101 100  99  98  97
  96  95  94  93  92  91 104 105 106 107 108 109 110 111 112 113 126 125
 124 123 122 121 120 119 118 117 130 131 132 133 134 135 148 147 146 145
 144 143 157 156 169 170 182 183 184 185 186 187 188 189 190 191 192 193
 194 181 180 179 178 177 176 175 174 173 172 171 158 159 160 161 162 163
 164 165 166 167 168 155 154 153 152 151 150 149 136 137 138 139 140 141
 142 129 128 127 114 115 116 102 103  90  89  76  77  64  63]

eliteFit: 2332.0
percentError: 0.38743004735256137
computationTime: 0.438s