instanceName: fnl4461
n: 4461
optFit: 182566

genTime, gen, eliteFit, percentError:
0.005834000010509044, 0, 8117805.0, 4346.504
34.63157440000214, 1, 204138.0, 11.816
22.052830300002825, 2, 201822.0, 10.547
20.29627150000306, 3, 200824.0, 10.001
20.17136720000417, 4, 200205.0, 9.662
21.3257486000075, 5, 199324.0, 9.179
21.036125399987213, 6, 198831.0, 8.909
20.309442099998705, 7, 198264.0, 8.599
19.911132100009127, 8, 198086.0, 8.501
20.27897600000142, 9, 197869.0, 8.382
20.812092199979816, 10, 197421.0, 8.137
19.845723400008865, 11, 197372.0, 8.110
20.357976100000087, 12, 197239.0, 8.037
19.147834400006104, 13, 197058.0, 7.938
18.17086549999658, 14, 196698.0, 7.741
19.89041679998627, 15, 196624.0, 7.700
19.538280999986455, 16, 196624.0, 7.700
18.699263499991503, 17, 196489.0, 7.626
19.583280499995453, 18, 196452.0, 7.606
17.738864000013564, 19, 196177.0, 7.455
18.180252899997868, 20, 196165.0, 7.449
19.21458500000881, 21, 195892.0, 7.299
20.372946299990872, 22, 195892.0, 7.299
19.500009200011846, 23, 195719.0, 7.205
20.883795000001555, 24, 195545.0, 7.109
19.295687700010603, 25, 195545.0, 7.109
18.8868700999883, 26, 195545.0, 7.109
17.2305073000025, 27, 195504.0, 7.087
11.840610499988543, 28, 195399.0, 7.029
9.769757200003369, 29, 195399.0, 7.029
11.664497999998275, 30, 195289.0, 6.969
12.302002400014317, 31, 195188.0, 6.914
14.633160599973053, 32, 195059.0, 6.843
14.4090726999857, 33, 195056.0, 6.841
13.963743900007103, 34, 194953.0, 6.785
13.139082800014876, 35, 194853.0, 6.730
13.94534289999865, 36, 194779.0, 6.690
12.935877199983224, 37, 194752.0, 6.675
12.921739099983824, 38, 194637.0, 6.612
13.143653899984201, 39, 194501.0, 6.537
14.112830199999735, 40, 194443.0, 6.506
13.556365199998254, 41, 194347.0, 6.453
12.976551299972925, 42, 194257.0, 6.404
14.464228400000138, 43, 194225.0, 6.386
12.707250100007514, 44, 194184.0, 6.364
14.350159499997972, 45, 194151.0, 6.346
12.948706499999389, 46, 193730.0, 6.115
13.043099700007588, 47, 193675.0, 6.085
12.147904299985385, 48, 193514.0, 5.997
10.130652700026985, 49, 193514.0, 5.997
7.937615300004836, 50, 193405.0, 5.937
7.369449399993755, 51, 193399.0, 5.934
8.83667200000491, 52, 193237.0, 5.845
6.822237899992615, 53, 193219.0, 5.835
6.880993400001898, 54, 193198.0, 5.824
6.1546654000121634, 55, 193073.0, 5.755
6.282518099993467, 56, 193073.0, 5.755
4.746171200007666, 57, 192992.0, 5.711
4.863711899990449, 58, 192992.0, 5.711
5.841459599992959, 59, 192858.0, 5.637
6.2117766000155825, 60, 192798.0, 5.605
5.28217130000121, 61, 192798.0, 5.605
4.663765199977206, 62, 192765.0, 5.586
4.717220099992119, 63, 192749.0, 5.578
5.923955399979604, 64, 192712.0, 5.557
6.184748600004241, 65, 192663.0, 5.531
6.428089199995156, 66, 192634.0, 5.515
5.25311160000274, 67, 192581.0, 5.486
5.301498100016033, 68, 192581.0, 5.486
6.390746999997646, 69, 192578.0, 5.484
7.2031540000170935, 70, 192565.0, 5.477
7.775963100022636, 71, 192557.0, 5.473
7.962865500012413, 72, 192532.0, 5.459
4.233999599993695, 73, 192532.0, 5.459
4.814856400014833, 74, 192518.0, 5.451
3.930172499996843, 75, 192518.0, 5.451
3.8642154000117444, 76, 192518.0, 5.451
3.840670100005809, 77, 192518.0, 5.451
3.9566968999861274, 78, 192518.0, 5.451
4.433789700007765, 79, 192518.0, 5.451
4.28398589999415, 80, 192518.0, 5.451
3.7795136000204366, 81, 192518.0, 5.451
3.761829299997771, 82, 192518.0, 5.451
4.088416100014001, 83, 192471.0, 5.425
3.638875200005714, 84, 192471.0, 5.425
4.772996699990472, 85, 192463.0, 5.421
4.443928900000174, 86, 192463.0, 5.421
3.9551198000262957, 87, 192463.0, 5.421
3.845161100005498, 88, 192463.0, 5.421
4.149030700005824, 89, 192456.0, 5.417
4.145124000002397, 90, 192456.0, 5.417
4.267500999994809, 91, 192456.0, 5.417
4.641273799992632, 92, 192456.0, 5.417
4.297479000000749, 93, 192456.0, 5.417
4.908164699998451, 94, 192456.0, 5.417
4.705566500022542, 95, 192456.0, 5.417
4.789328100014245, 96, 192456.0, 5.417
3.880951900006039, 97, 192456.0, 5.417
3.5676450000028126, 98, 192456.0, 5.417
5.050583200005349, 99, 192456.0, 5.417
4.153756899992004, 100, 192456.0, 5.417
3.566107999999076, 101, 192456.0, 5.417
3.978323899995303, 102, 192456.0, 5.417
4.019254100014223, 103, 192456.0, 5.417
4.276539600017713, 104, 192456.0, 5.417
4.314379000017652, 105, 192456.0, 5.417
4.020803599996725, 106, 192456.0, 5.417
4.246874600008596, 107, 192456.0, 5.417
4.075505200016778, 108, 192456.0, 5.417
4.840854499983834, 109, 192456.0, 5.417
3.60238379999646, 110, 192456.0, 5.417
3.91530339999008, 111, 192456.0, 5.417
4.2311222000280395, 112, 192456.0, 5.417
3.7564000000129454, 113, 192456.0, 5.417
4.0271633000229485, 114, 192456.0, 5.417
3.9335859000275377, 115, 192456.0, 5.417
4.130514899996342, 116, 192456.0, 5.417
4.3626447999849916, 117, 192456.0, 5.417
3.9545753999846056, 118, 192456.0, 5.417
4.436264799995115, 119, 192456.0, 5.417
4.328546200005803, 120, 192395.0, 5.384
3.8512074000027496, 121, 192395.0, 5.384
3.705532200023299, 122, 192395.0, 5.384
4.4748837999941316, 123, 192395.0, 5.384
4.27540779998526, 124, 192395.0, 5.384
4.116535400011344, 125, 192395.0, 5.384
4.437019000004511, 126, 192395.0, 5.384
4.810923000011826, 127, 192395.0, 5.384
3.7952799000195228, 128, 192395.0, 5.384
4.07058239998878, 129, 192395.0, 5.384
3.960137300018687, 130, 192395.0, 5.384
3.9454894000082277, 131, 192395.0, 5.384
4.109622300020419, 132, 192395.0, 5.384
4.1806540999969, 133, 192395.0, 5.384
4.007736100000329, 134, 192395.0, 5.384
4.029962500004331, 135, 192395.0, 5.384
4.276771199976793, 136, 192395.0, 5.384
3.8526496999838855, 137, 192395.0, 5.384
4.26909469999373, 138, 192395.0, 5.384
3.9776101000024937, 139, 192395.0, 5.384
4.798502900026506, 140, 192395.0, 5.384
4.5278222000051755, 141, 192395.0, 5.384
3.827203399996506, 142, 192395.0, 5.384
4.158627500000875, 143, 192395.0, 5.384
4.532355200004531, 144, 192395.0, 5.384
3.940719000005629, 145, 192395.0, 5.384
4.035673299978953, 146, 192395.0, 5.384
4.145766999979969, 147, 192395.0, 5.384
4.379980500001693, 148, 192395.0, 5.384
4.560430499986978, 149, 192395.0, 5.384
4.334481400001096, 150, 192395.0, 5.384
3.5615960999857634, 151, 192395.0, 5.384
3.921168700006092, 152, 192395.0, 5.384
3.658536800008733, 153, 192395.0, 5.384
4.171826900012093, 154, 192395.0, 5.384
3.9066982999793254, 155, 192395.0, 5.384
4.527822000003653, 156, 192395.0, 5.384
4.266566600010265, 157, 192395.0, 5.384
3.740923700010171, 158, 192395.0, 5.384
4.917534099979093, 159, 192395.0, 5.384
4.391712800017558, 160, 192395.0, 5.384
3.5073706000111997, 161, 192395.0, 5.384
4.747400699998252, 162, 192395.0, 5.384
3.9648596000042744, 163, 192395.0, 5.384
3.9613215000135824, 164, 192395.0, 5.384
4.182653300027596, 165, 192395.0, 5.384
4.126039700000547, 166, 192395.0, 5.384
4.161446300015086, 167, 192395.0, 5.384
3.804844199999934, 168, 192395.0, 5.384
4.194945399998687, 169, 192395.0, 5.384
3.7274622000113595, 170, 192395.0, 5.384

tour:
[1390 1411 1370 1343 1305 1230 1144 1141 1213 1241 1274 1325 1323 1137
 1091 1105 1089 1039 1013  941  891  959  867  754  818  833  765  705
  689  612  573  551  491  451  405  464  580  645  592  513  462  433
  386  402  364  332  281  260  228  258  276  317  348  326  385  383
  407  454  457  509  577  591  622  700  697  636  632  571  569  581
  671  766  789  761  728  680  674  618  558  574  527  493  496  465
  444  353  362  413  452  483  502  481  495  430  431  440  414  379
  343  303  286  323  358  357  423  468  540  541  609  661  625  533
  549  583  601  708  784  786  870  907  942 1001 1063 1002  914  858
  794  862  923  935 1006 1086 1163 1166 1186 1255 1189 1192 1143 1119
 1082 1000 1010  903  840  806  788  871  932 1022  990 1070 1100 1113
 1219 1205 1237 1284 1336 1374 1436 1432 1426 1341 1306 1295 1337 1287
 1311 1249 1215 1214 1173 1292 1385 1439 1478 1528 1471 1551 1569 1602
 1646 1592 1579 1536 1523 1441 1422 1485 1546 1608 1650 1594 1652 1658
 1695 1727 1745 1738 1809 1867 1908 1970 2017 1962 1961 1869 1798 1819
 1855 1892 1783 1786 1735 1621 1568 1674 1706 1741 1759 1756 1754 1838
 1856 1833 1770 1672 1723 1684 1575 1488 1482 1380 1352 1455 1409 1424
 1486 1515 1458 1442 1338 1332 1329 1456 1452 1503 1577 1595 1685 1728
 1784 1773 1697 1648 1701 1810 1843 1831 1912 1949 2045 2099 2030 2130
 2237 2277 2332 2260 2206 2144 2025 2039 2015 1936 1929 1857 1771 1731
 1691 1637 1635 1566 1616 1588 1678 1760 1789 1842 1902 1924 1998 2010
 2088 2133 2111 2115 2117 2038 1967 1946 1907 1933 2048 2083 2155 2199
 2217 2251 2325 2397 2366 2281 2259 2319 2338 2402 2503 2499 2469 2589
 2638 2650 2737 2740 2777 2823 2883 2955 2959 2912 2910 2806 2734 2692
 2628 2576 2579 2603 2679 2759 2684 2724 2775 2854 2917 2931 3003 3087
 3163 3118 3215 3239 3273 3323 3292 3362 3370 3445 3476 3485 3462 3440
 3384 3398 3451 3468 3478 3509 3529 3604 3634 3631 3650 3534 3549 3608
 3686 3697 3743 3754 3709 3632 3553 3507 3588 3574 3544 3424 3340 3304
 3417 3465 3412 3392 3351 3334 3270 3260 3196 3132 3059 3123 3183 3187
 3247 3293 3443 3405 3349 3320 3255 3213 3238 3210 3111 3071 3090 3055
 3052 3012 2998 2964 2985 2918 2851 2832 2893 2956 3007 2799 2802 2735
 2693 2694 2614 2641 2639 2585 2596 2518 2425 2446 2474 2440 2511 2504
 2454 2394 2339 2261 2241 2167 2257 2335 2419 2464 2533 2580 2605 2655
 2700 2783 2743 2788 2791 2876 2889 2960 3014 3065 3107 3112 3190 3208
 3245 3164 3121 3080 3098 3072 3023 2977 2884 2904 2877 2827 2922 2919
 2949 2905 2824 2793 2751 2710 2670 2664 2736 2807 2810 2852 2933 3031
 2940 2887 3046 3027 2970 2861 2855 2880 2929 3018 2995 3015 3011 3036
 3078 3145 3160 3176 3171 3141 3091 2999 2947 2937 2923 2863 2817 2725
 2689 2673 2591 2553 2539 2470 2492 2377 2307 2249 2213 2292 2399 2465
 2353 2224 2287 2248 2207 2178 2162 2137 2056 2059 2023 2100 2227 2282
 2369 2328 2379 2442 2513 2457 2429 2490 2486 2547 2550 2597 2648 2697
 2701 2602 2562 2500 2549 2552 2590 2642 2744 2765 2712 2574 2494 2461
 2435 2372 2346 2310 2195 2176 2103 2112 2114 2040 1926 1995 1956 1909
 1846 1794 1739 1681 1733 1825 1896 1930 1903 1968 1941 1918 1922 2127
 2049 2060 2116 1942 1950 1906 1807 1778 1781 1743 1709 1692 1753 1675
 1618 1573 1499 1395 1302 1275 1242 1220 1201 1127 1129 1222 1276 1142
 1067 1098 1146 1199 1232 1251 1206 1132 1054  997  895  767  733  742
  771  841  740  675  602  630  685  669  594  619  529  530  442  399
  437  510  538  634  664  693  772  836  878  877  924  994 1045 1018
 1059 1117 1187 1288 1303 1240 1123 1202 1167 1074 1056  960  945  949
  856  791  816  835  920  904  906  854  823  888  982 1031 1011  971
 1007 1051 1068 1019 1094 1175 1154 1209 1252 1264 1342 1347 1372 1308
 1333 1391 1479 1556 1495 1540 1600 1633 1550 1500 1465 1450 1360 1440
 1498 1625 1698 1787 1750 1816 1742 1882 1957 2005 2069 2146 2177 2243
 2172 2141 2078 2024 1973 1879 1920 1940 2073 2134 2128 2267 2252 2197
 2254 2315 2258 2317 2320 2340 2404 2447 2514 2558 2523 2644 2560 2534
 2582 2719 2695 2756 2840 2835 2818 2814 2894 2941 2975 2951 2888 2808
 2698 2716 2713 2856 2897 2986 2967 3000 3053 3114 3048 3185 3242 3220
 3252 3337 3303 3281 3300 3335 3375 3374 3419 3352 3356 3400 3448 3418
 3494 3458 3427 3502 3447 3389 3361 3380 3373 3286 3228 3162 3200 3151
 3154 3108 3173 3194 3113 3039 3042 3122 3047 2993 2939 3066 3153 3191
 3197 3248 3234 3167 3223 3181 3216 3256 3237 3314 3336 3338 3435 3452
 3510 3552 3609 3560 3532 3589 3638 3679 3735 3832 3847 3870 3906 3837
 3793 3766 3671 3654 3712 3678 3605 3483 3426 3344 3393 3446 3486 3522
 3536 3480 3425 3399 3305 3358 3331 3388 3429 3535 3598 3581 3547 3620
 3637 3677 3694 3586 3630 3644 3705 3765 3779 3780 3772 3822 3916 3904
 3900 3984 3991 3976 4024 4042 4051 4104 4068 4019 4006 3947 3937 3913
 3855 3876 3874 3890 3907 3960 3983 3941 3877 3791 3747 3701 3737 3835
 3872 3814 3785 3760 3817 3764 3740 3726 3731 3682 3639 3625 3700 3688
 3746 3788 3844 3804 3824 3797 3796 3871 3943 4001 4028 4080 4108 4110
 4121 4101 4151 4138 4050 4014 3931 3933 3989 4048 4047 4040 3993 3968
 3912 3819 3782 3724 3662 3611 3550 3568 3617 3541 3493 3467 3439 3531
 3594 3607 3656 3715 3732 3770 3816 3827 3850 3885 3917 3926 4000 4074
 4067 4036 3973 3966 3936 3939 3903 3867 3845 3828 3805 3750 3778 3808
 3810 3821 3800 3786 3725 3664 3676 3730 3718 3762 3722 3749 3723 3768
 3807 3899 3858 3861 3918 3946 3990 3987 3982 3970 3997 3992 3935 3892
 3863 3884 3930 3958 3972 3963 4035 4018 4060 4093 4129 4049 4030 4076
 4066 4114 4087 4046 4089 4118 4079 4128 4154 4167 4152 4164 4191 4212
 4213 4225 4254 4296 4274 4276 4304 4292 4272 4244 4237 4270 4240 4201
 4189 4196 4163 4150 4102 4073 3981 4023 3951 3898 3924 3915 3848 3795
 3813 3745 3734 3775 3840 3843 3893 3866 3879 3834 3767 3738 3706 3708
 3695 3757 3799 3838 3839 3774 3703 3643 3670 3665 3633 3556 3508 3490
 3449 3457 3383 3376 3333 3254 3258 3161 3193 3156 3127 3073 3077 3105
 2994 2962 2946 2927 2891 2816 2828 2886 2954 3028 2969 2898 2899 2868
 2928 3002 3069 3137 3134 3120 3103 3029 3044 2990 2921 2829 2771 2809
 2773 2822 2826 2729 2656 2672 2706 2703 2677 2583 2607 2594 2663 2578
 2542 2476 2515 2493 2510 2467 2388 2374 2327 2313 2295 2352 2384 2424
 2535 2606 2635 2705 2723 2643 2627 2800 2804 2732 2717 2760 2721 2653
 2619 2623 2688 2573 2612 2675 2667 2738 2803 2766 2860 2794 2867 2866
 2848 2875 2958 2953 3040 3117 3070 3019 3063 3155 3205 3275 3263 3308
 3365 3411 3391 3394 3317 3271 3214 3227 3182 3136 3186 3244 3265 3277
 3285 3302 3354 3347 3369 3433 3538 3506 3487 3475 3461 3408 3355 3526
 3548 3513 3572 3623 3627 3702 3669 3692 3599 3587 3635 3622 3681 3717
 3761 3842 3864 3919 3889 3812 3836 3865 3853 3831 3777 3759 3714 3744
 3803 3781 3833 3875 3952 3995 4039 3932 3975 4034 4056 4084 4075 4127
 4095 4041 4012 3985 3957 3953 3921 3938 3978 3950 3986 4032 4057 4085
 4113 4124 4170 4159 4158 4193 4207 4262 4232 4233 4194 4184 4174 4197
 4206 4246 4210 4211 4220 4204 4195 4166 4178 4157 4133 4123 4069 4091
 4117 4147 4126 4130 4131 4098 4081 4064 4027 3979 3940 3902 3849 3925
 4003 4004 3929 3965 3949 3977 3920 3956 3944 3964 4005 4055 4105 4137
 4143 4181 4219 4199 4224 4245 4273 4252 4229 4205 4176 4132 4100 4120
 4078 4037 4107 4136 4188 4209 4231 4239 4243 4260 4313 4299 4289 4303
 4322 4281 4279 4300 4295 4277 4275 4346 4333 4329 4317 4330 4334 4365
 4381 4377 4379 4364 4343 4351 4341 4348 4354 4336 4325 4302 4324 4310
 4286 4306 4307 4335 4349 4309 4256 4269 4291 4305 4311 4298 4271 4235
 4221 4190 4238 4259 4278 4321 4308 4288 4264 4250 4223 4187 4162 4134
 4083 4094 4062 4038 4010 4065 4026 3980 3914 3857 3905 3962 4013 4045
 4116 4142 4169 4171 4203 4234 4257 4294 4316 4301 4326 4342 4359 4339
 4355 4345 4375 4362 4367 4390 4402 4392 4384 4398 4368 4399 4400 4413
 4417 4433 4425 4434 4450 4452 4453 4449 4454 4460 4459 4458 4447 4438
 4435 4436 4446 4445 4456 4457 4455 4443 4430 4423 4404 4389 4380 4360
 4385 4396 4397 4415 4418 4403 4410 4409 4421 4431 4437 4440 4427 4411
 4401 4373 4388 4383 4378 4353 4338 4350 4361 4369 4352 4332 4318 4315
 4314 4249 4263 4261 4242 4186 4149 4111 4063 4061 3994 3934 3894 3891
 3888 3851 3811 3784 3729 3707 3690 3646 3596 3649 3615 3557 3496 3422
 3325 3290 3222 3267 3276 3345 3414 3403 3387 3364 3484 3543 3575 3593
 3641 3680 3685 3719 3763 3753 3792 3829 3846 3897 3869 3860 3923 3999
 3928 3883 3887 3961 3988 4015 4054 4044 4086 4070 4092 4071 4097 4099
 4122 4156 4192 4208 4216 4247 4255 4266 4282 4280 4253 4258 4230 4222
 4172 4173 4148 4140 4146 4161 4135 4177 4214 4217 4226 4228 4251 4268
 4290 4285 4293 4320 4347 4374 4376 4366 4358 4337 4340 4323 4327 4331
 4356 4363 4372 4386 4391 4405 4412 4429 4441 4451 4444 4448 4442 4439
 4426 4428 4420 4408 4394 4416 4419 4422 4432 4424 4406 4407 4414 4393
 4371 4395 4387 4370 4382 4357 4344 4328 4312 4319 4297 4283 4267 4284
 4287 4241 4236 4227 4218 4180 4168 4183 4145 4115 4088 4090 4125 4109
 4119 4155 4185 4198 4175 4165 4179 4200 4215 4248 4265 4202 4182 4160
 4153 4144 4103 4112 4141 4082 4072 4021 4020 4009 4016 4058 4033 4002
 3971 3955 4011 4043 4022 4007 3948 3969 3911 3878 3868 3880 3927 3945
 3909 3873 3841 3802 3815 3820 3794 3789 3748 3699 3733 3773 3826 3798
 3769 3742 3728 3674 3619 3658 3642 3626 3668 3648 3537 3488 3555 3614
 3667 3710 3727 3783 3675 3657 3684 3683 3716 3776 3645 3612 3651 3693
 3755 3756 3801 3882 3886 3908 3967 3996 4008 4017 3974 3959 3942 3901
 3896 3910 3954 3998 4029 4031 4053 4052 4059 4106 4139 4077 4096 4025
 3922 3895 3854 3818 3806 3736 3721 3687 3659 3640 3698 3713 3673 3666
 3602 3570 3566 3551 3482 3455 3460 3459 3430 3386 3330 3280 3332 3371
 3413 3444 3474 3530 3606 3577 3545 3582 3523 3481 3554 3600 3628 3691
 3752 3741 3809 3856 3859 3881 3862 3823 3825 3771 3696 3618 3621 3576
 3542 3511 3454 3437 3378 3350 3257 3212 3139 3168 3235 3232 3261 3307
 3289 3381 3397 3406 3415 3346 3301 3283 3249 3206 3262 3310 3363 3402
 3428 3456 3515 3561 3578 3559 3495 3438 3407 3404 3372 3316 3268 3294
 3311 3368 3367 3463 3518 3583 3579 3500 3528 3571 3610 3562 3503 3525
 3492 3450 3360 3353 3284 3209 3147 3198 3230 3204 3142 3188 3225 3253
 3321 3382 3339 3274 3221 3177 3119 3138 3157 3159 3146 3178 3202 3124
 3116 3100 3026 2972 3013 2938 2911 2942 2895 2965 3032 3094 3020 3025
 3099 3131 3217 3272 3324 3306 3328 3359 3410 3470 3477 3517 3520 3539
 3432 3390 3377 3288 3243 3201 3149 3158 3093 3075 3024 3009 2952 2957
 3061 3135 3125 3035 2988 2983 3001 3016 2925 2811 2787 2776 2726 2704
 2739 2757 2769 2844 2906 2971 2934 3034 3067 3143 3211 3224 3282 3266
 3231 3229 3184 3165 3133 3083 3049 2982 2961 2913 2890 2865 2836 2820
 2745 2681 2683 2728 2778 2699 2680 2631 2674 2615 2563 2566 2620 2586
 2658 2554 2529 2507 2482 2422 2387 2355 2403 2428 2430 2393 2304 2341
 2264 2263 2235 2236 2363 2398 2385 2293 2198 2138 2118 2123 2124 2203
 2286 2234 2214 2218 2161 2104 1951 1897 1947 1988 2091 2164 2181 2105
 2031 2050 2086 2158 2228 2285 2222 2333 2316 2418 2526 2593 2536 2505
 2484 2452 2466 2436 2405 2390 2368 2347 2443 2498 2532 2548 2604 2637
 2651 2665 2649 2696 2714 2753 2785 2845 2907 2838 2789 2849 2830 2885
 2882 2839 2825 2782 2715 2659 2686 2708 2790 2786 2758 2784 2754 2779
 2857 2862 2870 2873 2831 2846 2878 2915 2987 3095 3092 3068 3062 2996
 2979 2973 2968 3037 3056 3033 3017 3081 3043 3010 3076 3096 3088 3102
 3079 3218 3192 3172 3170 3140 3084 2984 2936 2920 2978 3030 2997 2874
 2926 3004 2935 2837 2864 2815 2761 2709 2711 2645 2661 2630 2541 2531
 2475 2459 2456 2509 2521 2587 2584 2567 2517 2448 2409 2426 2414 2336
 2300 2223 2187 2150 2071 2034 2054 2147 2067 2101 2084 2151 2219 2201
 2232 2268 2210 2215 2279 2331 2381 2361 2323 2318 2370 2427 2485 2501
 2564 2600 2496 2401 2383 2345 2438 2432 2359 2378 2253 2180 2106 2068
 2126 2125 2202 2156 2021 1948 2003 1991 1983 1938 2000 1971 1883 1916
 1935 1997 1937 2001 2036 2077 2121 2097 2061 2043 1976 1979 1914 1849
 1888 1963 1989 2035 2032 2129 2289 2343 2272 2239 2290 2278 2149 2186
 2242 2174 2120 2080 2046 1975 1911 1954 2006 2065 2175 2246 2301 2373
 2413 2371 2321 2349 2400 2445 2450 2488 2520 2621 2652 2702 2770 2767
 2780 2859 2908 2909 2924 2963 2932 2879 2847 2833 2747 2763 2727 2687
 2609 2624 2626 2660 2662 2666 2618 2543 2545 2571 2572 2575 2616 2720
 2668 2685 2746 2749 2690 2559 2471 2527 2592 2622 2569 2449 2444 2479
 2495 2528 2458 2437 2487 2389 2358 2342 2362 2380 2406 2382 2334 2299
 2185 2256 2294 2312 2273 2270 2250 2266 2262 2231 2283 2348 2423 2462
 2473 2516 2577 2555 2508 2455 2439 2417 2407 2329 2274 2271 2238 2163
 2166 2168 2095 2169 2200 2159 2145 2051 2004 1992 1981 1959 1934 1986
 1996 2132 2179 2165 2093 2074 2042 2020 2119 2064 1990 1953 1994 1985
 2070 2108 2192 2188 2245 2288 2322 2354 2411 2391 2431 2416 2308 2311
 2344 2255 2240 2225 2173 2153 2041 2002 1977 2026 2081 2062 2063 1993
 1958 1910 1880 1847 1887 1927 2012 2090 2131 2191 2205 2244 2265 2305
 2326 2269 2209 2148 2092 2076 2079 2018 1965 1974 1932 1865 1827 1826
 1821 1799 1746 1712 1677 1774 1736 1717 1663 1686 1740 1796 1761 1764
 1832 1851 1837 1875 1805 1790 1751 1659 1603 1601 1729 1707 1669 1596
 1561 1505 1511 1443 1418 1401 1414 1350 1298 1312 1238 1203 1148 1126
 1160 1092 1061 1080 1135 1171 1254 1256 1257 1263 1216 1280 1307 1371
 1365 1453 1489 1545 1464 1361 1356 1334 1351 1438 1512 1553 1641 1614
 1653 1705 1779 1721 1666 1593 1530 1532 1534 1522 1490 1430 1386 1297
 1299 1282 1266 1231 1164 1161 1179 1138 1193 1224 1234 1289 1319 1340
 1406 1423 1381 1378 1300 1460 1459 1526 1543 1506 1472 1399 1412 1433
 1468 1408 1427 1363 1326 1277 1212 1139 1158 1124 1149 1151 1090 1012
 1009 1029 1026 1033 1065 1060  962  885  925  864  851  846  874  947
  953  972  976 1048 1088 1130 1169 1174 1267 1313 1339 1383 1420 1466
 1517 1548 1589 1622 1628 1687 1670 1597 1599 1615 1642 1747 1696 1679
 1718 1791 1840 1905 1859 1870 1913 1866 1762 1719 1755 1823 1895 1891
 1858 1852 1871 1817 1814 1782 1744 1765 1829 1900 1862 1921 1969 2013
 2008 1960 1915 1868 1811 1844 1841 1860 1792 1757 1775 1693 1673 1763
 1797 1830 1828 1898 1876 1904 1836 1822 1801 1714 1737 1665 1662 1605
 1591 1651 1612 1564 1581 1583 1586 1571 1667 1702 1629 1576 1547 1519
 1445 1425 1469 1398 1474 1524 1552 1636 1654 1725 1748 1752 1800 1834
 1872 1835 1788 1806 1777 1720 1680 1585 1664 1631 1634 1710 1802 1772
 1676 1638 1582 1527 1476 1392 1415 1473 1538 1535 1491 1387 1366 1451
 1421 1384 1316 1379 1375 1217 1200 1278 1227 1159 1177 1172 1207 1185
 1235 1285 1314 1317 1358 1393 1417 1480 1513 1509 1457 1376 1400 1507
 1470 1397 1428 1502 1529 1483 1403 1419 1461 1394 1373 1331 1286 1221
 1168 1152 1136 1190 1225 1290 1291 1261 1296 1194 1197 1218 1147 1145
 1125 1122 1140 1093 1066 1034  986  894  955  996 1028 1072 1115 1165
 1131 1057 1016 1084 1049 1023  989  985  951  937  995 1027 1075 1104
 1133 1184 1210 1293 1260 1279 1281 1248 1196 1176 1107 1046 1044 1081
 1041 1030  980  928  886  880  838  796  787  824  777  718  731  655
  641  561  524  507  526  543  635  605  584  631  692  736  741  803
  807  760  714  640  734  721  687  691  768  793  815  776  872  946
  950  896  936  848  852  922  939  979  964 1004 1064 1085 1110 1128
 1114 1116 1077 1014  975 1025  991  954  921  876  915  889  827  821
  757  716  712  666  620  579  517  554  615  604  585  511  458  472
  505  535  550  490  479  488  415  412  455  425  466  422  370  390
  445  519  514  494  474  487  553  544  616  652  677  709  738  751
  763  723  682  743  730  800  804  842  813  832  875  892  909  887
  927  901  897  849  799  748  703  681  744  732  658  656  589  575
  633  758  825  910  905  998 1052 1087 1050  969  916  898  850  781
  750  726  683  647  596  562  564  523  501  450  456  489  546  563
  628  650  727  710  679  638  608  528  476  515  560  595  626  582
  500  447  391  368  345  316  273  272  251  221  188  179  189  173
  166  149  150  158  170  145  111   94   71   60   82  102  121  103
  107  109  119  129  143  115  126  153  151  148  187  193  156  154
  152  191  223  219  225  259  290  257  256  266  222  204  181  165
  164  163  162  195  220  244  240  263  306  327  292  270  236  209
  190  182  210  233  245  275  311  334  324  360  396  401  352  331
  298  347  376  338  342  295  262  309  330  380  392  393  424  411
  395  337  336  318  310  284  264  241  215  203  216  206  217  212
  235  246  247  224  227  213  239  253  265  307  280  278  294  341
  366  355  419  420  403  434  448  520  499  469  484  410  359  269
  237  238  230  250  305  279  315  282  252  242  255  268  289  302
  249  229  231  232  261  296  328  340  363  378  373  321  300  369
  421  436  427  486  506  542  603  572  536  534  548  498  446  418
  432  475  478  559  637  613  614  598  537  597  642  670  663  673
  678  737  747  792  798  770  820  802  869  774  773  715  702  646
  686  725  795  817  779  826  859  857  912  983  967  918  861  900
  837  785  868  844  943  931  873  830  831  811  729  756  698  676
  617  657  556  441  400  387  389  367  333  297  320  372  453  471
  409  349  304  287  274  254  234  202  186  172  161  175  208  218
  192  138  168  178  167  205  196  214  194  177  147  131  123  130
  116  108   91   85   73   55   63   48   54   29   27   26    2   10
    1    5    7   16   18   44   51   65   50   42   30   38   28   14
   19   25   39   45   47   53   64   69   81   89   96  112  100   99
  128  139  146  184  183  200  207  211  199  198  144  137  132  136
  134  124  106   86   90   77   66  101  113  114  142  174  197  180
  185  159  160  140  118  105   88   75   70   59   61   43   32   21
   17    8   20   31   41   23   35   56   58   68   92   83   62   72
   95   76   80   93   79   74   52   40   46   34   33   13    6   11
    9    0    4    3   12   22   24   15   36   37   49   57   67   84
   97  104   78   87   98  110  127  117  125  135  133  122  120  141
  157  176  171  155  169  201  226  243  248  277  291  314  350  365
  429  416  397  438  492  586  552  525  470  449  394  384  312  299
  319  344  339  313  301  374  406  356  388  461  459  439  398  377
  351  354  329  308  293  271  288  267  285  283  346  381  371  322
  325  375  426  485  503  539  512  590  659  745  808  853  881  977
  965  930  987 1017 1096 1162 1243 1265 1344 1434 1493 1537 1565 1504
 1525 1570 1643 1689 1688 1766 1722 1758 1795 1776 1749 1820 1873 1884
 1881 1812 1724 1703 1647 1609 1632 1562 1580 1639 1660 1617 1623 1560
 1484 1407 1324 1258 1226 1270 1301 1236 1183 1170 1078 1103 1073 1037
  992  933  902  834  769  711  653  706  764  722  643  621  578  547
  565  521  482  435  477  606  587  651  665  694  739  759  822  790
  828  913  944 1032 1020 1069 1109 1198 1155 1191 1272 1304 1327 1247
 1330 1377 1382 1444 1514 1554 1437 1410 1367 1368 1396 1359 1353 1253
 1208 1153 1042 1055 1038 1035  970  919  847  957  974  882  879  819
  782  829  809  719  749  672  648  611  668  639  607  599  570  644
  684  660  610  545  531  516  576  699  696  755  762  746  845  860
  783  690  695  805  865  899  938 1024  973  978  908  911  948  934
  988 1003  981 1079 1106 1156 1228 1178 1120 1095 1083 1099 1111 1180
 1244 1369 1320 1269 1223 1233 1204 1150 1182 1283 1310 1357 1405 1446
 1487 1549 1494 1413 1416 1497 1462 1501 1518 1533 1544 1607 1619 1604
 1567 1613 1656 1690 1768 1732 1734 1824 1893 1853 1917 1964 2037 2135
 2152 2216 2211 2208 2302 2204 2102 2028 1980 1899 1877 1863 1793 1813
 1704 1626 1606 1645 1699 1694 1730 1726 1815 1854 1943 2014 2089 2113
 2075 2057 2044 2157 2182 2220 2350 2364 2365 2420 2480 2519 2530 2512
 2556 2629 2691 2858 2902 2900 2930 2966 3006 3057 3074 3129 3115 3179
 3219 3226 3259 3291 3246 3278 3329 3385 3327 3357 3318 3297 3251 3174
 3189 3089 3054 3085 3104 3150 3166 3264 3279 3313 3342 3341 3326 3401
 3441 3471 3504 3489 3431 3434 3348 3395 3466 3527 3469 3497 3499 3546
 3591 3569 3613 3647 3689 3584 3564 3524 3519 3533 3514 3512 3592 3603
 3636 3653 3711 3739 3751 3790 3830 3852 3787 3758 3672 3655 3624 3660
 3720 3704 3661 3663 3652 3585 3563 3521 3516 3472 3473 3498 3573 3558
 3616 3567 3629 3597 3595 3580 3590 3540 3601 3565 3491 3396 3420 3453
 3423 3379 3343 3442 3501 3505 3464 3479 3416 3436 3421 3409 3269 3060
 3144 3148 3180 3240 3322 3319 3296 3250 3233 3169 3128 3109 3086 3126
 3051 2943 2992 3045 2974 3008 3021 3097 3130 3199 3287 3298 3315 3366
 3312 3309 3241 3299 3295 3236 3175 3195 3041 3022 2881 2798 2801 2768
 2834 2872 2976 3082 3101 3203 3207 3152 3110 3064 3106 3050 2981 2945
 2914 2896 2903 2842 2755 2750 2796 2797 2764 2819 2722 2654 2633 2561
 2595 2625 2551 2537 2489 2434 2460 2497 2478 2296 2276 2309 2303 2247
 2194 2107 2136 2226 2142 2082 2087 2190 2360 2376 2415 2483 2570 2610
 2613 2538 2463 2441 2396 2291 2212 2196 2221 2154 2098 2143 2085 2160
 2230 2298 2367 2357 2410 2453 2491 2525 2557 2598 2617 2581 2481 2506
 2468 2524 2472 2395 2314 2386 2451 2502 2546 2544 2477 2540 2601 2647
 2611 2646 2730 2752 2781 2792 2821 2748 2671 2682 2742 2812 2871 2843
 2805 2733 2731 2657 2608 2568 2565 2599 2632 2634 2636 2676 2762 2813
 2850 2853 2795 2901 3005 3058 3038 2989 2991 2980 2944 2916 2948 2950
 2841 2869 2892 2774 2707 2741 2772 2718 2678 2669 2640 2588 2522 2433
 2392 2337 2284 2280 2275 2306 2375 2356 2412 2421 2408 2351 2297 2330
 2324 2193 2109 2139 2171 2170 2229 2233 2189 2096 2019 1945 1919 1894
 1889 1928 1939 1984 2011 2029 2052 1978 1972 1966 2016 1987 2072 2110
 2053 2007 1955 1886 1890 1803 1804 1861 1864 1845 1848 1885 1818 1769
 1780 1700 1649 1610 1671 1708 1657 1644 1713 1716 1901 1952 2047 1982
 2009 2033 2055 1999 1925 1850 1767 1711 1661 1715 1785 1874 1944 2022
 2058 2094 2184 2183 2140 2122 2066 2027 1923 1931 1878 1839 1808 1682
 1611 1598 1640 1555 1477 1348 1328 1431 1496 1563 1520 1467 1447 1404
 1481 1572 1574 1627 1624 1584 1557 1541 1508 1578 1655 1668 1683 1630
 1620 1559 1516 1448 1492 1435 1454 1388 1345 1354 1335 1315 1321 1273
 1211 1058  963  966  855  866  839  752  707  724  688  649  568  504
  522  480  443  460  417  361  335  382  404  463  497  518  557  624
  627  567  566  467  408  428  473  508  588  555  532  593  623  667
  654  600  629  662  735  780  778  704  720  701  713  775  810  812
  890  929  884  940  958  999 1040 1102 1118 1076 1043 1062  984  952
  863  797  801  753  717  814  843  883  926  961 1015 1021  968  893
  917  956 1005 1071 1101 1181 1245 1229 1239 1294 1268 1188 1108 1134
 1112 1053 1008  993 1036 1047 1097 1121 1157 1195 1246 1262 1259 1271
 1364 1346 1389 1349 1322 1362 1402 1463 1475 1510 1539 1521 1429 1449
 1531 1590 1587 1558 1542 1318 1250 1309 1355]

eliteFit: 192395.0
percentError: 5.383806404259282
computationTime: 1384.674s