instanceName: fnl4461
n: 4461
optFit: 182566

genTime, gen, eliteFit, percentError:
0.005572699999902397, 0, 8163917.0, 4371.762
33.68757280000136, 1, 203865.0, 11.666
21.876941499998793, 2, 202442.0, 10.887
19.65088589998777, 3, 201216.0, 10.215
20.890684799989685, 4, 200214.0, 9.667
20.35499429999618, 5, 199645.0, 9.355
19.45450590000837, 6, 199057.0, 9.033
21.886875299998792, 7, 198236.0, 8.583
21.15894069999922, 8, 198099.0, 8.508
20.897817599994596, 9, 197482.0, 8.170
21.3387068999873, 10, 197141.0, 7.983
20.928592400014168, 11, 196778.0, 7.785
19.28797050000867, 12, 196670.0, 7.725
20.02196440001717, 13, 196542.0, 7.655
18.251869200001238, 14, 196542.0, 7.655
18.005374800006393, 15, 196288.0, 7.516
18.452950100007, 16, 195979.0, 7.347
18.072216900007334, 17, 195979.0, 7.347
18.030084199999692, 18, 195705.0, 7.197
16.253812799986918, 19, 195691.0, 7.189
13.99810900000739, 20, 195646.0, 7.165
15.452577199990628, 21, 195402.0, 7.031
13.458798500010744, 22, 195325.0, 6.989
14.933791899995413, 23, 195173.0, 6.905
15.281159400008619, 24, 195150.0, 6.893
14.162762499996461, 25, 194885.0, 6.748
14.131363199994667, 26, 194885.0, 6.748
13.429563200013945, 27, 194885.0, 6.748
12.355438900005538, 28, 194775.0, 6.687
9.850262799998745, 29, 194661.0, 6.625
10.872648100019433, 30, 194581.0, 6.581
11.913261499983491, 31, 194496.0, 6.535
13.478561999974772, 32, 194393.0, 6.478
13.441261800006032, 33, 194393.0, 6.478
11.930158400005894, 34, 194314.0, 6.435
9.897959499998251, 35, 194293.0, 6.423
11.922244699992007, 36, 194157.0, 6.349
12.222014400002081, 37, 194085.0, 6.309
10.967417800013209, 38, 193958.0, 6.240
10.720538800000213, 39, 193943.0, 6.232
9.720455000002403, 40, 193857.0, 6.185
8.616494500020053, 41, 193662.0, 6.078
9.201207899983274, 42, 193662.0, 6.078
8.383058700012043, 43, 193592.0, 6.039
6.936540800001239, 44, 193553.0, 6.018
7.378548200009391, 45, 193519.0, 5.999
6.752153200010071, 46, 193504.0, 5.991
6.490877200005343, 47, 193488.0, 5.982
6.923857200017665, 48, 193396.0, 5.932
5.280729099991731, 49, 193360.0, 5.912
5.964247299998533, 50, 193321.0, 5.891
5.5479684000019915, 51, 193228.0, 5.840
5.51716759998817, 52, 193228.0, 5.840
5.04683110001497, 53, 193202.0, 5.826
4.7053077000018675, 54, 193202.0, 5.826
4.31659399997443, 55, 193173.0, 5.810
4.01804669998819, 56, 193173.0, 5.810
4.229917299991939, 57, 193173.0, 5.810
3.897197700018296, 58, 193173.0, 5.810
3.9196920999966096, 59, 193173.0, 5.810
3.8313215999805834, 60, 193173.0, 5.810
3.92263180000009, 61, 193173.0, 5.810
4.851311800011899, 62, 193173.0, 5.810
3.6590080999885686, 63, 193173.0, 5.810
4.213885900011519, 64, 193173.0, 5.810
4.243441800004803, 65, 193167.0, 5.807
4.490270899987081, 66, 193167.0, 5.807
4.594714300008491, 67, 193167.0, 5.807
4.093245299998671, 68, 193167.0, 5.807
3.987770300009288, 69, 193167.0, 5.807
4.446210499998415, 70, 193167.0, 5.807
3.9332698000071105, 71, 193167.0, 5.807
3.944844200013904, 72, 193167.0, 5.807
3.5439846999943256, 73, 193167.0, 5.807
3.835294300020905, 74, 193167.0, 5.807
4.0238323000085074, 75, 193167.0, 5.807
4.271092300012242, 76, 193167.0, 5.807
4.159045000007609, 77, 193167.0, 5.807
3.584914499981096, 78, 193167.0, 5.807
5.467043800017564, 79, 193167.0, 5.807
4.420952799991937, 80, 193167.0, 5.807
3.811971100018127, 81, 193055.0, 5.745
4.035064399999101, 82, 193055.0, 5.745
4.351804700010689, 83, 193055.0, 5.745
3.773684999992838, 84, 193055.0, 5.745
3.9071259000047576, 85, 193055.0, 5.745
4.195891499985009, 86, 193028.0, 5.731
4.937109199992847, 87, 193028.0, 5.731
4.095080400002189, 88, 192977.0, 5.703
4.370664399990346, 89, 192977.0, 5.703
6.17041920000338, 90, 192933.0, 5.678
5.374659299995983, 91, 192931.0, 5.677
4.881106399989221, 92, 192893.0, 5.657
4.877139200019883, 93, 192893.0, 5.657
4.292159800010268, 94, 192890.0, 5.655
3.763358399999561, 95, 192890.0, 5.655
3.8805185000237543, 96, 192890.0, 5.655
4.16065659999731, 97, 192890.0, 5.655
4.404350600001635, 98, 192890.0, 5.655
4.263327399996342, 99, 192890.0, 5.655
3.575301799981389, 100, 192890.0, 5.655
4.767126699996879, 101, 192890.0, 5.655
4.706693500018446, 102, 192890.0, 5.655
3.907586999994237, 103, 192890.0, 5.655
3.871728099999018, 104, 192890.0, 5.655
4.355403399997158, 105, 192890.0, 5.655
4.102283200016245, 106, 192890.0, 5.655
3.6758564000192564, 107, 192890.0, 5.655
3.52899819999584, 108, 192890.0, 5.655
3.943168300000252, 109, 192890.0, 5.655
4.904640699998708, 110, 192890.0, 5.655
3.779649000003701, 111, 192890.0, 5.655
4.205553100007819, 112, 192890.0, 5.655
4.372396899998421, 113, 192890.0, 5.655
4.487763399985852, 114, 192890.0, 5.655
4.6647234999982174, 115, 192890.0, 5.655
4.568146699981298, 116, 192890.0, 5.655
3.6316223999892827, 117, 192890.0, 5.655
4.356915999989724, 118, 192890.0, 5.655
4.394469199993182, 119, 192890.0, 5.655
3.9057018000166863, 120, 192890.0, 5.655
3.87388839997584, 121, 192890.0, 5.655
4.20309460000135, 122, 192890.0, 5.655
4.283262700017076, 123, 192890.0, 5.655
4.345723900012672, 124, 192852.0, 5.634
3.905610499990871, 125, 192852.0, 5.634
4.636849800008349, 126, 192852.0, 5.634
4.312902500008931, 127, 192852.0, 5.634
4.522839899989776, 128, 192804.0, 5.608
4.328162000019802, 129, 192804.0, 5.608
5.9082531000021845, 130, 192804.0, 5.608
4.469091499981005, 131, 192800.0, 5.606
4.302057799999602, 132, 192800.0, 5.606
4.6749393999925815, 133, 192800.0, 5.606
3.9013982000178657, 134, 192800.0, 5.606
4.554570500011323, 135, 192800.0, 5.606
4.956071900000097, 136, 192800.0, 5.606
3.7046550000086427, 137, 192786.0, 5.598
4.672536700003548, 138, 192773.0, 5.591
5.22766319999937, 139, 192703.0, 5.553
6.7704996000102255, 140, 192703.0, 5.553
8.600345800019568, 141, 192612.0, 5.503
5.058397000015248, 142, 192607.0, 5.500
6.492796200007433, 143, 192583.0, 5.487
7.124095599981956, 144, 192566.0, 5.477
9.022634900000412, 145, 192518.0, 5.451
9.085218099993654, 146, 192502.0, 5.442
8.169652300013695, 147, 192453.0, 5.416
9.017445000004955, 148, 192426.0, 5.401
7.874305100005586, 149, 192402.0, 5.388
6.514948100026231, 150, 192357.0, 5.363
5.762055500003044, 151, 192344.0, 5.356
5.821656199987046, 152, 192283.0, 5.322
6.613561199977994, 153, 192251.0, 5.305
7.520762599975569, 154, 192251.0, 5.305
7.779654099984327, 155, 192210.0, 5.282
6.920515700010583, 156, 192185.0, 5.269
6.261624899983872, 157, 192147.0, 5.248
8.585930699977325, 158, 192140.0, 5.244
6.835664700018242, 159, 192136.0, 5.242
6.615503700013505, 160, 192111.0, 5.228
6.065637099993182, 161, 192111.0, 5.228
5.881121299986262, 162, 192084.0, 5.213
6.375708699983079, 163, 192084.0, 5.213
6.62131070002215, 164, 192075.0, 5.209
5.007705800002441, 165, 192065.0, 5.203
5.630265799991321, 166, 192065.0, 5.203
5.67262810000102, 167, 192049.0, 5.194
4.9973933000001125, 168, 192037.0, 5.188
6.457756200019503, 169, 192030.0, 5.184
6.288494000007631, 170, 192024.0, 5.181
5.86934000000474, 171, 192024.0, 5.181
5.602536399994278, 172, 192001.0, 5.168
5.781032300001243, 173, 192001.0, 5.168
6.2141325999982655, 174, 191987.0, 5.160
6.004314300022088, 175, 191931.0, 5.130
6.30835659999866, 176, 191931.0, 5.130
6.010069699987071, 177, 191931.0, 5.130
5.566696599998977, 178, 191931.0, 5.130
4.630141599976923, 179, 191931.0, 5.130
3.5491235999797937, 180, 191931.0, 5.130
4.3562738000182435, 181, 191931.0, 5.130
3.828481499978807, 182, 191931.0, 5.130
4.140714200009825, 183, 191931.0, 5.130
3.8551715000066906, 184, 191931.0, 5.130
4.418280699988827, 185, 191931.0, 5.130
3.8649527999805287, 186, 191931.0, 5.130
3.8705112999887206, 187, 191931.0, 5.130
4.319857300026342, 188, 191931.0, 5.130
3.645089300000109, 189, 191931.0, 5.130
4.064044099999592, 190, 191931.0, 5.130
3.8399293000111356, 191, 191931.0, 5.130
4.430365000007441, 192, 191931.0, 5.130
3.77702649999992, 193, 191931.0, 5.130
4.2922727999975905, 194, 191931.0, 5.130
4.0947732999920845, 195, 191931.0, 5.130
3.744075199996587, 196, 191931.0, 5.130
4.382443400012562, 197, 191921.0, 5.124
4.696488500019768, 198, 191921.0, 5.124
5.480376699997578, 199, 191921.0, 5.124
6.5523975000251085, 200, 191921.0, 5.124
5.13864819999435, 201, 191921.0, 5.124
3.979497199994512, 202, 191921.0, 5.124
3.7648494000022765, 203, 191921.0, 5.124
4.3455931000062265, 204, 191861.0, 5.091
4.577396900014719, 205, 191861.0, 5.091
5.483372999995481, 206, 191823.0, 5.070
4.616434499999741, 207, 191818.0, 5.068
4.85837500001071, 208, 191818.0, 5.068
5.5754633999895304, 209, 191734.0, 5.022
3.945924500003457, 210, 191734.0, 5.022
4.355155299999751, 211, 191734.0, 5.022
4.458173599996371, 212, 191731.0, 5.020
4.088947800017195, 213, 191731.0, 5.020
4.723767700023018, 214, 191731.0, 5.020
4.085329800000181, 215, 191731.0, 5.020
3.7156264999939594, 216, 191731.0, 5.020
3.886174999992363, 217, 191731.0, 5.020
4.012454700015951, 218, 191731.0, 5.020
4.670745699986583, 219, 191731.0, 5.020
4.918200599990087, 220, 191731.0, 5.020
3.8028644000005443, 221, 191731.0, 5.020
4.069693600002211, 222, 191731.0, 5.020
3.867471099976683, 223, 191731.0, 5.020
4.417515499982983, 224, 191731.0, 5.020
3.528887000022223, 225, 191731.0, 5.020
3.8851601000060327, 226, 191731.0, 5.020
4.569472000002861, 227, 191731.0, 5.020
4.884046100021806, 228, 191731.0, 5.020
3.862639200000558, 229, 191731.0, 5.020
4.3927621000038926, 230, 191731.0, 5.020
4.274754300015047, 231, 191731.0, 5.020
3.8213682000059634, 232, 191731.0, 5.020
4.340599799994379, 233, 191731.0, 5.020
4.279088899987983, 234, 191731.0, 5.020
4.035758400015766, 235, 191716.0, 5.012
4.653588699991815, 236, 191709.0, 5.008
4.384197400009725, 237, 191695.0, 5.000
5.221152100013569, 238, 191666.0, 4.984
5.094268400018336, 239, 191666.0, 4.984
4.870263099990552, 240, 191652.0, 4.977
4.238012100016931, 241, 191651.0, 4.976
5.119871200004127, 242, 191651.0, 4.976
4.896774599998025, 243, 191637.0, 4.969
4.642480400012573, 244, 191637.0, 4.969
3.7577393999963533, 245, 191637.0, 4.969
3.8667538999870885, 246, 191637.0, 4.969
3.9373549000010826, 247, 191637.0, 4.969
3.691609800007427, 248, 191637.0, 4.969
4.207803800003603, 249, 191637.0, 4.969
4.166187499999069, 250, 191637.0, 4.969
4.0677275999914855, 251, 191609.0, 4.953
4.998740499984706, 252, 191609.0, 4.953
4.666513600008329, 253, 191609.0, 4.953
4.597349999996368, 254, 191609.0, 4.953
4.2285235000017565, 255, 191609.0, 4.953
3.768948899989482, 256, 191609.0, 4.953
4.205931400007103, 257, 191609.0, 4.953
4.1396396000054665, 258, 191609.0, 4.953
4.251012799999444, 259, 191609.0, 4.953
4.670868699991843, 260, 191609.0, 4.953
3.8043732999940403, 261, 191602.0, 4.949
5.16053799999645, 262, 191602.0, 4.949
5.333946200000355, 263, 191558.0, 4.925
7.168332900007954, 264, 191553.0, 4.923
7.034452299994882, 265, 191547.0, 4.919
8.898070800001733, 266, 191547.0, 4.919
11.377990500011947, 267, 191518.0, 4.903
6.4109336999827065, 268, 191518.0, 4.903
3.7851690000097733, 269, 191518.0, 4.903
3.519902900006855, 270, 191518.0, 4.903
5.138172600010876, 271, 191518.0, 4.903
4.1572386999905575, 272, 191518.0, 4.903
4.699208100006217, 273, 191511.0, 4.900
3.7758949999988545, 274, 191511.0, 4.900
5.5955087000038475, 275, 191475.0, 4.880
4.668125099997269, 276, 191475.0, 4.880
4.259136399981799, 277, 191475.0, 4.880
4.678600099985488, 278, 191458.0, 4.871
4.7899094999884255, 279, 191458.0, 4.871
4.412001199991209, 280, 191458.0, 4.871
5.207909999997355, 281, 191443.0, 4.862
4.623452400002861, 282, 191443.0, 4.862
4.888421399984509, 283, 191443.0, 4.862
5.43493329998455, 284, 191443.0, 4.862
5.993450599984499, 285, 191443.0, 4.862
4.861345000012079, 286, 191427.0, 4.854
4.533879199996591, 287, 191427.0, 4.854
4.482535499992082, 288, 191427.0, 4.854
5.17710570001509, 289, 191427.0, 4.854
4.2428527000010945, 290, 191427.0, 4.854
3.797000799997477, 291, 191427.0, 4.854
4.281608200020855, 292, 191427.0, 4.854
3.813613100006478, 293, 191427.0, 4.854
4.045719099987764, 294, 191427.0, 4.854
4.196861100004753, 295, 191427.0, 4.854
3.178766600001836, 296, 191427.0, 4.854
4.5626925000105985, 297, 191427.0, 4.854
3.9655224999878556, 298, 191427.0, 4.854
4.156992400006857, 299, 191427.0, 4.854
3.7804027999809477, 300, 191427.0, 4.854
3.5051958999829367, 301, 191427.0, 4.854
3.910512500006007, 302, 191427.0, 4.854
4.159515799983637, 303, 191427.0, 4.854
5.133244500000728, 304, 191427.0, 4.854
4.474800900003174, 305, 191427.0, 4.854
4.110235700005433, 306, 191427.0, 4.854
4.593691000016406, 307, 191427.0, 4.854
3.5738294000038877, 308, 191427.0, 4.854
3.9629536000138614, 309, 191427.0, 4.854
3.734891100000823, 310, 191427.0, 4.854
3.7336021000228357, 311, 191427.0, 4.854
4.025992699986091, 312, 191427.0, 4.854
3.7267852000077255, 313, 191422.0, 4.851
4.088650599995162, 314, 191422.0, 4.851
5.189110300008906, 315, 191390.0, 4.833
5.082879499997944, 316, 191390.0, 4.833
3.7680427000159398, 317, 191390.0, 4.833
3.875976700015599, 318, 191390.0, 4.833
3.752281099994434, 319, 191390.0, 4.833
3.733820800000103, 320, 191390.0, 4.833
4.223532000003615, 321, 191390.0, 4.833
4.800643499998841, 322, 191390.0, 4.833
4.557076500001131, 323, 191390.0, 4.833
3.84236779998173, 324, 191383.0, 4.829
4.57794190000277, 325, 191383.0, 4.829
4.63915969998925, 326, 191383.0, 4.829
4.887640500004636, 327, 191383.0, 4.829
3.709159999998519, 328, 191383.0, 4.829
3.8753068999794777, 329, 191383.0, 4.829
4.462733199994545, 330, 191383.0, 4.829
4.159854199999245, 331, 191383.0, 4.829
4.014380700013135, 332, 191383.0, 4.829
4.607042299991008, 333, 191383.0, 4.829
4.089541699999245, 334, 191383.0, 4.829
4.192392400000244, 335, 191383.0, 4.829
3.539622499985853, 336, 191383.0, 4.829
4.813832499989076, 337, 191383.0, 4.829
3.858901400002651, 338, 191383.0, 4.829
4.085554999997839, 339, 191383.0, 4.829
4.136994299973594, 340, 191383.0, 4.829
4.299208700016607, 341, 191383.0, 4.829
3.722128299996257, 342, 191383.0, 4.829
3.6600715999957174, 343, 191383.0, 4.829
4.7085838000057265, 344, 191383.0, 4.829
4.45160030000261, 345, 191383.0, 4.829
3.410542199999327, 346, 191383.0, 4.829
4.461204199993517, 347, 191383.0, 4.829
4.371041699982015, 348, 191383.0, 4.829
4.3420183999987785, 349, 191383.0, 4.829
5.009229699993739, 350, 191383.0, 4.829
3.734718299994711, 351, 191383.0, 4.829
3.9201615000201855, 352, 191383.0, 4.829
4.3857749000017066, 353, 191383.0, 4.829
3.5846962000068743, 354, 191383.0, 4.829
4.628143399982946, 355, 191383.0, 4.829
3.586199500015937, 356, 191383.0, 4.829
4.310562200000277, 357, 191383.0, 4.829
4.079456100007519, 358, 191383.0, 4.829
4.56778359998134, 359, 191345.0, 4.809
3.8696424000081606, 360, 191345.0, 4.809
4.179974700004095, 361, 191345.0, 4.809
4.541758800012758, 362, 191345.0, 4.809
4.232291599997552, 363, 191345.0, 4.809
5.020030399988173, 364, 191345.0, 4.809
4.653550399991218, 365, 191345.0, 4.809
4.136234299978241, 366, 191345.0, 4.809
4.040750999993179, 367, 191345.0, 4.809
4.2633709000074305, 368, 191345.0, 4.809
4.186692100018263, 369, 191345.0, 4.809
4.491126799985068, 370, 191345.0, 4.809
4.938842499977909, 371, 191345.0, 4.809
4.618795599992154, 372, 191345.0, 4.809
5.520610300009139, 373, 191345.0, 4.809
3.6872105000074953, 374, 191345.0, 4.809
3.9715161999920383, 375, 191345.0, 4.809
4.082341400004225, 376, 191345.0, 4.809
4.2153275000164285, 377, 191345.0, 4.809
3.9741939999803435, 378, 191345.0, 4.809
4.3858172000036575, 379, 191345.0, 4.809
6.005770099989604, 380, 191345.0, 4.809
4.228848600003403, 381, 191345.0, 4.809
3.965509200002998, 382, 191345.0, 4.809
3.6242111999890767, 383, 191345.0, 4.809
3.6493508999992628, 384, 191249.0, 4.756
3.867552000010619, 385, 191249.0, 4.756
4.797581799997715, 386, 191249.0, 4.756
4.749306900019292, 387, 191249.0, 4.756
4.059497800015379, 388, 191234.0, 4.748
5.524962099996628, 389, 191234.0, 4.748
5.106760900001973, 390, 191234.0, 4.748
5.065296000015223, 391, 191207.0, 4.733
6.2719308999949135, 392, 191207.0, 4.733
9.350459800014505, 393, 191207.0, 4.733
10.687634300003992, 394, 191174.0, 4.715
10.94255079998402, 395, 191140.0, 4.696
9.610780899995007, 396, 191140.0, 4.696
7.725591299997177, 397, 191140.0, 4.696
10.712016400007997, 398, 191140.0, 4.696
11.175456199998735, 399, 191140.0, 4.696
7.15641590001178, 400, 191140.0, 4.696
3.976484699989669, 401, 191140.0, 4.696
4.056796300021233, 402, 191140.0, 4.696
3.734961400012253, 403, 191140.0, 4.696
4.4580244999961, 404, 191140.0, 4.696
3.803846099996008, 405, 191140.0, 4.696
3.8035046000150032, 406, 191140.0, 4.696
3.6444823000056203, 407, 191140.0, 4.696
4.34416519998922, 408, 191140.0, 4.696
4.47640399998636, 409, 191140.0, 4.696
3.7869560999970417, 410, 191140.0, 4.696
4.088927800010424, 411, 191140.0, 4.696
4.001391799974954, 412, 191140.0, 4.696
5.436834099993575, 413, 191140.0, 4.696
3.730066300020553, 414, 191140.0, 4.696
3.678844799986109, 415, 191140.0, 4.696
4.251547600026242, 416, 191140.0, 4.696
4.126296400005231, 417, 191140.0, 4.696
3.8904743999883067, 418, 191140.0, 4.696
4.352966499980539, 419, 191140.0, 4.696
4.034307399997488, 420, 191140.0, 4.696
4.067916500003776, 421, 191140.0, 4.696
4.0009865000029095, 422, 191140.0, 4.696
4.388830099982442, 423, 191140.0, 4.696
4.152946800022619, 424, 191140.0, 4.696
4.295854600000894, 425, 191140.0, 4.696
3.6123661999881733, 426, 191140.0, 4.696
3.9769692000118084, 427, 191140.0, 4.696
4.106998200004455, 428, 191140.0, 4.696
4.345994799979962, 429, 191140.0, 4.696
3.6470751999877393, 430, 191140.0, 4.696
4.239605999988271, 431, 191140.0, 4.696
4.415930400020443, 432, 191140.0, 4.696
3.6808611000014935, 433, 191140.0, 4.696
3.849347499985015, 434, 191140.0, 4.696
4.379975599993486, 435, 191140.0, 4.696
3.6254591000033543, 436, 191140.0, 4.696
3.9987706000101753, 437, 191140.0, 4.696
5.518215899995994, 438, 191140.0, 4.696
4.062789599993266, 439, 191140.0, 4.696
4.630413200007752, 440, 191140.0, 4.696
4.10134900000412, 441, 191095.0, 4.672
3.9819761000107974, 442, 191095.0, 4.672
4.1710325999883935, 443, 191095.0, 4.672
4.335547299997415, 444, 191058.0, 4.651
3.647101400012616, 445, 191058.0, 4.651
3.7769695000024512, 446, 191014.0, 4.627
4.84940629999619, 447, 191014.0, 4.627
5.157863000000361, 448, 191014.0, 4.627
4.826475300011225, 449, 190943.0, 4.588
4.384496899991063, 450, 190938.0, 4.586
3.6705691999814007, 451, 190938.0, 4.586
3.7869041000085417, 452, 190938.0, 4.586
4.683986299991375, 453, 190938.0, 4.586
4.939425799995661, 454, 190938.0, 4.586
4.2275810999854, 455, 190938.0, 4.586
4.068282599997474, 456, 190938.0, 4.586
4.112218000023859, 457, 190938.0, 4.586
4.311926399997901, 458, 190938.0, 4.586
4.345372600015253, 459, 190938.0, 4.586
4.036062300001504, 460, 190928.0, 4.580
5.1481432000000495, 461, 190928.0, 4.580
7.347193599998718, 462, 190823.0, 4.523
5.953871399979107, 463, 190823.0, 4.523
5.674165900010848, 464, 190788.0, 4.504
5.439125599979889, 465, 190788.0, 4.504
5.235356599994702, 466, 190788.0, 4.504
3.958323400001973, 467, 190788.0, 4.504
4.032956799987005, 468, 190788.0, 4.504
4.326883900008397, 469, 190788.0, 4.504
4.391633499995805, 470, 190788.0, 4.504
4.540980899997521, 471, 190788.0, 4.504
3.8471966999932192, 472, 190788.0, 4.504
3.686693199997535, 473, 190788.0, 4.504
3.9861673999985214, 474, 190788.0, 4.504
3.513180600013584, 475, 190788.0, 4.504
3.960460600006627, 476, 190788.0, 4.504
4.735078199999407, 477, 190788.0, 4.504
3.706217500002822, 478, 190768.0, 4.493
4.787136600003578, 479, 190710.0, 4.461
3.952831500006141, 480, 190710.0, 4.461
4.566531699994812, 481, 190681.0, 4.445
4.8133469999884255, 482, 190681.0, 4.445
4.551635599986184, 483, 190681.0, 4.445
3.563803700002609, 484, 190681.0, 4.445
4.331643799989251, 485, 190681.0, 4.445
4.711333199986257, 486, 190681.0, 4.445
3.644175900000846, 487, 190681.0, 4.445
4.091186100005871, 488, 190681.0, 4.445
3.700046999991173, 489, 190681.0, 4.445
3.6440901000169106, 490, 190681.0, 4.445
4.170354600006249, 491, 190681.0, 4.445
4.054824900027597, 492, 190681.0, 4.445
3.9967777999991085, 493, 190681.0, 4.445
4.1800260999880265, 494, 190681.0, 4.445
4.113877399999183, 495, 190681.0, 4.445
3.886216200015042, 496, 190681.0, 4.445
4.837034099997254, 497, 190681.0, 4.445
5.036906599998474, 498, 190681.0, 4.445
3.8573288999905344, 499, 190681.0, 4.445
4.315081700013252, 500, 190681.0, 4.445
4.129765999998199, 501, 190681.0, 4.445
4.055941699974937, 502, 190681.0, 4.445
4.451104299980216, 503, 190681.0, 4.445
4.1113575999916065, 504, 190681.0, 4.445
3.9782491000078153, 505, 190681.0, 4.445
4.122400399995968, 506, 190681.0, 4.445
3.703576299973065, 507, 190681.0, 4.445
4.100750900019193, 508, 190681.0, 4.445
4.534211899997899, 509, 190681.0, 4.445
4.615791999996873, 510, 190681.0, 4.445
4.368488100008108, 511, 190681.0, 4.445
4.550459000020055, 512, 190681.0, 4.445
3.990320699987933, 513, 190681.0, 4.445
4.165157300012652, 514, 190681.0, 4.445
3.6222795999783557, 515, 190681.0, 4.445
4.301930199988419, 516, 190681.0, 4.445
3.994823799992446, 517, 190681.0, 4.445
4.313051800010726, 518, 190681.0, 4.445
3.7806016000104137, 519, 190681.0, 4.445
3.4681757999933325, 520, 190681.0, 4.445
3.9095218000002205, 521, 190681.0, 4.445
4.329241800005548, 522, 190681.0, 4.445
4.036858300009044, 523, 190681.0, 4.445
3.7921113000193145, 524, 190681.0, 4.445
3.8388970000087284, 525, 190681.0, 4.445
3.903117999987444, 526, 190681.0, 4.445
3.676862499996787, 527, 190681.0, 4.445
3.6498723000113387, 528, 190681.0, 4.445
4.304750300012529, 529, 190681.0, 4.445
4.925422499974957, 530, 190681.0, 4.445
4.06792630002019, 531, 190681.0, 4.445

tour:
[1133 1104 1075 1027 1049 1023  995  989  985  951  937  875  892  909
  887  842  804  800  799  849  897  901  927 1016 1057 1072 1028  996
  955 1034 1066  986  894  825  744  732  758  910  905  998 1052 1087
 1050 1096 1017 1078 1170 1183 1103 1073 1037  977  965  930  987  969
  916  898  850  781  750  726  647  683  745  808  881  853  902  834
  769  711  653  706  722  764  828  790  822  759  739  694  665  621
  643  565  539  503  485  439  459  512  590  659  596  564  562  461
  388  354  329  308  293  271  325  351  377  398  426  375  371  322
  288  267  285  283  346  381  435  482  521  477  547  578  606  587
  651  672  648  611  668  639  607  599  570  644  684  746  762  699
  660  610  545  531  516  576  504  522  480  532  623  593  568  649
  688  724  752  707  696  755  839  956 1005 1021  968  917  893  814
  717  667  654  629  600  588  555  508  460  443  417  473  428  408
  361  335  382  404  467  463  497  518  557  624  567  566  627  662
  704  720  701  713  775  810  812  778  780  735  753  797  863  801
  843  883  926  961 1015 1008 1053 1112 1134 1188 1108 1229 1239 1294
 1322 1268 1246 1195 1157 1121 1062 1097 1047 1036  993  952  984  929
  890  884  940  958  999 1043 1076 1118 1040 1102 1144 1230 1305 1343
 1325 1323 1274 1241 1213 1141 1137 1091 1105 1089 1039 1013  959  941
  891  867  754  818  765  705  689  645  622  591  592  580  612  573
  551  491  451  405  464  433  462  513  577  636  632  697  700  806
  788  871  833  932 1022  990 1070 1100 1113 1219 1205 1237 1284 1336
 1441 1422 1485 1546 1608 1650 1594 1652 1727 1745 1738 1809 1867 1908
 1955 2007 2087 2142 2082 2017 1970 1892 1855 1819 1798 1869 1962 1961
 1933 1907 1838 1856 1833 1770 1754 1756 1759 1741 1706 1674 1783 1786
 1735 1621 1568 1523 1536 1579 1592 1646 1602 1569 1551 1471 1439 1478
 1528 1426 1432 1436 1374 1306 1295 1341 1337 1287 1311 1249 1215 1163
 1086 1166 1186 1255 1189 1192 1143 1119 1082 1000 1010  923  903  840
  794  862  935 1006 1063 1002 1001 1054  997  895  767  784  708  674
  618  680  728  786  870  907  942  914  858  789  761  766  671  581
  569  571  509  457  454  407  385  364  402  386  332  281  260  228
  258  276  326  348  383  317  353  362  413  444  465  496  493  527
  558  574  601  583  502  483  452  481  430  495  533  549  625  661
  609  541  540  468  423  440  431  414  379  343  303  286  323  358
  357  399  437  442  530  529  510  538  634  664  693  619  594  669
  685  630  602  675  740  771  742  733  823  888  906  854  841  835
  816  791  772  836  878  877  924  994 1074 1056  960  856  945  949
 1019 1068 1094 1175 1275 1302 1395 1391 1333 1252 1209 1154 1167 1202
 1123 1045 1018 1059 1117 1187 1288 1360 1440 1498 1465 1500 1450 1303
 1240 1264 1308 1372 1347 1342 1495 1540 1556 1479 1499 1573 1618 1675
 1600 1633 1550 1625 1698 1787 1750 1816 1742 1882 1957 2005 2069 2146
 2177 2172 2141 2078 2024 1973 1879 1920 1940 2073 2134 2128 2267 2252
 2254 2197 2258 2315 2317 2320 2340 2243 2249 2213 2292 2307 2377 2404
 2582 2534 2447 2514 2560 2558 2523 2644 2695 2719 2756 2840 2937 3011
 3078 3145 3160 3176 3036 2947 2894 2835 2818 2814 2808 2698 2716 2713
 2856 2897 2986 2967 3000 3053 3114 3252 3337 3303 3242 3220 3185 3048
 2975 2951 2888 2941 2999 3091 3141 3171 3281 3300 3335 3375 3374 3419
 3352 3356 3400 3373 3286 3380 3418 3448 3494 3589 3638 3679 3735 3766
 3832 3847 3870 3906 3837 3793 3671 3654 3712 3678 3605 3510 3452 3435
 3447 3502 3552 3609 3560 3532 3458 3427 3361 3389 3314 3237 3200 3228
 3162 3151 3154 3108 3031 3046 3027 2970 2861 2855 2880 2929 3018 2995
 3015 2923 2863 2817 2725 2689 2673 2591 2553 2539 2492 2470 2399 2465
 2547 2486 2490 2550 2457 2429 2353 2224 2116 2060 2049 2127 2178 2207
 2248 2287 2379 2328 2442 2513 2500 2549 2602 2562 2597 2648 2697 2701
 2827 2824 2751 2793 2852 2810 2710 2670 2664 2736 2807 2887 2940 2933
 2905 2949 2919 2922 2993 2939 2877 2904 2977 2884 2783 2700 2655 2605
 2639 2585 2641 2596 2614 2694 2693 2735 2802 2799 2791 2788 2743 2876
 2889 2960 3014 3065 3107 3208 3245 3305 3358 3399 3425 3429 3388 3331
 3270 3190 3196 3112 3007 3059 3132 3123 3187 3183 3260 3304 3340 3293
 3247 3210 3238 3213 3215 3239 3273 3255 3320 3349 3405 3443 3424 3417
 3351 3334 3392 3412 3465 3507 3553 3598 3535 3547 3581 3701 3747 3772
 3677 3620 3637 3694 3630 3586 3480 3393 3248 3234 3153 3191 3197 3164
 3121 3080 3098 3023 3072 3066 3167 3223 3181 3122 3047 3042 3039 3113
 3173 3194 3216 3256 3336 3338 3344 3426 3483 3486 3446 3522 3536 3644
 3705 3765 3779 3780 3822 3916 3904 3900 3984 3991 3976 4024 4042 4104
 4051 3983 3941 3877 3835 3791 3737 3709 3754 3743 3697 3632 3588 3574
 3544 3549 3534 3608 3686 3760 3785 3814 3872 3960 3947 3907 3890 3874
 3817 3764 3855 3876 3913 3937 4019 4006 4068 4108 4110 4080 4121 4151
 4138 4101 4050 4028 4001 3943 3871 3796 3797 3824 3804 3746 3731 3726
 3740 3650 3631 3634 3604 3639 3682 3688 3700 3788 3844 3819 3782 3724
 3662 3611 3625 3550 3568 3617 3541 3531 3439 3493 3467 3445 3476 3485
 3462 3440 3529 3509 3478 3468 3451 3398 3323 3384 3362 3292 3295 3370
 3299 3236 3175 3195 3241 3309 3312 3366 3315 3298 3287 3199 3130 3097
 3110 3064 3106 3152 3207 3203 3101 3082 3050 2981 2976 3041 3022 3003
 2931 2917 2854 2775 2724 2684 2625 2595 2561 2633 2654 2722 2768 2801
 2798 2881 2872 2834 2914 2945 2896 2819 2764 2797 2796 2750 2610 2613
 2538 2599 2565 2568 2463 2441 2396 2376 2360 2415 2483 2570 2478 2497
 2460 2551 2537 2434 2489 2503 2499 2579 2603 2679 2759 2734 2692 2777
 2823 2806 2883 2955 2910 2912 2959 3087 3163 3118 3071 3111 3090 2985
 2918 2964 2998 3055 3052 3012 2956 2893 2851 2832 2740 2737 2650 2638
 2589 2628 2576 2469 2425 2446 2518 2474 2440 2511 2504 2454 2394 2339
 2335 2261 2241 2257 2167 2195 2310 2346 2419 2464 2533 2580 2574 2712
 2765 2744 2642 2590 2552 2494 2461 2435 2372 2369 2282 2227 2100 2176
 2103 2112 2114 2040 1949 2045 2099 2030 2130 2237 2277 2332 2260 2206
 2144 2025 2039 2015 1936 1929 1857 1831 1912 1843 1810 1701 1648 1697
 1773 1784 1728 1846 1926 1995 1956 1909 1896 1903 1930 2023 2059 2137
 2162 2056 1968 1941 1918 1922 1906 1950 1942 1807 1778 1781 1743 1709
 1692 1753 1733 1825 1794 1739 1681 1685 1595 1577 1503 1452 1456 1458
 1442 1515 1486 1409 1424 1338 1332 1329 1242 1201 1220 1222 1129 1127
 1051 1007  971  920  904 1011 1031  982 1067 1142 1098 1146 1199 1276
 1232 1251 1206 1132 1173 1214 1292 1385 1488 1482 1380 1352 1455 1566
 1616 1637 1635 1691 1731 1771 1678 1588 1575 1672 1723 1684 1760 1789
 1842 1902 1924 1998 2010 2088 2133 2111 2115 2217 2251 2325 2397 2366
 2402 2338 2319 2259 2281 2199 2155 2117 2038 1967 1946 2083 2048 2107
 2136 2194 2247 2303 2309 2276 2296 2226 2190 2212 2291 2196 2154 2098
 2143 2085 2160 2230 2221 2298 2367 2357 2410 2453 2491 2525 2608 2657
 2731 2733 2795 2853 2901 2871 2843 2805 2812 2742 2671 2682 2581 2617
 2598 2557 2481 2412 2421 2408 2351 2297 2330 2324 2193 2139 2171 2170
 2229 2189 2233 2306 2356 2375 2395 2472 2468 2506 2524 2611 2646 2540
 2477 2544 2601 2647 2678 2718 2772 2741 2774 2707 2669 2640 2588 2522
 2546 2502 2451 2386 2337 2392 2433 2512 2530 2556 2629 2691 2677 2703
 2706 2773 2809 2771 2829 2921 2902 2858 2900 2930 2966 3006 2990 3044
 3029 3103 3137 3134 3120 3115 3179 3219 3259 3226 3174 3129 3074 3057
 3089 3189 3166 3150 3104 3085 3054 2892 2869 2841 2781 2752 2730 2748
 2821 2792 2950 2948 2916 2944 2980 2991 2989 3038 3060 3180 3148 3144
 3128 3109 3058 3005 2943 2850 2813 2762 2636 2634 2632 2676 2755 2842
 2903 3021 3008 2974 3045 2992 3051 3086 3126 3169 3233 3250 3296 3343
 3442 3501 3580 3595 3597 3505 3464 3479 3416 3436 3421 3409 3322 3319
 3240 3269 3326 3401 3441 3471 3342 3341 3264 3279 3313 3251 3297 3348
 3395 3318 3357 3327 3291 3246 3278 3329 3385 3469 3497 3499 3546 3591
 3643 3703 3774 3799 3757 3695 3708 3706 3738 3767 3834 3866 3843 3840
 3893 3950 3978 3938 3953 3921 3879 3838 3839 3875 3833 3902 3849 3781
 3670 3665 3633 3572 3623 3627 3669 3692 3702 3777 3759 3714 3744 3803
 3853 3831 3865 3836 3812 3889 3944 3920 3956 4055 4005 3964 3919 3864
 3842 3761 3717 3681 3622 3635 3587 3599 3526 3548 3513 3457 3383 3449
 3508 3556 3490 3376 3333 3258 3254 3193 3161 3077 3073 3127 3156 3069
 3002 2928 2868 2899 2969 2898 2822 2826 2828 2886 2954 3028 3105 3063
 3070 3019 2946 2962 2994 2927 2891 2816 2723 2705 2635 2663 2578 2542
 2594 2729 2656 2672 2607 2583 2519 2480 2420 2365 2364 2350 2388 2302
 2374 2467 2510 2493 2515 2476 2424 2384 2352 2295 2313 2327 2216 2211
 2208 2204 2102 2044 2157 2220 2182 2113 2089 2075 2057 2014 1943 1854
 1815 1726 1730 1640 1694 1645 1606 1555 1477 1446 1405 1487 1494 1549
 1613 1567 1604 1619 1607 1647 1609 1632 1562 1518 1533 1501 1544 1497
 1462 1396 1368 1410 1367 1327 1304 1272 1191 1155 1153 1208 1253 1359
 1353 1416 1413 1369 1244 1180 1178 1228 1156 1120 1095 1083 1099 1111
 1038 1035  970  919  934  988  948  911  908  865  899  938 1024  973
  978  981 1003 1079 1106 1150 1182 1204 1233 1223 1269 1320 1357 1310
 1283 1348 1328 1431 1496 1467 1520 1563 1598 1611 1682 1808 1839 1878
 1931 1923 2027 2066 2022 2122 2140 2284 2280 2314 2275 2184 2183 2094
 2058 1944 1874 1785 1715 1661 1711 1767 1850 1925 1999 2055 2033 2009
 1982 1901 1952 2047 2096 2019 1945 1919 1894 1889 1928 1939 1984 2011
 2109 2029 2052 1978 1972 1966 2016 2072 2110 2053 1987 1886 1890 1861
 1864 1804 1803 1695 1658 1587 1558 1542 1411 1370 1390 1355 1309 1250
 1318 1271 1259 1262 1364 1346 1349 1389 1429 1449 1531 1590 1649 1700
 1780 1845 1848 1885 1818 1769 1708 1671 1610 1521 1539 1510 1475 1463
 1402 1362 1448 1516 1559 1620 1644 1657 1713 1716 1683 1630 1668 1655
 1578 1492 1435 1454 1508 1541 1557 1584 1624 1627 1574 1572 1481 1447
 1404 1321 1273 1211 1315 1335 1354 1388 1345 1245 1181 1101 1071 1058
  966  963  866  855  845  860  783  690  695  805  809  719  749  782
  829  847  819  879  882  957  974 1055 1042  944  913  933  992 1020
 1032 1069 1109 1198 1247 1330 1437 1377 1382 1301 1236 1226 1258 1270
 1324 1407 1484 1444 1514 1554 1580 1639 1660 1617 1623 1560 1493 1434
 1504 1537 1565 1570 1525 1461 1419 1403 1394 1286 1331 1373 1344 1265
 1243 1162 1221 1168 1152 1136 1190 1225 1290 1291 1261 1296 1194 1140
 1093 1122 1125 1145 1197 1218 1147 1165 1115 1131 1172 1207 1185 1235
 1285 1314 1317 1358 1425 1445 1480 1417 1393 1376 1400 1457 1513 1509
 1507 1470 1397 1428 1502 1483 1529 1605 1662 1665 1591 1651 1564 1612
 1673 1693 1581 1583 1586 1571 1576 1547 1519 1469 1398 1278 1227 1177
 1159 1084 1200 1217 1184 1210 1176 1196 1260 1293 1366 1387 1279 1281
 1248 1267 1313 1339 1383 1420 1466 1517 1548 1589 1622 1582 1527 1476
 1392 1415 1473 1538 1535 1491 1451 1421 1384 1316 1379 1375 1474 1524
 1552 1636 1654 1725 1748 1752 1800 1834 1868 1915 1960 2008 2006 2065
 2046 1975 1954 1911 1844 1811 1702 1629 1667 1757 1775 1792 1841 1860
 1888 1849 1763 1797 1830 1914 1979 1976 1898 1828 1737 1876 1904 1836
 1822 1801 1714 1643 1689 1688 1766 1722 1758 1795 1883 1916 1935 1937
 1997 2054 2034 2001 2036 2071 2150 2077 2043 2061 2097 2121 2187 2223
 2336 2300 2289 2272 2343 2414 2426 2409 2448 2381 2331 2279 2215 2210
 2147 2067 2101 2084 1971 2000 1938 1873 1820 1776 1749 1724 1703 1812
 1824 1734 1732 1656 1690 1768 1813 1704 1626 1699 1793 1863 1877 1899
 1980 2028 2135 2152 2037 1964 1917 1853 1893 1948 2021 2003 1991 1881
 1884 1983 2068 2106 2180 2126 2125 2156 2202 2359 2378 2438 2432 2535
 2606 2643 2627 2600 2564 2496 2383 2345 2253 2219 2151 2201 2232 2268
 2361 2323 2318 2370 2401 2427 2485 2501 2619 2653 2721 2760 2717 2732
 2800 2804 2875 2848 2866 2867 2794 2688 2623 2573 2612 2675 2667 2567
 2517 2521 2584 2587 2509 2456 2459 2475 2445 2400 2349 2278 2290 2239
 2149 2129 2032 2035 1963 1989 2080 2186 2242 2174 2120 2175 2246 2271
 2301 2321 2371 2373 2413 2488 2450 2520 2621 2652 2702 2770 2833 2847
 2924 2909 2908 2859 2780 2767 2661 2630 2541 2531 2645 2711 2709 2761
 2738 2803 2766 2860 2920 2936 2984 2958 2953 3040 3117 3136 3084 3140
 3170 3172 3192 3285 3347 3369 3277 3265 3244 3186 3182 3227 3214 3155
 3205 3275 3263 3308 3365 3411 3391 3394 3317 3271 3355 3408 3461 3475
 3487 3596 3646 3690 3649 3615 3557 3538 3506 3433 3354 3302 3325 3290
 3222 3218 3079 3102 3088 3030 2997 2978 2926 2874 2864 2815 2837 2935
 3004 3096 3076 3010 3043 3147 3198 3209 3267 3276 3284 3353 3450 3492
 3525 3503 3414 3403 3345 3387 3364 3422 3496 3484 3543 3575 3593 3641
 3562 3610 3619 3571 3528 3500 3579 3583 3518 3463 3368 3367 3404 3372
 3316 3253 3225 3177 3274 3321 3407 3382 3339 3221 3262 3310 3363 3402
 3415 3406 3397 3381 3455 3460 3459 3430 3386 3330 3261 3307 3289 3301
 3346 3283 3249 3206 3138 3119 2973 2968 3037 3056 3142 3188 3268 3294
 3311 3360 3230 3204 3081 3017 3033 2963 2932 2879 2857 2862 2870 2873
 2979 2996 3062 3068 3092 3095 3157 3159 3146 3178 3116 3100 3026 2972
 2987 2915 2878 2846 2831 2786 2790 2686 2708 2758 2784 2754 2779 2727
 2763 2747 2687 2609 2624 2626 2660 2662 2666 2618 2545 2543 2577 2516
 2462 2473 2555 2508 2455 2439 2417 2407 2329 2274 2238 2163 2166 2168
 2095 2013 1969 1921 1872 1835 1788 1806 1862 1900 1829 1777 1720 1680
 1585 1664 1631 1634 1638 1676 1710 1744 1765 1782 1814 1817 1871 1852
 1858 1802 1772 1755 1823 1895 1891 1986 1996 1934 1959 1981 1992 2004
 2051 2132 2165 2179 2145 2159 2169 2200 2231 2250 2266 2262 2283 2348
 2423 2389 2358 2342 2362 2380 2312 2270 2273 2294 2256 2185 2093 2074
 2042 2020 1990 2064 2119 2188 2245 2192 2108 2070 1985 1994 1953 1913
 1866 1762 1719 1687 1628 1670 1597 1599 1615 1642 1696 1679 1718 1747
 1870 1905 1859 1791 1840 1880 1910 1847 1887 1927 2012 1958 1993 1977
 2026 2002 2041 2153 2081 2062 2063 2090 2131 2191 2265 2244 2205 2173
 2225 2240 2255 2344 2311 2308 2416 2431 2411 2391 2288 2322 2354 2299
 2334 2382 2406 2444 2449 2479 2495 2458 2437 2487 2571 2572 2528 2575
 2616 2659 2715 2782 2825 2839 2882 2885 2911 2938 3013 2942 2895 2965
 3032 3139 3168 3124 3202 3232 3235 3280 3332 3350 3371 3413 3444 3474
 3523 3582 3545 3577 3606 3640 3659 3698 3713 3673 3666 3602 3570 3530
 3482 3566 3551 3515 3428 3456 3438 3495 3488 3537 3555 3559 3578 3561
 3645 3612 3651 3693 3755 3756 3801 3886 3908 3967 4008 4017 3974 3959
 3882 3942 3901 3896 3910 3909 3945 4002 4033 4058 4016 4090 4088 4115
 4122 4156 4173 4192 4208 4216 4247 4255 4266 4282 4280 4253 4258 4251
 4230 4222 4228 4249 4226 4217 4214 4177 4186 4149 4111 4061 4063 3999
 3988 4015 4054 4044 4086 4135 4161 4172 4146 4140 4148 4097 4099 4043
 4011 3955 3971 3927 3880 3868 3878 3911 3969 4022 4071 4092 4070 4007
 3948 3961 3887 3826 3798 3769 3773 3733 3699 3748 3789 3794 3820 3783
 3815 3802 3873 3841 3776 3716 3683 3684 3657 3675 3727 3710 3667 3614
 3648 3668 3626 3642 3658 3674 3728 3742 3753 3792 3763 3719 3685 3680
 3707 3729 3784 3811 3851 3888 3891 3829 3846 3869 3860 3883 3928 3923
 3897 3894 3934 3994 4045 4013 3962 3905 3857 3914 3980 4010 4038 4062
 4094 4065 4026 4083 4134 4142 4116 4169 4171 4203 4234 4250 4264 4223
 4187 4162 4190 4221 4235 4238 4259 4278 4271 4269 4291 4298 4311 4305
 4256 4219 4181 4143 4137 4105 4132 4100 4120 4107 4078 4037 3977 3949
 3965 3929 4004 4003 3925 3940 3979 4027 4064 4098 4081 4126 4130 4131
 4136 4188 4209 4231 4239 4260 4313 4299 4243 4195 4204 4220 4211 4210
 4178 4157 4133 4075 4084 4123 4166 4147 4117 4091 4039 3995 3952 3932
 3975 4034 4069 4056 3985 3957 4012 4041 4095 4127 4174 4206 4197 4184
 4194 4170 4159 4124 4113 4085 4057 4032 3986 3915 3924 3898 3848 3795
 3813 3775 3745 3734 3689 3647 3613 3569 3527 3466 3434 3431 3489 3504
 3524 3564 3584 3519 3533 3514 3512 3592 3603 3636 3653 3711 3652 3663
 3585 3563 3521 3516 3472 3473 3498 3558 3573 3624 3660 3720 3704 3661
 3739 3751 3790 3830 3852 3787 3758 3672 3655 3616 3567 3629 3723 3768
 3807 3749 3722 3762 3718 3676 3730 3725 3664 3601 3590 3540 3453 3423
 3379 3420 3396 3491 3565 3594 3607 3656 3715 3732 3770 3816 3827 3850
 3885 3917 3973 4000 3926 3912 3968 3993 3933 3931 3989 4014 4048 4047
 4040 4074 4067 4036 3966 3936 3939 3972 3958 3903 3867 3845 3828 3805
 3750 3778 3808 3810 3821 3800 3786 3863 3884 3930 3892 3935 3963 3992
 4018 4035 4060 4093 4129 4164 4191 4212 4213 4225 4254 4296 4304 4292
 4272 4237 4270 4276 4274 4240 4201 4189 4196 4163 4128 4079 4118 4154
 4167 4152 4114 4066 4087 4089 4046 3990 3987 3982 4030 4076 4049 3997
 3970 3899 3858 3861 3918 3946 3951 4023 3981 4073 4102 4150 4158 4193
 4207 4244 4262 4232 4233 4275 4277 4295 4279 4246 4281 4289 4303 4322
 4300 4346 4333 4329 4317 4330 4334 4365 4381 4377 4354 4336 4348 4325
 4302 4324 4343 4351 4341 4379 4364 4335 4307 4306 4310 4286 4252 4229
 4205 4176 4199 4224 4245 4273 4309 4349 4367 4362 4390 4402 4375 4392
 4398 4384 4359 4339 4355 4345 4321 4308 4288 4301 4326 4342 4316 4294
 4257 4242 4261 4263 4314 4315 4318 4290 4268 4285 4293 4320 4332 4352
 4369 4373 4361 4350 4383 4388 4411 4427 4417 4433 4425 4413 4378 4338
 4353 4368 4399 4400 4434 4450 4452 4453 4449 4454 4440 4460 4459 4458
 4447 4437 4431 4421 4409 4401 4410 4403 4396 4397 4385 4358 4366 4376
 4374 4347 4337 4340 4323 4327 4331 4356 4360 4380 4389 4404 4415 4418
 4435 4438 4456 4457 4455 4443 4446 4445 4436 4423 4430 4429 4424 4441
 4451 4444 4448 4442 4432 4439 4422 4419 4416 4426 4428 4420 4408 4394
 4393 4371 4370 4382 4387 4395 4414 4407 4406 4412 4405 4391 4386 4372
 4363 4357 4344 4328 4319 4312 4287 4284 4297 4283 4267 4241 4236 4227
 4218 4180 4168 4183 4145 4125 4109 4119 4082 4072 4020 4009 4021 3954
 3998 4029 4031 4053 4052 4059 4103 4112 4141 4155 4185 4198 4175 4165
 4179 4200 4215 4248 4265 4202 4182 4160 4153 4144 4106 4139 4077 4096
 4025 3996 3922 3895 3854 3818 3736 3687 3721 3752 3806 3809 3856 3859
 3881 3862 3823 3825 3771 3696 3741 3691 3628 3600 3554 3481 3437 3378
 3324 3359 3410 3454 3511 3542 3618 3621 3576 3517 3470 3477 3520 3539
 3432 3377 3288 3282 3390 3328 3306 3272 3257 3212 3131 3099 3094 3020
 3025 3049 3083 3133 3165 3184 3217 3229 3231 3266 3224 3211 3158 3149
 3201 3243 3135 3125 3061 3016 3001 3035 2988 2983 2925 2957 3009 2952
 2906 2934 2971 3024 3075 3093 3143 3067 3034 2982 2961 2913 2865 2836
 2820 2728 2745 2683 2681 2785 2845 2890 2907 2838 2789 2849 2830 2720
 2668 2569 2622 2592 2685 2746 2749 2690 2714 2753 2696 2649 2665 2651
 2637 2604 2548 2532 2484 2452 2498 2559 2527 2471 2443 2347 2368 2390
 2405 2436 2466 2505 2536 2526 2418 2422 2482 2428 2430 2507 2586 2620
 2566 2563 2631 2615 2593 2674 2699 2680 2704 2739 2757 2769 2778 2844
 2811 2787 2776 2726 2658 2554 2529 2398 2385 2286 2203 2161 2234 2214
 2218 2104 2124 2123 2118 2138 2198 2293 2363 2393 2304 2341 2355 2403
 2387 2333 2316 2326 2305 2269 2209 2148 2092 2076 2079 2018 1965 1974
 1932 2050 2086 2158 2222 2285 2228 2264 2263 2235 2236 2181 2164 2091
 2105 2031 1988 1947 1951 1897 1875 1805 1790 1837 1851 1832 1764 1761
 1740 1796 1827 1865 1826 1774 1821 1799 1746 1712 1677 1641 1614 1653
 1705 1779 1721 1666 1593 1534 1532 1530 1526 1543 1506 1472 1460 1459
 1423 1406 1386 1297 1231 1266 1282 1299 1334 1351 1430 1490 1522 1553
 1512 1438 1464 1361 1356 1254 1256 1257 1263 1365 1453 1489 1545 1663
 1717 1736 1686 1561 1596 1669 1707 1729 1751 1659 1603 1601 1505 1511
 1443 1418 1401 1414 1371 1350 1307 1280 1298 1312 1238 1203 1148 1216
 1126 1160 1092 1061  983  967  918  859  826  857  912  869  774  773
  715  702  637  559  478  418  432  475  410  359  305  279  315  282
  252  250  230  238  237  269  265  253  280  307  355  419  420  403
  434  448  469  484  537  598  597  499  520  517  579  620  670  642
  663  673  614  613  678  737  770  802  820  798  792  747  827  889
  821  757  716  712  666  615  604  554  511  458  366  341  294  278
  239  213  185  227  224  247  246  235  212  217  206  216  203  215
  241  264  262  295  259  290  257  256  223  219  225  191  193  187
  143  129   83   92  115  126  148  151  153  160  159  140  118  105
  101  113  114  142  134  136  174  180  197  198  199  211  207  200
  183  184  194  177  196  214  205  167  168  178  192  208  218  242
  255  300  321  369  373  378  427  436  421  446  498  548  646  686
  725  779  817  795  837  861  900  868  943  931  873  830  831  811
  844  785  756  729  698  676  617  657  556  542  603  572  536  534
  506  486  441  400  363  340  302  289  268  249  229  231  261  296
  328  367  387  389  333  297  274  320  372  453  471  409  349  304
  287  254  234  232  202  186  172  161  175  138  116  108   91   54
   29   27   26   48   55   63   85   73   96   89   81   99  100  128
  112  131  123  130  147  146  139  137  144  132  124  106   86   90
   77   66   61   45   39   47   53   64   69   65   51   44   50   42
   18   10    2    1    5    7   16   30   38   28   14   19   25   32
   43   31   21   17    8   20   23   41   59   75   88   70   68   58
   56   35   62   72   76   80   79   93   74   52   40   46   34   33
   13    6   11    9    0    4    3   12   22   24   15   37   36   57
   49   71   60   82  102  121  103  107  109   95  119  156  154  152
  165  181  164  163  162  145  170  158  127  110  111   94   87   98
  117  125  135  133  122  104   78   67   84   97  120  141  157  176
  171  155  169  201  226  243  248  277  291  312  299  319  394  384
  449  470  492  438  416  397  350  314  365  429  476  528  515  560
  638  608  586  552  525  650  628  563  546  489  456  344  339  313
  301  356  374  406  450  501  523  633  575  589  656  658  681  703
  748  727  710  679  730  743  813  832  763  723  682  626  595  582
  500  447  391  368  345  316  272  251  233  221  188  179  189  173
  149  150  166  182  190  210  245  273  275  236  209  220  195  204
  222  240  244  270  292  324  311  334  360  396  401  352  327  306
  331  263  266  298  370  390  445  466  422  425  376  347  338  342
  330  309  284  310  318  336  337  395  411  424  393  392  380  415
  412  455  488  479  490  472  505  585  535  550  640  543  526  507
  524  584  605  635  631  692  736  741  803  807  760  714  776  734
  721  687  691  768  793  815  872  885  962 1060 1065 1139 1158 1124
 1149 1151 1090 1012 1009 1029 1026 1033  950  946  896  936  848  852
  922  939  979  964  915  876  921  954  991 1004 1064 1085 1025  975
 1014 1077 1080 1135 1171 1116 1114 1128 1110 1164 1161 1179 1138 1193
 1224 1234 1289 1319 1340 1381 1378 1300 1399 1412 1433 1468 1408 1427
 1363 1326 1277 1212 1174 1169 1130 1088 1048 1046  947  953  972  976
  925  864  851  846  874  824  777  718  731  655  641  561  519  514
  494  474  487  553  544  616  652  677  709  738  751  796  838  880
  787  886  928  980 1030 1041 1044 1107 1081]

eliteFit: 190681.0
percentError: 4.444967847244284
computationTime: 2946.681s