instanceName: pr299
n: 299
optFit: 48191

genTime, gen, eliteFit, percentError:
0.0002665000065462664, 0, 688779.0, 1329.269
0.04322619999584276, 1, 51198.0, 6.240
0.02809069999784697, 2, 50702.0, 5.211
0.028065499995136634, 3, 50135.0, 4.034
0.02805810001154896, 4, 49944.0, 3.638
0.025402900006156415, 5, 49736.0, 3.206
0.02989499999966938, 6, 49384.0, 2.476
0.04131200000119861, 7, 49331.0, 2.366
0.0317298000009032, 8, 49148.0, 1.986
0.022145899987663142, 9, 49013.0, 1.706
0.021759199997177348, 10, 48988.0, 1.654
0.021014699988882057, 11, 48852.0, 1.372
0.01646499999333173, 12, 48852.0, 1.372
0.019421899996814318, 13, 48799.0, 1.262
0.010907199990469962, 14, 48799.0, 1.262
0.011215699996682815, 15, 48785.0, 1.233
0.010922700006631203, 16, 48785.0, 1.233
0.01188620000903029, 17, 48729.0, 1.116
0.01569900001049973, 18, 48715.0, 1.087
0.012891999998828396, 19, 48715.0, 1.087
0.011433499996201135, 20, 48715.0, 1.087
0.011162599999806844, 21, 48715.0, 1.087
0.007888899999670684, 22, 48715.0, 1.087
0.008046799994190224, 23, 48715.0, 1.087
0.009808100003283471, 24, 48715.0, 1.087
0.008338600004208274, 25, 48715.0, 1.087
0.010327799987862818, 26, 48715.0, 1.087
0.007621199998538941, 27, 48715.0, 1.087
0.009860999998636544, 28, 48715.0, 1.087
0.008378800004720688, 29, 48715.0, 1.087
0.007436600004439242, 30, 48715.0, 1.087
0.00922599999466911, 31, 48715.0, 1.087
0.008814200002234429, 32, 48705.0, 1.067
0.007625500002177432, 33, 48705.0, 1.067
0.009903700003633276, 34, 48705.0, 1.067
0.011233900004299358, 35, 48670.0, 0.994
0.012610299992957152, 36, 48661.0, 0.975
0.011496999999508262, 37, 48608.0, 0.865
0.012158199999248609, 38, 48608.0, 0.865
0.011006999993696809, 39, 48608.0, 0.865
0.008153600007062778, 40, 48608.0, 0.865
0.008055000012973323, 41, 48608.0, 0.865
0.007674599997699261, 42, 48608.0, 0.865
0.00810889998683706, 43, 48608.0, 0.865
0.009638799994718283, 44, 48608.0, 0.865
0.009673400010797195, 45, 48608.0, 0.865
0.008839400004944764, 46, 48544.0, 0.733
0.007792200005496852, 47, 48544.0, 0.733
0.008389599999645725, 48, 48508.0, 0.658
0.009606699997675605, 49, 48508.0, 0.658
0.008151300004101358, 50, 48508.0, 0.658
0.008861100010108203, 51, 48508.0, 0.658
0.007108899997547269, 52, 48508.0, 0.658
0.008570899997721426, 53, 48508.0, 0.658
0.008282299997517839, 54, 48508.0, 0.658
0.007978499997989275, 55, 48508.0, 0.658
0.007663299998966977, 56, 48508.0, 0.658
0.008005499999853782, 57, 48508.0, 0.658
0.00993420000304468, 58, 48508.0, 0.658
0.008243400006904267, 59, 48508.0, 0.658
0.009691200000816025, 60, 48508.0, 0.658
0.006859900007839315, 61, 48508.0, 0.658
0.009913699992466718, 62, 48508.0, 0.658
0.00836580000759568, 63, 48508.0, 0.658
0.008855799998855218, 64, 48508.0, 0.658
0.008820999995805323, 65, 48508.0, 0.658
0.00748129999556113, 66, 48508.0, 0.658
0.007522499989136122, 67, 48508.0, 0.658
0.008437700002104975, 68, 48508.0, 0.658
0.0090007999970112, 69, 48508.0, 0.658
0.009648500010371208, 70, 48508.0, 0.658
0.007458499996573664, 71, 48508.0, 0.658
0.008010099991224706, 72, 48508.0, 0.658
0.009344800011604093, 73, 48508.0, 0.658
0.008158800003002398, 74, 48508.0, 0.658
0.00849259999813512, 75, 48508.0, 0.658
0.008664699998917058, 76, 48508.0, 0.658
0.008547299992642365, 77, 48508.0, 0.658
0.006642499996814877, 78, 48508.0, 0.658
0.008855799998855218, 79, 48508.0, 0.658
0.007630799998878501, 80, 48508.0, 0.658
0.008447400003205985, 81, 48508.0, 0.658
0.009146099997451529, 82, 48508.0, 0.658
0.008559000008972362, 83, 48508.0, 0.658
0.008190900000045076, 84, 48508.0, 0.658
0.009243100008461624, 85, 48508.0, 0.658
0.008924199995817617, 86, 48508.0, 0.658
0.00844140000117477, 87, 48508.0, 0.658
0.00787829999171663, 88, 48508.0, 0.658
0.007478800005628727, 89, 48508.0, 0.658
0.008190400010789745, 90, 48508.0, 0.658
0.0075136000086786225, 91, 48508.0, 0.658
0.009235000004991889, 92, 48508.0, 0.658
0.007784400004311465, 93, 48508.0, 0.658
0.0072542999987490475, 94, 48508.0, 0.658
0.00806590000865981, 95, 48508.0, 0.658
0.007864799990784377, 96, 48508.0, 0.658
0.009577700009685941, 97, 48508.0, 0.658
0.0070386999868787825, 98, 48508.0, 0.658

tour:
[ 42  44  45  43  46  47  48  49  50  51  52  53  55  54 115 113 114 116
 118 117 120 121 119 179 180 181 182 183 184 255 185 252 251 254 260 259
 253 256 257 258 261 263 262 265 264 266 267 247 248 243 245 246 244 250
 249 187 189 172 170 178 188 186 177 175 176 174 124 123 125 126 122 112
 110 111  57  56  38  59  58  60 109 105 107 108 127 171 173 168 169 194
 190 191 193 192 195 241 242 269 268 270 238 239 240 236 235 237 271 272
 273 234 233 197 196 166 167 164 165 200 198 199 227 229 232 231 276 275
 274 278 277 280 281 230 228 202 201 163 162 161 137 136 135 134 133 130
 129 103 128 131 132 102  77  76  74  79  75 101 100  99  98  97  94  95
  96 138 140 141 142 156 157 158 139 160 159 210 209 207 206 223 222 203
 204 205 298 226 225 224 282 279 283 284 285 218 220 219 208 221 211 212
 217 215 216 286 287 288 290 289 291 292 294 293 296 295 297 214 213 155
 154 153 152 151 150 149 148 146 147 144 145 143  92  91   0   3   2   1
   5   4   6   7   8   9  10  11  12  13  87  88  90  89  84  85  93  86
  82  83  80  81  78  21  19  18  15  14  16  17  20  22  23  24  25  26
  27  28  71  72  73  70  68  69  66  67 104  63  64 106  61  62  65  32
  33  29  30  31  34  35  37  36  41  39  40]

eliteFit: 48508.0
percentError: 0.6577991741196488
computationTime: 1.173s