instanceName: pr1002
n: 1002
optFit: 259045

genTime, gen, eliteFit, percentError:
0.001095200001145713, 0, 6171629.0, 2282.454
0.6018441000051098, 1, 282506.0, 9.057
0.3695567000104347, 2, 281448.0, 8.648
0.35321650000696536, 3, 279608.0, 7.938
0.34360690000175964, 4, 277996.0, 7.316
0.35447069999645464, 5, 276727.0, 6.826
0.378152899997076, 6, 275672.0, 6.419
0.33522480000101496, 7, 275578.0, 6.382
0.34694040000613313, 8, 274199.0, 5.850
0.3295810999989044, 9, 273377.0, 5.533
0.36413980000361335, 10, 272852.0, 5.330
0.33416649998980574, 11, 272852.0, 5.330
0.32358369999565184, 12, 272811.0, 5.314
0.4038989999971818, 13, 271408.0, 4.773
0.3539689000026556, 14, 271226.0, 4.702
0.3530631000030553, 15, 271226.0, 4.702
0.33013539999956265, 16, 270540.0, 4.437
0.33040720000281, 17, 270540.0, 4.437
0.381297200001427, 18, 270445.0, 4.401
0.33784360000572633, 19, 269118.0, 3.889
0.3577660000009928, 20, 269060.0, 3.866
0.32451819999550935, 21, 268462.0, 3.635
0.28265530000498984, 22, 268462.0, 3.635
0.25938100001076236, 23, 268419.0, 3.619
0.20921489999454934, 24, 268405.0, 3.613
0.2388506999996025, 25, 268253.0, 3.555
0.23810219998995308, 26, 268209.0, 3.538
0.2069891999999527, 27, 267907.0, 3.421
0.1737210999999661, 28, 267751.0, 3.361
0.16065010000602342, 29, 267675.0, 3.331
0.12947159999748692, 30, 267575.0, 3.293
0.15126500000769738, 31, 267423.0, 3.234
0.12065050000092015, 32, 267349.0, 3.206
0.12360069999704137, 33, 267218.0, 3.155
0.11206139999558218, 34, 267138.0, 3.124
0.10246699998970143, 35, 267023.0, 3.080
0.11436409999441821, 36, 266976.0, 3.062
0.09994410000217613, 37, 266895.0, 3.030
0.09322520000569057, 38, 266895.0, 3.030
0.0963839000032749, 39, 266895.0, 3.030
0.11645649999263696, 40, 266877.0, 3.023
0.08831920000375248, 41, 266877.0, 3.023
0.10121439999784343, 42, 266877.0, 3.023
0.08447380000143312, 43, 266877.0, 3.023
0.09562960000766907, 44, 266877.0, 3.023
0.11846860000514425, 45, 266877.0, 3.023
0.08083909998822492, 46, 266877.0, 3.023
0.09995309999794699, 47, 266877.0, 3.023
0.08804250000684988, 48, 266877.0, 3.023
0.08163070000591688, 49, 266787.0, 2.989
0.11924610000278335, 50, 266787.0, 2.989
0.09726730000693351, 51, 266784.0, 2.988
0.14493310000398196, 52, 266643.0, 2.933
0.20528029999695718, 53, 266643.0, 2.933
0.1959915000043111, 54, 266643.0, 2.933
0.14324669999768957, 55, 266643.0, 2.933
0.18785740000021178, 56, 266627.0, 2.927
0.18061589999706484, 57, 266625.0, 2.926
0.1904859999922337, 58, 266585.0, 2.911
0.25472259998787194, 59, 266496.0, 2.876
0.2463346000004094, 60, 266494.0, 2.876
0.19348220000392757, 61, 266494.0, 2.876
0.12048860000504646, 62, 266494.0, 2.876
0.0940196999872569, 63, 266494.0, 2.876
0.08075110000208952, 64, 266494.0, 2.876
0.08906779999961145, 65, 266494.0, 2.876
0.08786269999109209, 66, 266494.0, 2.876
0.08639279998897109, 67, 266494.0, 2.876
0.10067900001013186, 68, 266494.0, 2.876
0.08111959999951068, 69, 266494.0, 2.876
0.10205440000572708, 70, 266494.0, 2.876
0.08269850000215229, 71, 266494.0, 2.876
0.10296779999043792, 72, 266494.0, 2.876
0.08240020000084769, 73, 266494.0, 2.876
0.09228710000752471, 74, 266494.0, 2.876
0.09907840000232682, 75, 266494.0, 2.876
0.10832200000004377, 76, 266494.0, 2.876
0.10146679999888875, 77, 266405.0, 2.841
0.11393239999597427, 78, 266405.0, 2.841
0.1036830000084592, 79, 266293.0, 2.798
0.11087409999163356, 80, 266116.0, 2.730
0.08927399999811314, 81, 266004.0, 2.686
0.10293199999432545, 82, 266004.0, 2.686
0.10010140000667889, 83, 266004.0, 2.686
0.0993570999999065, 84, 266004.0, 2.686
0.09256720000121277, 85, 266004.0, 2.686
0.08314289999543689, 86, 266004.0, 2.686
0.07573509999201633, 87, 266004.0, 2.686
0.10795460001099855, 88, 266004.0, 2.686
0.09553350000351202, 89, 266004.0, 2.686
0.09151359999668784, 90, 266004.0, 2.686
0.08480069998768158, 91, 266004.0, 2.686
0.08517720000236295, 92, 266004.0, 2.686
0.0877207999874372, 93, 266004.0, 2.686
0.09321639999689069, 94, 266004.0, 2.686
0.09570099999837112, 95, 266004.0, 2.686
0.09535099999629892, 96, 266004.0, 2.686
0.10051309999835212, 97, 266004.0, 2.686
0.08840739999141078, 98, 266004.0, 2.686
0.12000509999052156, 99, 266004.0, 2.686
0.10928840000997297, 100, 266004.0, 2.686
0.08355470000242349, 101, 266004.0, 2.686
0.09717889998864848, 102, 265874.0, 2.636
0.11235080000187736, 103, 265874.0, 2.636
0.07453830000304151, 104, 265745.0, 2.586
0.0986269999993965, 105, 265544.0, 2.509
0.08788120000099298, 106, 265544.0, 2.509
0.09926160000031814, 107, 265412.0, 2.458
0.08930490000057034, 108, 265211.0, 2.380
0.11738470000273082, 109, 265141.0, 2.353
0.10865320000448264, 110, 265131.0, 2.349
0.10228490000008605, 111, 265039.0, 2.314
0.08286589999624994, 112, 264969.0, 2.287
0.10784400001284666, 113, 264969.0, 2.287
0.07722590000776108, 114, 264879.0, 2.252
0.0807652999938, 115, 264879.0, 2.252
0.11091050000686664, 116, 264879.0, 2.252
0.09450779999315273, 117, 264879.0, 2.252
0.0847529000020586, 118, 264879.0, 2.252
0.09453839999332558, 119, 264879.0, 2.252
0.09955970000009984, 120, 264815.0, 2.227
0.08180169999832287, 121, 264815.0, 2.227
0.09365940000861883, 122, 264815.0, 2.227
0.07918610000342596, 123, 264815.0, 2.227
0.10675960000662599, 124, 264815.0, 2.227
0.09225469999364577, 125, 264815.0, 2.227
0.07623839999723714, 126, 264815.0, 2.227
0.09138850000454113, 127, 264815.0, 2.227
0.07750830000441056, 128, 264815.0, 2.227
0.0974318999942625, 129, 264815.0, 2.227
0.10960239999985788, 130, 264815.0, 2.227
0.09540469999774359, 131, 264815.0, 2.227
0.08405249999486841, 132, 264815.0, 2.227
0.09268630000588018, 133, 264815.0, 2.227
0.09837389999302104, 134, 264815.0, 2.227
0.08961520000593737, 135, 264815.0, 2.227
0.09292089998780284, 136, 264815.0, 2.227
0.08982119998836424, 137, 264815.0, 2.227
0.09458679999806918, 138, 264815.0, 2.227
0.09801810000499245, 139, 264815.0, 2.227
0.09083390000159852, 140, 264815.0, 2.227
0.09156369999982417, 141, 264815.0, 2.227
0.08503319999726955, 142, 264815.0, 2.227
0.10144790000049397, 143, 264815.0, 2.227
0.08275720001256559, 144, 264815.0, 2.227
0.08980989998963196, 145, 264815.0, 2.227
0.1041382999974303, 146, 264815.0, 2.227
0.09781649999786168, 147, 264606.0, 2.147
0.08966490000602789, 148, 264606.0, 2.147
0.10089560000051279, 149, 264461.0, 2.091
0.09142569999676198, 150, 264323.0, 2.037
0.11353729999973439, 151, 264323.0, 2.037
0.08808709999721032, 152, 264323.0, 2.037
0.10306629999831785, 153, 264323.0, 2.037
0.08795800000370946, 154, 264323.0, 2.037
0.09929759999795351, 155, 264323.0, 2.037
0.0919700000085868, 156, 264323.0, 2.037
0.10142789999372326, 157, 264323.0, 2.037
0.09582269999373239, 158, 264323.0, 2.037
0.0899304999911692, 159, 264319.0, 2.036
0.08754899998893961, 160, 264087.0, 1.946
0.10061940000741743, 161, 264087.0, 1.946
0.10696720000123605, 162, 264050.0, 1.932
0.08817180000187363, 163, 264050.0, 1.932
0.09153560000413563, 164, 264050.0, 1.932
0.10030530000221916, 165, 264050.0, 1.932
0.09189369999512564, 166, 264050.0, 1.932
0.0891027000034228, 167, 264050.0, 1.932
0.08736289999797009, 168, 264050.0, 1.932
0.09100489999400452, 169, 264050.0, 1.932
0.08794610000040848, 170, 264050.0, 1.932
0.07962260000931565, 171, 264050.0, 1.932
0.09153590000641998, 172, 264050.0, 1.932
0.08391180000035092, 173, 264050.0, 1.932
0.09924389999650884, 174, 264050.0, 1.932
0.08469409999088384, 175, 264050.0, 1.932
0.10756130001391284, 176, 264050.0, 1.932
0.09248120000120252, 177, 264050.0, 1.932
0.1007992000086233, 178, 263999.0, 1.912
0.12339069999870844, 179, 263999.0, 1.912
0.09174180000263732, 180, 263896.0, 1.873
0.08946709999872837, 181, 263896.0, 1.873
0.09615169999597128, 182, 263845.0, 1.853
0.09648949999245815, 183, 263845.0, 1.853
0.10459860000992194, 184, 263845.0, 1.853
0.095893799996702, 185, 263845.0, 1.853
0.07989560000714846, 186, 263845.0, 1.853
0.09057859999302309, 187, 263845.0, 1.853
0.09171740000601858, 188, 263845.0, 1.853
0.10036229999968782, 189, 263845.0, 1.853
0.0855401000007987, 190, 263845.0, 1.853
0.08563109999522567, 191, 263845.0, 1.853
0.09120429999893531, 192, 263845.0, 1.853
0.09478860000672285, 193, 263778.0, 1.827
0.08126910000282805, 194, 263778.0, 1.827
0.09277970000403002, 195, 263778.0, 1.827
0.09923959999287035, 196, 263778.0, 1.827
0.09510700000100769, 197, 263778.0, 1.827
0.1115505000052508, 198, 263778.0, 1.827
0.10820049999165349, 199, 263778.0, 1.827
0.09437880000041332, 200, 263778.0, 1.827
0.08796259999508038, 201, 263778.0, 1.827
0.09111430001212284, 202, 263778.0, 1.827
0.10279360000276938, 203, 263778.0, 1.827
0.09798140000202693, 204, 263778.0, 1.827
0.10526130000653211, 205, 263778.0, 1.827
0.08947989999433048, 206, 263778.0, 1.827
0.09229570000024978, 207, 263778.0, 1.827
0.09919309998804238, 208, 263778.0, 1.827
0.10752700000011828, 209, 263778.0, 1.827
0.10676260000036564, 210, 263778.0, 1.827
0.08992399999988265, 211, 263778.0, 1.827
0.0811115999968024, 212, 263778.0, 1.827
0.09812340000644326, 213, 263778.0, 1.827
0.09541529999114573, 214, 263778.0, 1.827
0.10244849999435246, 215, 263778.0, 1.827
0.07829570000467356, 216, 263640.0, 1.774
0.1015791999961948, 217, 263640.0, 1.774
0.09343199999420904, 218, 263640.0, 1.774
0.08795300000929274, 219, 263640.0, 1.774
0.08282809999946039, 220, 263640.0, 1.774
0.09156199998687953, 221, 263640.0, 1.774
0.08540470000298228, 222, 263640.0, 1.774
0.0821494999981951, 223, 263640.0, 1.774
0.083879199999501, 224, 263640.0, 1.774
0.10018899998976849, 225, 263640.0, 1.774
0.09085160000540782, 226, 263633.0, 1.771
0.09577990000252612, 227, 263633.0, 1.771
0.095969400004833, 228, 263633.0, 1.771
0.08906919999571983, 229, 263633.0, 1.771
0.09660500001336914, 230, 263633.0, 1.771
0.08966089999012183, 231, 263633.0, 1.771
0.10669999998935964, 232, 263633.0, 1.771
0.08767490000172984, 233, 263614.0, 1.764
0.08738529999391176, 234, 263614.0, 1.764
0.11195809999480844, 235, 263614.0, 1.764
0.08589770000253338, 236, 263614.0, 1.764
0.10523729999840725, 237, 263614.0, 1.764
0.0818662000092445, 238, 263614.0, 1.764
0.09629259999201167, 239, 263614.0, 1.764
0.08994630000961479, 240, 263614.0, 1.764
0.08415029999741819, 241, 263614.0, 1.764
0.08188759999757167, 242, 263614.0, 1.764
0.09581230000185315, 243, 263614.0, 1.764
0.08798430000024382, 244, 263614.0, 1.764
0.10955190000822768, 245, 263614.0, 1.764
0.09701849998964462, 246, 263614.0, 1.764
0.1007205000059912, 247, 263614.0, 1.764
0.0904863000032492, 248, 263614.0, 1.764
0.10304180000093766, 249, 263614.0, 1.764
0.08436110000184271, 250, 263614.0, 1.764
0.08014489999914076, 251, 263614.0, 1.764
0.09276159999717493, 252, 263598.0, 1.758
0.08740299999772105, 253, 263598.0, 1.758
0.08996939999633469, 254, 263598.0, 1.758
0.09687519998988137, 255, 263598.0, 1.758
0.09428879999904893, 256, 263598.0, 1.758
0.0882419999979902, 257, 263579.0, 1.750
0.1109442000015406, 258, 263579.0, 1.750
0.14661599999817554, 259, 263579.0, 1.750
0.17803229999844916, 260, 263579.0, 1.750
0.2055588999937754, 261, 263579.0, 1.750
0.16775440001219977, 262, 263531.0, 1.732
0.0825468999973964, 263, 263531.0, 1.732
0.08789110000361688, 264, 263531.0, 1.732
0.10191360001044814, 265, 263531.0, 1.732
0.09222209999279585, 266, 263531.0, 1.732
0.0870069000084186, 267, 263531.0, 1.732
0.08168339999974705, 268, 263512.0, 1.724
0.09975890000350773, 269, 263512.0, 1.724
0.09504249999008607, 270, 263403.0, 1.682
0.14085569999588188, 271, 263403.0, 1.682
0.1278467000083765, 272, 263403.0, 1.682
0.1540277000021888, 273, 263285.0, 1.637
0.21718170000531245, 274, 263285.0, 1.637
0.2198299000010593, 275, 263285.0, 1.637
0.17824999999720603, 276, 263168.0, 1.592
0.1543050000036601, 277, 263168.0, 1.592
0.13780949999636505, 278, 263168.0, 1.592
0.1381107999914093, 279, 263168.0, 1.592
0.22216379999008495, 280, 263168.0, 1.592
0.19924890001129825, 281, 263168.0, 1.592
0.1065041999972891, 282, 263168.0, 1.592
0.09146599999803584, 283, 263168.0, 1.592
0.10244740000052843, 284, 263168.0, 1.592
0.10876839999400545, 285, 263168.0, 1.592
0.08895530000154395, 286, 263168.0, 1.592
0.11198370000056457, 287, 263168.0, 1.592
0.08868580000125803, 288, 263168.0, 1.592
0.09061769999971148, 289, 263168.0, 1.592
0.08656589999736752, 290, 263168.0, 1.592
0.09111699998902623, 291, 263168.0, 1.592
0.10042809999140445, 292, 263168.0, 1.592
0.09108379999815952, 293, 263168.0, 1.592
0.09352979999675881, 294, 263168.0, 1.592
0.09013229999982286, 295, 263168.0, 1.592
0.0823753000004217, 296, 263168.0, 1.592
0.11111600000003818, 297, 263168.0, 1.592
0.0948497000063071, 298, 263168.0, 1.592
0.13891399999556597, 299, 263168.0, 1.592
0.10304649999307003, 300, 263168.0, 1.592
0.10513419999915641, 301, 263168.0, 1.592
0.10010029999830294, 302, 263168.0, 1.592
0.09607969998614863, 303, 263168.0, 1.592
0.13187660000403412, 304, 263168.0, 1.592
0.09163869998883456, 305, 263168.0, 1.592
0.11266749999776948, 306, 263168.0, 1.592
0.0915376000048127, 307, 263168.0, 1.592
0.08740189998934511, 308, 263168.0, 1.592
0.09040460000687744, 309, 263168.0, 1.592
0.08205640000232961, 310, 263168.0, 1.592
0.09142729999439325, 311, 263168.0, 1.592
0.09512459998950362, 312, 263168.0, 1.592
0.10259980001137592, 313, 263168.0, 1.592
0.08443210000405088, 314, 263168.0, 1.592
0.09529209999891464, 315, 263168.0, 1.592
0.09683760000916664, 316, 263168.0, 1.592
0.13535050000064075, 317, 263168.0, 1.592
0.0844780999905197, 318, 263168.0, 1.592
0.09070990000327583, 319, 263168.0, 1.592
0.086532499990426, 320, 263168.0, 1.592
0.08992669999133795, 321, 263168.0, 1.592
0.08757440000772476, 322, 263168.0, 1.592
0.09049020000384189, 323, 263168.0, 1.592
0.08973530000366736, 324, 263168.0, 1.592
0.1098550000024261, 325, 263168.0, 1.592
0.0802553999965312, 326, 263168.0, 1.592

tour:
[ 379  408  407  406  405  409  410  411  412  414  413  415  416  417
  419  418  426  425  424  423  422  421  420  404  403  402  401  288
  289  290  291  292  293  294  295  287  286  285  284  283  298  299
  297  296  990  304  305  306  307  308  309  310  311  312  314  315
  318  317  316  319  320  321  322  323  324  325  313  330  329  328
  326  327  333  332  331   27   26   28   29   25   19   18   17   20
   16   21   22   23   24   30   31   32   33   34   35   36   37   38
   39   50   49   40   48   41   42   43   44   45   46   47   83   82
   84   85   86   88   87   77   78   81   79   80   51   52   56   57
   59   60   61   62   63   64   58   65   66   55   54   53   72   70
   71   67   68   69   11   10   12   15   14   13    9    8    7    6
    5    3    2    4    1    0   73   74   75   76   92   93   91   89
   90   98   97   96   95   94  135  134  133  132   99  100  101  102
  103  104  105  118  116  117  115  114  113  112  111  993  106  107
  108  109  110  303  302  301  300  282  281  280  276  279  277  278
  119  120  256  257  258  252  253  254  255  125  121  122  123  124
  126  127  128  129  130  131  136  137  138  139  140  141  142  143
  144  145  146  147  148  151  150  149  994  152  153  154  155  163
  164  165  168  167  166  162  161  157  156  184  158  159  160  171
  170  169  172  173  174  175  176  177  178  179  180  183  182  181
  995  202  203  205  204  206  207  208  209  210  211  216  215  212
  214  213  219  218  217  190  189  191  192  188  187  193  196  198
  199  197  200  201  195  194  186  185  240  241  239  238  237  236
  235  234  232  233  220  221  222  223  224  225  226  227  228  229
  231  230  263  262  245  244  243  242  250  251  249  248  246  247
  259  260  261  265  264  266  267  268  270  269  271  272  273  274
  275  466  467  468  469  470  471  472  473  474  475  476  479  478
  477  997  480  481  482  483  491  492  493  496  495  494  490  489
  485  484  512  486  487  488  499  498  497  500  501  502  503  504
  505  506  507  508  511  510  509  998  529  523  522  514  513  568
  569  567  565  566  515  516  517  519  520  521  524  528  525  526
  527  533  531  530  532  534  535  536  537  538  544  539  540  543
  542  541  547  546  545  518  564  563  562  560  561  548  549  550
  551  552  553  554  824  823  822  818  817  815  816  827  826  825
  828  829  830  831  832  833  834  835  836  837  838  839  840  814
  813  812  811  819  821  820  810  809  808 1000  907  906  898  897
  841  896  895  893  894  844  843  842  850  851  857 1001  858  859
  861  860  862  865  864  863  855  854  853  856  852  849  848  847
  845  846  892  891  890  888  889  876  874  873  872  867  866  868
  871  870  869  875  877  878  879  880  881  882  883  884  885  887
  886  920  919  918  901  899  900  902  903  905  904  908  909  910
  911  781  782  780  779  778  777  775  776  912  913  914  925  915
  916  917  921  922  923  924  926  927  928  929  930  931  932  933
  934  935  936  937  938  956  957  958  959  768  766  765  767  769
  770  771  772  774  773  761  760  759  758  757  756  755  788  789
  790  791  793  792  787  784  783  785  786  800  801  802  803  799
  798  804  805  806  807  797  796  795  794  600  599  598  596  595
  594  593  592  556  555  557  559  558  591  590  573  572  571  570
  578  579  577  576  575  574  589  588  587  597  601  602  603  604
  605  606  607  608  609  610  628  629  630  631  438  437  439  440
  441  442  443  444  446  445  433  432  431  451  450  449  447  448
  584  585  586  580  581  582  583  453  452  454  455  456  457  458
  459  464  465  463  462  461  460  427  428  429  430  996  434  435
  436  373  374  375  370  371  372  640  639  638  637  636  635  634
  633  632  991  624  625  627  626  611  612  613  614  615  731  730
  729  735  736  738  739  740  741  742  744  743  737  734  733  732
  748  749  750  751  752  753  747  745  746  754  999  762  763  764
  701  702  703  704  705  706  713  712  708  707  709  710  711  722
  721  714  715  716  720  719  718  717  687  688  689  690  691  692
  693  694  695  696  697  698  699  700  967  966  965  964  963  962
  961  960  992  952  953  955  954  939  940  941  942  943  944  945
  946  947  948  951  950  949  976  977  978  975  974  973  972  968
  971  970  980  979  981  969  986  985  984  982  983  989  988  987
  683  682  684  681  685  686  680  679  678  677  676  675  674  673
  672  671  670  669  668  667  666  665  664  663  662  725  724  723
  727  728  726  619  618  617  616  623  622  620  621  648  649  650
  647  644  645  646  643  642  652  651  653  641  658  657  656  654
  655  661  660  659  355  354  356  357  358  353  347  346  345  348
  352  351  350  349  344  343  342  340  341  337  336  335  334  338
  339  395  396  397  398  400  399  381  384  382  383  394  393  391
  390  389  359  360  361  362  363  364  365  366  367  377  368  369
  376  378  387  388  392  386  385  380]

eliteFit: 263168.0
percentError: 1.5916153564052578
computationTime: 40.117s