instanceName: fl3795
n: 3795
optFit: 28772

genTime, gen, eliteFit, percentError:
0.005609100000583567, 0, 3495256.0, 12048.116
27.826241099988692, 1, 30460.0, 5.867
15.324581399996532, 2, 30304.0, 5.325
13.87076249999518, 3, 30281.0, 5.245
11.474795200003427, 4, 30099.0, 4.612
11.433796900004381, 5, 30099.0, 4.612
11.176030199989327, 6, 30069.0, 4.508
10.18603300000541, 7, 29997.0, 4.258
9.227578100006212, 8, 29944.0, 4.073
9.695518699998502, 9, 29863.0, 3.792
9.972247699988657, 10, 29841.0, 3.715
9.570925599997281, 11, 29783.0, 3.514
9.054387900003348, 12, 29724.0, 3.309
8.324207500001648, 13, 29724.0, 3.309
8.131796800007578, 14, 29710.0, 3.260
6.9481386999977985, 15, 29683.0, 3.166
5.417587399992044, 16, 29672.0, 3.128
7.1873389999964274, 17, 29565.0, 2.756
6.068437500012806, 18, 29562.0, 2.746
6.866448900007526, 19, 29552.0, 2.711
6.168816399993375, 20, 29551.0, 2.707
4.760013999999501, 21, 29537.0, 2.659
5.454037299990887, 22, 29519.0, 2.596
5.247407199989539, 23, 29500.0, 2.530
4.112819900008617, 24, 29483.0, 2.471
5.790234599990072, 25, 29471.0, 2.429
6.094864400001825, 26, 29439.0, 2.318
6.114407000000938, 27, 29432.0, 2.294
4.785357499989914, 28, 29424.0, 2.266
5.113130099998671, 29, 29412.0, 2.224
3.9661913000018103, 30, 29412.0, 2.224
3.4180022000073222, 31, 29406.0, 2.204
3.4007105000055162, 32, 29404.0, 2.197
4.253864300000714, 33, 29399.0, 2.179
3.5844251999951666, 34, 29395.0, 2.165
2.9324624000000767, 35, 29393.0, 2.158
2.293483700006618, 36, 29379.0, 2.110
2.5730524999962654, 37, 29369.0, 2.075
2.3083428999962052, 38, 29369.0, 2.075
2.7977422999974806, 39, 29360.0, 2.044
2.4465389999968465, 40, 29356.0, 2.030
2.969885600003181, 41, 29352.0, 2.016
2.967973799997708, 42, 29347.0, 1.998
4.742986099998234, 43, 29343.0, 1.985
5.0251584999932675, 44, 29334.0, 1.953
4.311372200012556, 45, 29330.0, 1.939
3.750487500001327, 46, 29325.0, 1.922
3.138039099998423, 47, 29313.0, 1.880
3.538717000003089, 48, 29313.0, 1.880
3.3686073000135366, 49, 29308.0, 1.863
4.509045699989656, 50, 29291.0, 1.804
6.381378099991707, 51, 29291.0, 1.804
5.863127999997232, 52, 29287.0, 1.790
3.917772699991474, 53, 29276.0, 1.752
4.91089829998964, 54, 29272.0, 1.738
4.557350199989742, 55, 29269.0, 1.727
3.485227199998917, 56, 29269.0, 1.727
3.3931522999919252, 57, 29268.0, 1.724
2.4314717999950517, 58, 29265.0, 1.713
2.7294366999994963, 59, 29262.0, 1.703
2.5757117999892216, 60, 29260.0, 1.696
2.6526044000056572, 61, 29255.0, 1.679
2.430721899989294, 62, 29255.0, 1.679
3.162375999992946, 63, 29251.0, 1.665
2.277219600000535, 64, 29251.0, 1.665
2.81384160000016, 65, 29250.0, 1.661
2.266440400009742, 66, 29250.0, 1.661
2.3852796999999555, 67, 29247.0, 1.651
3.2436155999894254, 68, 29246.0, 1.647
2.6022301000048174, 69, 29246.0, 1.647
2.8919154000031995, 70, 29246.0, 1.647
2.364643699998851, 71, 29242.0, 1.634
2.1679665999981808, 72, 29242.0, 1.634
2.932587000002968, 73, 29231.0, 1.595
3.096983600000385, 74, 29223.0, 1.567
3.061007399999653, 75, 29221.0, 1.561
2.26863800000865, 76, 29221.0, 1.561
2.374613699998008, 77, 29221.0, 1.561
3.185076999987359, 78, 29221.0, 1.561
2.5834464999934426, 79, 29221.0, 1.561
2.9703967999957968, 80, 29214.0, 1.536
2.578947899994091, 81, 29214.0, 1.536
2.9656474999937927, 82, 29214.0, 1.536
2.8467928000027314, 83, 29214.0, 1.536
2.2549933999980567, 84, 29214.0, 1.536
2.6517855999991298, 85, 29214.0, 1.536
3.38493980000203, 86, 29201.0, 1.491
2.706364100013161, 87, 29201.0, 1.491
2.546699400001671, 88, 29201.0, 1.491
2.9335327000007965, 89, 29197.0, 1.477
2.2611198000086006, 90, 29197.0, 1.477
2.509104800003115, 91, 29197.0, 1.477
2.6227091000037035, 92, 29197.0, 1.477
2.434832800005097, 93, 29197.0, 1.477
2.1668828000110807, 94, 29197.0, 1.477
2.244588000001386, 95, 29197.0, 1.477
2.0792767999955686, 96, 29197.0, 1.477
2.8523756000067806, 97, 29193.0, 1.463
2.2788225000113016, 98, 29193.0, 1.463
2.2397021999931894, 99, 29193.0, 1.463
2.776337399991462, 100, 29189.0, 1.449
2.187944100005552, 101, 29189.0, 1.449
2.2317852999985917, 102, 29189.0, 1.449
2.3016700000007404, 103, 29189.0, 1.449
2.6611172999982955, 104, 29187.0, 1.442
1.9279831000021659, 105, 29187.0, 1.442
2.571825799997896, 106, 29183.0, 1.428
2.3106453999935184, 107, 29183.0, 1.428
3.2840629999991506, 108, 29183.0, 1.428
2.286328300004243, 109, 29183.0, 1.428
2.238838300007046, 110, 29183.0, 1.428
2.2266810000000987, 111, 29183.0, 1.428
2.3759592000133125, 112, 29183.0, 1.428
2.170316500007175, 113, 29183.0, 1.428
2.3726923000067472, 114, 29183.0, 1.428
2.4096834999945713, 115, 29183.0, 1.428
2.8608351000002585, 116, 29183.0, 1.428
3.101188500004355, 117, 29183.0, 1.428
3.6909992000000784, 118, 29183.0, 1.428
2.6102461999980733, 119, 29183.0, 1.428
3.6305813000071794, 120, 29183.0, 1.428
2.5881673999974737, 121, 29183.0, 1.428
2.798345299990615, 122, 29183.0, 1.428
4.01562640001066, 123, 29179.0, 1.415
2.3043092000007164, 124, 29179.0, 1.415
2.3851371000055224, 125, 29179.0, 1.415
2.689162100010435, 126, 29179.0, 1.415
2.5959061000030488, 127, 29175.0, 1.401
2.2642941000085557, 128, 29175.0, 1.401
3.0840621999959694, 129, 29175.0, 1.401
3.1251459999912186, 130, 29175.0, 1.401
2.4947003000124823, 131, 29171.0, 1.387
2.6405932000052417, 132, 29171.0, 1.387
2.4620595000014873, 133, 29171.0, 1.387
2.473592100010137, 134, 29171.0, 1.387
2.765881899991655, 135, 29171.0, 1.387
2.7286645999993198, 136, 29171.0, 1.387
2.4786672000045655, 137, 29171.0, 1.387
2.555903300002683, 138, 29171.0, 1.387
2.3555729999934556, 139, 29171.0, 1.387
2.7257212000113213, 140, 29141.0, 1.282
3.9162956999934977, 141, 29120.0, 1.210
4.013976000002003, 142, 29116.0, 1.196
4.334508900006767, 143, 29114.0, 1.189
2.232630899990909, 144, 29114.0, 1.189
3.1363326999999117, 145, 29110.0, 1.175
2.2119566000037594, 146, 29110.0, 1.175
2.781103899993468, 147, 29098.0, 1.133
2.2054085999989184, 148, 29098.0, 1.133
2.3306535000010626, 149, 29089.0, 1.102
2.245230400003493, 150, 29089.0, 1.102
2.579279500001576, 151, 29089.0, 1.102
2.608632799994666, 152, 29089.0, 1.102
2.431398700005957, 153, 29089.0, 1.102
2.453910399999586, 154, 29085.0, 1.088
3.3781567999976687, 155, 29085.0, 1.088
2.5107786000007764, 156, 29085.0, 1.088
2.2289146999974037, 157, 29085.0, 1.088
2.6767669999971986, 158, 29085.0, 1.088
2.9069326000026194, 159, 29085.0, 1.088
2.724755899995216, 160, 29085.0, 1.088
2.459025999996811, 161, 29085.0, 1.088
2.211157400000957, 162, 29085.0, 1.088
2.442156099990825, 163, 29085.0, 1.088
2.4311920999898575, 164, 29085.0, 1.088
2.6676245000126073, 165, 29085.0, 1.088
2.6218004999973346, 166, 29085.0, 1.088
2.6896713000023738, 167, 29085.0, 1.088
2.291932200008887, 168, 29085.0, 1.088
2.689175500010606, 169, 29085.0, 1.088
2.3738776999962283, 170, 29085.0, 1.088
2.795634499998414, 171, 29085.0, 1.088
2.961838000002899, 172, 29085.0, 1.088
2.7906447000132175, 173, 29085.0, 1.088
3.0830677000049036, 174, 29085.0, 1.088
2.6372899999987567, 175, 29085.0, 1.088
2.272447600000305, 176, 29085.0, 1.088
2.55702389999351, 177, 29085.0, 1.088
2.863146499992581, 178, 29085.0, 1.088
2.582580699992832, 179, 29085.0, 1.088
2.0706462999951327, 180, 29085.0, 1.088
2.9397182000102475, 181, 29085.0, 1.088
2.4350034999952186, 182, 29085.0, 1.088
2.4472717000026023, 183, 29085.0, 1.088
3.0669832000130555, 184, 29085.0, 1.088
2.3961118000006536, 185, 29085.0, 1.088
2.384721399997943, 186, 29085.0, 1.088
2.1774253000039607, 187, 29085.0, 1.088
2.5114177000068594, 188, 29085.0, 1.088
2.20357869999134, 189, 29085.0, 1.088
2.3063606999930926, 190, 29085.0, 1.088
2.7151011000096332, 191, 29085.0, 1.088
3.4881788000056986, 192, 29085.0, 1.088
2.527615799990599, 193, 29081.0, 1.074
2.664217199999257, 194, 29081.0, 1.074
2.615397200002917, 195, 29078.0, 1.064
3.499102200003108, 196, 29078.0, 1.064
2.4997020000009798, 197, 29078.0, 1.064
2.654971200012369, 198, 29072.0, 1.043
2.980305599994608, 199, 29072.0, 1.043
3.2763924000028055, 200, 29072.0, 1.043
2.646296799997799, 201, 29072.0, 1.043
2.266732999996748, 202, 29068.0, 1.029
2.4567229999956908, 203, 29068.0, 1.029
2.325658400004613, 204, 29068.0, 1.029
2.787783399995533, 205, 29068.0, 1.029
2.336638299995684, 206, 29068.0, 1.029
2.2119148000056157, 207, 29068.0, 1.029
2.302935100000468, 208, 29068.0, 1.029
2.206103400007123, 209, 29068.0, 1.029
2.7949629000067944, 210, 29068.0, 1.029
2.5660821000055876, 211, 29068.0, 1.029
2.2114081000036094, 212, 29068.0, 1.029
2.573676300002262, 213, 29068.0, 1.029
2.3304716999991797, 214, 29068.0, 1.029
2.3256118999997852, 215, 29068.0, 1.029
2.7349390000017593, 216, 29068.0, 1.029
2.605528599990066, 217, 29068.0, 1.029
2.5750261999928625, 218, 29068.0, 1.029
2.6313562000141246, 219, 29068.0, 1.029
2.2530314000032376, 220, 29065.0, 1.018
3.147406799995224, 221, 29064.0, 1.015
2.506671800001641, 222, 29064.0, 1.015
2.9153287000081036, 223, 29060.0, 1.001
2.9115215000056196, 224, 29060.0, 1.001
2.484062500006985, 225, 29060.0, 1.001
2.2121236999955727, 226, 29060.0, 1.001
3.254059300001245, 227, 29060.0, 1.001
2.2163093999988632, 228, 29060.0, 1.001
2.9346282000042265, 229, 29060.0, 1.001
2.4804964999930235, 230, 29060.0, 1.001
2.8644605000008596, 231, 29060.0, 1.001
2.433556200005114, 232, 29060.0, 1.001
2.9481219000008423, 233, 29060.0, 1.001
2.244137599991518, 234, 29060.0, 1.001
2.4349838999914937, 235, 29060.0, 1.001
2.217768899994553, 236, 29060.0, 1.001
2.5957904999959283, 237, 29060.0, 1.001
2.2148252000042703, 238, 29060.0, 1.001
2.3162602000084007, 239, 29060.0, 1.001
3.045190200005891, 240, 29060.0, 1.001
2.5736510999995517, 241, 29060.0, 1.001
2.21352509999997, 242, 29060.0, 1.001
2.4219832999951905, 243, 29060.0, 1.001
3.3470607999915956, 244, 29060.0, 1.001
2.2912838000047486, 245, 29060.0, 1.001
2.288258400003542, 246, 29060.0, 1.001
3.0691824999958044, 247, 29060.0, 1.001
2.399449499993352, 248, 29060.0, 1.001
2.3843741999880876, 249, 29060.0, 1.001
2.3943541000044206, 250, 29060.0, 1.001
2.4961932000005618, 251, 29060.0, 1.001
2.4702601000026334, 252, 29060.0, 1.001
2.278998699999647, 253, 29060.0, 1.001
3.273509100006777, 254, 29060.0, 1.001
2.1608855000085896, 255, 29060.0, 1.001
3.1275303999864263, 256, 29060.0, 1.001
3.2035587999998825, 257, 29060.0, 1.001
2.3253809999878285, 258, 29060.0, 1.001
2.141887100005988, 259, 29060.0, 1.001
2.5168798999948194, 260, 29060.0, 1.001
2.223331400004099, 261, 29060.0, 1.001
3.2471571000060067, 262, 29060.0, 1.001
2.3542405999905895, 263, 29060.0, 1.001
2.45956699999806, 264, 29060.0, 1.001
2.2886321999976644, 265, 29060.0, 1.001
2.5254208000114886, 266, 29060.0, 1.001
2.3545990999991773, 267, 29060.0, 1.001
2.9261706999968737, 268, 29060.0, 1.001
3.4225783000001684, 269, 29060.0, 1.001
2.778918399999384, 270, 29060.0, 1.001
2.3007219999999506, 271, 29060.0, 1.001
2.441572700001416, 272, 29060.0, 1.001
2.5438477999996394, 273, 29060.0, 1.001

tour:
[1560  357 1561  358 1562  359 1563  360 1564  361 1565  362 1566  363
 1567  364 1568  365 1569  366 1570  367 1571  368 1572  369 1573  370
 1574  371 1575  372 1576  373 1577  374 1578  375 1579  376 1580  377
 1581  378 1582  379 1583  380 1584  381 1585  382 1586  383 1587  384
 1588  385 1589 1662  457 1661  456 1660  455 1659  454 1658  453 1657
  452 1656  451 1655  450 1654  449 1653  448 1652  447 1651  446 1650
  445 1649  444 1648  443 1647  442 1646  441 1645  440 1644  439 1643
  438 1642  437 1641  436 1640  435 1639  434 1638  433 1637  432 1636
  431 1635  430 1634  429 1633  428 1632  427 1631  426 1630  425 1629
  424 1628  423 1627  422 1626  421 1625  420 1624  419 1623  418 1622
  417 1621  416 1620  415 1619  414 1618  413 1617  412 1616  411 1615
  410 1614  409 1613  408 1612  407 1611  503 1707  502 1706  501 1705
  500 1704  499 1703  498 1702  497 1701  496 1700  495 1699  494 1698
  493 1697  492 1696  491 1695  490 1694  489 1693  488 1692  487 1691
  486 1690  485 1689  484 1688  483 1687  482 1686  481 1685  480 1684
  479 1683  478 1682  477 1681  476 1680  475 1679  474 1678  473 1677
  472 1676  471 1675  470 1674  469 1673  468 1672  467 1671  466 1670
  465 1669  464 1668  463 1667  462 1666  461 1665  460 1664  459 1663
  458  523 1726  522 1725  521 1724  520 1723  519 1722  518 1721  517
   36 1720  524 1727  525 1728  526 1729  527 1730  528 1731  529 1732
  530 1733  531 1734  532 1735  533 1736  534 1737  535 1738  536 1739
  537 1740  538 1741  539 1742  540 1743  541 1744  542 1745  543 1746
  544 1747  545 1748  546 1749  547  516 1719  515 1751  548 1750  578
 1780  577 1779  576 1778  575 1777  574 1776  573 1775 1755  552 1754
  551 1753  550 1752  549 1718  514 1717  513 1716  512 1715  511 1714
  510 1713  509 1712  508 1711  507 1710  506 1760  557 1759  556 1758
  555 1757  554 1756  553  572 1774  571 1773  570 1772  569 1771  568
 1770  567 1769  566 1768  559 1761  558 1709  505 1708  504 1762   41
  560 1763  561 1764  562 1765  563 1766  564   42 1767 1784  581 1783
  580  565 1782  579 1781   40 1785  582 1786  583 1787  584 1788  585
 1789  586 1790  587 1791  588 1792  589 1793  590 1794  591 1795  592
 1796  593 1797  594 1798  595 1799  596 1800  597 1801  598 1802  599
 1803  600 1804  601 1805  602 1806  603 1807  604 1808  605 1809  606
 1810  607 1811  608 1812  609 1813  610 1814  611 1815  612 1816  613
 1817  614 1818  615 1819  616 1820  617 1821  618 1822  619 1823  620
 1824  621 1825  622 1826  623 1827  624 1828  625 1829  626 1830  627
 1831  628 1832  629 1833  630 1834   39  641 1846  731 1935  732 1845
   38  640 1844  639 1843  638 1842  637 1841  636 1840  635 1839  634
 1838  633 1837  632 1836  631 1835   37 2087  884 2088  885 2089  886
 2090  887 2091  888 2092  889 2093  890 2094  891 2095  892 2096  893
 2097  894 2098  895 2099  896 2100  897 2101  898 2102  899 2103  900
 2104  901 2105  902 2106  903 2107  904 2108  905 2109  906 2110  907
 2111  908 2112  909 2113  910 2114  911 2115  912 2116  913 2117  914
 2118  915 2119  916 2120  917 2121  918 2122  919 2123  920 2124  921
 2125  922 2126  923 2127  924 2128  925 2129  926 2130  927 2131  928
 2132  929 2133  930 2134  931 2135  932 2136  933 2137  934 2138  935
 2139  936 2140  937 2141  938 2142  939 2143  940 2144  941 2145  942
 2146  943 2147  944 2148  945 2149  946 2150  947 2151  948 2152  949
 2153   45 3794   76 2996 3432 2712 3138 3516 3139 3517 3140 3094 3474
 3050 3384 2997 3433 3051 3385 2998 3386 2999 3387 3000 3096 3475 3095
 3141 3518 3142 3519 2740 3476 3097 3434 3001 3388 3002 3389 3053 3435
 3052 3477 3143 3520 3144 3436 3054 3145 3521 3146 2768 3147 3522 3148
 3437 3055 3003 3390 3004 3391 3056 3438 3057 3005 3392 3006 2684 3478
 3098 3149 3523 3150 3524 3099 3479 3100 3007 3393 3008 3525 3151 3526
 3152 3480 3101 3439 3058 3440 3102 3527 3153 3528 3103 3481 3059 2713
 3482 3154 3529 3155 3530 3394 3009 3395 3010 2634 3719 2995 3670 3383
 2635 2994 3671 2636 3382 2682 3430 3718 3049 2683 3431 2711 3093 3769
 3515 2767 3770 2739 3720 3473 2710 3092 3768 3137 2766 3514 3771 2765
 3136 2738 3721 3472 3767 2709 3048 3717 3429 2681 2993 3672 3381 2637
 2992 3716 3428 2680 3673 3380 3715 3046 2707 3470 3723 3090 3766 3471
 2708 3047 3722 3091 2737 3513 3772 3135 2764 3512 2736 3773 3134 2763
 3511 3765 3089 3469 2735 3774 3133 2762 3775 3510 3764 3088 3725 3426
 2706 3045 3724 3427 2679 2991 2638 3674 3379 3714 2639 2990 3675 3378
 2678 3044 2705 3468 2734 3132 2761 3763 3087 3425 3713 2989 2640 3676
 2641 3377 2677 3726 3043 2704 3467 3131 2733 3509 3776 2760 3762 3508
 3777 3130 2759 3761 3466 2732 3086 3727 3424 3712 2988 3677 2676 3042
 2703 3085 3728 3423 3711 3376 2642 2987 2675 3375 3678 2643 3679 3374
 2644 2985 3680 3373 2645 3681 2646 3372 3707 3038 2672 2984 3708 3420
 3731 3082 2700 3463 3730 3039 2673 3421 3709 2674 2986 3710 3041 2702
 3422 3729 3040 2701 3083 2729 3759 3464 2730 3084 3760 3465 2731 3507
 3778 3129 2758 3506 3779 3128 2757 3505 3780 3127 3758 2756 3504 2728
 3126 3781 2755 3757 3462 2699 3156 3531 3157 3532 3158 3104 3483 3060
 3441 2714 3011 3396 3012 3442 3061 3397 3013 3398 3014 3399 3015 3106
 3484 3105 3159 3533 3160 3534 2741 3485 3107 3486 3161 3535 3162 3444
 3062 3443 3016 3400 3017 3401 3063 3445 3064 3163 3536 3164 2769 3165
 3537 3166 3446 3065 3018 3402 3019 3403 3066 3447 3067 3020 3404 3021
 2685 3487 3108 3167 3538 3168 3539 3109 3488 3110 3022 3405 3023 3540
 3169 3541 3111 3448 3068 3449 3112 3489 3170 3542 3171 3490 3069 2715
 3113 3543 3172 3491 3406 3024 3407 3025 3544 3173 3545 2754 3782 3503
 3756 3081 2727 3125 2753 3783 3502 3755 3080 2697 3461 3732 3037 2671
 3419 2698 3706 2647 2983 3682 3371 3705 3418 3733 3036 2670 2982 2648
 3683 3370 2649 3704 3417 2696 3734 3079 3754 3460 2726 3124 2752 3501
 3784 2751 3500 3785 2750 3122 3752 3499 3786 2723 3121 2749 3787 3498
 3751 3457 3736 3077 2694 3458 2724 3078 3753 3123 2725 3459 3035 2669
 2981 3684 3369 3703 2695 3416 3735 3034 2668 2980 2650 3685 3368 2651
 3686 2979 3702 3415 2667 3033 2693 3414 3701 3367 2652 2978 2666 3032
 3737 3076 2722 3456 2692 3750 3120 2748 3497 3788 2747 3119 3749 3455
 2721 3075 3738 3413 3700 3366 3687 2653 2977 3688 2654 3365 2665 3031
 2691 3074 2720 3496 3789 3118 2746 3495 2719 3453 2689 3410 3741 3072
 3747 3117 3790 2745 3494 3791 2718 3452 2688 3071 3746 3116 2744 3493
 3792 3115 2743 3492 3793 2742 3114 2716 3744 3450 2686 3026 2660 3743
 3070 3745 2717 3451 2687 3408 3695 3027 3742 2661 3409 3696 3028 2662
 3697 3029 3740 3411 2663 3698 3364 2664 3030 2690 3073 3748 3454 3739
 3412 3699 2976 3689 2655 2975 3690 3363 2656 2974 3691 3362 2657 2973
 3692 3361 2658 2972 3693 3360 3694 2659   75 2497 2479 1274 2478 1273
 2477 1272 2476 1271 2475 1270 2474 1269 2473 1268 2472 1267 2471 1266
 2470 1265 2469 1264 2468 1263 2467 1262 2466 1261 2465 1260 2464 1259
 2463 1258 2462 1257 2461 1256 2460 1255 2459 1254 2458 1253 2457 1252
 2456 1251 2455 1250 2454 1249 2453 1248 2452 1247 2451 1246 2450 1245
 2449 1244 2448 1243 2447 1242 2446 1241 2445 1240 2444 1239 2443 1238
 2442 1237 2441 1236 2440 1235 2439 1234 2438 1233 2437 1232 2436 1231
 2435 1230 2434 1229 2433 1228 2432 1227 2431 1226 2430 1225 2429 1224
 2428 1223 2427 1222 2426 1221 2425 1220 2424 1219 2423 1218 2422 1217
 2421 1216 2420 1215 2419 1214 2418   74 1213 2417 1212   73 2480 1275
 2481 1276 2482 2416 1211 2415 1210 2414 1277 2483 1278 1209 2413 1208
 2412 1207 2411 1206 2410 1205 2409 1204 2408 1203 2407 1202 2406 1201
 2405 1200 2404 1199 2403 1198 2402 1197 2401 1196 2400 1195 2399 1194
 2398 1193 2397 1192 2396 1191 2395 1190 2394 1189 2393 1188 2392 1187
 2391 1186 2390 1185 2389 1184 2388 1183 2387 1182 2386 1181 2385 1180
 2384 1179 2383 1178 2382 1177 2381 1176 1118 2326 1117 2325 1116 2324
 1115 2323 1114 2322 1113 2321 1112 2320 1111 2319 1110 2318 1109 2317
 1108 2316 1107 2315 1106 2314 1105 2313 1104 2312 1103 2311 1102 2310
 1101 2309 1100 2308 1099 2307 1098 2306 1097 2305 1096 2304 1095 2303
 1094 2302 1093 2301 1092 2300 1091 2299 1090 2298 1089 2297 1088 1033
 2238 1032 2237 1031 2239 1034 2240 2236 1030 2235 1035 2241 1029 2234
 1036 1064 2271 1037 2242 1028 2233 1027   50 2243 1063 1084 2293 1085
 2294 1086 2295 1087 2296 2343 1138 2344 1139 2345 1140 2346 1141 2347
 1155 1157 2363 1156 2375 1168 2374 1167 2373 1166 2372 1165 2371 1164
 2370 1158 2364 1154 2362   68 2292 1083 2291 1082 2290 1119 2327 1081
   62 2289   61 2247 1041 2246   56 2268 1061 2269 1062 2270 1038 2244
 1039 2245 1040 2232 1026 2231 1025 2230 1042 2248 1024 2229   51   57
 1065 2272 1066 2273   58 2267 1067 2288   63 1135 2341 1136 2342 1142
   69 1137   67 2361 1153 2360 1152 2348 1143 2359 2349 2340 1134 1145
 2350 1144 1159 2365 1160 2366   72 2351 1146 2352 1163 2369 1162 1147
 2353 1148 2354   70 2358 1151 2357 1150 2356   71 1149 2355 2368 1161
 2367 1175 2380 1174 2379 1169 2376 1173 2378 1172 1171 2377 1170 1129
 2337 1130 2338 1131 2495 2496 2215 1011 2216 1012 2217 1013 2218   55
 1014 2219 1015 2220 1050 2257 1051 2258 1052 2259 1053 2260 1054 2261
 2256 1016 2221   54 1049 2255 1056 2263   59 1073 2280 1074 2262 1055
 2281   60 1077 2284 1076 2283 1075 2282 2336 1128 2335 1127 2334 1126
 2333 1125 2332 1124   64 1132   65 1123 2339 1133 2331 1122 2330 1121
 2329 1120   66 2328 1069 2276 1070 2277 1071 2278 1072 2279 2222 1017
 2223 1018 2224 1048 2254 1019 2225 1047 2253 1020 2226 1046 2264 1057
 2285 1078 2286 2275 1079 2287 1080 2274 1068 1059 2265 1058 2252 1021
 2227 1045   53 2251 1044 2266 1060 2250 1043 2249   52 1022 2228 1023
 1010 2214 1009 2213 1008 2207   48 1003 2212   49 2208 1004 2209 1005
 2210 1006 2211 1007 2158  879 2083  880  953 2157  952 2156  951 2155
  950 2154  883 2086  882 2024  821 2085  881 2025  822 2084 2026  823
 2027  824 2028  825 2029  877 2081  878 2082  954 2159  955 2160  956
 2161  957 2079  876 2080  826 2030  827 2031  875 2162  958 2163 2078
  828 2032  874 2077  959 2164  960 2165  961 2166  962 2167  963 2168
  964 2169  965 2170  966 2171  967 2172  968 2173  969 2174  970 2175
  971 2176  972 2177  973 2178  974 2179  975 2180  976 2181  977 2182
  978 2183  979 2184  980 2185  981 2186  982 2187  983 2188  984 2189
  985 2190  986 2191  987 2192  988 2193  989 2194  990 2195  991 2196
  992 2197  993 2198  994 2199  995 2200  996 2201  997 2202  998 2203
  999 2204 1000 2205 1001 2206 1002   47   46  873 2076  872 2075  871
 2074  870 2073  869 2072  868 2071  867 2070  866 2069  865 2068  864
 2067  863 2066  862 2065  861 2064  860 2063  859 2062  858 2061  857
 2060  856 2059  855 2058  854 2057  853 2056  852 2055  851 2054  850
 2053  849 2052  848 2051  847 2050  846 2049  845 2048  844 2047  843
 2046  842 2045  841 2044  840 2043  839 2042  838 2041  837 2040  836
 2039  835 2038  834 2037  833 2036  832 2035  831 2034  830 2033  829
   44 1936  733 1937  734 1938  735 1939  736 1940  737 1941  738 1942
  739 1943  740 1944  741 1945  742 1946  743 1947  744   43 1948  820
 2023  745 1949  746  819 2022  818 1950  747 2021  817 1951  748 2020
  816 1952  749 2019  815 1953  750 2018  814 1954  751 2017  813 1955
 2016  812 2015  811 2014  810 2013  809 2012  808 2011  807 1961  757
 1960  756 1959  755 1958  754 1957  753 1956  752 1916  713 1917  714
 1918  715 1919  716 1920  717 1921  718 1922  719 1923  720 1924  721
 1925  722 1926  723 1927  724 1928  725 1929  726 1930  727 1931  728
 1932  729 1933  730 1934  642 1847  643 1848  644 1849  645 1850  646
 1851  647 1852  648 1853  649 1854  650 1855  651 1856  652 1857  653
 1858  654 1859  655 1860  656 1861  657 1862  658 1863  659 1864  660
 1865  661  712 1915  711 1866 1914  662 1867  710 1913  663 1868  709
 1912  664 1869  708 1911  665 1870  707 1910  666 1871  706 1909  667
 1872  668 1873  669 1874  670 1906  703 1907  704 1908  705 1963  759
 1962  758 2010  806 2009  805 2008  760 1964  804 2007  761 1965  803
 2006  762 1966  802 2005  801  763 1967  764 2004  800 1968  765 2003
  799 1969 1903  700 1904  701 1905  702 1875  671 1876  672 1877  673
 1878  699 1902  674 1879  698 1901  675 1880  697 1900  676 1881  696
 1899  677 1882  695 1898  678 1883  694 1897  679 1884  693 1896  680
 1885  692 1895  681 1886  691 1894  682 1887  690 1893  683  689 1892
  688 1891  687 1890  686 1889  685 1888  684  779 1982  778 1981  777
 1980  776 1979  775 1978  774 1977  773 1976  772 1975  771 1974  770
 1973  769 1972  768 1971  767 1970  766 2002  798 2001  797 2000  796
 1999  795 1998  794 1997  793 1996  792 1995  791 1994  790 1993  789
 1992  788 1991  787 1990  786 1989  785 1988  784 1987  783 1986  782
 1985  781 1984  780 1983 1590   35  386 1591  387 1592  388 1593  389
 1594  390 1595  391 1596  392 1597  393 1598  394 1599  395 1600  396
 1601  397 1602  398 1603  399 1604  400 1605  401 1606  402 1607  403
 1608  404 1609  405 1610  406  237 1440  236 1439  235 1438  234 1437
  233 1436   34  218  210 1413   25 1421  219 1422  220 1423  221 1424
  222 1425  223 1426   28   29 1428  225 1427  224    0 2606 2971 3645
 3264 2550 2867 3596 2868 2605 3359 3646 2607 2970 3647 3358 2608 2969
 3648 3357 2609 3642 2870 2603 3643 3266 3598 2865 3593 3262 2548 2866
 3597 2552 2869 2604 3644 3265 2551 3263 2549 3595 2498 3174 3546 2770
 3594 2499 3175 3547 2771 2500 3176 2547 3261 3592 2772 3548 2501 3177
 3549 2546 2864 2553 3267 3599 3260 3591 2773 2502 3178 3550 2774 2503
 3551 2544 3179 2545 2863 2554 2871 2602 2968 3649 3356 3641 2610 2967
 3650 2601 3268 3600 3259 3590 2862 2555 2872 3355 2611 3640 3269 3601
 3258 2775 2504 3552 3180 3589 2861 2556 2873 2600 2966 3651 3354 2612
 3652 3353 3638 3271 3603 3256 2542 2860 2557 2874 2599 2965 3639 3270
 3602 3257 2543 3588 3181 2776 2505 3553 2777 3587 2859 3604 3272 2558
 2875 3637 2598 2964 2613 3653 3352 2614 2963 2597 3654 3351 2615 2962
 3655 2616 2961 3656 3349 2595 3274 3635 3350 2596 2877 2560 2857 3585
 3254 2540 3183 3586 2858 3605 3273 3636 2876 2559 3255 2541 3182 2506
 3554 2778 2507 3555 2779 2508 3184 3556 2539 2780 2509 3584 3253 3606
 2878 2561 3275 3634 2594 2960 2617 3657 2618 3348 3633 2879 2562 3583
 3252 3607 2856 2538 3185 3557 2781 2510 2782 3186 2783 3187 3347 2959
 3346 2958 3276 2880 2563 2855 3251 2881 3277 3345 2957 3344 2956 3278
 2854 3250 2882 3343 2955 3342 2784 3188 2785 2883 3279 2537 2786 3189
 2787 2853 2885 3280 2884 3341 2954 3340 2953 3249 3190 2788 3191 2789
 2851 3248 2852 2952 3339 2951 2619 2950 3338 2949 2948 3337 2947 3281
 3246 2849 3247 2850 3192 2790 3193 2848 2886 3245 2791 2792 3194 2793
 3283 2887 3282 2593 3336 2946 3335 2888 2945 2944 3334 2943 3284 2889
 3244 2847 3195 2794 3196 2795 3197 2846 2796 3243 2564 3333 2942    1
   86 1288   85 1287   84    5 1299   96 1298   95 1297   94 1296   93
 1286    4 1294   92 1295    8 1319  116 1320  117 1321  115 1318  118
 1322  114 1317  119 1323  113  120 1316  112 1324  121    9 1315 2485
   87   83 1289   88 1285   82 1284 1283   81 1282   80 1281    3   79
 1280   78 1279   77    6 1293   91 1292   90 1291   89 1290 2484  102
 1305  103 1306  104 1307  105 1308  106 1309  107 1310  108 1311  109
 1312  110 1313   10 1328  111 1314  125 1327 2486  124 1326  123    7
 1304  101 1303  100 1302   99 1301   98 1300   97  127 1331  128 1332
  129 1333  130   14 1352  149 1351  148 1350  147 1349  146 1348 2489
   15  135  122 1325   11 1330  126 1329 1340  138 1339  137 1338  136
 1337   18  162 1363  161 1362  160 1361  159 1360  158 1370  168 2490
 1379  177 1378  169 1371   19 1359  157 1358  156 1357   13  150 1353
  155 1356  154  151 1354  152 1355  153 2488   12  131 1334  132 1335
  133 1336  134 2487 2492  172 1374  173 1375  174 1376  187 1388  175
   20  186   24 1389  188 1387  185 1390  189 1386  184 1391  190 1385
  183 1384 1392  191 1393 2493  182 2491 1373  171 1372  170   21 1377
  176 1412  209 1411  208 1410  207 1409  206 1408  205 1407 1394  204
 1406  192 1395  203 1405  193 1396  202 1404  194 1397  195 1398  196
 1399  197 1400  198 1401  199 1402  200 1403  201   23   22 1380  178
 1381  179 1382  180 1383  181 1369  167 1368  166 1367  165 1366  164
 1365  163 1364   17   16 1347  145 1346  144 1345  143 1344  142 1343
  141 1342  140 1341  139 2620 3658 2621 3332 2592 2941 3632 3285 2565
 3582 3198 2511 3558 2797 2512 3581 3199 3559 2798 2535 3609 2844 2566
 3242 2536 2845 3608 2890 3631 3286 2591 2940 3659 3331 2622 3630 2891
 2567 3241 3580 2843 3610 2534 3200 2513 3560 2799 2514 3561 3201 3579
 3240 2568 2842 3611 3288 3629 2892 2590 3287 2939 3660 3330 2623 2938
 3661 2624 3329 2589 2893 3628 3289 2569 3239 2533 2800 2515 3578 2841
 3612 3238 2570 2894 2588 2937 3662 3328 2625 3627 2936 3663 2587 3290
 3613 2840 3577 2532 3202 3562 2801 2516 3563 2802 3203 2531 3237 2895
 3626 3327 2626 2935 3664 3326 2586 3291 2571 3576 2839 2530 3204 2517
 3564 2803 2518 3205 3575 3236 3614 2896 2572 2838 2529 3574 2804 3565
 2519 3206 3566 2520 3567 2806 2521 3568 2807 3571 3232 2526 3208 3572
 2835 3618 3295 2575 2899 2583 2932 3623 3294 3617 3233 2527 2836 3573
 3207 2805 2528 2837 3616 3234 2574 2898 2584 3293 2573 3235 3615 3292
 3625 2627 2934 3665 3325 2585 2897 3624 2933 2628 3666 3324 2629 3667
 3323 3622 2630 3668 2931 2582 2900 2576 2834 2525 3209 2522 3569 2808
 2523 3570 3231 2577 2901 3619 2581 3296 3621 3322 2631 2930 3669 3321
 2632 3620 3320 2929 3319 2809 3210 2810 3211 2833 3230 2832 3229 2904
 3299 2903 3298 2578 2902 3297 2928 3318 2927 3317 2926 3316 2925 3315
 2811 3212 2812 2905 3300 2524 2813 3213 2814 3301 2906 3314 2924 3313
 2923 2907 2831 3228 3214 2830 3227 2815 3215 2816 2829 2922 3312 2921
 2633 2920 3311 2919 2828 3226 2918 3310 2917 3302 2826 3225 2827 3216
 2817 3217 2818 3224 2908 3303 2580 3309 2916 3304 2909 2819 3218 2820
 3219 2821 3220 2822 3221 2823 2579 3222 2824 3223 2825 2910 3308 2915
 2914 3307 2911 3305 2913 3306 2912    2  211 1414   26  212 1415  213
 1416  214 1417  215 1418  216 1419  217 1420   27   30 1430  227 1429
  226   33 1441  238 1442  239 1443  240 1444  241 1445  242 1446  243
 1447  244 1448  245 1449  246 1450  247 1451  248 1452  249 1453  250
 1454  251 1455  252 1456  253 1457  254 1458  255 1459  256 1460  257
 1461  258 1462  259 1463  260 1464  261 1465  262 1466  263 1467  264
 1468  265 1469  266 1470  267 1471  268 1472  269 1473  270 1474  271
 1475  272 1476  232 1435  273 1477  231 1434  274 1478  230 1433  275
 1479  229 1432  276 1480  228 1431  277   32 1481  278 1482  279 1483
  280 1484  281 1485  282 1486  283 1487  284 1488  285 1489  286 1490
  287 1491  288 1492  289 1493  290 1494  291 1495  292 1496  293 1497
  294 1498  295 1499  296 1500  297 1501  298 1502  299 1503  300 1504
  301 1505  302 1506  303 1507  304 1508  305 1509  306 1510  307 1511
  308 1512  309 1513  310 1514  311 1515  312 1516  313 2494 1517   31
  314 1518  315 1519  316 1520  317 1521  318 1522  319 1523  320 1524
  321 1525  322 1526  323 1527  324 1528  325 1529  326 1530  327 1531
  328 1532  329 1533  330 1534  331 1535  332 1536  333 1537  334 1538
  335 1539  336 1540  337 1541  338 1542  339 1543  340 1544  341 1545
  342 1546  343 1547  344 1548  345 1549  346 1550  347 1551  348 1552
  349 1553  350 1554  351 1555  352 1556  353 1557  354 1558  355 1559
  356]

eliteFit: 29060.0
percentError: 1.000973168358126
computationTime: 922.136s