instanceName: fl1400
n: 1400
optFit: 20127

genTime, gen, eliteFit, percentError:
0.001642499992158264, 0, 1623082.0, 7964.202
1.100995500004501, 1, 20933.0, 4.005
0.8031047999975272, 2, 20806.0, 3.374
0.7858128000079887, 3, 20710.0, 2.897
0.7697549000004074, 4, 20686.0, 2.777
0.7648282999871299, 5, 20677.0, 2.733
0.7466272000019671, 6, 20656.0, 2.628
0.6591149000014411, 7, 20640.0, 2.549
0.6615847999928519, 8, 20632.0, 2.509
0.7122122000000672, 9, 20610.0, 2.400
0.7352984999888577, 10, 20578.0, 2.241
0.7170818000013242, 11, 20578.0, 2.241
0.6212835000042105, 12, 20562.0, 2.161
0.43025760000455193, 13, 20544.0, 2.072
0.35450590000255033, 14, 20524.0, 1.972
0.35486979999404866, 15, 20505.0, 1.878
0.37820490000012796, 16, 20485.0, 1.779
0.3147414999984903, 17, 20481.0, 1.759
0.37255309999454767, 18, 20465.0, 1.679
0.3454939000075683, 19, 20450.0, 1.605
0.368076500002644, 20, 20439.0, 1.550
0.37965970000368543, 21, 20436.0, 1.535
0.31622069999866653, 22, 20431.0, 1.510
0.4302501999918604, 23, 20417.0, 1.441
0.328415900003165, 24, 20404.0, 1.376
0.36951269999553915, 25, 20400.0, 1.356
0.31864099999074824, 26, 20396.0, 1.337
0.305097400007071, 27, 20393.0, 1.322
0.2860920000093756, 28, 20393.0, 1.322
0.2246406000049319, 29, 20392.0, 1.317
0.17883469999651425, 30, 20390.0, 1.307
0.23050730000250041, 31, 20387.0, 1.292
0.246790899996995, 32, 20387.0, 1.292
0.24559369999042246, 33, 20387.0, 1.292
0.21757689998776186, 34, 20383.0, 1.272
0.23243019999063108, 35, 20383.0, 1.272
0.1933716000057757, 36, 20383.0, 1.272
0.22117599999182858, 37, 20383.0, 1.272
0.2208913000067696, 38, 20383.0, 1.272
0.21551150000595953, 39, 20383.0, 1.272
0.19646079999802168, 40, 20383.0, 1.272
0.21015209998586215, 41, 20383.0, 1.272
0.1480567999969935, 42, 20383.0, 1.272
0.237030300006154, 43, 20376.0, 1.237
0.18714619999809656, 44, 20376.0, 1.237
0.19456480001099408, 45, 20375.0, 1.232
0.23633920001157094, 46, 20371.0, 1.212
0.18476590000500437, 47, 20371.0, 1.212
0.21520599999348633, 48, 20367.0, 1.192
0.21845280000707135, 49, 20367.0, 1.192
0.2231439000024693, 50, 20366.0, 1.187
0.21525280000059865, 51, 20362.0, 1.168
0.21874120000575203, 52, 20362.0, 1.168
0.23259610000241082, 53, 20362.0, 1.168
0.22517549998883624, 54, 20362.0, 1.168
0.2098857999953907, 55, 20362.0, 1.168
0.20553589999326505, 56, 20362.0, 1.168
0.19260779999603983, 57, 20362.0, 1.168
0.22427559999050573, 58, 20362.0, 1.168
0.16635900000983384, 59, 20362.0, 1.168
0.2104144000040833, 60, 20362.0, 1.168
0.1743068000068888, 61, 20362.0, 1.168
0.2263091000058921, 62, 20362.0, 1.168
0.2201684000028763, 63, 20362.0, 1.168
0.21792919999279547, 64, 20362.0, 1.168
0.18256990000372753, 65, 20362.0, 1.168
0.22686340000655036, 66, 20362.0, 1.168
0.2660920999915106, 67, 20362.0, 1.168
0.16910929999721702, 68, 20362.0, 1.168
0.20203919999767095, 69, 20362.0, 1.168
0.21858400000201073, 70, 20362.0, 1.168
0.19496009999420494, 71, 20362.0, 1.168
0.21156979999796022, 72, 20362.0, 1.168
0.22411169999395497, 73, 20362.0, 1.168
0.20496979999006726, 74, 20362.0, 1.168
0.186643399996683, 75, 20362.0, 1.168
0.21487109998997767, 76, 20362.0, 1.168
0.22265060000063386, 77, 20362.0, 1.168
0.1927267999999458, 78, 20362.0, 1.168
0.22045239999715704, 79, 20362.0, 1.168
0.1873724999895785, 80, 20362.0, 1.168
0.1903825999906985, 81, 20362.0, 1.168
0.1867631000059191, 82, 20357.0, 1.143
0.24038540000037756, 83, 20357.0, 1.143
0.38766030000988394, 84, 20357.0, 1.143
0.33606079999299254, 85, 20357.0, 1.143
0.45598830000380985, 86, 20357.0, 1.143
0.43635770000400953, 87, 20357.0, 1.143
0.2803266999981133, 88, 20340.0, 1.058
0.2790741000062553, 89, 20340.0, 1.058
0.2234247000014875, 90, 20340.0, 1.058
0.3419225999969058, 91, 20340.0, 1.058
0.4175913999933982, 92, 20340.0, 1.058
0.4990133999963291, 93, 20331.0, 1.014
0.44807009999931324, 94, 20331.0, 1.014
0.3870898000022862, 95, 20331.0, 1.014
0.5436181999975815, 96, 20323.0, 0.974
0.4694533000001684, 97, 20323.0, 0.974
0.29530460000387393, 98, 20323.0, 0.974
0.19437689999176655, 99, 20323.0, 0.974
0.22045799999614246, 100, 20323.0, 0.974
0.21834490000037476, 101, 20323.0, 0.974
0.19173640001099557, 102, 20323.0, 0.974
0.1862049999908777, 103, 20323.0, 0.974
0.2195783999923151, 104, 20319.0, 0.954
0.20487680000951514, 105, 20319.0, 0.954
0.20757009999942966, 106, 20319.0, 0.954
0.24872550000145566, 107, 20319.0, 0.954
0.22184570001263637, 108, 20319.0, 0.954
0.2274228000023868, 109, 20319.0, 0.954
0.18395259999670088, 110, 20319.0, 0.954
0.171577500004787, 111, 20311.0, 0.914
0.2035355999978492, 112, 20311.0, 0.914
0.22534340000129305, 113, 20311.0, 0.914
0.21643990000302438, 114, 20311.0, 0.914
0.204581900004996, 115, 20311.0, 0.914
0.1936328999872785, 116, 20308.0, 0.899
0.2508681000035722, 117, 20308.0, 0.899
0.20885580001049675, 118, 20308.0, 0.899
0.2669603999966057, 119, 20308.0, 0.899
0.3866050999931758, 120, 20308.0, 0.899
0.42763090001244564, 121, 20307.0, 0.894
0.4766741000057664, 122, 20306.0, 0.889
0.4044829999911599, 123, 20296.0, 0.840
0.2939542999956757, 124, 20295.0, 0.835
0.34900529999868013, 125, 20295.0, 0.835
0.29231039999285713, 126, 20292.0, 0.820
0.2608512000006158, 127, 20291.0, 0.815
0.18290410000190604, 128, 20291.0, 0.815
0.22830989999056328, 129, 20284.0, 0.780
0.19155659999523778, 130, 20284.0, 0.780
0.2311313000100199, 131, 20280.0, 0.760
0.26328749999811407, 132, 20280.0, 0.760
0.2017036999895936, 133, 20280.0, 0.760
0.2853684000001522, 134, 20280.0, 0.760
0.23033140000188723, 135, 20280.0, 0.760
0.20896289999654982, 136, 20280.0, 0.760
0.21915099999750964, 137, 20280.0, 0.760
0.2085510000033537, 138, 20280.0, 0.760
0.22690330000477843, 139, 20280.0, 0.760
0.2075629999890225, 140, 20280.0, 0.760
0.23753430000215303, 141, 20280.0, 0.760
0.1937296999967657, 142, 20280.0, 0.760
0.21056040000985377, 143, 20280.0, 0.760
0.19833250000374392, 144, 20280.0, 0.760
0.22510450000117999, 145, 20280.0, 0.760
0.22735639999154955, 146, 20280.0, 0.760
0.21138049999717623, 147, 20280.0, 0.760
0.15931619999173563, 148, 20280.0, 0.760
0.17644659998768475, 149, 20280.0, 0.760
0.19984529999783263, 150, 20280.0, 0.760
0.18721070000901818, 151, 20280.0, 0.760
0.23066599998855963, 152, 20280.0, 0.760
0.22173029999248683, 153, 20280.0, 0.760
0.2057455000031041, 154, 20280.0, 0.760
0.18354610000096727, 155, 20280.0, 0.760
0.18463389998942148, 156, 20280.0, 0.760
0.20738180000626016, 157, 20280.0, 0.760
0.20307930000126362, 158, 20280.0, 0.760
0.2280555000033928, 159, 20280.0, 0.760
0.22788020000734832, 160, 20280.0, 0.760
0.20656410000810865, 161, 20280.0, 0.760
0.20473949999723118, 162, 20280.0, 0.760
0.1818127999868011, 163, 20280.0, 0.760
0.23348670000268612, 164, 20280.0, 0.760
0.2051460000075167, 165, 20280.0, 0.760
0.18387960000836756, 166, 20280.0, 0.760
0.19140569999581203, 167, 20280.0, 0.760
0.18008560000453144, 168, 20280.0, 0.760
0.18313689999922644, 169, 20280.0, 0.760
0.19573269999818876, 170, 20280.0, 0.760
0.1662639999995008, 171, 20280.0, 0.760
0.19635130000824574, 172, 20280.0, 0.760
0.1837270000105491, 173, 20280.0, 0.760
0.18997969999327324, 174, 20280.0, 0.760
0.2465187999914633, 175, 20280.0, 0.760
0.20682970000780188, 176, 20280.0, 0.760
0.19833550001203548, 177, 20280.0, 0.760
0.23338089999742806, 178, 20280.0, 0.760
0.17341810000652913, 179, 20280.0, 0.760
0.1995423999906052, 180, 20280.0, 0.760
0.1796299999987241, 181, 20280.0, 0.760

tour:
[ 855  929  829  905  769  931  857  953  795  881  828  904  856  930
  796  882  767  830  954  770  884  833  773  956  860  908  798  932
  858  906  831  768  883  797  832  907  859  955  771  885  834  774
  957  799  933  772  835  909  775  861 1290 1393 1352 1341 1387 1250
 1342 1251 1265 1275 1360 1291 1292 1276 1343 1252 1253 1277 1396 1254
 1353 1361 1293 1294 1344 1266 1295 1398 1367 1296 1267 1255 1345 1297
 1298 1278 1268 1256 1390 1354 1368 1279 1257 1258 1369 1280 1355 1394
 1356 1259 1388 1346 1362 1370 1260 1057 1131 1022 1156  998 1084  959
 1058  960 1132 1023 1108  963 1134 1060 1086  962 1133 1059 1107  997
 1083  958 1021 1155  961 1085  999 1024 1157  964 1061 1135 1001 1087
 1027 1159  967 1089 1030 1161  970 1091 1033 1163 1005 1115 1034 1092
 1066 1114 1004 1162  971 1139 1065 1003 1113 1031 1137 1063 1111 1028
 1088 1002 1136 1062  965 1109 1025 1158 1000 1110 1026  966 1029  969
 1112 1064 1160  968 1090 1138 1032  972 1140 1006 1164  974 1094 1068
 1116 1035  975 1038 1142 1008 1037 1117 1007 1141 1067 1093  973 1036
 1165  976 1095 1069 1143 1009 1039 1167  979 1097 1071 1119 1040 1096
  977 1166 1070 1118  978 1144 1041  981 1120 1010 1168  980 1098 1072
 1146 1012 1170 1043 1145 1011 1042 1169  982 1099 1073 1121  983 1100
 1074 1122 1044  984 1148 1014 1124 1047  987 1050 1150 1076 1172 1046
 1147 1013 1045 1171  985 1101 1075 1123  986 1149 1049 1102 1016 1174
 1078 1126  990 1152 1053 1018 1128  993 1154 1056  996 1082 1130 1020
 1106 1080 1176  992 1127 1017 1103 1077 1151 1052 1104  989 1125 1015
 1173 1048  988 1051 1175  991 1105 1079 1153 1055 1178  995 1129 1019
 1054 1177 1081  994    3 1399  211  199  210   79  209  169   71  181
  280   84  293   95  292  194  196  102  104  101  103  195  187  283
   83   78  276  178  274   74  268   64  173  267  172  168  266   67
  273   70   66   73   77  279   88   82  282   89  193  192  191  291
  184  288  190  290   99  100  294  105  107  108  198   97   93   92
   96  197  185  166   65   68  270   72  175  271  167  269  174   76
  277   80  284   90  179  275   85  285  188  281  182  278   81   86
  286  189   94  289   98   87   91  287  183  186  180  177  272   69
  176  265  171  170   62  261  163  165  263   61  260  162  160  158
  161   59  256  255   56  252  153  257  156   50  247   47   48   45
  147  145  144  244  243   42   49   52  253  154   54  254   55   60
  258   58   57  157  155  250  150  152   51  249   53  151  251  248
  149  148  246   46   44  146  245   41   39   37  142  242  137  239
  138  240    2  554  640  688  614  551  686  611  710  576  610  709
  575  685  550  734  638  712  578  736  553  687  613  664  711  577
  639  552  735  612  663  637  733  549  609  661  546  635  683  547
  662  548  608  574  684  636  732  607  660  544  707  573  731  606
  659  633  729  543  603  657  571  681  604  658  572  730  634  708
  545  682  605  706  542  602  704  630  656  570  680  632  728  541
  705  631  540  727  569  679  601  703  629  655  600  537  725  597
  534  653  567  677  538  726  598  701  535  654  628  724  566  676
  702  568  678  539  599  536  596  700  626  674  533  593  698  530
  672  562  648  589  561  671  529  720  624  650  564  722  592  697
  623  563  673  532  652  595  699  625  651  565  675  627  723  594
  531  721  591  649  528  719  588  647  525  717  621  695  526  718
  622  696  590  527  670  587  694  560  646  523  693  586  669  559
  585  645  522  619  715  582  557  667  583  691  617  643  519  713
  579  516  641  615  689  517  642  580  555  665  520  714  618  644
  558  716  620  524  668  584  692  521  666  556  581  518  690  616
 1334 1200 1310 1374 1199 1320 1326 1380 1220 1319 1198 1197 1376 1318
 1332 1219 1333  219  117 1238 1218 1196 1208 1309 1195 1207 1237 1236
 1331 1384 1235 1206 1234 1233 1325 1308 1194 1317 1382 1217 1193 1192
 1216 1232 1231 1324 1215 1205 1307 1191 1306 1190 1373 1305 1316 1379
 1230  203   25  230   28  234  131  207  132   35   27  205   22  227
   21   29  206   34  133  140  238   31  229  125   23   16  121  223
  201  225  122  226   24  224   19  118  220   13   11  218    4  110
  214  113  213  109   10    8    9  112  111    5  212    7    6   15
  222   20  204  127  136  139   30  233  123  202  124  126  228  120
  200   12   14   18  221  217  116  216  115  119   17  129  232  128
  231   33  235   32  130   26  237  135  236  134   40   43   38   36
  141  241  114  215 1328 1213 1329 1214 1378 1315 1323 1330  297  469
  395  421  335  445  360  300  471  363  303  366  449  306  369  475
  401  427  341  451  309  372  453  343  477  403  429  371  452  404
  430  344  478  311  501  405  431  374  454  406  346  480  314  503
  407  455  345  479  312  375  315  481  378  457  409  505  347  433
  377  456  317  435  380  482  458  320  507  349  483  318  381  321
  459  411  485  384  324  487  387  463  327  489  390  465  330  491
  393  357  467  333  419  515  392  443  417  513  329  490  466  332
  418  331  514  391  442  356  416  464  389  355  441  415  353  511
  326  488  354  512  328  388  440  414  462  386  439  323  486  352
  510  325  385  438  412  322  508  382  319  436  350  460  383  509
  413  461  351  437  484  410  506  379  348  434  316  408  504  376
  432  313  502  373  310  500  370  307  428  342  476  402  498  367
  426  340  450  308  499  368  474  305  448  400  496  304  364  301
  424  338  472  365  497  339  473  399  447  337  423  397  493  359
  468  296  394  420  334  444  299  470  362  495  425  302  446  398
  494  361  336  422  298  396  492  358  295 1189 1304 1188 1372 1314
 1187 1186 1375 1313 1185 1204 1212 1229 1228 1303 1184 1203 1227 1327
 1383 1226 1202 1302 1225 1224 1322 1312 1183 1182 1381 1211 1181 1301
 1210 1223 1222 1201 1180 1300 1209 1321 1311 1179 1371 1299 1377 1221
    0  208  143  159  259  164  262  264   63   75  106 1247 1246 1389
 1349 1245 1264 1339 1263 1244 1262 1338 1243 1242 1241 1337 1261 1240
 1336 1239 1385    1 1335 1347 1391 1281 1357 1269 1282 1283 1270 1271
 1395 1348 1358 1284 1285 1286 1397 1363 1287 1288 1289 1272 1364 1273
 1365 1274 1350 1386 1248 1351 1392 1359 1340 1249 1366  739  911  777
  887  802  742  913  839  935  863  837  738  836  862  737  800  934
  776  910  801  886  838  740  864  803  743  936  778  888  804  912
  741  865  779  805  889  841  937  744  867  807  890  914  840  866
  806  780  938  746  868  842  916  810  941  783  917  843  869  747
  939  781  915  745  808  891  748  811  751  893  845  919  814  785
  871  750  918  844  892  782  809  940  749  870  812  752  942  784
  813  943  753  894  846  920  786  872  815  944  755  874  788  818
  946  758  821  948  761  852  878  824  950  792  902  854  764  880
  827  952  794  928  765  825  926  762  949  791  877  822  900  790
  876  850  924  759  898  819  922  848  896  816  873  847  895  754
  921  817  897  787  945  756  875  849  757  923  820  899  789  947
  851  925  760  823  901  853  763  826  927  879  951  793  903  766]

eliteFit: 20280.0
percentError: 0.7601729020718438
computationTime: 50.731s