instanceName: d1291
n: 1291
optFit: 50801

genTime, gen, eliteFit, percentError:
0.0015321999962907284, 0, 1683700.0, 3214.305
1.0052614000014728, 1, 57207.0, 12.610
0.6073324000026332, 2, 56156.0, 10.541
0.6075209000118775, 3, 55113.0, 8.488
0.5604408999934094, 4, 54397.0, 7.079
0.5451752000080887, 5, 54232.0, 6.754
0.56119540000509, 6, 54079.0, 6.453
0.5641359000001103, 7, 53690.0, 5.687
0.5508583000046201, 8, 53609.0, 5.527
0.5482075000036275, 9, 53254.0, 4.829
0.5337763999996241, 10, 53073.0, 4.472
0.5290831000020262, 11, 52841.0, 4.016
0.49994280000100844, 12, 52472.0, 3.289
0.46538299998792354, 13, 52472.0, 3.289
0.46587679999356624, 14, 52304.0, 2.959
0.4520775999990292, 15, 52244.0, 2.840
0.38596030000189785, 16, 52176.0, 2.707
0.2527750000008382, 17, 52165.0, 2.685
0.2191286999877775, 18, 52090.0, 2.537
0.18385509999643546, 19, 52034.0, 2.427
0.15049709999584593, 20, 52011.0, 2.382
0.2027234999986831, 21, 51901.0, 2.165
0.20977870000933763, 22, 51882.0, 2.128
0.18239119999634568, 23, 51841.0, 2.047
0.19127609999850392, 24, 51752.0, 1.872
0.17900830000871792, 25, 51752.0, 1.872
0.1717343000054825, 26, 51752.0, 1.872
0.16096850000030827, 27, 51752.0, 1.872
0.13181900000199676, 28, 51752.0, 1.872
0.14552069999626838, 29, 51752.0, 1.872
0.18490809999639168, 30, 51752.0, 1.872
0.1645970999961719, 31, 51752.0, 1.872
0.1490025999955833, 32, 51752.0, 1.872
0.15197720000287518, 33, 51752.0, 1.872
0.15441309999732766, 34, 51752.0, 1.872
0.15970889999880455, 35, 51752.0, 1.872
0.1556027000042377, 36, 51678.0, 1.726
0.16275170000153594, 37, 51678.0, 1.726
0.13009280001278967, 38, 51678.0, 1.726
0.1323578000010457, 39, 51678.0, 1.726
0.16115100000752136, 40, 51678.0, 1.726
0.1682403000013437, 41, 51678.0, 1.726
0.1651761999964947, 42, 51678.0, 1.726
0.16051600000355393, 43, 51670.0, 1.711
0.15742979999049567, 44, 51670.0, 1.711
0.14365499999257736, 45, 51670.0, 1.711
0.14003049999882933, 46, 51670.0, 1.711
0.15153440000722185, 47, 51670.0, 1.711
0.16353730000264477, 48, 51646.0, 1.663
0.15206510000280105, 49, 51646.0, 1.663
0.1931551000016043, 50, 51646.0, 1.663
0.17392620000464376, 51, 51645.0, 1.661
0.17181060000439174, 52, 51645.0, 1.661
0.14845550000609364, 53, 51645.0, 1.661
0.17045739998866338, 54, 51645.0, 1.661
0.1424947999912547, 55, 51645.0, 1.661
0.1558428999996977, 56, 51645.0, 1.661
0.14369820000138134, 57, 51645.0, 1.661
0.1307892000040738, 58, 51645.0, 1.661
0.1458721999952104, 59, 51645.0, 1.661
0.15040849999058992, 60, 51645.0, 1.661
0.1622571999905631, 61, 51645.0, 1.661
0.14762750000227243, 62, 51645.0, 1.661
0.16148510000493843, 63, 51645.0, 1.661
0.1356004999979632, 64, 51645.0, 1.661
0.1498664000100689, 65, 51645.0, 1.661
0.1433199000020977, 66, 51645.0, 1.661
0.14332390000345185, 67, 51645.0, 1.661
0.14953209999657702, 68, 51645.0, 1.661
0.17704749999393243, 69, 51645.0, 1.661
0.14002690000052098, 70, 51645.0, 1.661
0.13787890000094194, 71, 51645.0, 1.661
0.15158830001018941, 72, 51645.0, 1.661
0.1720532000035746, 73, 51645.0, 1.661
0.15795079999952577, 74, 51645.0, 1.661
0.16364729999622796, 75, 51645.0, 1.661
0.1499919000052614, 76, 51645.0, 1.661
0.15965560000040568, 77, 51645.0, 1.661
0.1420615000097314, 78, 51645.0, 1.661
0.16067610000027344, 79, 51645.0, 1.661
0.147094100000686, 80, 51645.0, 1.661
0.1790843000053428, 81, 51645.0, 1.661
0.16351440000289585, 82, 51645.0, 1.661
0.13278450000507291, 83, 51645.0, 1.661
0.14970499998889863, 84, 51645.0, 1.661
0.15594169999531005, 85, 51645.0, 1.661
0.14106199999514502, 86, 51645.0, 1.661
0.19764369999757037, 87, 51645.0, 1.661
0.13465170000563376, 88, 51645.0, 1.661
0.16380200001003686, 89, 51645.0, 1.661
0.12486050000006799, 90, 51645.0, 1.661
0.1432968000008259, 91, 51645.0, 1.661
0.13533479999750853, 92, 51645.0, 1.661
0.1692620999965584, 93, 51645.0, 1.661
0.16353459999663755, 94, 51645.0, 1.661
0.15413419999822509, 95, 51645.0, 1.661
0.13840329999220558, 96, 51645.0, 1.661
0.1441220999986399, 97, 51645.0, 1.661
0.154124500011676, 98, 51645.0, 1.661
0.14036449999548495, 99, 51645.0, 1.661
0.16133139999874402, 100, 51645.0, 1.661
0.1468033999990439, 101, 51645.0, 1.661

tour:
[1184 1173 1160 1146 1131 1120 1105 1094 1083 1072 1062 1050 1043 1032
 1008  996  986  974  969  958  948  937  922  915  899  892  879  870
  852  841  832  821  805  794  793  806  820  833  840  853  869  880
  891  900  914  923  936  949  957  970  973  987  995 1009 1010  994
  988  972  971  956  950  935  924  913  901  890  881  868  854  839
  834  819  807  792  838  855  867  882  889  902  912  925  934  951
  952  933  926  911  903  888  883  866  856  837  808  782  783  791
  809  818  857  865  884  887  904  910  927  932  953  954  931  928
  909  905  886  885  864  858  817  810  790  784  758  733  712  687
  667  642  622  602  621  643  666  688  711  734  757  756  735  710
  689  665  644  620  603  619  645  664  690  709  736  755  754  737
  708  691  663  646  618  753  738  707  692  662  647  617  604  605
  616  648  661  693  706  739  752  751  740  705  694  660  649  615
  614  650  659  695  704  741  750  795  804  822  831  842  851  871
  878  893  898  916  921  938  947  959  968  975  985  997 1007 1033
 1042 1051 1061 1073 1082 1095 1104 1121 1130 1147 1159 1174 1183 1182
 1175 1158 1148 1129 1122 1103 1096 1081 1074 1060 1052 1041 1034 1006
  998  984  976  967  960  946  939  940  945  961  966  977  983  999
 1005 1035 1040 1053 1059 1075 1080 1097 1102 1123 1128 1149 1157 1176
 1181 1212 1213 1180 1177 1156 1150 1127 1124 1101 1098 1079 1076 1058
 1054 1039 1036 1004 1000  982  978  965  962  944  941  920  917  897
  894  877  874  848  845  828  825  801  798  824  829  844  849  873
  872  850  843  830  823  803  796  802  797  749  742  703  696  658
  651  613  606  607  612  652  657  697  702  743  748  747  744  701
  698  656  653  611  608  591  588  567  564  535  532  507  504  503
  508  531  536  563  568  587  592  593  586  569  562  537  530  509
  502  499  501  510  529  538  561  560  539  528  511  500  498  512
  527  540  559  570  585  594  595  584  571  558  541  526  513  514
  525  542  557  572  583  596  597  582  573  556  543  524  515  516
  523  544  555  574  581  598  599  580  575  554  545  522  517  518
  521  546  553  576  579  600  601  578  577  552  547  520  519  489
  475  474  488  476  473  450  449  426  421  397  396  395  398  420
  427  448  451  472  477  478  471  452  447  428  419  399  394  393
  400  418  429  446  453  470  479  401  417  430  445  454  469  480
  481  468  455  444  431  416  402  403  415  432  443  456  467  482
  483  466  457  442  433  414  404  392  405  413  434  441  458  465
  484  485  464  459  440  435  412  406  391  388  407  486  463  460
  439  436  411  408  390  389  409  410  437  438  461  462  487  505
  506  533  534  565  566  589  590  609  610  654  655  699  700  745
  746  799  800  826  827  846  847  875  876  895  896  918  919  942
  943  963  964  979  981 1001 1003  980 1002 1037 1038 1055 1057 1077
 1078 1099 1100 1125 1126 1151 1155 1178 1179 1152 1153 1154  229  230
  238  239  247  248  255  256  257  254  249  246  240  237  231  228
  227  232  236  241  245  250  253  258  259  252  251  244  242  235
  233  226  243  234  225  224  223  222  221  220  219  218  217  216
  215  214  213  212 1056  211  210  209  208  207  206  205  204  203
  202  201  200  199  198  197  196  195  194  193  192  191  190  189
  188  187  186  185  184  183  182  181  180  179  178  177  176  175
  174  173  172  171  170  169  168  167  166  165  164  163  162  161
  160  159  158  157  156  155  151  152  153  154  127  128  129  130
  131  150  149  148  147  146  145  144  143  142  141  140  139  138
  137  136  135  134  133  132  113  114  115  116  117  118  119  120
  121  122  123  124  125  126   99  100  101  102  103  104  105  106
  107  108  109  110  111  112   85   86   87   88   89   90   91   92
   93   94   95   96   97   98   71   72   73   74   75   76   77   78
   79   80   81   82   83   84   57   58   59   60   61   62   63   64
   65   66   67   68   69   70   43   44   45   46   47   48   49   50
   51   52   53   54   55   56   29   30   31   32   33   34   35   36
   37   38   39   40   41   42   15   16   17   18   19   20   21   22
   23   24   25   26   27   28    0    1    2    3    4    5    6    7
    8    9   10   11   12   13   14  260  298  381  380  299  261  262
  263  300  264  265  266  301  379  378  267  268  302  377  376  303
  269  270  271  272  304  375  273  274  305  275  276  277  278  279
  307  306  374  373  372  308  280  281  371  309  282  283  284  285
  310  370  369  311  286  287  288  289  290  291  313  312  368  367
  366  314  292  293  294  295  296  316  315  365  364  387  317  297
  318  363  382  383  362  319  320  361  384  385  360  321 1227  322
  359  323 1228 1229 1230 1231  324  358  325 1232 1233  326 1234 1235
 1236  327 1237 1238 1239 1240 1241 1242 1243  331 1244 1245  332 1246
 1247 1248 1249 1250 1251 1252 1253 1254 1255 1256 1257 1258 1259 1260
 1261 1262 1263 1264  341 1265 1266 1267 1268 1269 1270 1271 1272 1273
 1274 1275 1276 1277 1278 1279 1280 1281 1282 1283 1284 1285 1286 1287
 1288 1289 1290  342  340  343  339  344  338  345  337  346  336  347
  335  348  334  349  333  350  351  352  330  353  329  354  328  355
  356  357  386  425  424  423  422  493  492  491  490  497  496  495
  494  548  549  550  551  623  641  668  686  713  732  759  731  685
  640  714  730  684  639  638  637  682  683  729  728  765  764  781
  763  762  779  760  761  780  789  811  816  815  812  788  787  814
  836  859  908  907  860  813  786  766  767  768  769  725  679  680
  726  727  681  636  635  634  633  678  724  677  632  631  676  722
  723  770  771  772  773  774  718  719  720  721  675  630  629  674
  673  628  627  672  717  671  626  625  670  624  669  715  778  716
  777  776  775  785  835  861  862  863  929  930  906  955  991 1015
 1022 1023 1026 1066 1065 1112 1113 1192 1195 1196 1197 1198 1199 1200
 1201 1202 1203 1204 1205 1206 1207 1226 1225 1224 1223 1222 1221 1220
 1219 1218 1217 1216 1215 1214 1208 1209 1191 1210 1211 1193 1194 1139
 1138 1067 1027 1047 1028 1024 1021 1019 1016 1014 1012  992  990  989
  993 1011 1013 1017 1018 1020 1025 1029 1046 1088 1111 1114 1137 1140
 1166 1167 1190 1189 1168 1165 1141 1136 1115 1110 1089 1188 1169 1164
 1142 1135 1116 1109 1090 1087 1068 1069 1086 1091 1108 1117 1134 1143
 1163 1170 1187 1186 1171 1162 1144 1133 1118 1107 1092 1085 1070 1064
 1048 1045 1030 1031 1044 1049 1063 1071 1084 1093 1106 1119 1132 1145
 1161 1172 1185]

eliteFit: 51645.0
percentError: 1.6613846184130234
computationTime: 22.421s