instanceName: d1291
n: 1291
optFit: 50801

genTime, gen, eliteFit, percentError:
0.0016807000065455213, 0, 1668376.0, 3184.140
0.99124540000048, 1, 56653.0, 11.519
0.5429919000016525, 2, 55761.0, 9.764
0.5759366999991471, 3, 54946.0, 8.159
0.5964396999916062, 4, 54482.0, 7.246
0.5355723999964539, 5, 54368.0, 7.022
0.5520795000047656, 6, 53890.0, 6.081
0.5585696000052849, 7, 53410.0, 5.136
0.5788726000027964, 8, 52971.0, 4.272
0.5556427999981679, 9, 52971.0, 4.272
0.5006540000031237, 10, 52797.0, 3.929
0.43956130000879057, 11, 52448.0, 3.242
0.38175119999505114, 12, 52448.0, 3.242
0.3341930000024149, 13, 52321.0, 2.992
0.31837630001246, 14, 52293.0, 2.937
0.3954766999959247, 15, 52127.0, 2.610
0.33802229999855626, 16, 52092.0, 2.541
0.39155050000408664, 17, 51976.0, 2.313
0.3079166000097757, 18, 51971.0, 2.303
0.29105679999338463, 19, 51887.0, 2.138
0.23568230000091717, 20, 51787.0, 1.941
0.24238090000289958, 21, 51780.0, 1.927
0.26895510000758804, 22, 51776.0, 1.919
0.2405414000095334, 23, 51753.0, 1.874
0.23075400000379886, 24, 51724.0, 1.817
0.23256519999995362, 25, 51688.0, 1.746
0.18681020000076387, 26, 51636.0, 1.644
0.21075199999904726, 27, 51636.0, 1.644
0.1906985999958124, 28, 51624.0, 1.620
0.1528866000007838, 29, 51624.0, 1.620
0.1642308000009507, 30, 51621.0, 1.614
0.16462989999854472, 31, 51607.0, 1.587
0.16170599999895785, 32, 51591.0, 1.555
0.14064430000144057, 33, 51591.0, 1.555
0.14337869999872055, 34, 51574.0, 1.522
0.19077539999852888, 35, 51426.0, 1.230
0.19089489999169018, 36, 51426.0, 1.230
0.25120430000242777, 37, 51384.0, 1.148
0.28151459999207873, 38, 51384.0, 1.148
0.3277133999945363, 39, 51367.0, 1.114
0.29995790000248235, 40, 51357.0, 1.094
0.16019179999420885, 41, 51357.0, 1.094
0.1598093000066001, 42, 51331.0, 1.043
0.14527629999793135, 43, 51314.0, 1.010
0.1946310000057565, 44, 51314.0, 1.010
0.14127530000405386, 45, 51297.0, 0.976
0.13919220000389032, 46, 51297.0, 0.976
0.16417380000348203, 47, 51297.0, 0.976
0.13754560000961646, 48, 51297.0, 0.976
0.18106569998781197, 49, 51297.0, 0.976
0.1591203999996651, 50, 51297.0, 0.976
0.1595660000020871, 51, 51297.0, 0.976
0.15577520000806544, 52, 51297.0, 0.976
0.15602849998685997, 53, 51297.0, 0.976
0.15701550000812858, 54, 51297.0, 0.976
0.14834919999702834, 55, 51297.0, 0.976
0.15005219999875408, 56, 51297.0, 0.976
0.14506519999122247, 57, 51297.0, 0.976
0.1277258000045549, 58, 51297.0, 0.976
0.15346889999636915, 59, 51297.0, 0.976
0.1885708999907365, 60, 51297.0, 0.976
0.15606959999422543, 61, 51297.0, 0.976
0.15192240000760648, 62, 51297.0, 0.976
0.1737723999976879, 63, 51297.0, 0.976
0.1614994999981718, 64, 51297.0, 0.976
0.17738479998661205, 65, 51297.0, 0.976
0.18889170000329614, 66, 51297.0, 0.976
0.13745720000588335, 67, 51297.0, 0.976
0.14335680000658613, 68, 51297.0, 0.976
0.16533109999727458, 69, 51297.0, 0.976
0.13628869999956805, 70, 51297.0, 0.976
0.1470666999957757, 71, 51297.0, 0.976
0.14816070000233594, 72, 51282.0, 0.947
0.17685699999856297, 73, 51282.0, 0.947
0.18771739999647252, 74, 51282.0, 0.947
0.15528820001054555, 75, 51282.0, 0.947
0.14546720001089852, 76, 51282.0, 0.947
0.16295220000029076, 77, 51282.0, 0.947
0.1760589999903459, 78, 51282.0, 0.947
0.16922619999968447, 79, 51282.0, 0.947
0.15116939999279566, 80, 51282.0, 0.947
0.1612877000006847, 81, 51282.0, 0.947
0.16589370000292547, 82, 51282.0, 0.947
0.15354169999773148, 83, 51282.0, 0.947
0.14853069999662694, 84, 51282.0, 0.947
0.13867230000323616, 85, 51282.0, 0.947
0.15664010000182316, 86, 51282.0, 0.947
0.1613186000031419, 87, 51282.0, 0.947
0.15837579999060836, 88, 51282.0, 0.947
0.16622740001184866, 89, 51282.0, 0.947
0.16925199999241158, 90, 51282.0, 0.947
0.1495638000051258, 91, 51282.0, 0.947
0.1830986999993911, 92, 51282.0, 0.947
0.17702980000467505, 93, 51282.0, 0.947
0.1506599999993341, 94, 51282.0, 0.947
0.17846489998919424, 95, 51282.0, 0.947
0.173193499998888, 96, 51276.0, 0.935
0.17039300000760704, 97, 51276.0, 0.935
0.20504179999988992, 98, 51276.0, 0.935
0.14209020000998862, 99, 51268.0, 0.919
0.14846290000423323, 100, 51268.0, 0.919
0.1584797000105027, 101, 51268.0, 0.919
0.163477200010675, 102, 51268.0, 0.919
0.13888100000622217, 103, 51268.0, 0.919
0.15465329999278765, 104, 51268.0, 0.919
0.1641918999957852, 105, 51253.0, 0.890
0.19569089998549316, 106, 51253.0, 0.890
0.1776838000077987, 107, 51253.0, 0.890
0.2274050999985775, 108, 51253.0, 0.890
0.2855811000044923, 109, 51177.0, 0.740
0.2861702000082005, 110, 51177.0, 0.740
0.18505580000055488, 111, 51177.0, 0.740
0.17046559999289457, 112, 51173.0, 0.732
0.1473946999904001, 113, 51173.0, 0.732
0.1403377999959048, 114, 51173.0, 0.732
0.16051849999348633, 115, 51173.0, 0.732
0.12249470000097062, 116, 51173.0, 0.732
0.1442518999974709, 117, 51173.0, 0.732
0.15529649998643436, 118, 51173.0, 0.732
0.1599009999918053, 119, 51173.0, 0.732
0.16715590000967495, 120, 51173.0, 0.732
0.1666477999970084, 121, 51168.0, 0.722
0.1523148999986006, 122, 51168.0, 0.722
0.13616460000048392, 123, 51168.0, 0.722
0.16193550000025425, 124, 51168.0, 0.722
0.13091290000011213, 125, 51168.0, 0.722
0.1703611999982968, 126, 51168.0, 0.722
0.15436029998818412, 127, 51168.0, 0.722
0.1461853000073461, 128, 51168.0, 0.722
0.15595329999632668, 129, 51168.0, 0.722
0.14175199999590404, 130, 51168.0, 0.722
0.15454059999319725, 131, 51168.0, 0.722
0.1568222999922, 132, 51168.0, 0.722
0.16105910000624135, 133, 51168.0, 0.722
0.15544620000582654, 134, 51168.0, 0.722
0.14410710000083782, 135, 51168.0, 0.722
0.1517831999954069, 136, 51163.0, 0.713
0.16206999999121763, 137, 51163.0, 0.713
0.1405254999990575, 138, 51163.0, 0.713
0.1406598000030499, 139, 51163.0, 0.713
0.15426530000695493, 140, 51163.0, 0.713
0.1557572000019718, 141, 51163.0, 0.713
0.12246080000477377, 142, 51163.0, 0.713
0.15234790000249632, 143, 51163.0, 0.713
0.1442893999919761, 144, 51163.0, 0.713
0.17219650000333786, 145, 51163.0, 0.713
0.15561229999002535, 146, 51163.0, 0.713
0.13631630000600126, 147, 51163.0, 0.713
0.15596490001189522, 148, 51163.0, 0.713
0.13582419999875128, 149, 51163.0, 0.713
0.15039539999270346, 150, 51163.0, 0.713
0.16493860000628047, 151, 51163.0, 0.713
0.12982669999473728, 152, 51163.0, 0.713
0.15494300000136718, 153, 51163.0, 0.713
0.17451910000818316, 154, 51163.0, 0.713
0.16154779998760205, 155, 51163.0, 0.713
0.16182120000303257, 156, 51163.0, 0.713
0.16206120001152158, 157, 51163.0, 0.713
0.14504789999045897, 158, 51163.0, 0.713
0.1830599999957485, 159, 51163.0, 0.713
0.15349090000381693, 160, 51163.0, 0.713
0.16203399999358226, 161, 51163.0, 0.713
0.16168889999971725, 162, 51163.0, 0.713
0.14451199999894015, 163, 51163.0, 0.713
0.14309959999809507, 164, 51163.0, 0.713
0.13924439999391325, 165, 51163.0, 0.713
0.1637161999969976, 166, 51163.0, 0.713
0.1331590000045253, 167, 51163.0, 0.713
0.1490831000119215, 168, 51163.0, 0.713
0.17160309999599122, 169, 51138.0, 0.663
0.1619386999955168, 170, 51138.0, 0.663
0.15810220000275876, 171, 51138.0, 0.663
0.15526869999303017, 172, 51138.0, 0.663
0.1867830999981379, 173, 51138.0, 0.663
0.18028539999795612, 174, 51138.0, 0.663
0.13776660000439733, 175, 51138.0, 0.663
0.1567401000065729, 176, 51138.0, 0.663
0.13718789999256842, 177, 51138.0, 0.663
0.15524749999167398, 178, 51138.0, 0.663
0.14254499999515247, 179, 51138.0, 0.663
0.1630481000029249, 180, 51110.0, 0.608
0.13372169999638572, 181, 51110.0, 0.608
0.15574170000036247, 182, 51110.0, 0.608
0.18985080000129528, 183, 51110.0, 0.608
0.13382220000494272, 184, 51110.0, 0.608
0.15557289999560453, 185, 51110.0, 0.608
0.15493659999629017, 186, 51110.0, 0.608
0.152677499994752, 187, 51110.0, 0.608
0.15125509999052156, 188, 51110.0, 0.608
0.14384309999877587, 189, 51110.0, 0.608
0.14548340000328608, 190, 51110.0, 0.608
0.15663159999530762, 191, 51110.0, 0.608
0.16401370000676252, 192, 51110.0, 0.608
0.167037999999593, 193, 51110.0, 0.608
0.14908509999804664, 194, 51110.0, 0.608
0.13690630000201054, 195, 51110.0, 0.608
0.14212940000288654, 196, 51110.0, 0.608
0.13937270001042634, 197, 51110.0, 0.608
0.14061310001125094, 198, 51110.0, 0.608
0.15315350001037586, 199, 51110.0, 0.608
0.17071340000256896, 200, 51110.0, 0.608
0.14633459999458864, 201, 51110.0, 0.608
0.1338487999892095, 202, 51110.0, 0.608
0.14296589999867138, 203, 51110.0, 0.608
0.17103640000277665, 204, 51110.0, 0.608
0.14809120001154952, 205, 51110.0, 0.608
0.17338709998875856, 206, 51110.0, 0.608
0.13538639999751467, 207, 51110.0, 0.608
0.15767880000930745, 208, 51110.0, 0.608
0.13924400000541937, 209, 51110.0, 0.608
0.13937669999722857, 210, 51110.0, 0.608
0.13287229998968542, 211, 51110.0, 0.608
0.13536250000470318, 212, 51110.0, 0.608
0.17088540000258945, 213, 51110.0, 0.608
0.15302270000393037, 214, 51110.0, 0.608
0.14864410000154749, 215, 51110.0, 0.608
0.14466250000987202, 216, 51110.0, 0.608
0.18284850000054576, 217, 51110.0, 0.608
0.14037019999523181, 218, 51110.0, 0.608
0.14914480000152253, 219, 51110.0, 0.608
0.12420380000548903, 220, 51110.0, 0.608
0.15566639999451581, 221, 51110.0, 0.608
0.15202910000516567, 222, 51110.0, 0.608
0.13269209999998566, 223, 51110.0, 0.608
0.16087980000884272, 224, 51110.0, 0.608
0.13965460000326857, 225, 51110.0, 0.608
0.145655699991039, 226, 51110.0, 0.608
0.1755743999965489, 227, 51110.0, 0.608
0.134832900002948, 228, 51110.0, 0.608
0.13917699999001343, 229, 51110.0, 0.608
0.16125609999289736, 230, 51110.0, 0.608

tour:
[ 381  298  260  261  262  263  264  265  266  301  267  268  269  270
  271  272  273  274  275  276  277  278  279  280  281  282  283  284
  285  286  287  288  289  290  291  292  293  294  295  296  316  297
  317  318  363  382  383  362  319  320  361  384  385  360  321  322
 1227  323 1228 1229 1230 1231  324  359  358  325 1232 1233 1234 1235
 1236 1237 1238 1239 1240 1241 1242 1243 1244 1245 1246 1247 1248 1249
 1250 1251 1252 1253 1254 1255 1256 1257 1258 1259 1260 1261 1262 1263
 1264 1265 1266 1267 1268 1269 1270 1271 1272 1273 1274 1275 1276 1277
 1278 1279 1280 1281 1282 1283 1284 1285 1286 1287 1288 1289 1290  341
  342  340  343  339  344  338  345  337  346  336  347  335  348  334
  349  333  350  332  351  331  352  330  353  329  354  328  355  327
  356  326  357  386  425  424  423  422  493  492  491  490  497  496
  495  494  548  549  550  551  623  641  668  686  713  732  759  758
  733  712  687  667  642  622  757  734  711  688  666  643  621  602
  603  620  644  665  689  710  735  756  755  736  709  690  664  645
  619  618  646  663  691  708  737  754  753  738  707  692  662  647
  617  604  605  616  648  661  693  706  739  752  751  740  705  694
  660  649  615  614  650  659  695  704  741  750  795  804  822  831
  842  851  871  878  893  898  916  921  938  947  959  968  975  985
  997 1007 1008  996  986  974  969  958  948  937  922  915  899  892
  879  870  852  841  832  821  805  794  793  806  820  833  840  853
  869  880  891  900  914  923  936  949  957  970  973  987  995 1009
 1010  994  988  972  971  956  950  935  924  913  901  890  881  868
  854  839  834  819  807  792  838  855  867  882  889  902  912  925
  934  951  952  933  926  911  903  888  883  866  856  837  808  782
  783  791  809  818  857  865  884  887  904  910  927  932  953  954
  931  928  909  905  886  885  864  858  817  810  790  784  780  789
  811  816  815  812  788  779  760  761  731  685  640  639  638  637
  682  728  729  683  684  714  730  762  763  787  814  836  859  908
  907  860  813  786  781  764  765  766  767  727  681  636  635  680
  726  725  768  769  724  678  679  634  633  632  677  723  770  771
  722  676  631  630  629  674  675  721  720  772  773  774  719  718
  672  673  628  627  626  625  671  717  716  670  624  669  715  778
  777  776  775  785  835  861  862  863  929  930  906  955  991 1015
 1022 1023 1026 1066 1065 1112 1113 1191 1192 1195 1196 1197 1198 1199
 1200 1201 1202 1203 1204 1205 1206 1207 1226 1225 1224 1223 1222 1221
 1220 1219 1218 1217 1216 1215 1214 1208 1209 1210 1211 1193 1194 1138
 1139 1190 1167 1166 1140 1137 1114 1111 1088 1067 1027 1047 1028 1024
 1021 1019 1016 1014 1012  992  990  989  993 1011 1013 1017 1018 1020
 1025 1029 1046 1089 1110 1115 1136 1141 1165 1168 1189 1188 1169 1164
 1142 1135 1116 1109 1090 1087 1068 1069 1086 1091 1108 1117 1134 1143
 1163 1170 1187 1186 1171 1162 1144 1133 1118 1107 1092 1085 1070 1064
 1048 1045 1030 1031 1044 1049 1063 1071 1084 1093 1106 1119 1132 1145
 1161 1172 1185 1184 1173 1160 1146 1131 1120 1105 1094 1083 1072 1062
 1050 1043 1032 1033 1042 1051 1061 1073 1082 1095 1104 1121 1130 1147
 1159 1174 1183 1182 1175 1158 1148 1129 1122 1103 1096 1081 1074 1060
 1052 1041 1034 1006  998  984  976  967  960  946  939  940  945  961
  966  977  983  999 1005 1035 1040 1053 1059 1075 1080 1097 1102 1123
 1128 1149 1157 1176 1181 1212 1213 1180 1177 1156 1150 1127 1124 1101
 1098 1079 1076 1058 1054 1039 1036 1004 1000  982  978  965  962  944
  941  920  917  897  894  877  874  848  845  828  825  801  798  797
  802  824  829  844  849  873  872  850  843  830  823  803  796  749
  742  703  696  658  651  613  606  607  612  652  657  697  702  743
  748  747  744  701  698  656  653  611  608  609  610  654  655  699
  700  745  746  799  800  826  827  846  847  875  876  895  896  918
  919  942  943  963  964  979  981  980 1002 1001 1003 1037 1038 1055
 1057 1077 1078 1099 1100 1125 1126 1151 1155 1178 1179 1152 1153 1154
  229  230  238  239  247  248  255  256  257  254  249  246  240  237
  231  228  227  232  236  241  245  250  253  258  259  252  251  244
  242  235  243  234  233  226  225  224  223  222  221  220  219  218
  217  216  215  214  213  212 1056  211  210  209  208  207  206  205
  204  203  202  201  200  199  198  197  196  195  194  193  192  191
  190  189  188  187  186  185  184  183  182  181  180  179  178  177
  176  175  174  173  172  171  170  169  168  167  166  165  164  163
  162  161  160  159  158  157  156  155  154  153  152  151  150  149
  148  147  146  145  144  143  142  141  140  139  138  137  136  135
  134  133  132  131  130  129  128  127  126  125  124  123  122  121
  120  119  118  117  116  115  114  113  112  111  110  109  108  107
  106  105  104  103  102  101  100   99   98   97   96   95   94   93
   92   91   90   89   88   87   86   85   84   83   82   81   80   79
   78   77   76   75   74   73   72   71   68   69   70   43   44   45
   46   47   48   49   67   66   65   64   63   62   61   60   59   58
   57   56   55   54   53   52   51   50   29   30   31   32   33   34
   35   36   37   38   39   40   41   42   15   16   17   18   19   20
   21   22   23   24   25   26   27   28    0    1    2    3    4    5
    6    7    8    9   10   11   12   13   14  389  409  410  437  438
  461  462  487  505  506  533  534  565  566  589  590  591  588  567
  564  535  532  507  504  486  463  460  439  436  411  408  390  388
  407  391  406  412  435  440  459  464  485  503  508  531  536  563
  568  587  592  593  586  569  562  537  530  509  502  484  465  458
  441  434  413  405  392  404  414  433  442  457  466  483  499  501
  510  529  538  561  560  559  570  585  594  595  584  571  558  541
  526  513  512  527  540  539  528  511  500  498  482  467  456  443
  432  415  403  402  416  431  444  455  468  481  480  469  454  445
  430  417  401  393  400  418  429  446  453  470  479  514  525  542
  557  572  583  596  597  582  573  556  543  524  515  516  523  544
  555  574  581  598  599  580  575  554  545  522  517  518  521  546
  553  576  579  600  601  578  577  552  547  520  519  489  475  474
  488  476  473  450  449  426  421  397  396  395  398  420  427  448
  451  472  477  478  471  452  447  428  419  399  394  387  364  315
  365  314  366  313  367  312  368  311  369  310  370  309  371  308
  372  307  373  306  374  305  375  304  376  303  377  302  378  379
  300  380  299]

eliteFit: 51110.0
percentError: 0.6082557429971851
computationTime: 43.681s