instanceName: d1291
n: 1291
optFit: 50801

genTime, gen, eliteFit, percentError:
0.0016374999977415428, 0, 1677992.0, 3203.069
1.027730400004657, 1, 56812.0, 11.832
0.586042399998405, 2, 55631.0, 9.508
0.6323243999941042, 3, 54684.0, 7.644
0.5425222999911057, 4, 54159.0, 6.610
0.5233598000049824, 5, 53669.0, 5.646
0.4755005000042729, 6, 53654.0, 5.616
0.5023288000083994, 7, 53275.0, 4.870
0.4772588000050746, 8, 52897.0, 4.126
0.4644173000124283, 9, 52763.0, 3.862
0.48888749998877756, 10, 52623.0, 3.587
0.3925428000075044, 11, 52613.0, 3.567
0.3515175999928033, 12, 52482.0, 3.309
0.3156316999957198, 13, 52382.0, 3.112
0.2882531000068411, 14, 52382.0, 3.112
0.3455644000059692, 15, 52224.0, 2.801
0.2949266999930842, 16, 52124.0, 2.604
0.31130050000501797, 17, 52040.0, 2.439
0.30075110000325367, 18, 51910.0, 2.183
0.26128069999685977, 19, 51712.0, 1.793
0.29198969999561086, 20, 51611.0, 1.594
0.19034749999991618, 21, 51611.0, 1.594
0.18703869999444578, 22, 51600.0, 1.573
0.16058630000043195, 23, 51576.0, 1.526
0.1531474000075832, 24, 51550.0, 1.474
0.1537640000024112, 25, 51550.0, 1.474
0.14055520000692923, 26, 51550.0, 1.474
0.1401900999917416, 27, 51550.0, 1.474
0.17139980000501964, 28, 51550.0, 1.474
0.14729520000400953, 29, 51550.0, 1.474
0.1652983999956632, 30, 51550.0, 1.474
0.15702549999696203, 31, 51550.0, 1.474
0.14673739999125246, 32, 51550.0, 1.474
0.14955360000021756, 33, 51550.0, 1.474
0.20438009999634232, 34, 51550.0, 1.474
0.1448169999930542, 35, 51550.0, 1.474
0.148731699999189, 36, 51550.0, 1.474
0.17895000000135042, 37, 51550.0, 1.474
0.14790299999003764, 38, 51550.0, 1.474
0.1421783000114374, 39, 51550.0, 1.474
0.1468657999939751, 40, 51550.0, 1.474
0.14591940000536852, 41, 51550.0, 1.474
0.15232799999648705, 42, 51550.0, 1.474
0.15394620000733994, 43, 51550.0, 1.474
0.14851609998731874, 44, 51550.0, 1.474
0.14895400000386871, 45, 51550.0, 1.474
0.1689501999935601, 46, 51550.0, 1.474
0.16659530000470113, 47, 51550.0, 1.474
0.1469982999988133, 48, 51550.0, 1.474
0.15108940000936855, 49, 51550.0, 1.474
0.14055789999838453, 50, 51550.0, 1.474
0.14106510000419803, 51, 51550.0, 1.474
0.14552019999246113, 52, 51550.0, 1.474
0.15409350000845734, 53, 51550.0, 1.474
0.1604860999941593, 54, 51550.0, 1.474
0.13777510001091287, 55, 51550.0, 1.474
0.13378619999275543, 56, 51550.0, 1.474
0.13230160000966862, 57, 51550.0, 1.474
0.14150359999621287, 58, 51550.0, 1.474
0.1534588999929838, 59, 51550.0, 1.474
0.13513400001102127, 60, 51521.0, 1.417
0.18766260000120383, 61, 51521.0, 1.417
0.148064200009685, 62, 51518.0, 1.411
0.16446189999987837, 63, 51489.0, 1.354
0.14398319998872466, 64, 51489.0, 1.354
0.14610199999879114, 65, 51489.0, 1.354
0.16422209999291226, 66, 51489.0, 1.354
0.1565132999967318, 67, 51489.0, 1.354
0.15566380000382196, 68, 51489.0, 1.354
0.145159199993941, 69, 51489.0, 1.354
0.16061780000745784, 70, 51489.0, 1.354
0.1526780999993207, 71, 51489.0, 1.354
0.1660412999917753, 72, 51489.0, 1.354
0.16095669999776874, 73, 51489.0, 1.354
0.14084179999190383, 74, 51444.0, 1.266
0.15438520000316203, 75, 51444.0, 1.266
0.15493330000026617, 76, 51444.0, 1.266
0.14229780000459868, 77, 51444.0, 1.266
0.1441606000007596, 78, 51444.0, 1.266
0.17051830000127666, 79, 51428.0, 1.234
0.14091770000231918, 80, 51402.0, 1.183
0.17715160000079777, 81, 51398.0, 1.175
0.16078350000316277, 82, 51398.0, 1.175
0.15833099999872502, 83, 51371.0, 1.122
0.16075890000502113, 84, 51371.0, 1.122
0.1559910000069067, 85, 51371.0, 1.122
0.16400449999491684, 86, 51371.0, 1.122
0.13590680000197608, 87, 51371.0, 1.122
0.18373019999125972, 88, 51371.0, 1.122
0.13717440000618808, 89, 51371.0, 1.122
0.147299699994619, 90, 51371.0, 1.122
0.17145729999174364, 91, 51371.0, 1.122
0.14612260001013055, 92, 51371.0, 1.122
0.13751159999810625, 93, 51371.0, 1.122
0.1754884999973001, 94, 51371.0, 1.122
0.13408499999786727, 95, 51371.0, 1.122
0.1451972999930149, 96, 51371.0, 1.122
0.16321749999769963, 97, 51371.0, 1.122
0.18021350000344682, 98, 51371.0, 1.122
0.13886219999403693, 99, 51371.0, 1.122
0.14385480000055395, 100, 51356.0, 1.092
0.1552978000108851, 101, 51339.0, 1.059
0.1756291999918176, 102, 51339.0, 1.059
0.21630899999581743, 103, 51339.0, 1.059
0.24028129999351222, 104, 51273.0, 0.929
0.329338600000483, 105, 51273.0, 0.929
0.23467340000206605, 106, 51273.0, 0.929
0.26260450000700075, 107, 51273.0, 0.929
0.2547745999909239, 108, 51273.0, 0.929
0.14392200000293087, 109, 51273.0, 0.929
0.20875550000346266, 110, 51273.0, 0.929
0.15994850000424776, 111, 51273.0, 0.929
0.13826420000987127, 112, 51273.0, 0.929
0.1860344000015175, 113, 51273.0, 0.929
0.14807270000164863, 114, 51273.0, 0.929
0.13881869999750052, 115, 51273.0, 0.929
0.1453990000009071, 116, 51273.0, 0.929
0.17235100000107195, 117, 51273.0, 0.929
0.18146349999005906, 118, 51273.0, 0.929
0.14823780000733677, 119, 51273.0, 0.929
0.14479999999457505, 120, 51273.0, 0.929
0.15124619999551214, 121, 51273.0, 0.929
0.16375589999370277, 122, 51268.0, 0.919
0.16438049999123905, 123, 51268.0, 0.919
0.1555308000097284, 124, 51268.0, 0.919
0.13667120000172872, 125, 51268.0, 0.919
0.14210740000999067, 126, 51268.0, 0.919
0.1306273000082001, 127, 51268.0, 0.919
0.1477217999927234, 128, 51268.0, 0.919
0.16176809999160469, 129, 51268.0, 0.919
0.15993009999510832, 130, 51268.0, 0.919
0.1370353999955114, 131, 51268.0, 0.919
0.18738610000582412, 132, 51268.0, 0.919
0.17032340000150725, 133, 51268.0, 0.919
0.1579968000005465, 134, 51268.0, 0.919
0.16999489998852368, 135, 51268.0, 0.919
0.1459132000018144, 136, 51268.0, 0.919
0.1586232999979984, 137, 51268.0, 0.919
0.1682725999999093, 138, 51268.0, 0.919
0.17135720000078436, 139, 51268.0, 0.919
0.14104410000436474, 140, 51268.0, 0.919
0.17371499999717344, 141, 51268.0, 0.919
0.15658500000427011, 142, 51268.0, 0.919
0.15093899999919813, 143, 51268.0, 0.919
0.14355490000161808, 144, 51268.0, 0.919
0.15593959999387152, 145, 51268.0, 0.919
0.1546232999971835, 146, 51268.0, 0.919
0.1359085000003688, 147, 51268.0, 0.919
0.15727260000130627, 148, 51268.0, 0.919
0.16622919999645092, 149, 51268.0, 0.919
0.1545609000022523, 150, 51268.0, 0.919
0.16362379999191035, 151, 51268.0, 0.919
0.21453050000127405, 152, 51268.0, 0.919
0.1591955999901984, 153, 51268.0, 0.919
0.16049270000075921, 154, 51256.0, 0.896
0.15328699999372475, 155, 51256.0, 0.896
0.13838169998780359, 156, 51256.0, 0.896
0.1780506999930367, 157, 51236.0, 0.856
0.16531739999481943, 158, 51236.0, 0.856
0.1498964999918826, 159, 51236.0, 0.856
0.1392518999928143, 160, 51236.0, 0.856
0.13953369999944698, 161, 51236.0, 0.856
0.14909669999906328, 162, 51236.0, 0.856
0.14032330000190996, 163, 51236.0, 0.856
0.14058469999872614, 164, 51236.0, 0.856
0.14715720000094734, 165, 51236.0, 0.856
0.15210059999662917, 166, 51236.0, 0.856
0.1697746999998344, 167, 51236.0, 0.856
0.15324600000167266, 168, 51236.0, 0.856
0.14008639998792205, 169, 51236.0, 0.856
0.14818680001189932, 170, 51236.0, 0.856
0.20971960001043044, 171, 51236.0, 0.856
0.18046800000593066, 172, 51236.0, 0.856
0.16149609998683445, 173, 51236.0, 0.856
0.15413539999281056, 174, 51236.0, 0.856
0.1425798999989638, 175, 51236.0, 0.856
0.1741902000067057, 176, 51236.0, 0.856
0.14935039999545552, 177, 51236.0, 0.856
0.1652880999899935, 178, 51236.0, 0.856
0.14136679998773616, 179, 51236.0, 0.856
0.13780789999873377, 180, 51236.0, 0.856
0.19090309999592137, 181, 51236.0, 0.856
0.1502009999967413, 182, 51236.0, 0.856
0.16010860000096727, 183, 51236.0, 0.856
0.1752796000073431, 184, 51236.0, 0.856
0.13740360000520013, 185, 51236.0, 0.856
0.15570019998995122, 186, 51236.0, 0.856
0.16755070000363048, 187, 51236.0, 0.856
0.1649541000078898, 188, 51236.0, 0.856
0.1367166999989422, 189, 51236.0, 0.856
0.15860699999029748, 190, 51236.0, 0.856
0.14237689999572467, 191, 51236.0, 0.856
0.1606476000015391, 192, 51236.0, 0.856
0.16828709999390412, 193, 51236.0, 0.856
0.1433515999960946, 194, 51236.0, 0.856
0.1469453000026988, 195, 51236.0, 0.856
0.12258110000402667, 196, 51236.0, 0.856
0.13625579999643378, 197, 51236.0, 0.856
0.14604819999658503, 198, 51236.0, 0.856
0.17066619999241084, 199, 51236.0, 0.856
0.1609563999954844, 200, 51236.0, 0.856
0.14936859998852015, 201, 51236.0, 0.856
0.1672686999954749, 202, 51236.0, 0.856
0.1554799000005005, 203, 51227.0, 0.839
0.17037070001242682, 204, 51186.0, 0.758
0.2390354999952251, 205, 51186.0, 0.758
0.2864457000105176, 206, 51139.0, 0.665
0.219723400005023, 207, 51139.0, 0.665
0.2546416999975918, 208, 51139.0, 0.665
0.2924935000046389, 209, 51089.0, 0.567
0.21313160000136122, 210, 51089.0, 0.567
0.30103170000074897, 211, 51089.0, 0.567
0.19024589999753516, 212, 51089.0, 0.567
0.1554314999957569, 213, 51089.0, 0.567
0.1633257999928901, 214, 51089.0, 0.567
0.14012920000823215, 215, 51089.0, 0.567
0.17284359999757726, 216, 51089.0, 0.567
0.1628733999968972, 217, 51089.0, 0.567
0.15657730000384618, 218, 51089.0, 0.567
0.12687399999413174, 219, 51089.0, 0.567
0.16016459999082144, 220, 51089.0, 0.567
0.1542565999989165, 221, 51089.0, 0.567
0.13386980000359472, 222, 51089.0, 0.567
0.16619199998967815, 223, 51089.0, 0.567
0.14965530000336003, 224, 51089.0, 0.567
0.12935180000204127, 225, 51089.0, 0.567
0.14436489999934565, 226, 51089.0, 0.567
0.15293310000561178, 227, 51089.0, 0.567
0.160973499994725, 228, 51089.0, 0.567
0.16886499999964144, 229, 51089.0, 0.567
0.153205299997353, 230, 51089.0, 0.567
0.16126819999772124, 231, 51089.0, 0.567
0.15215940000780392, 232, 51089.0, 0.567
0.14676680001139175, 233, 51089.0, 0.567
0.1401593999908073, 234, 51089.0, 0.567
0.14853869999933522, 235, 51089.0, 0.567
0.16773479999392293, 236, 51089.0, 0.567
0.14890850000665523, 237, 51089.0, 0.567
0.1409157000016421, 238, 51089.0, 0.567
0.148256800006493, 239, 51089.0, 0.567
0.16695650000474416, 240, 51089.0, 0.567
0.14202780000050552, 241, 51089.0, 0.567
0.15042050000920426, 242, 51089.0, 0.567
0.15879149999818765, 243, 51089.0, 0.567
0.14618899999186397, 244, 51089.0, 0.567
0.1377645000029588, 245, 51089.0, 0.567
0.1422988999984227, 246, 51089.0, 0.567
0.14921279999543913, 247, 51089.0, 0.567
0.1749436000100104, 248, 51089.0, 0.567
0.15851169999223202, 249, 51089.0, 0.567
0.153318800003035, 250, 51089.0, 0.567
0.16204779999679886, 251, 51089.0, 0.567
0.16171790000225883, 252, 51089.0, 0.567
0.16820660000666976, 253, 51089.0, 0.567
0.14883980000740848, 254, 51089.0, 0.567
0.13848969999526162, 255, 51089.0, 0.567
0.17675539999618195, 256, 51089.0, 0.567
0.16509349999250844, 257, 51089.0, 0.567
0.15226099999563303, 258, 51089.0, 0.567
0.17631229999824427, 259, 51089.0, 0.567

tour:
[ 133  134  135  136  137  138  139  140  141  142  143  144  145  146
  147  148  149  150  151  152  153  154  155  156  157  158  159  160
  161  162  163  164  165  166  167  168  169  170  171  172  173  174
  175  176  177  178  179  180  181  182  183  184  185  186  187  188
  189  190  191  192  193  194  195  196  197  198  199  200  201  202
  203  204  205  206  207  208  209  210  211 1056  212  213  214  215
  216  217  218  219  220  221  222  223  224  225  226  233  234  243
  235  242  244  251  252  259  258  253  250  245  241  236  232  227
  228  231  237  240  246  249  254  257  256  255  248  247  239  238
  230  229 1154 1153 1152 1179 1178 1155 1151 1126 1125 1100 1099 1078
 1077 1057 1055 1038 1037 1003 1001 1002  980  981  979  964  963  943
  942  919  918  896  895  876  875  847  846  827  826  800  799  746
  745  700  699  655  654  610  609  608  611  653  656  698  701  744
  747  748  743  702  697  657  652  612  607  606  613  651  658  696
  703  742  749  796  803  823  830  843  850  872  873  849  844  829
  824  802  797  798  801  825  828  845  848  874  877  894  897  917
  920  941  944  962  965  978  982 1000 1004 1036 1039 1054 1058 1076
 1079 1098 1101 1124 1127 1150 1156 1177 1180 1213 1212 1181 1176 1157
 1149 1128 1123 1102 1097 1080 1075 1059 1053 1040 1035 1005  999  983
  977  966  961  945  940  939  946  960  967  976  984  998 1006 1034
 1041 1052 1060 1074 1081 1096 1103 1122 1129 1148 1158 1175 1182 1183
 1174 1159 1147 1130 1121 1104 1095 1082 1073 1061 1051 1042 1033 1032
 1043 1050 1062 1072 1083 1094 1105 1120 1131 1146 1160 1173 1184 1185
 1172 1161 1145 1132 1119 1106 1093 1084 1071 1063 1049 1044 1031 1030
 1045 1048 1064 1070 1085 1092 1107 1118 1133 1144 1162 1171 1186 1187
 1170 1163 1143 1134 1117 1108 1091 1086 1069 1068 1087 1090 1109 1116
 1135 1142 1164 1169 1188 1189 1168 1165 1141 1136 1115 1110 1089 1088
 1111 1114 1137 1140 1166 1167 1190 1194 1193 1138 1139 1067 1027 1113
 1191 1211 1210 1209 1208 1214 1215 1216 1217 1218 1219 1220 1221 1222
 1223 1224 1225 1226 1207 1206 1205 1204 1203 1202 1201 1200 1199 1198
 1197 1196 1195 1192 1112 1065 1066 1026 1023 1022 1015  991  955  906
  930  929  863  862  861  835  785  776  777  778  715  669  624  625
  670  716  717  671  626  672  627  628  673  719  718  775  774  773
  772  721  720  674  629  630  675  676  631  632  677  678  633  634
  679  725  724  723  722  771  770  769  768  767  766  727  726  680
  635  636  681  682  637  638  683  729  728  765  764  781  786  813
  860  907  908  859  836  814  787  762  763  730  714  684  639  640
  685  731  761  760  779  788  812  815  816  811  789  780  784  790
  810  817  858  864  885  886  905  909  928  931  954  990  992 1012
 1014 1016 1019 1021 1024 1028 1047 1046 1029 1025 1020 1018 1017 1013
 1011  993  989  953  932  927  910  904  887  884  865  857  818  809
  791  783  782  808  837  856  866  883  888  903  911  926  933  952
  951  934  925  912  902  889  882  867  855  838  792  807  819  834
  839  854  868  881  890  901  913  924  935  950  956  971  972  988
  994 1010 1009  995  987  973  970  957  949  936  923  914  900  891
  880  869  853  840  833  820  806  793  794  805  821  832  841  852
  870  879  892  899  915  922  937  948  958  969  974  986  996 1008
 1007  997  985  975  968  959  947  938  921  916  898  893  878  871
  851  842  831  822  804  795  750  741  704  695  659  650  614  615
  649  660  694  705  740  751  752  739  706  693  661  648  616  605
  604  617  647  662  692  707  738  753  754  737  708  691  663  646
  618  619  645  664  690  709  736  755  756  735  710  689  665  644
  620  603  602  621  643  666  688  711  734  757  622  642  667  687
  712  733  758  759  732  713  686  668  641  623  551  550  549  548
  494  495  496  497  490  491  492  493  422  423  424  425  386  357
  326  356  327  355  328  354  329  353  330  352  331  351  332  350
  333  349  334  348  335  347  336  346  337  345  338  344  339  343
  340  342 1290 1289 1288 1287 1286 1285 1284 1283 1282 1281 1280 1279
 1278 1277 1276 1275 1274 1273 1272 1271 1270 1269 1268 1267 1266 1265
  341 1264 1263 1262 1261 1260 1259 1258 1257 1256 1255 1254 1253 1252
 1251 1250 1249 1248 1247 1246 1245 1244 1243 1242 1241 1240 1239 1238
 1237 1236 1235 1234 1233 1232  325  358  324 1231 1230 1229  359  323
 1228 1227  322  321  360  385  384  361  320  319  362  383  382  363
  318  317  297  316  296  295  294  293  292  291  290  289  288  287
  286  285  284  283  282  281  280  279  278  277  276  275  274  273
  272  271  270  269  268  267  266  265  264  263  262  261  260  298
  381  299  380  300  379  301  378  302  377  303  376  304  375  305
  374  306  373  307  372  308  371  309  370  310  369  311  368  312
  367  313  366  314  365  315  364  387  394  399  419  428  447  452
  471  478  477  472  451  448  427  420  398  395  396  397  421  426
  449  450  473  476  488  474  475  489  519  520  547  552  577  578
  601  600  579  576  553  546  521  518  517  522  545  554  575  580
  599  598  581  574  555  544  523  516  515  524  543  556  573  582
  597  596  583  572  557  542  525  514  479  470  453  446  429  418
  400  393  401  417  430  445  454  469  480  513  526  541  558  571
  584  595  594  585  570  559  540  527  512  481  468  455  444  431
  416  402  403  415  432  443  456  467  482  498  500  511  528  539
  560  561  538  529  510  501  499  483  466  457  442  433  414  404
  392  405  413  434  441  458  465  484  502  509  530  537  562  569
  586  593  592  587  568  563  536  531  508  503  485  464  459  440
  435  412  406  391  388  407  390  408  411  436  439  460  463  486
  504  507  532  535  564  567  588  591  590  589  566  565  534  533
  506  505  487  462  461  438  437  410  409  389   14   13   12   11
   10    9    8    7    6    5    4    3    2    1    0   28   27   29
   30   31   32   26   25   24   23   22   21   20   19   18   17   16
   15   42   41   40   39   38   37   36   35   34   33   49   50   51
   52   53   54   55   56   57   58   59   60   61   62   63   64   65
   66   48   47   46   45   44   43   70   69   68   67   71   72   73
   74   75   76   77   78   79   80   81   82   83   84   85   86   87
   88   89   90   91   92   93   94   95   96   97   98   99  100  101
  102  103  104  105  106  107  108  109  110  111  112  113  114  115
  116  117  118  119  120  121  122  123  124  125  126  127  128  129
  130  131  132]

eliteFit: 51089.0
percentError: 0.5669179740556288
computationTime: 47.566s