instanceName: u2319
n: 2319
optFit: 234256

genTime, gen, eliteFit, percentError:
0.0025418000004719943, 0, 5835237.0, 2390.966
4.174485000000459, 1, 251694.0, 7.444
2.4395574999998644, 2, 250247.0, 6.826
2.6350090000005366, 3, 249279.0, 6.413
2.725150300000678, 4, 248713.0, 6.171
2.7188224000001355, 5, 248093.0, 5.907
2.522697600000356, 6, 247859.0, 5.807
2.4953310000000783, 7, 247672.0, 5.727
2.3831152000002476, 8, 247497.0, 5.652
2.4053641999998945, 9, 246723.0, 5.322
2.4327830000001995, 10, 246644.0, 5.288
2.5105896000004577, 11, 246127.0, 5.068
2.5165647000003446, 12, 246127.0, 5.068
2.4302747000001546, 13, 246127.0, 5.068
2.434139800000594, 14, 245958.0, 4.995
2.5293249000005744, 15, 245748.0, 4.906
2.343783799999983, 16, 245748.0, 4.906
2.2730501999994885, 17, 245679.0, 4.876
2.3918752999998105, 18, 245552.0, 4.822
2.3423035000005257, 19, 245521.0, 4.809
2.4475828000004185, 20, 245401.0, 4.758
2.342241600000307, 21, 245357.0, 4.739
2.3449164000003293, 22, 245222.0, 4.681
2.33677759999955, 23, 245222.0, 4.681
2.173799600000166, 24, 245182.0, 4.664
2.0369507000004887, 25, 245079.0, 4.620
2.266649999999572, 26, 245056.0, 4.610
2.210002099999656, 27, 244936.0, 4.559
2.2578985000000102, 28, 244913.0, 4.549
2.1732959999999366, 29, 244707.0, 4.461
1.7707730000001902, 30, 244402.0, 4.331
1.8612847999993392, 31, 244320.0, 4.296
1.9658215999997992, 32, 244238.0, 4.261
2.090991199999735, 33, 244053.0, 4.182
1.52318330000071, 34, 244053.0, 4.182
1.5747184000001653, 35, 243929.0, 4.129
1.4085167000002912, 36, 243784.0, 4.067
1.3493331000008766, 37, 243561.0, 3.972
1.7151729000006526, 38, 243561.0, 3.972
1.8271448000004966, 39, 243290.0, 3.856
1.7145915000000969, 40, 243290.0, 3.856
1.619666600000528, 41, 243290.0, 3.856
1.6208318999997573, 42, 243267.0, 3.847
1.710661799999798, 43, 243021.0, 3.742
1.5467694000008123, 44, 242962.0, 3.716
1.7621197999997094, 45, 242878.0, 3.681
1.92242030000034, 46, 242697.0, 3.603
1.4672645999999077, 47, 242615.0, 3.568
1.5302052999995794, 48, 242531.0, 3.532
1.3977992999998605, 49, 242409.0, 3.480
1.4550845000003392, 50, 242409.0, 3.480
1.4437589999997726, 51, 242350.0, 3.455
1.2013096999999107, 52, 242245.0, 3.410
1.2710606000000553, 53, 242226.0, 3.402
1.219129800000701, 54, 242163.0, 3.375
1.3683866999999736, 55, 242062.0, 3.332
1.4133395999997447, 56, 242062.0, 3.332
1.3831083999994007, 57, 242039.0, 3.322
1.3918539000005694, 58, 241980.0, 3.297
1.1736061000001428, 59, 241980.0, 3.297
1.270814600000449, 60, 241734.0, 3.192
1.2435445000000982, 61, 241734.0, 3.192
1.2797294000001784, 62, 241734.0, 3.192
1.0305978999995205, 63, 241734.0, 3.192
0.696040499999981, 64, 241652.0, 3.157
0.6833779999997205, 65, 241652.0, 3.157
0.8237361000001329, 66, 241652.0, 3.157
0.912273400000231, 67, 241652.0, 3.157
0.7535947999995187, 68, 241652.0, 3.157
0.7071060999996917, 69, 241488.0, 3.087
0.9286654999996244, 70, 241488.0, 3.087
0.894063499999902, 71, 241488.0, 3.087
1.106081599999925, 72, 241488.0, 3.087
1.1187908000001698, 73, 241488.0, 3.087
0.9461944000004223, 74, 241488.0, 3.087
0.9811557000002722, 75, 241488.0, 3.087
0.9660606999996162, 76, 241488.0, 3.087
1.041860500000439, 77, 241406.0, 3.052
0.7771966000000248, 78, 241406.0, 3.052
0.8609831000003396, 79, 241366.0, 3.035
0.7307978999997431, 80, 241366.0, 3.035
0.8835576000001311, 81, 241366.0, 3.035
1.055899099999806, 82, 241242.0, 2.982
0.970240399999966, 83, 241242.0, 2.982
1.1459137000001647, 84, 241200.0, 2.964
0.8343597000002774, 85, 241118.0, 2.929
0.8787785000004078, 86, 241118.0, 2.929
0.746982399999979, 87, 241036.0, 2.894
0.8937057000002824, 88, 241036.0, 2.894
1.101741899999979, 89, 241036.0, 2.894
1.1292401999999129, 90, 240977.0, 2.869
0.8303842000004806, 91, 240977.0, 2.869
0.9768279999998413, 92, 240872.0, 2.824
1.3969182000000728, 93, 240853.0, 2.816
1.520943399999851, 94, 240853.0, 2.816
1.29198069999984, 95, 240771.0, 2.781
1.2123295000001235, 96, 240689.0, 2.746
0.753747800000383, 97, 240666.0, 2.736
0.8298295000004146, 98, 240666.0, 2.736
0.7492437000000791, 99, 240607.0, 2.711
0.6254902000000584, 100, 240607.0, 2.711
0.6920731999998679, 101, 240607.0, 2.711
0.655445299999883, 102, 240607.0, 2.711
0.6318006999999852, 103, 240607.0, 2.711
0.6688568999998097, 104, 240607.0, 2.711
0.6770022999999128, 105, 240567.0, 2.694
0.783009900000252, 106, 240567.0, 2.694
1.0731949999999415, 107, 240567.0, 2.694
1.2625490000000354, 108, 240567.0, 2.694
1.4924184000001333, 109, 240567.0, 2.694
1.676209999999628, 110, 240567.0, 2.694
0.9625460000006569, 111, 240567.0, 2.694
0.7270980000002965, 112, 240567.0, 2.694
0.5890508000002228, 113, 240567.0, 2.694
0.6922918999998728, 114, 240567.0, 2.694
0.590491099999781, 115, 240567.0, 2.694
0.6853667000004862, 116, 240567.0, 2.694
0.6847637000000759, 117, 240567.0, 2.694
0.5659735999997793, 118, 240567.0, 2.694
0.6808096000004298, 119, 240567.0, 2.694
0.6370606000000407, 120, 240567.0, 2.694
0.650282800000241, 121, 240567.0, 2.694
0.6788681999996697, 122, 240567.0, 2.694
0.6424485000006825, 123, 240567.0, 2.694
0.6883554000005461, 124, 240567.0, 2.694
0.5671270000002551, 125, 240567.0, 2.694
0.6469498999995267, 126, 240567.0, 2.694
0.6344316000004255, 127, 240567.0, 2.694
0.6651273999996192, 128, 240567.0, 2.694
0.6721982999997635, 129, 240567.0, 2.694
0.670214799999485, 130, 240567.0, 2.694
0.6791558000004443, 131, 240567.0, 2.694
0.5967491000001246, 132, 240567.0, 2.694
0.736049300000559, 133, 240567.0, 2.694
0.6508071999996901, 134, 240567.0, 2.694
0.6342764000000898, 135, 240567.0, 2.694
0.6890502999995078, 136, 240567.0, 2.694
0.6144860999993398, 137, 240567.0, 2.694
0.6553962999996656, 138, 240485.0, 2.659
0.6279034000008323, 139, 240485.0, 2.659
0.7036055999997188, 140, 240485.0, 2.659
0.7240146000003733, 141, 240321.0, 2.589
0.6393950000001496, 142, 240321.0, 2.589
0.6492263000000094, 143, 240321.0, 2.589
0.7025226000005205, 144, 240321.0, 2.589
0.6315230999998676, 145, 240321.0, 2.589
0.6504895999996734, 146, 240321.0, 2.589
0.6376588000002812, 147, 240321.0, 2.589
0.666445300000305, 148, 240321.0, 2.589
0.6506634999996095, 149, 240321.0, 2.589
0.7144663999997647, 150, 240321.0, 2.589
0.5988790999999765, 151, 240321.0, 2.589
0.6285145000001648, 152, 240321.0, 2.589
0.6018344000003708, 153, 240321.0, 2.589
0.592109100000016, 154, 240321.0, 2.589
0.7302640999996584, 155, 240321.0, 2.589
0.59702070000003, 156, 240321.0, 2.589
0.7002312999993592, 157, 240321.0, 2.589
0.6664723000003505, 158, 240321.0, 2.589
0.6312379000000874, 159, 240321.0, 2.589
0.6657948000001852, 160, 240321.0, 2.589
0.6832345000002533, 161, 240321.0, 2.589
0.6402592000004006, 162, 240321.0, 2.589
0.6344632999998794, 163, 240321.0, 2.589
0.6652977000003375, 164, 240321.0, 2.589
0.5938536000003296, 165, 240321.0, 2.589
0.7071429999996326, 166, 240321.0, 2.589
0.7602227999996103, 167, 240321.0, 2.589
0.6708529999996244, 168, 240321.0, 2.589
0.6772817999999461, 169, 240321.0, 2.589
0.6691489000004367, 170, 240321.0, 2.589
0.6090930999998818, 171, 240321.0, 2.589
0.7482484000001932, 172, 240321.0, 2.589
0.6705211999997118, 173, 240321.0, 2.589
0.6808474999997998, 174, 240321.0, 2.589
0.6283990000001722, 175, 240239.0, 2.554
0.7579161000003296, 176, 240157.0, 2.519
0.9696933000004719, 177, 240157.0, 2.519
1.0661198999996486, 178, 240157.0, 2.519
0.8052897999996276, 179, 240075.0, 2.484
0.8104530000000523, 180, 240075.0, 2.484
0.7094779999997627, 181, 240075.0, 2.484
1.0398329999998168, 182, 239993.0, 2.449
0.7055972000007387, 183, 239993.0, 2.449
0.5974725000005492, 184, 239993.0, 2.449
0.7004659999993237, 185, 239993.0, 2.449
0.6900260000002163, 186, 239993.0, 2.449
0.69110610000007, 187, 239993.0, 2.449
0.7352301000000807, 188, 239993.0, 2.449
0.6734623000002102, 189, 239993.0, 2.449
0.6487458999999944, 190, 239993.0, 2.449
0.6289690999992672, 191, 239993.0, 2.449
0.6179302000000462, 192, 239993.0, 2.449
0.646167300000343, 193, 239993.0, 2.449
0.6206547000001592, 194, 239993.0, 2.449
0.7120184000004883, 195, 239993.0, 2.449
0.673954899999444, 196, 239993.0, 2.449
0.6496722000001682, 197, 239993.0, 2.449
0.6649218000002293, 198, 239993.0, 2.449
0.6501528000007966, 199, 239993.0, 2.449
0.6558850999999777, 200, 239993.0, 2.449
0.6883277999995698, 201, 239993.0, 2.449
0.6103928999991695, 202, 239993.0, 2.449
0.6716700999995737, 203, 239993.0, 2.449
0.628792199999225, 204, 239993.0, 2.449
0.5955954000000929, 205, 239993.0, 2.449
0.6183218999995006, 206, 239993.0, 2.449
0.6774953000003734, 207, 239993.0, 2.449
0.7246519999998782, 208, 239993.0, 2.449
0.6462210999998206, 209, 239993.0, 2.449
0.7496380000002318, 210, 239993.0, 2.449
0.6476201000004949, 211, 239993.0, 2.449
0.6202925999996296, 212, 239993.0, 2.449
0.6500929999992877, 213, 239993.0, 2.449
0.6291604000007283, 214, 239993.0, 2.449
0.6127746000001935, 215, 239993.0, 2.449
0.6502343000001929, 216, 239993.0, 2.449
0.625864200000251, 217, 239993.0, 2.449
0.7110277000001588, 218, 239993.0, 2.449
0.6716234000004988, 219, 239993.0, 2.449
0.6831543999996939, 220, 239993.0, 2.449
0.6687449000000925, 221, 239993.0, 2.449
0.6991963999998916, 222, 239993.0, 2.449
0.6550123999995776, 223, 239993.0, 2.449
0.7195778000004793, 224, 239993.0, 2.449
0.6244466999996803, 225, 239993.0, 2.449
0.5728849000006448, 226, 239993.0, 2.449
0.6164874999994936, 227, 239993.0, 2.449
0.8082202000005054, 228, 239993.0, 2.449
0.7281126999996559, 229, 239993.0, 2.449
0.6523133999999118, 230, 239993.0, 2.449
0.6502619000002596, 231, 239993.0, 2.449
0.6959506000002875, 232, 239993.0, 2.449

tour:
[ 778  773  772  769  762  792  793  790 1078 1066  794  796  791  795
  800  797  801  798  750  748  806  808  802  803  804 1052 1045 1043
 1039 1038 1046 1048 1049 1008 1004 1002 1005 1007 1010 1017 1021 1022
 1033 1034 1035  846  847  845  844  835  829  825  824  823  821  717
  719  721  723  722  720  712  726  729  731  737  733  732  725  724
  817  822  820  818  827  826  828  843  836  837  838 1036 1020 1018
 1009 1047 1019 1037  839  841  842  840  819 1040 1041  815  814  816
  813  812  811  810 1042 1044  809  805  807  739  738  734  735 1560
 1550 1551 1557 1559 1561  730  728 1562 1563 1569 1571 1573 1572  727
  711  710 1574 1575 1581 1583 1588 1587 1595 1596 1597 1604 1603 1600
 1602 1599 1598 1594 1593 1592 1589 1591 1732 1601 1723 1722 1605 1606
 1608 1609 1610  689  693  694  700  701  702 1586 1585 1584  709  704
  703  699  677  706  707  705  714  713  715  708  716  718  831  830
  833  834  660  662  661  832  673  672  668  671  669  670  676  679
  674  667  664  663  656  666  665  680  675  682  681  652  648  653
  647  655  646  654  645  119  118  644 1274 1273 1259 1260  657  658
 1261 1262  659  850  849  848  851  852 1264 1263 1270 1271 1269 1258
 1257 1256 1253 1254  870  871  892  894 1243 1245 1252 1255 1248 1250
 1282 1281 1280 1249 1266 1265 1267 1268 1278 1272 1275 1277 1279 1283
  630  634  635  636  633  631 1276  632  640  641  642  116  117  123
  125  114  113  120  124  122  121 1626 1627 1625 1624  686  650  651
  649  684  685  691  696  683  678  698  697  692  695  690 1613 1615
  688  687 1623 1622 1621 1628 1631 1632 1630 1634 1633 1635 1650 1649
 1652 1654 1658 1653 1651 1629 1620 1619 1617 1618 1616 1614 1612 1660
 1659 1657 1656 1661 1662 1611 1663 1668 1667 1664 1607 1721 1666 1665
 1712 1708 1707 1713 1717 1720 1719 1718 1724 1727 1828 1716 1714 1715
 1829 1827 1825 1832 1833 1834 1706 1705 1836 1835 1844 1830 1848 1845
 1846 1847 1831 1849 1850 1851 1853 1852 1854 1823 1855 1857 1859 1874
 1876 1877 1875 1814 1858 1856 1821 1822 1824 1826 1726 1725 1728 1731
 1733 1736 1590 1737 1739 1738 1582 1580 1576 1570 1749 1750 1748 1579
 1577 1578 1744 1740 1743 1741 1804 1802 1796 1803 1805 1742 1810 1809
 1816 1811 1735 1817 1734 1730 1729 1819 1820 1818 1812 1813 1815 1806
 1808 1807 1878 1879 1881 1883 1884 1886 1887 1885 1799 1882 1880 1797
 1798 1800 1801 1790 1791 1789 1788 1792 1786 1785 1888 1902 1889 1901
 1904 1905 1903 1784 1787 1778 1783 1780 1782 1779 1766 1769 1765 1776
 1777 1763 1774 1764 1555 1553 1554 1761 1762 1759 1758 1757 1567 1756
 1755 1753 1760 1793 1794 1795 1752 1746 1745 1747 1751 1754 1566 1565
 1568 1564 1558 1556 1552 1544 1547 1548 1549  736  741  740  743  742
  744  745  747  756  752  751  749  799  759  758  760  757  753  761
  755  763  764  768  767  765  766 1515 1514 1505 1506 1511 1510 1508
 2063 2065 2062 1512 1513 1517 1516 1524 1525 1523 1522 2056 2058 2055
 1530 1528 1531 1529 2051 2054 2052 2053 1540 1537 1534 1532 1527 1526
 1533  754  746 1535 1536 1546 1545 1541 1538 1542 1539 1543 1773 1775
 1772 1770 1771 2047 2048 2050 2049 2059 2057 1519 1521 1518 1520 2061
 2060 2030 2039 2040 2041 2046 2045 1768 1767 1910 1908 1781 1906 1907
 1909 1913 1912 1915 1919 1918 1920 1939 1921 1923 1922 1938 1942 1943
 1945 1937 1946 1947 1944 2016 2018 2024 2023 2022 2067 2028 2025 2026
 1941 1940 2033 1917 1916 1914 1911 2043 2044 2034 2042 2036 2037 2038
 2035 2032 2031 2027 2029 2064 2066 2068 2069 2021 2019 2017 2020 2013
 2014 2015 1967 1956 1948 1955 1949 1953 1950 1957 1958 1964 1959 1963
 1973 1976 1980 1979 1978 1977 1962 1961 1960 1952 1951 1954 1935 1936
 1934 1933 1932 1931 1930 1929 1928 1927 1926 1925 1924 1900 1899 1898
 1897 1896 1895 1894 1893 1892 1891 1890 1872 1871 1873 1860 1870 1869
 1868 1867 1866 1865 1864 1863 1862 1861 1690 1689 1687 1691 1688 1839
 1840 1841 1842 1843 1838 1699 1694 1686 1692 1693 1685 1695 1684 1697
 1698 1837 1700 1701 1704 1702 1696 1683 1680 1679 1678 1645 1676 1677
 1681 1682 1703 1709 1710 1711 1669 1670 1672 1671 1673 1674 1675 1644
 1646 1643 1647 1655 1642 1648 1641 1640 1637 1639 1636 1638  102  104
   95  101  105  103  109  110  111  112  108  115  126  127  128  638
  643  639  637  132  129  100   99  107  106   94   96   93   97   98
   92   91   89   90  130  131  134  133  135  136   84   85   88   87
   86   83   79   80   78   77   67   68   65   63   61   60   59   58
   57   55   54  156  158  160  162  164  595  596  159  157  155  153
  606  605  597  601  604  599  602 1306  603  609  612  608  607  152
  149  148  613  615  617  614  146  145  621  620  618 1290 1291 1295
  616  610  611 1303 1305 1307 1308 1304 1302 1301 1309 1311 1300 1299
 1215 1216 1313 1315 1317 1314 1217 1324 1316 1323 1325 1328 1326 1322
 1321  556  554  583  589  570  557  558  571  569  580  579  578  581
  582  591  590  588  584  555 1320 1318 1312 1310 1319  587  586  585
  600  598  594  592  593  165  163  167   44   45  161   52   51   53
   50   46   49   48   39   47   38   40   37   35   23   34   36   41
   42   33  171   32   31   26   25   22   24   21   13   16   17   20
   18   19   27    4    3    2    5    1    0    6    9   10   15   14
   12   11    8    7 2318 2317 2316 2301 2302 2313 2315 2314 2309 2308
 2305  174 2306 2307   28   29   30  172  170   43  168  166  577  169
  173  175  576  574  575  572  568  566  559  560  567  565  573  184
  183  179  177  176  178 2304  180  182 2311 2310 2312 2303 2300 2299
 2295 2294 2296 2298 2297  181  189  190  188  186  185  187  564  563
  562  561  551  548  552  553  549  550 1327 1329  538  541  547  546
  545  544  542  543  536  202  201  200  199  203  207  204  205  206
  525  534  535  537  540  539 1330 1331 1332 1213 1218 1214 1221 1228
 1223 1229 1236 1235 1237 1234 1232 1233 1230 1298 1231 1297 1296 1294
 1293 1292 1289 1288 1287 1285  628  619  622  623  144  139  140  142
  143  147   72  150  151  154   56   62   64   71   70   69   66   76
   73   74  141   75   82   81  138  137  625  624  626  629  627 1284
 1286 1247 1251 1246 1239 1240 1238 1241 1242 1244  895  893  896 1225
 1224 1226 1227 1222 1220 1219 1200 1212 1211 1208 1210 1209 1333 1334
 1340 1342 1343 1349 1348  517  516  519  515  518  505  504  506  508
  503  507  498  500  490  495  496  494  236  235  237  234  230  221
  233  231  232  497  501  502  510  509  512  514  217  523  522  526
  521  520 1347 1346 1344 1345  532  531 1339 1337 1335 1336 1338  529
  530  533  528  527  524  214  213 2267  212  211 2278  210  209  208
  198 2289  197  195  193  194  192  196  191 2291 2292 2290 2293 2287
 2288 2286 2284 2285 2282 2283 2279 2281 2280 2277 2276 2275 2274 2272
 2273 2271 2266 2270  224 2269 2268  215  216  218  513  511  219  223
  220  222  227  226  225 2262 2263 2265 2261 2264 2258 2257 2259 2260
 2255 2256 2254 2253 2252 2249 2251 2250 2248 2247 2244  242  241  240
  228  229  239  238  243  244  248 2245  250 2246 2243 2242 2241 2240
 2239 2230 2229 2228 2223 2222 2217 2216 2215 2214 2213 2212 2206 2207
 2205 2204 2203 2202 2196 2197 2188 2195 2194 2208 2209 2211 2210 2193
 2191 2189 2187 2184 2183  283  282 2177 2179 2182 2198 2199 2201 2200
 2181 2180 2178 2176 2175  287  285  284  271  276  273  275  272  277
  458  456  451  448  450  274  291  292  296  449  295  293  294  300
  298  299  297  290  289  288  286 2174 2173 2172 2171 2170 2169 2168
 2167 2166 2164 2165 2163 2162 2161 2160  305  302  301  307  306  303
  322  304 2158 2159 2157 2156  325  323  317  312  321  308  309  310
  320  311  439 1410 1408 1407 1411 1403 1404 1402 1406 1152 1150 1151
 1153 1388 1400 1387 1399 1398 1401 1405 1397  444  443  440  441  442
  445  447  446 1396 1395  452  453 1394  465  454  455  457  460  459
  461  270  269  267  279  278  280  281 2185 2186 2190  268  266 2220
 2192 2218 2221 2219  264  265  462  463  464  467  470  469  471  472
  473  482  477  474  468  466  476 1390 1392 1393 1391 1386 1389 1385
  475  478 1384 1383 1381 1382  488  487  479  480  486  485  481  484
  483  253  255  256 2234  261  260  257  258  259  262  263 2225 2224
 2226 2227 2231 2232 2236 2238 2237 2235 2233  251  252  254  249  247
  245  246  492  493  491  489 1374  499 1365 1364 1363 1360 1362 1367
 1366 1373 1375 1376 1377 1379 1380 1159 1157 1154 1156 1160 1158 1378
 1161 1164  947 1163 1155 1147 1148 1149 1412 1413 1145 1142 1146 1141
 1140 1139 1138 1137 1136  957  954  956  955  960 1125 1132 1133 1135
 1134 1131 1127 1126 1121 1120 1430 1432 1428 1426 1427 1429 1128 1129
 1130 1143 1144 1414 1419 1418 1423 1417 1420 1415 1409  437  438  319
  318  436  435 1416 1421  433  434  313  316  429  430  432 1422 1424
 1425 1434 1433 1436  419  422  421  424  423  425  431  427  426  428
  337  336  333  420  417  334  416  414  412  411  413  418 1437 1438
 1446 1450 1445 1439 1440 1435 1431 1441 1114 1119 1118 1115 1113 1112
 1442 1443 1444 1109 1111 1108 1110 1096 1097 1095 1094 1093 1092 1449
 1447 1451  410  409  405  402  403 1455 1454  404 1452 1453 1448 1090
 1091 1084 1082 1083 1081 1073 1080 1072 1098  969  967  970  968 1000
  997  993  992  972  966  971  965 1102 1100 1099 1101 1106 1107 1105
 1116 1103 1123 1117 1122 1124  963  975  961  959  977  958  953  952
  978  938  939  951  949  950  948  946  945  944  943  942 1172 1170
 1168 1167 1162 1165 1371 1372 1370 1369 1166 1169 1368 1361 1359 1171
 1177 1358 1357 1356 1355 1354 1353 1351 1352 1179 1178 1180 1181 1183
  931  928  926  912  929  930  932 1175 1176 1174 1173  933  934  941
  940  935  923  924  925  913  914  922  936  937  981  979  980  976
  962  974 1104  964  973  986  987  985  982  984  921  915  916  919
 1028 1013 1014 1015 1025 1031 1026 1027 1029 1030  909  906  905  911
  902  886  885  878  874  876  888  877  887  901  903  904  927 1187
  900 1188 1186 1185 1189 1191 1198 1197 1192 1190 1184 1193 1182 1194
 1350 1196 1195 1341 1199 1207 1201 1206 1202 1205 1204 1203  899  898
  889  897  890  891  875  873  872  867  869  868  866  862  853  854
  861  863  865  864  860  859  883  879  884  910  907  908  882  880
  881  858  856  855  857 1032 1023 1024 1016 1011 1012 1006  995  918
  917  920  983  990  988  991  989  994  996 1001  998 1060  999 1069
 1071 1070 1068 1061 1062 1056 1059 1057 1058 1003 1050 1051 1054 1053
 1055 1063 1064 1065 1067 1079 1077 1075  789  787  771  770  786  788
 1076 1074 1085 1086  785  783  781  780  782  784 1087 1088 1089 1457
 1456 1458 1459 1460 1461 1471 1470 1469 1472  774  779 1473 1475 1468
  390  393 1467 1466 1463 1465 1462 1464  398  400  401  399  396  397
  394  395  375  392  376  382  377  378  374  371  373  370  372  406
  407  408  415  349  351  345 2140 2143  344  346  348  335  332  331
  339  341  328  330  338  315  314  326  329  327  324 2155 2154 2153
 2152 2151 2150 2149 2148  340  342  347  343 2145 2147 2146 2144 2142
 2141 2139 2137 2134 2133 2132 2135  358  357 2136 2138  352  356  350
  355  353  359  354  368  367  369  361  364  379  381  380  363 2125
 2127  362  365  366  360 2131 2128 2130 2129 2126 2124 2122 2123 2118
 2121 2120 2106 2105 2104 2102 2099 2103 2098 2090 2085 2087 2089 2088
 1992 1993 2000 2001 1995 1996 1998 1997 1999 1987 1988 1994 1991 1990
 1989 1981 1982 1983 1984 1985 1986 1975 1974 1972 1971 1970 2006 2007
 1969 1965 1966 1968 2008 2009 2012 2011 2010 2005 2004 2003 2002 2084
 2082 2079 2077 2078 2076 2075 2074 2072 2073 2071 2070 1487 1509 1507
 1502 1503 1504 1478 1482 1499 1497 1494 1486 2095 2096 2094 2093 1493
 1495 1496 1498 1501 1500 1488 1489 1490 1491 1492 2080 2083 2092 2081
 2086 2091 2097 2100 2101 2109 2110 2113  386 1485 1484 1483  388  385
  384 2114 2112 2111 2108 2107 2119 2117 2116 2115  383  391  387  389
 1476 1481 1477 1479 1480 1474  775  777  776]

eliteFit: 239993.0
percentError: 2.4490301208933816
computationTime: 249.715s