instanceName: u2319
n: 2319
optFit: 234256

genTime, gen, eliteFit, percentError:
0.0025120000000242726, 0, 5842574.0, 2394.098
4.1567368000005445, 1, 251061.0, 7.174
2.703730500000347, 2, 249771.0, 6.623
2.649473499999658, 3, 249300.0, 6.422
2.4628124999999272, 4, 248273.0, 5.984
2.5518332999999984, 5, 248273.0, 5.984
2.423333700000512, 6, 247886.0, 5.818
2.3748663000005763, 7, 247886.0, 5.818
2.594679900000301, 8, 247511.0, 5.658
2.4239470000002257, 9, 247387.0, 5.605
2.576198900000236, 10, 246556.0, 5.251
2.326198800000384, 11, 246304.0, 5.143
2.5869371999997384, 12, 246079.0, 5.047
2.2094505000004574, 13, 246039.0, 5.030
2.324120899999798, 14, 245974.0, 5.002
2.3711669000003894, 15, 245606.0, 4.845
2.2309148000003916, 16, 245606.0, 4.845
2.1207389999999577, 17, 245482.0, 4.792
2.484281999999439, 18, 245278.0, 4.705
2.2653163000004497, 19, 245116.0, 4.636
2.2765134000001126, 20, 244971.0, 4.574
2.18568039999991, 21, 244437.0, 4.346
2.075795499999913, 22, 244437.0, 4.346
2.259291000000303, 23, 244437.0, 4.346
2.2016672999998264, 24, 244355.0, 4.311
2.1847347999992053, 25, 244014.0, 4.166
2.118363600000521, 26, 244014.0, 4.166
2.1413705000004484, 27, 244014.0, 4.166
1.9762117999998736, 28, 243821.0, 4.083
1.9832527999997183, 29, 243726.0, 4.043
1.7275359000004755, 30, 243726.0, 4.043
1.7096821000004638, 31, 243726.0, 4.043
1.982804500000384, 32, 243562.0, 3.973
1.8796526999994967, 33, 243480.0, 3.938
1.7193060999998124, 34, 243480.0, 3.938
1.800325399999565, 35, 243480.0, 3.938
1.862292100000559, 36, 243398.0, 3.903
1.9978203999999096, 37, 243276.0, 3.850
1.955631099999664, 38, 243274.0, 3.850
2.014926199999536, 39, 243234.0, 3.833
1.849307200000112, 40, 243129.0, 3.788
1.8149493999999322, 41, 243087.0, 3.770
1.5655001999994056, 42, 242965.0, 3.718
1.2975577999995949, 43, 242965.0, 3.718
1.2289576000002853, 44, 242824.0, 3.658
0.9965130999999019, 45, 242824.0, 3.658
1.000568700000258, 46, 242660.0, 3.588
1.3487230999999156, 47, 242618.0, 3.570
1.0704079999995884, 48, 242618.0, 3.570
1.0215188000001945, 49, 242513.0, 3.525
1.258941500000219, 50, 242431.0, 3.490
1.3171892000000298, 51, 242408.0, 3.480
1.2507326999993893, 52, 242408.0, 3.480
0.9443934999999328, 53, 242408.0, 3.480
0.7589050999995379, 54, 242366.0, 3.462
0.8421726000005947, 55, 242366.0, 3.462
0.7365671999996266, 56, 242284.0, 3.427
0.6685444999993706, 57, 242284.0, 3.427
0.7257904999996754, 58, 242284.0, 3.427
0.7615133999997852, 59, 242284.0, 3.427
0.6275200000000041, 60, 242284.0, 3.427
0.7158291000005192, 61, 242284.0, 3.427
0.6196561000006113, 62, 242284.0, 3.427
0.742164700000103, 63, 242284.0, 3.427
0.6564990000006219, 64, 242284.0, 3.427
0.6837010999997801, 65, 242284.0, 3.427
0.6599207999997816, 66, 242284.0, 3.427
0.7029532999995354, 67, 242284.0, 3.427
0.6355413000001136, 68, 242284.0, 3.427
0.6595254000003479, 69, 242284.0, 3.427
0.6490535000002637, 70, 242284.0, 3.427
0.6792750999993586, 71, 242284.0, 3.427
0.616678100000172, 72, 242284.0, 3.427
0.6989029999995182, 73, 242284.0, 3.427
0.7074643999994805, 74, 242284.0, 3.427
0.683498100000179, 75, 242284.0, 3.427
0.6828542000002926, 76, 242284.0, 3.427
0.7830014999999548, 77, 242284.0, 3.427
0.728180500000235, 78, 242278.0, 3.424
0.6814233000004606, 79, 242278.0, 3.424
0.7773208999997223, 80, 242278.0, 3.424
0.798283199999787, 81, 242278.0, 3.424
0.7007171999994171, 82, 242278.0, 3.424
0.7279060999999274, 83, 242278.0, 3.424
0.7078890000002502, 84, 242278.0, 3.424
0.7235191999998278, 85, 242278.0, 3.424
0.8490572999999131, 86, 242196.0, 3.389
0.7032121000002007, 87, 242196.0, 3.389
0.7834448000003249, 88, 242196.0, 3.389
0.8391267000006337, 89, 242074.0, 3.337
0.6934095999995407, 90, 242032.0, 3.319
0.7317623000008098, 91, 241868.0, 3.249
0.8955458000000363, 92, 241868.0, 3.249
1.03318709999985, 93, 241868.0, 3.249
0.9089774999993097, 94, 241868.0, 3.249
0.660826299999826, 95, 241868.0, 3.249
0.6565877999992153, 96, 241868.0, 3.249
0.6364290999999866, 97, 241868.0, 3.249
0.6648717000007309, 98, 241868.0, 3.249
0.6691883000003145, 99, 241868.0, 3.249
0.7090546999997969, 100, 241868.0, 3.249
0.6424418000005971, 101, 241868.0, 3.249
0.7449276000006648, 102, 241868.0, 3.249
0.7065185000001293, 103, 241868.0, 3.249
0.6790009000005739, 104, 241868.0, 3.249
0.6760288999994373, 105, 241868.0, 3.249
0.6500478999996631, 106, 241868.0, 3.249
0.6692159999993237, 107, 241868.0, 3.249
0.6605097000001479, 108, 241868.0, 3.249
0.7045999000001757, 109, 241868.0, 3.249
0.7348505999998451, 110, 241868.0, 3.249
0.6823810000005324, 111, 241868.0, 3.249
0.6335086999997657, 112, 241868.0, 3.249
0.7231333999998242, 113, 241868.0, 3.249
0.7303928000001179, 114, 241868.0, 3.249
0.6523675999997067, 115, 241868.0, 3.249
0.6480657000001884, 116, 241868.0, 3.249
0.6841481999999814, 117, 241868.0, 3.249
0.7935965000006036, 118, 241868.0, 3.249
0.7327656999996179, 119, 241868.0, 3.249
0.6619101000005685, 120, 241868.0, 3.249
0.6470792000000074, 121, 241868.0, 3.249
0.6353801000004751, 122, 241868.0, 3.249
0.6764611999997214, 123, 241868.0, 3.249
0.7123443999998926, 124, 241868.0, 3.249
0.7935033000003386, 125, 241868.0, 3.249
0.6484112999996796, 126, 241868.0, 3.249
0.7820921000002272, 127, 241868.0, 3.249
0.7137420000008206, 128, 241868.0, 3.249
0.7001062999997885, 129, 241868.0, 3.249
0.7879556000007142, 130, 241786.0, 3.214
0.6540328000000954, 131, 241786.0, 3.214
0.6428547999994407, 132, 241786.0, 3.214
0.7038769999999204, 133, 241786.0, 3.214
0.7033506999996462, 134, 241721.0, 3.187
0.8292697999995653, 135, 241721.0, 3.187
0.7851251000001866, 136, 241721.0, 3.187
0.6682873999998264, 137, 241721.0, 3.187
0.6681858000001739, 138, 241721.0, 3.187
0.665945699999611, 139, 241721.0, 3.187
0.6182498999996824, 140, 241721.0, 3.187
0.6220665999999255, 141, 241721.0, 3.187
0.6709547000000384, 142, 241721.0, 3.187
0.6950279000002411, 143, 241721.0, 3.187
0.7565986999998131, 144, 241721.0, 3.187
0.7389323999996122, 145, 241721.0, 3.187
0.7084240000003774, 146, 241721.0, 3.187
0.6819850000001679, 147, 241721.0, 3.187
0.6839909999998781, 148, 241721.0, 3.187
0.6808224999995218, 149, 241721.0, 3.187
0.6611513000007108, 150, 241721.0, 3.187
0.634240299999874, 151, 241721.0, 3.187
0.6538485999999466, 152, 241721.0, 3.187
0.6705276000002414, 153, 241721.0, 3.187
0.6903215000002092, 154, 241721.0, 3.187
0.6466516000000411, 155, 241721.0, 3.187
0.7347313999998732, 156, 241721.0, 3.187
0.6276901999999609, 157, 241721.0, 3.187
0.658788600000662, 158, 241721.0, 3.187
0.6881952000003366, 159, 241721.0, 3.187
0.67175270000007, 160, 241721.0, 3.187
0.6374281999997038, 161, 241721.0, 3.187
0.821822400000201, 162, 241721.0, 3.187
0.725398700000369, 163, 241721.0, 3.187
0.7100912000005337, 164, 241557.0, 3.117
0.7221758000005138, 165, 241557.0, 3.117
0.9773743000005197, 166, 241557.0, 3.117
1.056772699999783, 167, 241557.0, 3.117
1.4329798999997365, 168, 241557.0, 3.117
1.5356305000004795, 169, 241475.0, 3.082
1.3765944999995554, 170, 241475.0, 3.082
1.1501581000002261, 171, 241475.0, 3.082
1.0674185999996553, 172, 241311.0, 3.012
1.0825641999999789, 173, 241229.0, 2.977
0.948614599999928, 174, 241229.0, 2.977
1.3790652999996382, 175, 241206.0, 2.967
1.1830533000002106, 176, 241206.0, 2.967
0.9829405000000406, 177, 241147.0, 2.942
1.1054063999999926, 178, 241147.0, 2.942
1.0165948999992906, 179, 241105.0, 2.924
0.8860236000000441, 180, 241023.0, 2.889
0.9083082999995895, 181, 241023.0, 2.889
0.7578280000006998, 182, 241023.0, 2.889
0.6324770000001081, 183, 241023.0, 2.889
0.6258975999999166, 184, 241023.0, 2.889
0.7025195999995049, 185, 241023.0, 2.889
0.6729403999997885, 186, 241023.0, 2.889
0.642982899999879, 187, 241023.0, 2.889
0.6341228999999657, 188, 241023.0, 2.889
0.8234202000003279, 189, 241023.0, 2.889
0.7425720999999612, 190, 241023.0, 2.889
0.7130525000002308, 191, 241023.0, 2.889
0.6178425999996762, 192, 241023.0, 2.889
0.8454569000004994, 193, 241023.0, 2.889
0.685393099999601, 194, 241023.0, 2.889
0.6828064000001177, 195, 241023.0, 2.889
0.6285761999997703, 196, 241023.0, 2.889
0.6775911000004271, 197, 241023.0, 2.889
0.7166998000002422, 198, 241023.0, 2.889
0.6840134999993097, 199, 241023.0, 2.889
0.710243100000298, 200, 241023.0, 2.889
0.6642076999996789, 201, 241023.0, 2.889
0.6639699999996083, 202, 240941.0, 2.854
0.6212711999996827, 203, 240941.0, 2.854
0.6793061999997008, 204, 240941.0, 2.854
0.6654885000007198, 205, 240941.0, 2.854
0.62882879999961, 206, 240941.0, 2.854
0.6841486999992412, 207, 240941.0, 2.854
0.69166850000056, 208, 240941.0, 2.854
0.6287431000000652, 209, 240941.0, 2.854
0.6673516000000745, 210, 240941.0, 2.854
0.6436645000003409, 211, 240941.0, 2.854
0.7328883999998652, 212, 240941.0, 2.854
0.7090494000003673, 213, 240941.0, 2.854
0.6462251000002652, 214, 240941.0, 2.854
0.6965208000001439, 215, 240941.0, 2.854
0.6218596999997317, 216, 240941.0, 2.854
0.6592582000002949, 217, 240941.0, 2.854
0.6509302000004027, 218, 240941.0, 2.854
0.6364713999992091, 219, 240941.0, 2.854
0.7497745000000577, 220, 240941.0, 2.854
0.697144799999478, 221, 240941.0, 2.854
0.6214592999995148, 222, 240941.0, 2.854
0.6770276999995986, 223, 240941.0, 2.854
0.6520338000000265, 224, 240941.0, 2.854
0.7173031000002084, 225, 240941.0, 2.854
0.6511206000004677, 226, 240941.0, 2.854
0.6442687999997361, 227, 240941.0, 2.854
0.7890110000007553, 228, 240941.0, 2.854
0.6752417999996396, 229, 240918.0, 2.844
0.9267241999996259, 230, 240836.0, 2.809
1.084814799999549, 231, 240836.0, 2.809
1.3157238000003417, 232, 240836.0, 2.809
0.855177299999923, 233, 240836.0, 2.809
0.6995726999994076, 234, 240836.0, 2.809
0.7390622000002622, 235, 240836.0, 2.809
0.7487476999995124, 236, 240813.0, 2.799
0.6893409000003885, 237, 240754.0, 2.774
0.7660464000000502, 238, 240754.0, 2.774
0.733352900000682, 239, 240754.0, 2.774
0.7195108000005348, 240, 240754.0, 2.774
0.6675967999999557, 241, 240754.0, 2.774
0.6792672999999922, 242, 240754.0, 2.774
0.5992126000001008, 243, 240754.0, 2.774
0.6336628999997629, 244, 240754.0, 2.774
0.737983200000599, 245, 240754.0, 2.774
0.714577100000497, 246, 240754.0, 2.774
0.6214118000007147, 247, 240754.0, 2.774
0.7147473000004538, 248, 240754.0, 2.774
0.6476484999993772, 249, 240754.0, 2.774
0.6865308000005825, 250, 240754.0, 2.774
0.6398763000006511, 251, 240754.0, 2.774
0.6418434000006528, 252, 240754.0, 2.774
0.7081727000004321, 253, 240754.0, 2.774
0.6627994000000399, 254, 240754.0, 2.774
0.6639947999992728, 255, 240754.0, 2.774
0.6957716999995682, 256, 240754.0, 2.774
0.6575305000005756, 257, 240754.0, 2.774
0.6189217999999528, 258, 240754.0, 2.774
0.6820092999996632, 259, 240754.0, 2.774
0.6416084000002229, 260, 240754.0, 2.774
0.7686869000008301, 261, 240754.0, 2.774
0.6902533000002222, 262, 240754.0, 2.774
0.7749383999998827, 263, 240754.0, 2.774
0.7464234999997643, 264, 240754.0, 2.774
0.6220821000006254, 265, 240754.0, 2.774
0.6388740000002144, 266, 240754.0, 2.774
0.6659198999996079, 267, 240754.0, 2.774
0.6334139000000505, 268, 240754.0, 2.774
0.6878765999999814, 269, 240754.0, 2.774
0.6480294999992111, 270, 240754.0, 2.774
0.689419899999848, 271, 240754.0, 2.774
0.6795247000000018, 272, 240754.0, 2.774
0.6754283999998734, 273, 240754.0, 2.774
0.6795493000008719, 274, 240754.0, 2.774
0.6487286000001404, 275, 240754.0, 2.774
0.5943680999998833, 276, 240754.0, 2.774
0.659367199999906, 277, 240754.0, 2.774
0.6174240000000282, 278, 240672.0, 2.739
0.7111377999999604, 279, 240672.0, 2.739
1.146386800000073, 280, 240672.0, 2.739
1.0940673999994033, 281, 240590.0, 2.704
0.7345414999999775, 282, 240590.0, 2.704
0.6826558999991903, 283, 240531.0, 2.679
0.8040999000004376, 284, 240531.0, 2.679
1.0532903000002989, 285, 240508.0, 2.669
1.408427500000471, 286, 240449.0, 2.644
1.6657058999999208, 287, 240426.0, 2.634
1.6767068999997718, 288, 240426.0, 2.634
1.5147077999999965, 289, 240426.0, 2.634
1.583279099999345, 290, 240426.0, 2.634
1.7281269999994038, 291, 240426.0, 2.634
1.8396867000001293, 292, 240367.0, 2.609
1.3167012000003524, 293, 240367.0, 2.609
1.0385904000004302, 294, 240367.0, 2.609
1.112605700000131, 295, 240144.0, 2.513
1.1548837999998796, 296, 240144.0, 2.513
1.6047887000004266, 297, 240144.0, 2.513
1.644049200000154, 298, 240144.0, 2.513
0.6653311000000031, 299, 240144.0, 2.513
0.6130323000006683, 300, 240144.0, 2.513
0.7366513999995732, 301, 240062.0, 2.478
0.6912016999995103, 302, 240062.0, 2.478
0.7271996999998009, 303, 240062.0, 2.478
0.7338067000000592, 304, 240062.0, 2.478
0.6441658000003372, 305, 240062.0, 2.478
0.6829379000000699, 306, 240062.0, 2.478
0.6877880000001824, 307, 240062.0, 2.478
0.6760515999994823, 308, 240062.0, 2.478
0.7321420999996917, 309, 240062.0, 2.478
0.7012329999997746, 310, 240062.0, 2.478
0.6713359000004857, 311, 240062.0, 2.478
0.6215342999994391, 312, 240062.0, 2.478
0.6631136000005426, 313, 240062.0, 2.478
0.6095420999999988, 314, 240062.0, 2.478
0.7229710999999952, 315, 240062.0, 2.478
0.7238133999999263, 316, 240062.0, 2.478
0.609020199999577, 317, 240062.0, 2.478
0.6438489000001937, 318, 240062.0, 2.478
0.691512700000203, 319, 240062.0, 2.478
0.6648973999999725, 320, 240062.0, 2.478
0.695977600000333, 321, 240062.0, 2.478
0.7350687999996808, 322, 240062.0, 2.478
0.6377298000006704, 323, 240062.0, 2.478
0.7384594999994079, 324, 240062.0, 2.478
0.7158847999999125, 325, 240062.0, 2.478
0.6840942999997424, 326, 240062.0, 2.478
0.6293095000000903, 327, 240062.0, 2.478
0.610196999999971, 328, 240062.0, 2.478
0.7251274000000194, 329, 240062.0, 2.478
0.6280114999999569, 330, 240062.0, 2.478
0.6446679999999105, 331, 240062.0, 2.478
0.6327990999998292, 332, 240062.0, 2.478
0.6758892000007108, 333, 240062.0, 2.478
0.6535748000005697, 334, 240062.0, 2.478
0.7165506999999707, 335, 240062.0, 2.478
0.7129998000000342, 336, 240062.0, 2.478
0.6134195000004183, 337, 240062.0, 2.478
0.6934927000002062, 338, 240062.0, 2.478
0.7705249000000549, 339, 240062.0, 2.478
0.6589455000002999, 340, 240062.0, 2.478
0.6907479000001331, 341, 240062.0, 2.478
0.6908078999995269, 342, 240062.0, 2.478
0.7588696999991953, 343, 240062.0, 2.478
0.6951485999998113, 344, 240062.0, 2.478
0.6073676000005435, 345, 240062.0, 2.478
0.7737768000006326, 346, 240062.0, 2.478
0.7102613000006386, 347, 240039.0, 2.469
0.6458226000004288, 348, 240039.0, 2.469
0.6639033000001291, 349, 239957.0, 2.434
0.7499509999997827, 350, 239957.0, 2.434
0.7138377999999648, 351, 239957.0, 2.434
0.7295602999993207, 352, 239957.0, 2.434
0.6408811000001151, 353, 239957.0, 2.434
0.6635557999998127, 354, 239957.0, 2.434
0.7099977999996554, 355, 239957.0, 2.434
0.6622643000000608, 356, 239957.0, 2.434
0.7252293000001373, 357, 239957.0, 2.434
0.6517318000005616, 358, 239957.0, 2.434
0.7228345000003173, 359, 239957.0, 2.434
0.5855292999995072, 360, 239957.0, 2.434
0.738774899999953, 361, 239957.0, 2.434
0.6842665999993187, 362, 239957.0, 2.434
0.6282181999995373, 363, 239957.0, 2.434
0.6557769000000917, 364, 239957.0, 2.434
0.6056601000000228, 365, 239957.0, 2.434
0.6837210000003324, 366, 239957.0, 2.434
0.6425991000005524, 367, 239957.0, 2.434
0.6367130999997244, 368, 239957.0, 2.434
0.7039808999998058, 369, 239957.0, 2.434
0.7267080000001442, 370, 239957.0, 2.434
0.7028576000002431, 371, 239898.0, 2.408
0.6290466999998898, 372, 239898.0, 2.408
0.6269083999995928, 373, 239898.0, 2.408
0.6326489000002766, 374, 239898.0, 2.408
0.6101451999993515, 375, 239898.0, 2.408
0.72056160000011, 376, 239898.0, 2.408
0.7237531999999192, 377, 239839.0, 2.383
0.6574709999995321, 378, 239839.0, 2.383
0.6664375999998811, 379, 239839.0, 2.383
0.6825291000004654, 380, 239839.0, 2.383
0.6408958000001803, 381, 239839.0, 2.383
0.6286572999997588, 382, 239839.0, 2.383
0.6750503000002936, 383, 239839.0, 2.383
0.6550352000003841, 384, 239839.0, 2.383
0.7646946000004391, 385, 239839.0, 2.383
0.6313984999997047, 386, 239839.0, 2.383
0.6445880999999645, 387, 239839.0, 2.383
0.612246800000321, 388, 239839.0, 2.383
0.6133335999993506, 389, 239839.0, 2.383
0.6736413999997239, 390, 239839.0, 2.383
0.7056069000000207, 391, 239839.0, 2.383
0.6261753999997381, 392, 239839.0, 2.383
0.6572928000005049, 393, 239839.0, 2.383
0.713508599999841, 394, 239839.0, 2.383
0.628372500000296, 395, 239839.0, 2.383
0.70399019999968, 396, 239839.0, 2.383
0.6131499000002805, 397, 239839.0, 2.383
0.6570181999995839, 398, 239839.0, 2.383
0.8655811000007816, 399, 239839.0, 2.383
0.6420269999998709, 400, 239839.0, 2.383
0.6182180000005246, 401, 239839.0, 2.383
0.6754782999996678, 402, 239839.0, 2.383
0.6805764999999155, 403, 239839.0, 2.383
0.5855203000000984, 404, 239839.0, 2.383
0.7428714999996373, 405, 239839.0, 2.383
0.7509172999998555, 406, 239839.0, 2.383
0.8446084000006522, 407, 239839.0, 2.383
0.670831299999918, 408, 239839.0, 2.383
0.6306125000000975, 409, 239839.0, 2.383
0.6344138999993447, 410, 239839.0, 2.383
0.6776186000006419, 411, 239839.0, 2.383
0.7477754999999888, 412, 239839.0, 2.383
0.7884742999995069, 413, 239839.0, 2.383
0.636424000000261, 414, 239839.0, 2.383
0.6507464999995136, 415, 239839.0, 2.383
0.7375836000001073, 416, 239839.0, 2.383
0.6974155000007158, 417, 239839.0, 2.383
0.5847019000002547, 418, 239839.0, 2.383
0.6420295999996597, 419, 239839.0, 2.383
0.5954282000002422, 420, 239757.0, 2.348
0.7300552999995489, 421, 239757.0, 2.348
0.5822143999994296, 422, 239757.0, 2.348
0.6358417000001282, 423, 239757.0, 2.348
0.6612617000000682, 424, 239757.0, 2.348
0.657130500000676, 425, 239757.0, 2.348
0.6077275000006921, 426, 239757.0, 2.348
0.6597308000000339, 427, 239757.0, 2.348
0.7006699000003209, 428, 239757.0, 2.348
0.6638264000002891, 429, 239757.0, 2.348
0.7810786999998527, 430, 239757.0, 2.348
0.7421837000001688, 431, 239757.0, 2.348
0.7932424000000537, 432, 239757.0, 2.348
0.6829047999999602, 433, 239757.0, 2.348
0.6824745000003531, 434, 239757.0, 2.348
0.6932524000003468, 435, 239757.0, 2.348
0.6445457000008901, 436, 239757.0, 2.348
0.7289974000004804, 437, 239757.0, 2.348
0.6879537000004348, 438, 239757.0, 2.348
0.6195842999995875, 439, 239757.0, 2.348
0.6122581999998147, 440, 239757.0, 2.348
0.6804615999999442, 441, 239757.0, 2.348
0.6461975000001985, 442, 239757.0, 2.348
0.6895609000002878, 443, 239757.0, 2.348
0.6337351000001945, 444, 239757.0, 2.348
0.6314544000006208, 445, 239757.0, 2.348
0.7804157999999006, 446, 239757.0, 2.348
0.6877492999992683, 447, 239734.0, 2.338
0.6037575000000288, 448, 239734.0, 2.338
0.6762331999998423, 449, 239717.0, 2.331
0.7197857999999542, 450, 239717.0, 2.331
0.6494752000007793, 451, 239717.0, 2.331
0.7664423000005627, 452, 239717.0, 2.331
0.7363773999995828, 453, 239717.0, 2.331
0.6437586000001829, 454, 239717.0, 2.331
0.7165596000004371, 455, 239717.0, 2.331
0.7109953999997742, 456, 239717.0, 2.331
0.7048677000002499, 457, 239717.0, 2.331
0.6091915999995763, 458, 239717.0, 2.331
0.695542800000112, 459, 239717.0, 2.331
0.615543500000058, 460, 239717.0, 2.331
0.679073100000096, 461, 239717.0, 2.331
0.620452899999691, 462, 239717.0, 2.331
0.6656058999997185, 463, 239717.0, 2.331
0.6935604999998759, 464, 239717.0, 2.331
0.8474961000001713, 465, 239717.0, 2.331
0.6900409999998374, 466, 239717.0, 2.331
0.7237549000001309, 467, 239717.0, 2.331
0.6830572999997457, 468, 239717.0, 2.331
0.751190900000438, 469, 239717.0, 2.331
0.7101811000002272, 470, 239717.0, 2.331
0.68169829999988, 471, 239717.0, 2.331
0.6955103999998755, 472, 239717.0, 2.331
0.6970696999997017, 473, 239717.0, 2.331
0.629522199999883, 474, 239717.0, 2.331
0.6794952000000194, 475, 239717.0, 2.331
0.6995200000001205, 476, 239717.0, 2.331
0.6872096999995847, 477, 239717.0, 2.331
0.7566955999991478, 478, 239717.0, 2.331
0.6507085999992341, 479, 239717.0, 2.331
0.6176048999996055, 480, 239717.0, 2.331
0.6929039999995439, 481, 239717.0, 2.331
0.6534943999995448, 482, 239717.0, 2.331
0.6641754000002038, 483, 239717.0, 2.331
0.6089388999998846, 484, 239717.0, 2.331
0.6784119000003557, 485, 239717.0, 2.331
0.6360852999996496, 486, 239717.0, 2.331
0.7269616000003225, 487, 239717.0, 2.331
0.6595673000001625, 488, 239717.0, 2.331
0.7345099999993181, 489, 239717.0, 2.331
0.7029898000000685, 490, 239717.0, 2.331
0.6530194999995729, 491, 239717.0, 2.331
0.6301167999999961, 492, 239717.0, 2.331
0.6249432000004163, 493, 239717.0, 2.331
0.6449830999999904, 494, 239717.0, 2.331
0.6813867999999275, 495, 239717.0, 2.331
0.6073308999993969, 496, 239717.0, 2.331
0.6086041999997178, 497, 239717.0, 2.331
0.7141778000004706, 498, 239717.0, 2.331
0.733149499999854, 499, 239717.0, 2.331

tour:
[1581 1575 1574  710  711  727  728  730  731  732  725  729  726  712
  713  715  720  722  724  723  721  719  716  669  670  668  671  718
  831  824  717  821  822  820  823  826  827  840 1040  819  818  817
  816  813  814  815 1041 1042 1039 1038 1019 1018 1021 1017 1016 1024
 1023  881  858  857 1032 1033 1022 1020 1036 1034 1035  836  837  838
 1037  839  841  842  828  843  835  844  845  847  851  848  849  850
 1262  659  660  834  833  829  825  830  832  672  673  667  664  661
  662  663  658  657 1261 1270 1263 1264  852  853  854  846  855  856
  861  862  866  868  869  867  871  872  865  863  860  864  859  880
  883  878  874  873  875  888  890  897  896 1226 1224 1225 1235 1236
 1234 1237 1241 1232 1293 1294 1292 1291  618 1290 1289 1288 1287  619
  622  623  144  145  146  148  149  152  153  154  151  150   71   56
   55   57   62   64   69   66   74   73   70   72  147  143  142  141
   75   80   83   86   85   88   87   79   78   77   76   67   68   65
   63   61   60   59   58   53   51   54  156  155  605  606  607  609
  611  610  612  608  613  614  621  620  617  615  616 1295 1303 1302
 1296 1297 1231 1298 1300 1301 1304 1305 1306  603  604  601  597  596
  159  157  158  160   52   50   49   48   46   39   40   37   41   38
   47   45  161  162  163  165  164  595  593  166  168  170  171   43
  167   44   42   33   36   35   23   24   22   34   32   31   29   30
  172 2306  174  173  169  577  579  580  581  578  592  594  590  591
  589  588  584  583  554  555 1319 1310  586  587  585  600  598  599
  602 1307 1308 1309 1311 1313 1299 1230 1233 1229 1223 1228 1221 1215
 1216 1314 1316 1323 1326 1327  550  538  541  547  546  545  193  195
  192  196  197 2289 2288 2290 2292 2291  191  190  188  187  564  567
  565  568  566  559  560  563  194  562  561  551  552  548  549 1322
 1321 1317 1315 1312 1318 1320  556  553  557  558  571  570  582  569
  572  573  575  574  576  175  176  178  179  177  184  183  185  186
  189  181  182  180 2304 2308 2305 2307   28    3    4   27   26   25
   21   13   17   20   18   19    2   10   15   16   14   12   11    9
    8    7 2318    0    6    1    5 2309 2314 2312 2310 2311 2303 2313
 2315 2317 2316 2301 2302 2300 2297 2296 2298 2299 2295 2294 2293 2287
 2286 2284 2285 2282 2281 2280 2275 2274 2272 2273 2271 2266 2270 2269
  224  225  226  227 2260 2259 2261 2262 2263 2265 2264 2258 2257 2256
 2255 2254 2252 2253  240  228  229  239  238  241  242  243 2245 2244
 2247 2243 2237 2242 2248 2249 2251 2250 2241 2240 2238 2235 2236 2239
 2230 2231 2232  261 2234 2233  255  253  256  260  259  258  257  471
  469  468  467  470  462  463  464  465  466 1392 1391 1399 1401 1406
 1407 1412 1408 1410 1403 1411 1402 1405 1397 1404  443  444  445  449
  296  292  290 2171 2174  286  289  291  274  450  275  451  272  277
  278  460  458  456  453  452  448  447  446 1396 1398 1393 1395 1394
  454  455  457  459  461  270  279 2186 2190 2191 2189 2188 2195 2194
 2193 2192  268  267  269  265  264  266 2220 2218 2221 2219  263  262
 2225 2224 2226 2227 2229 2228 2223 2222 2217 2215 2214 2216 2210 2208
 2209 2211 2213 2212 2206 2207 2205 2204 2203 2202 2196 2201 2200 2199
 2197 2198 2181 2180 2179 2182 2183 2184 2187 2185  281  283  282  284
  280  271  276  273  288  285  287 2175 2177 2178 2176 2173 2172 2170
 2169 2168  299  298 2167 2166 2164 2162 2163 2165  301  302  305  303
  321  319  320  308  306  307  300  297  293  295  294  309  310  442
  441  440  439  311  438  436  318  312  322  304  325  324  326  323
  317  314  313  434  433 1421 1422  432  430  316  429  427  426  428
  315  338  330  329  327 2155 2156 2158 2160 2161 2159 2157 2154 2153
 2152  328 2151 2150 2149 2148  341  339  331  337  424  423  425  431
 1424 1425 1434 1432 1428 1426 1423 1417 1420 1416  435  437 1409 1415
 1413 1414 1144 1145 1149 1150 1151 1154 1157 1160 1158 1159 1388 1153
 1152 1400 1387 1386 1390  476  474  473  472  483  482  477  475  478
  479  487  491  493  492  486  480  481  485  246  494  496  232  502
  501  497  495  490  500  499 1374 1373 1366 1367 1370 1372 1375  489
  488 1382 1384 1385 1389 1383 1380 1379 1381 1376 1377 1378 1161 1371
 1165 1162 1167 1168 1169 1166 1369 1368 1361 1171 1359 1358 1177 1176
 1174 1173 1175  932  930  928  931 1183 1181 1180 1178 1179 1357 1360
 1362 1364 1363 1365  498  507  503  510  233  231  235  236  245  247
  484  254  252  251 2246  250  249  248  244  237  234  230  221  222
  220  223  219  513  511  509  512  218  514  515  519  217  216  215
 2268 2267  213  214  524  206  205  207  204  210  211  212 2276 2277
 2279 2283 2278  209  208  198  199  200  203  202  536  543  201  544
  542  537  535  529  540  539 1329 1328 1325 1331 1330 1335 1336 1338
  530  533  534  525  527  523  522  526  528  532  531 1345  521  520
  516  518  505  508  506  504 1356 1355 1352 1351 1349 1348 1353 1354
  517 1347 1346 1343 1342 1344 1339 1337 1333 1209 1211 1213 1332 1324
 1217 1214 1218 1220 1222 1227 1205 1204 1203 1202 1201 1206 1219 1212
 1200 1207 1199 1208 1210 1334 1340 1341 1195 1196 1350 1182 1193 1184
 1190 1192 1194 1197 1198 1191 1189 1185 1186 1188  899  898  889  887
  877  876  885  886  902  903  901  900 1187  927  926  929  925  924
  923  935  940  934  933  941  942 1172 1170  943  945  944  949  939
  951  952  950  948  946  947 1163 1164 1156 1155 1147 1148 1146 1142
 1134 1135 1141 1140 1139 1138 1137 1136  956 1133 1131 1127 1132  955
  960  961  975 1124 1125 1122 1117 1118 1121 1126 1129 1130 1143 1419
 1418 1427 1429 1128 1120 1430 1435 1433  422  421  336  420  419 1436
 1440 1441 1431 1119 1114 1115 1113 1108 1110 1096 1106 1107 1116 1123
  963  974  962  976  977  959  954  957  953  958  978  938  936  981
  979  980  987  986  973  964 1104 1103 1105 1102  965  971  967 1099
 1100 1101 1097 1094 1095 1098  969  968  970  997 1001  996  993  966
  972  992  991  988  990  983  985  982  984  937  922  914  913  906
  905  912  904  911  910  884  907  909 1030 1029  919  916  915  921
  920  917  918  989  994  995 1013 1028 1027 1026  908  879  882 1031
 1025 1015 1014 1011 1012 1006 1005 1002  998 1000 1069  999 1061 1068
 1071 1072 1080 1070 1067 1079 1078  790  793  787  789 1075 1077 1073
 1081 1083 1082 1074 1076  788  786  770  771  792  762  760  757  753
  761  768  764 1524 1516  765  766  776  778  773  767  769  772  774
  781  783  782  784  785 1086 1087 1460 1462 1465 1461 1471 1470 1466
 1463 1464  398  400  403 1455 1454 1452  404 1451 1446 1438 1445 1443
 1444 1450 1447 1453 1456 1458 1459 1088 1085 1084 1089 1457 1448 1449
 1092 1090 1091 1093 1109 1111 1112 1442 1439 1437  418  413  411  410
  409  408  355  353  357 2138 2140 2143  344  345  352  356  350  351
  346  348  349  416  415  412  414  417  334  333  335  332  342  347
  343  340 2147 2146 2144 2145 2142 2141 2139 2137 2134 2136 2135  358
  359  354  367  368  406  407  405  402  401  399  371  372  370  369
  366 2128 2131  360 2132 2133 2130 2129 2126 2124 2122 2121 2120 2106
 2105 2104 2102 2099 2103 2098 2090 2089 2087 2000 2088 1992 1993 1995
 2001 2002 1996 1999 1987 1988 1994 1991 1989 1990 1982 1983 1984 1985
 1979 1978 1977 1962 1963 1973 1976 1980 1981 1986 1975 1974 1972 1965
 1969 1968 1967 1948 1956 1966 1958 1964 1959 1961 1960 1952 1951 1954
 1953 1950 1957 1949 1955 1946 1936 1935 1933 1934 1937 1947 1944 2018
 2019 2021 2020 2017 2016 2015 2014 2013 2072 2074 2076 1491 1495 1493
 1492 2080 2083 2079 2077 2078 2012 2011 2004 2005 2010 2009 2008 2007
 2006 1970 1971 1997 1998 2003 2082 2084 2085 2086 2081 2092 2091 2097
 2100 2101 2107 2119 2111 2108 2110 2109 2096 2094 2093 2095 1486 1494
 1497 1483  388 1481 1476  389  390  391  387  385 1484 1485 2113  386
  384 2114 2112 2116  381  380 2117 2118 2123 2125 2127  363  379  364
  362  365  361  373  378  377  382 2115  383  376  375  374  396  397
  394  395  392  393 1467 1469 1475 1468 1480 1477 1479 1474 1473 1472
  780  779  775  777 1505 1504 1478 1482 1499 1496 1498 1500 1488 1489
 1490 2075 2073 2071 2070 2069 2068 2022 2023 2024 1943 1945 1938 1922
 1923 1932 1931 1930 1929 1928 1927 1926 1925 1924 1900 1899 1898 1897
 1896 1895 1894 1893 1892 1891 1890 1872 1871 1870 1869 1868 1867 1866
 1865 1864 1863 1862 1861 1690 1689 1687 1691 1688 1692 1838 1699 1837
 1700 1701 1697 1698 1694 1686 1693 1685 1695 1684 1696 1702 1703 1683
 1680 1679 1678 1677 1681 1682 1710 1709 1708 1704 1707 1705 1836 1835
 1843 1844 1845 1842 1839 1840 1841 1846 1847 1848 1830 1833 1834 1706
 1713 1717 1716 1714 1715 1828 1827 1829 1832 1825 1851 1831 1849 1850
 1852 1853 1824 1826 1822 1821 1856 1823 1854 1855 1860 1873 1859 1857
 1858 1814 1813 1815 1816 1811 1810 1742 1804 1803 1797 1808 1805 1809
 1806 1877 1875 1874 1876 1878 1807 1879 1881 1883 1884 1885 1790 1800
 1799 1882 1880 1798 1796 1802 1746 1745 1741 1743 1740 1744 1747 1751
 1754 1752 1795 1801 1794 1793 1789 1791 1786 1792 1788 1762 1760 1753
 1755 1759 1761 1763 1777 1778 1765 1779 1783 1787 1784 1903 1785 1887
 1886 1888 1902 1889 1901 1904 1906 1781 1905 1780 1782 1908 1907 1909
 1913 1912 1914 1911 1910 1767 2043 2044 2042 2045 1768 1766 1769 1772
 1775 1776 1774 1773 1543 1539 1538 1542 1764 1544 1555 1553 1554 1758
 1756 1566 1565 1567 1757 1556 1558 1559 1557 1551 1552 1547 1545 1541
 1546 1548 1549  741  742  743  740  739  807  805  808  806  750  749
  751  748  745  744 1535 1536 1534 1537 1540 2053 2052 2054 2047 1771
 1770 2046 2041 2037 2036 2034 1916 1915 1919 1918 1921 1939 1941 1942
 2025 2026 2032 1940 1920 1917 2033 2035 2038 2031 2027 2028 2067 2066
 2064 2029 2030 2060 2061 2065 2063 1508 1509 1487 1502 1501 1503 1506
 1507 1510 1511 1514 1515 1517 1513 1512 2062 1520 1518 1521 1519 2057
 2059 2039 2040 2048 2050 2049 2058 2056 1522 1528 1530 2055 2051 1529
 1531 1532 1533 1526 1527 1523 1525  763  755  754  746  747  756  752
  799  759  758  791  794 1066 1064 1065 1062 1063 1055 1056 1054 1051
 1050 1057 1059 1060 1058 1003 1004 1007 1010 1008 1009 1047 1049 1048
 1046 1043 1045 1044 1052 1053  803  801  797  796  795  800  798  802
  804  809  810  811  812  738  733  737  734  735  736 1550 1560 1561
 1562 1563 1564 1568 1569 1572 1573 1571 1570 1749 1750 1748 1578 1739
 1737 1738 1577 1579 1576 1580 1582 1588 1592 1589 1590 1736 1733 1730
 1734 1735 1817 1812 1818 1820 1726 1819 1729 1731 1732 1601 1728 1725
 1727 1724 1718 1719 1720 1666 1664 1667 1665 1712 1711 1669 1671 1673
 1674 1676 1645 1646 1643 1647 1644 1675 1655 1657 1659 1661 1656 1672
 1670 1668 1663 1608 1607 1721 1723 1722 1605 1606 1609 1604 1598 1599
 1603 1600 1602 1591 1593 1594 1587 1596  700 1597  694  693  689 1610
 1611 1662 1660 1612 1614 1613  690  695  691  688 1615 1616 1622 1621
 1625 1628 1630 1629 1620 1618 1617 1619 1658 1654 1653 1652 1649 1642
 1648 1641 1640 1637 1638  102  104  105  109  103 1636 1639 1635 1650
 1651 1633 1634 1632  111  110  108  107  106  101   95   94   96   93
   97   92   91   89   90  130  129  100   98   99  126  127  128  132
  133  131  134   84  136  135  137  138   81   82  140  139  624  625
  635  636  633  639  637  638  643  640  632 1276  631  630  634  627
  629  626  628 1285 1286 1247 1239 1240 1238 1242 1244  895  893  891
  892  894  870 1254 1243 1245 1246 1251 1252 1253 1256 1257 1265 1266
 1255 1248 1250 1282 1284 1283 1281 1280 1249 1267 1268 1279 1277 1278
 1269 1258 1271 1260 1259 1272 1275 1273 1274  644  641  642  116  125
  115  112  114  113 1631 1627  120  124  123  117  118  119  645  646
  655  647  656  666  665  652  648  653  654  122  121 1626  650  651
  649  684  686 1624 1623  687  685  683  678  675  682  681  680  674
  679  676  677  698  696  692  697  699  701 1595 1586  702  704  705
  703  706  707  708  714  709 1584 1583 1585]

eliteFit: 239717.0
percentError: 2.331210299842907
computationTime: 432.457s