instanceName: u159
n: 159
optFit: 42080

genTime, gen, eliteFit, percentError:
0.00019279998377896845, 0, 407790.0, 869.083
0.012775400013197213, 1, 43936.0, 4.411
0.007394299987936392, 2, 42823.0, 1.766
0.006891299999551848, 3, 42642.0, 1.336
0.007714900013525039, 4, 42168.0, 0.209
0.007379999995464459, 5, 42168.0, 0.209
0.006290000019362196, 6, 42168.0, 0.209
0.005608600011328235, 7, 42168.0, 0.209
0.004978800017852336, 8, 42168.0, 0.209
0.0034281999978702515, 9, 42168.0, 0.209
0.004082900006324053, 10, 42168.0, 0.209
0.0038309000083245337, 11, 42080.0, 0.000

tour:
[ 62  63  64  65  66  67  68  69  70  71  72  73  74  75  76  77  78  79
  80  81  82  83  84  85  96  97  98  99 100 101 102 103 104 105 106  94
  95  86  87  93  88  89  90  91  92 107 108 109 110 111 112 113 114 115
 116 117 118 119 120 121 122 129 123 128 124 125 126 127 130 131 133 132
 134 135 136 137 139 138 140 141 142 143 144 145 146 147 148 149 150 153
 154 155 156 157 158   0   2   1   3   4   5 152 151   6   7   8   9  10
  11  12  13  14  15  16  17  18  19  20  21  22  23  24  25  26  27  28
  29  30  31  32  33  34  36  35  37  38  39  40  41  42  43  44  45  46
  47  48  49  50  51  52  53  54  55  56  57  58  59  60  61]

eliteFit: 42080.0
percentError: 0.0
computationTime: 0.078s