instanceName: gil262
n: 262
optFit: 2378

genTime, gen, eliteFit, percentError:
0.00023299999884329736, 0, 24836.0, 944.407
0.03474790000473149, 1, 2544.0, 6.981
0.020283499994548038, 2, 2504.0, 5.299
0.02024300000630319, 3, 2479.0, 4.247
0.01950369999394752, 4, 2479.0, 4.247
0.019061300001339987, 5, 2456.0, 3.280
0.01810660000774078, 6, 2449.0, 2.986
0.01924449999933131, 7, 2439.0, 2.565
0.01945789999444969, 8, 2434.0, 2.355
0.019613700002082624, 9, 2431.0, 2.229
0.01768669999728445, 10, 2419.0, 1.724
0.01801319999503903, 11, 2409.0, 1.304
0.01691539998864755, 12, 2409.0, 1.304
0.016453600008389913, 13, 2395.0, 0.715
0.03354389999003615, 14, 2395.0, 0.715
0.013068700005533174, 15, 2395.0, 0.715
0.010945699992589653, 16, 2390.0, 0.505
0.007424199997331016, 17, 2390.0, 0.505
0.0068476000014925376, 18, 2390.0, 0.505
0.007840399994165637, 19, 2388.0, 0.421
0.011011700000381097, 20, 2388.0, 0.421
0.01005050000094343, 21, 2388.0, 0.421
0.012115199991967529, 22, 2388.0, 0.421
0.00689839999540709, 23, 2388.0, 0.421
0.007781999986036681, 24, 2388.0, 0.421
0.008133600000292063, 25, 2388.0, 0.421
0.006708699991577305, 26, 2388.0, 0.421
0.006506400008220226, 27, 2388.0, 0.421
0.006288800010224804, 28, 2388.0, 0.421
0.006521899995277636, 29, 2388.0, 0.421
0.006623900000704452, 30, 2388.0, 0.421
0.005852800008142367, 31, 2388.0, 0.421
0.006269299992709421, 32, 2388.0, 0.421
0.005873399990377948, 33, 2388.0, 0.421
0.006675800002994947, 34, 2388.0, 0.421
0.006199499999638647, 35, 2388.0, 0.421
0.008427599997958168, 36, 2388.0, 0.421
0.005960299997241236, 37, 2388.0, 0.421
0.0067645000090124086, 38, 2388.0, 0.421
0.007178200001362711, 39, 2388.0, 0.421
0.009007999993627891, 40, 2388.0, 0.421
0.006193699999130331, 41, 2388.0, 0.421
0.005831100002978928, 42, 2388.0, 0.421
0.010130000009667128, 43, 2388.0, 0.421
0.006212200009031221, 44, 2388.0, 0.421
0.00601230000029318, 45, 2388.0, 0.421
0.005558099990594201, 46, 2388.0, 0.421
0.006152599991764873, 47, 2388.0, 0.421
0.0058539000019663945, 48, 2388.0, 0.421
0.006135699994047172, 49, 2388.0, 0.421
0.006778900002245791, 50, 2388.0, 0.421
0.007958300004247576, 51, 2388.0, 0.421
0.0069552999921143055, 52, 2388.0, 0.421
0.005654199994751252, 53, 2388.0, 0.421
0.005953699990641326, 54, 2388.0, 0.421
0.0061775000067427754, 55, 2388.0, 0.421
0.006144800005131401, 56, 2388.0, 0.421
0.006852099992102012, 57, 2388.0, 0.421
0.006005999995977618, 58, 2388.0, 0.421
0.00542269999277778, 59, 2388.0, 0.421
0.0063203000026987866, 60, 2388.0, 0.421
0.005787099988083355, 61, 2388.0, 0.421
0.005383600000641309, 62, 2388.0, 0.421
0.0063593999948352575, 63, 2388.0, 0.421
0.006881900000735186, 64, 2388.0, 0.421
0.006259900008444674, 65, 2388.0, 0.421
0.0064685999968787655, 66, 2388.0, 0.421
0.0062433999992208555, 67, 2388.0, 0.421
0.005838600001879968, 68, 2388.0, 0.421
0.007033500005491078, 69, 2388.0, 0.421

tour:
[150 246  87  49  90  76 211 106  97 239 116  13 142 173 195  47 127  44
 186  92  45 160 178 199  62 215 179 151 207 250 198  43  21 119  22 235
 110 251 254  91 177 209  40 226  28  19 108 109  59 157 133 158 146 244
 126  39  23  16 258 174  54  46 167  65 102 112  79 193 196  41   9 237
 130 213  56 202  12 166  88 247 120 105 188  57 182 149 219  35  82 205
  64 227  52 123 256 136  17  29 206 165  95  72 197 203  53 172 260  26
 216 194   1 169 229 152   8  25 147 113 252 100 192 124  63 249 162 223
  68 176 236  61 248 156  81 234  10 240 224  42 222 121 241 255  55  37
  38 232 175 135 225  31  77 200  66  50  96 131 104  84 221 164  36   5
 168 180 170  58 161  74 218  14 101  51 242  15  83 145 134   2 117 122
 189   7 111 212 214 115 125 103  73 140  24 245   6 159 163 139 171 185
  80   3 114 144  99  20 137 208 253 233  32  71 184  18  78 261 190   4
 132  11  48 210  89  60 129 128 220 204  30  70 228   0 138 201 230  67
 141 231  69  98 243 107 154  75 153  86 257 187  33  94 181  27 155 259
  34 238 143 191 183 217 118 148  85  93]

eliteFit: 2388.0
percentError: 0.42052144659377627
computationTime: 0.721s