instanceName: ch150
n: 150
optFit: 6528

genTime, gen, eliteFit, percentError:
0.00027639999461825937, 0, 49081.0, 651.854
0.010795199996209703, 1, 6801.0, 4.182
0.006876900006318465, 2, 6671.0, 2.191
0.005491000003530644, 3, 6621.0, 1.425
0.007893100002547726, 4, 6621.0, 1.425
0.005079800001112744, 5, 6569.0, 0.628
0.004686500004027039, 6, 6528.0, 0.000

tour:
[ 64  84 141  17  74  25 145  96 142  99   4 106  94  81 102  97   0  86
  33  75  72  47  62  29  83   6   7  88  95  34 123  92  51 125  32 104
 110  15  58  78 120  87  93   9 112   2  61 148 124  21 103   3 114 149
  20  77  14 132  76 121  13  79  71  48 146 143 144 135 111  63  43  70
  44 127  67 118  90 105  12  73 122  30  26 128 116 139  59  65  16 129
 147  10  60  35  68 126  38  56  40 100 115  11  23 117  52  39 138  46
 119  41   8  27   5  36   1  18  98 113 101 107  69 134  85  28  80 109
  24  19  50 108  42  66  37  22  31 130 133 137  53  91  45  89  55  82
 140  57  54  49 136 131]

eliteFit: 6528.0
percentError: 0.0
computationTime: 0.046s