instanceName: eil76
n: 76
optFit: 538

genTime, gen, eliteFit, percentError:
0.00018570000247564167, 0, 2261.0, 320.260
0.004250899990438484, 1, 556.0, 3.346
0.0014286000077845529, 2, 548.0, 1.859
0.002304200010257773, 3, 545.0, 1.301
0.0017478000081609935, 4, 540.0, 0.372
0.0014822999946773052, 5, 539.0, 0.186
0.0018426000024192035, 6, 539.0, 0.186
0.0016590000013820827, 7, 539.0, 0.186
0.0012974000128451735, 8, 539.0, 0.186
0.0011639000003924593, 9, 538.0, 0.000

tour:
[22 55 40 42 41 63 21 60 20 46 35 68 70 59 69 19 36  4 14 56 12 53 18 13
 58 65 64 37 10 52 34  6  7 45 33 51 26 44 28 47 29  3 74 75 66 25 11 39
 16 50  5 67  1 73 27 61 72  0 32 62 15  2 43 31  8 38 71 57  9 30 54 24
 49 17 23 48]

eliteFit: 538.0
percentError: 0.0
computationTime: 0.023s