instanceName: eil76
n: 76
optFit: 538

genTime, gen, eliteFit, percentError:
0.00018080000882036984, 0, 2241.0, 316.543
0.002813300001434982, 1, 558.0, 3.717
0.0014341999922180548, 2, 558.0, 3.717
0.0020440999942366034, 3, 552.0, 2.602
0.0017393000016454607, 4, 550.0, 2.230
0.0015583000058541074, 5, 546.0, 1.487
0.0020488000009208918, 6, 546.0, 1.487
0.0014606000040657818, 7, 546.0, 1.487
0.0014671999961137772, 8, 539.0, 0.186
0.0013858000020263717, 9, 539.0, 0.186
0.0012512999965110794, 10, 539.0, 0.186
0.0012374999932944775, 11, 538.0, 0.000

tour:
[21 61 72  0 32 62 15  2 43 31  8 38 71 57 11 39 16 50  5 67  3 74 75 25
 66 33 45 51 26 44 28 47 29  1 73 27 60 20 46 35 68 70 59 69 19 36  4 14
 56 12 53 18  7  6 34 52 13 58 65 10 64 37  9 30 54 24 49 17 23 48 22 55
 40 42 41 63]

eliteFit: 538.0
percentError: 0.0
computationTime: 0.025s