instanceName: ts225
n: 225
optFit: 126643

genTime, gen, eliteFit, percentError:
0.00025850000383798033, 0, 1468457.0, 1059.525
0.024790200011921115, 1, 128228.0, 1.252
0.012332500002230518, 2, 128070.0, 1.127
0.023411999995005317, 3, 127428.0, 0.620
0.01620600000023842, 4, 127428.0, 0.620
0.014690099997096695, 5, 127368.0, 0.572
0.012241799995535985, 6, 127301.0, 0.520
0.008768300001975149, 7, 127077.0, 0.343
0.008549300007871352, 8, 126950.0, 0.242
0.010249500002828427, 9, 126880.0, 0.187
0.009447000004001893, 10, 126866.0, 0.176
0.007901299992226996, 11, 126866.0, 0.176
0.007301200006622821, 12, 126713.0, 0.055
0.00783909999881871, 13, 126713.0, 0.055
0.0068971000000601634, 14, 126713.0, 0.055
0.005701800007955171, 15, 126713.0, 0.055
0.004965299987816252, 16, 126713.0, 0.055
0.005333199995220639, 17, 126713.0, 0.055
0.004573900005198084, 18, 126713.0, 0.055
0.004924799999571405, 19, 126713.0, 0.055
0.004972800001269206, 20, 126713.0, 0.055
0.005127299999003299, 21, 126713.0, 0.055
0.004944000000250526, 22, 126713.0, 0.055
0.005121299996972084, 23, 126713.0, 0.055
0.00442779999866616, 24, 126713.0, 0.055
0.005110900005092844, 25, 126713.0, 0.055
0.006097199991927482, 26, 126713.0, 0.055
0.0055702999961795285, 27, 126713.0, 0.055
0.007590300010633655, 28, 126713.0, 0.055
0.007278099990799092, 29, 126713.0, 0.055
0.006081100000301376, 30, 126713.0, 0.055
0.007283400002052076, 31, 126713.0, 0.055
0.0065307000040775165, 32, 126713.0, 0.055
0.005934000000706874, 33, 126713.0, 0.055
0.005938999995123595, 34, 126713.0, 0.055
0.00513449999561999, 35, 126713.0, 0.055
0.0049938000011025, 36, 126713.0, 0.055
0.005243699997663498, 37, 126713.0, 0.055
0.005050799998571165, 38, 126713.0, 0.055
0.005487499991431832, 39, 126713.0, 0.055
0.00576790000195615, 40, 126713.0, 0.055
0.005471000011311844, 41, 126713.0, 0.055
0.004841700007091276, 42, 126713.0, 0.055
0.005353400003514253, 43, 126713.0, 0.055
0.005199099992751144, 44, 126713.0, 0.055
0.005020900003728457, 45, 126713.0, 0.055
0.004979199991794303, 46, 126713.0, 0.055
0.005757299994002096, 47, 126713.0, 0.055
0.007074900000588968, 48, 126713.0, 0.055
0.0054025999997975305, 49, 126713.0, 0.055
0.006695599993690848, 50, 126713.0, 0.055
0.005091400002129376, 51, 126713.0, 0.055
0.005168300005607307, 52, 126713.0, 0.055
0.004869399999734014, 53, 126713.0, 0.055
0.006190600004629232, 54, 126713.0, 0.055
0.006032899997080676, 55, 126713.0, 0.055
0.0062837000004947186, 56, 126713.0, 0.055
0.00557610001123976, 57, 126713.0, 0.055
0.00833849998889491, 58, 126713.0, 0.055
0.005580800003372133, 59, 126713.0, 0.055
0.0055496000131824985, 60, 126713.0, 0.055
0.006659200007561594, 61, 126713.0, 0.055
0.006000299996230751, 62, 126713.0, 0.055

tour:
[110 109 108 107 106 209 105 104 103 102 101 100 204 203 202 201 200  75
  76 179 178 177 176 175  50 154 153 152  51  52  53  54  55 180 181 182
 183 184  80  79  78  77 208 207 206 205  81  82  83  84  85  86 189 188
 187 186 185  61  60  59  58  57  56 159 158 157 156 155  30  29  28  27
  26 151 150  25 129 128 127 126 125   0   1   2   3   4   5   6   7   8
 130 131 132 133 134  31  32  33  34  35  36 160 161 162 163 164  62  63
  64  65  66  67 169 168 167 166 165  44  45  46  47 141 142 143 144  43
  42  41  40  39  38  37 139 138 137 136 135   9  10  11  12  13  14  15
  16  17 140  18  19  20  21  22  23  24 145 146 147 148 149  49  48 170
 171 172 173 174  74 195 196  73  72  71  70  69  68 190 191 192 193 194
  93  94  95  96  97  98 197 198 199  99 220 221 222 223 224 124 123 122
 121 120 119 118 117 116 115 114 219 218 217 216 215  92  91  90  89  88
  87 210 211 212 213 214 113 112 111]

eliteFit: 126713.0
percentError: 0.055273485309097224
computationTime: 0.481s