instanceName: ts225
n: 225
optFit: 126643

genTime, gen, eliteFit, percentError:
0.00020399999630171806, 0, 1448728.0, 1043.946
0.03558699999121018, 1, 128523.0, 1.484
0.01729830000840593, 2, 127933.0, 1.019
0.014039500005310401, 3, 127873.0, 0.971
0.013231200005975552, 4, 127652.0, 0.797
0.01247650000732392, 5, 127454.0, 0.640
0.013741000002482906, 6, 127454.0, 0.640
0.016847000006237067, 7, 127371.0, 0.575
0.015137800000957213, 8, 127217.0, 0.453
0.015298600003006868, 9, 127147.0, 0.398
0.01328790000115987, 10, 127147.0, 0.398
0.011711600003764033, 11, 127134.0, 0.388
0.013060199999017641, 12, 126796.0, 0.121
0.011048400003346615, 13, 126796.0, 0.121
0.012933199992403388, 14, 126713.0, 0.055
0.01166769998962991, 15, 126643.0, 0.000

tour:
[ 62 164 163 162 161 160  36  35  34  33  32 134 133 132 131  27  28  29
  30  31 155 156 157 158 159  55  54  53  52  51 176 175  50 154 153 152
 151 150  26  25 129 128 127 126 125   0   1   2   3   4   5 130   6   7
   8   9  10  11  12  13  14  15 135 136 137 138 139  37  38  39  40  41
  42  43 144 143 142 141 140  16  17  18  19  20  21  22  23  24 145 146
 147 148 149  49 170 171 172  48  47  46  45  44 165 166 167 168 169  68
  69  70  71  72  73 173 174  74 195 196 197 198 199  98  99 220 221 222
 223 224 124 123 122 121 120 119 118 219 117 116 115 114 113 112 111 110
 109 214 213 212 211 210  87  86  85  84  83  82 205 206 207 208 209 108
 107 106 105 104 103 102 101 100 204 203 202 201 200  75 179 178 177  76
  77  78  79  80  81 184 183 182 181 180  56  57  58  59  60  61 185 186
 187 188 189  88  89  90  91  92  93 215 216 217 218  97  96  95  94 194
 193 192 191 190  67  66  65  64  63]

eliteFit: 126643.0
percentError: 0.0
computationTime: 0.239s