instanceName: rat99
n: 99
optFit: 1211

genTime, gen, eliteFit, percentError:
0.0001486000110162422, 0, 7379.0, 509.331
0.0049774000071920455, 1, 1271.0, 4.955
0.0027955999976256862, 2, 1254.0, 3.551
0.0025609000003896654, 3, 1233.0, 1.817
0.002675499999895692, 4, 1224.0, 1.073
0.002741700009210035, 5, 1224.0, 1.073
0.002377400000113994, 6, 1220.0, 0.743
0.0021954999974695966, 7, 1217.0, 0.495
0.002495599997928366, 8, 1217.0, 0.495
0.002024300003540702, 9, 1217.0, 0.495
0.0029018999921390787, 10, 1215.0, 0.330
0.0014070000033825636, 11, 1215.0, 0.330
0.0010178000084124506, 12, 1214.0, 0.248
0.0010280000133207068, 13, 1213.0, 0.165
0.0013297000114107504, 14, 1213.0, 0.165
0.0009615999879315495, 15, 1212.0, 0.083
0.0011421999952290207, 16, 1212.0, 0.083
0.001102299997000955, 17, 1211.0, 0.000

tour:
[44 43 35 34 26 25 24 23 22 14 15 16 17  8  7  6  5  4 13  3  2  1  0  9
 10 11 12 21 20 19 18 27 36 28 29 30 31 32 33 42 41 40 39 38 47 37 46 45
 54 63 64 55 56 57 58 67 66 65 74 73 72 81 82 90 91 92 93 94 95 96 97 98
 89 88 78 87 86 85 84 83 75 76 77 68 69 70 79 80 71 62 61 60 59 48 49 50
 51 52 53]

eliteFit: 1211.0
percentError: 0.0
computationTime: 0.046s