instanceName: rat99
n: 99
optFit: 1211

genTime, gen, eliteFit, percentError:
0.00010970000585075468, 0, 7494.0, 518.827
0.00501819999772124, 1, 1265.0, 4.459
0.0024283999955514446, 2, 1247.0, 2.973
0.003104100003838539, 3, 1228.0, 1.404
0.002480499999364838, 4, 1227.0, 1.321
0.0026090000028489158, 5, 1226.0, 1.239
0.003341600007843226, 6, 1221.0, 0.826
0.0027051999932155013, 7, 1217.0, 0.495
0.0029052999889245257, 8, 1213.0, 0.165
0.0031202000100165606, 9, 1213.0, 0.165
0.002266399998916313, 10, 1213.0, 0.165
0.0019963999948231503, 11, 1211.0, 0.000

tour:
[59 60 61 62 71 80 79 70 69 68 77 76 75 83 84 85 86 87 78 88 89 98 97 96
 95 94 93 92 91 90 82 81 72 73 74 65 66 67 58 57 56 55 64 63 54 45 46 37
 47 38 39 40 41 42 33 32 31 30 29 28 36 27 18 19 20 21 12 11 10  9  0  1
  2  3 13  4  5  6  7  8 17 16 15 14 22 23 24 25 26 34 35 43 44 53 52 51
 50 49 48]

eliteFit: 1211.0
percentError: 0.0
computationTime: 0.040s