instanceName: pcb3038
n: 3038
optFit: 137694

genTime, gen, eliteFit, percentError:
0.0036517999978968874, 0, 5281979.0, 3736.027
11.953241499999422, 1, 155791.0, 13.143
7.002694499999052, 2, 153749.0, 11.660
7.320420499992906, 3, 152746.0, 10.931
6.776037299991003, 4, 152411.0, 10.688
6.944188900000881, 5, 151262.0, 9.854
6.901651299995137, 6, 150576.0, 9.356
6.876255499999388, 7, 150061.0, 8.982
6.772188600007212, 8, 150061.0, 8.982
6.332423900006688, 9, 149928.0, 8.885
6.575709900003858, 10, 149833.0, 8.816
5.879176400005235, 11, 149550.0, 8.610
5.888435999993817, 12, 149073.0, 8.264
6.180832600002759, 13, 148912.0, 8.147
6.337914900010219, 14, 148625.0, 7.939
6.069372400001157, 15, 148396.0, 7.772
5.9715253000031225, 16, 147960.0, 7.456
5.604965799997444, 17, 147960.0, 7.456
5.858287099996232, 18, 147960.0, 7.456
5.488468300012755, 19, 147487.0, 7.112
5.324363699997775, 20, 147460.0, 7.093
4.893495299998904, 21, 147167.0, 6.880
5.562971399995149, 22, 147167.0, 6.880
4.953124199993908, 23, 147073.0, 6.811
4.835411500011105, 24, 146608.0, 6.474
4.9965097999956924, 25, 146608.0, 6.474
4.561400899998262, 26, 146491.0, 6.389
4.32487170000968, 27, 146491.0, 6.389
3.2963641000096686, 28, 146270.0, 6.228
3.0486816999909934, 29, 146133.0, 6.129
2.2853768000059063, 30, 146133.0, 6.129
3.200773399992613, 31, 146004.0, 6.035
3.4504204999975627, 32, 145987.0, 6.023
2.790483899996616, 33, 145784.0, 5.875
2.330459000004339, 34, 145784.0, 5.875
2.262184499995783, 35, 145776.0, 5.870
1.7783439000049839, 36, 145775.0, 5.869
1.3606473999971058, 37, 145769.0, 5.864
1.4330053000012413, 38, 145767.0, 5.863
1.546511599997757, 39, 145762.0, 5.859
1.5247473000054015, 40, 145760.0, 5.858
1.405958899995312, 41, 145714.0, 5.825
1.5689988999947673, 42, 145714.0, 5.825
1.3534293999982765, 43, 145707.0, 5.819
1.5571670999925118, 44, 145701.0, 5.815
1.3298456000047736, 45, 145683.0, 5.802
1.470917600003304, 46, 145670.0, 5.793
1.298784099999466, 47, 145658.0, 5.784
1.2722250999941025, 48, 145658.0, 5.784
1.3440730000002077, 49, 145652.0, 5.779
1.419584900009795, 50, 145652.0, 5.779
1.2992731999984244, 51, 145652.0, 5.779
1.5086902000039117, 52, 145652.0, 5.779
1.3431198000034783, 53, 145652.0, 5.779
1.7376968000025954, 54, 145535.0, 5.695
1.5371610000001965, 55, 145535.0, 5.695
1.6584342999994988, 56, 145535.0, 5.695
1.82392969999637, 57, 145492.0, 5.663
1.2264828000043053, 58, 145492.0, 5.663
1.7659694000030868, 59, 145492.0, 5.663
2.076321200001985, 60, 145492.0, 5.663
1.3132373999978881, 61, 145447.0, 5.631
1.5499681999936001, 62, 145447.0, 5.631
1.4167603999958374, 63, 145447.0, 5.631
1.8152358999941498, 64, 145447.0, 5.631
2.280937300005462, 65, 145375.0, 5.578
1.4414795000047889, 66, 145375.0, 5.578
1.739530199993169, 67, 145375.0, 5.578
1.9388342000020202, 68, 145319.0, 5.538
1.1834047000011196, 69, 145319.0, 5.538
1.6392510000005132, 70, 145289.0, 5.516
1.4268066000076942, 71, 145289.0, 5.516
1.2316225999966264, 72, 145289.0, 5.516
1.3089052000141237, 73, 145289.0, 5.516
1.5516640999994706, 74, 145289.0, 5.516
1.3848418999987189, 75, 145289.0, 5.516
1.337228199990932, 76, 145289.0, 5.516
1.3456622999947285, 77, 145289.0, 5.516
1.4833987000019988, 78, 145289.0, 5.516
1.4589719000068726, 79, 145289.0, 5.516
1.3829658000031486, 80, 145289.0, 5.516
1.1965408999967622, 81, 145289.0, 5.516
1.3821074000006774, 82, 145227.0, 5.471
1.2336959000094794, 83, 145227.0, 5.471
1.4782249000127194, 84, 145227.0, 5.471
1.411336899996968, 85, 145227.0, 5.471
1.4463767999986885, 86, 145227.0, 5.471
1.3880257999990135, 87, 145227.0, 5.471
1.4397264999861363, 88, 145227.0, 5.471
1.2970211999927415, 89, 145227.0, 5.471
1.4145997000014177, 90, 145227.0, 5.471
1.433460299987928, 91, 145227.0, 5.471
1.3061784000019543, 92, 145227.0, 5.471
1.4314740999980131, 93, 145227.0, 5.471
1.4653693000000203, 94, 145197.0, 5.449
1.3711069999990286, 95, 145197.0, 5.449
1.4202076999936253, 96, 145197.0, 5.449
1.5886374999972759, 97, 145197.0, 5.449
1.402256800007308, 98, 145197.0, 5.449
1.4581457000022056, 99, 145197.0, 5.449
1.5635213000059593, 100, 145186.0, 5.441
1.5248024000029545, 101, 145175.0, 5.433
1.5768043999996735, 102, 145175.0, 5.433
1.5207356000028085, 103, 145155.0, 5.419
1.3083371000102488, 104, 145155.0, 5.419
1.4469318999908864, 105, 145148.0, 5.413
1.342924700002186, 106, 145146.0, 5.412
1.332405099994503, 107, 145146.0, 5.412
1.3942645999923116, 108, 145133.0, 5.403
1.4496229000069434, 109, 145131.0, 5.401
1.447186999997939, 110, 145131.0, 5.401
1.5402985000109766, 111, 145098.0, 5.377
1.5542934999975841, 112, 145045.0, 5.339
1.6417344999936176, 113, 145030.0, 5.328
1.7496287999965716, 114, 144891.0, 5.227
1.878855000002659, 115, 144891.0, 5.227
1.727190999998129, 116, 144891.0, 5.227
1.4907647999934852, 117, 144889.0, 5.225
1.4088559000083478, 118, 144889.0, 5.225
1.6464096000127029, 119, 144846.0, 5.194
1.5156059000000823, 120, 144846.0, 5.194
1.5810883000085596, 121, 144846.0, 5.194
1.9649740000022575, 122, 144804.0, 5.164
1.398340100000496, 123, 144764.0, 5.135
1.2915247000055388, 124, 144749.0, 5.124
1.941413000007742, 125, 144668.0, 5.065
1.3527219999959925, 126, 144668.0, 5.065
1.4368972000083886, 127, 144653.0, 5.054
1.5208112000109395, 128, 144653.0, 5.054
1.4837738999922294, 129, 144653.0, 5.054
1.3786376000061864, 130, 144653.0, 5.054
1.3048223000077996, 131, 144653.0, 5.054
1.187907900006394, 132, 144653.0, 5.054
1.1819858999951975, 133, 144653.0, 5.054
1.24561939999694, 134, 144653.0, 5.054
1.3847674999997253, 135, 144650.0, 5.052
1.4277788000035798, 136, 144650.0, 5.052
1.6265601999912178, 137, 144637.0, 5.042
1.937025099992752, 138, 144599.0, 5.015
1.4195248000032734, 139, 144565.0, 4.990
1.461217799995211, 140, 144565.0, 4.990
1.7638813000085065, 141, 144556.0, 4.984
1.5716878999955952, 142, 144556.0, 4.984
1.4094405000068946, 143, 144547.0, 4.977
1.327007500003674, 144, 144465.0, 4.917
2.0473918999923626, 145, 144419.0, 4.884
1.635105699999258, 146, 144365.0, 4.845
1.7526574000075925, 147, 144328.0, 4.818
1.6146089999965625, 148, 144328.0, 4.818
1.2929374999948777, 149, 144328.0, 4.818
1.2175393000070471, 150, 144328.0, 4.818
1.340428300012718, 151, 144328.0, 4.818
1.4987432999914745, 152, 144328.0, 4.818
1.3182893999910448, 153, 144328.0, 4.818
1.3665588000003481, 154, 144328.0, 4.818
1.0141710999887437, 155, 144328.0, 4.818
1.4627659000107087, 156, 144328.0, 4.818
1.2202321999939159, 157, 144328.0, 4.818
1.3939137999986997, 158, 144328.0, 4.818
1.295755500002997, 159, 144328.0, 4.818
1.296319200002472, 160, 144328.0, 4.818
1.2182136999908835, 161, 144328.0, 4.818
1.2102869000082137, 162, 144328.0, 4.818
1.3473790999996709, 163, 144328.0, 4.818
1.3642735999892466, 164, 144328.0, 4.818
1.2494178999913856, 165, 144328.0, 4.818
1.5426187999983085, 166, 144328.0, 4.818
1.2206809000053909, 167, 144328.0, 4.818
1.3188829999999143, 168, 144322.0, 4.814
1.4103961999935564, 169, 144322.0, 4.814
1.2409672000067076, 170, 144321.0, 4.813
1.4784881000086898, 171, 144321.0, 4.813
1.4847918000014033, 172, 144321.0, 4.813
1.2606981999997515, 173, 144321.0, 4.813
1.324840300003416, 174, 144321.0, 4.813
1.3394487000041408, 175, 144321.0, 4.813
1.1975685999932466, 176, 144321.0, 4.813
1.3198333000036655, 177, 144259.0, 4.768
1.2208991999941645, 178, 144259.0, 4.768
1.1806436000042595, 179, 144238.0, 4.753
1.5412351999984821, 180, 144237.0, 4.752
1.258818500005873, 181, 144237.0, 4.752
1.2878778999875067, 182, 144237.0, 4.752
1.4832018000015523, 183, 144237.0, 4.752
1.3524332999950275, 184, 144237.0, 4.752
1.3932592999917688, 185, 144237.0, 4.752
1.4033310000086203, 186, 144237.0, 4.752
1.2752544000104535, 187, 144237.0, 4.752
1.4464517000014894, 188, 144237.0, 4.752
1.3908303000062006, 189, 144207.0, 4.730
1.3177463000029093, 190, 144207.0, 4.730
1.602846599998884, 191, 144198.0, 4.724
1.389938299995265, 192, 144174.0, 4.706
1.366437999997288, 193, 144174.0, 4.706
1.5562168000033125, 194, 144147.0, 4.686
1.7655345999955898, 195, 144127.0, 4.672
1.7970954999909736, 196, 144127.0, 4.672
1.7662278000061633, 197, 144078.0, 4.636
1.5454911000124412, 198, 144060.0, 4.623
1.7796627999923658, 199, 144041.0, 4.609
1.5122555999987526, 200, 143974.0, 4.561
1.9109058999893023, 201, 143935.0, 4.533
1.8259393000043929, 202, 143890.0, 4.500
1.6363220999919577, 203, 143890.0, 4.500
1.5358427000028314, 204, 143876.0, 4.490
1.374693700010539, 205, 143875.0, 4.489
1.452471800002968, 206, 143874.0, 4.488
1.5827813999931095, 207, 143861.0, 4.479
1.298155399999814, 208, 143859.0, 4.477
1.4404189999913797, 209, 143859.0, 4.477
1.5927423999964958, 210, 143854.0, 4.474
1.2205450000037672, 211, 143854.0, 4.474
1.3276721999864094, 212, 143854.0, 4.474
1.481394900009036, 213, 143854.0, 4.474
1.4002034999866737, 214, 143854.0, 4.474
1.4098973000072874, 215, 143854.0, 4.474
1.218401799997082, 216, 143854.0, 4.474
1.3789376999920933, 217, 143854.0, 4.474
1.2930868999974336, 218, 143854.0, 4.474
1.2629958000034094, 219, 143854.0, 4.474
1.1396554999955697, 220, 143854.0, 4.474
1.2633290999947349, 221, 143854.0, 4.474
1.5389091999968514, 222, 143854.0, 4.474
1.7408186000102432, 223, 143854.0, 4.474
1.4580839999980526, 224, 143854.0, 4.474
1.5108640999969793, 225, 143828.0, 4.455
1.4365122000017436, 226, 143828.0, 4.455
1.5394088000030024, 227, 143810.0, 4.442
1.570673900001566, 228, 143801.0, 4.435
1.6973692000028677, 229, 143801.0, 4.435
1.4326831999933347, 230, 143794.0, 4.430
1.284243099988089, 231, 143794.0, 4.430
1.3454488999996101, 232, 143784.0, 4.423
1.3629242000024533, 233, 143784.0, 4.423
1.300162100000307, 234, 143784.0, 4.423
1.3878228999965359, 235, 143784.0, 4.423
1.1992914000002202, 236, 143748.0, 4.397
1.6356130000058329, 237, 143743.0, 4.393
2.018820199999027, 238, 143631.0, 4.312
2.7209618000051705, 239, 143626.0, 4.308
2.619401200005086, 240, 143626.0, 4.308
2.4796950000018114, 241, 143626.0, 4.308
1.480384900001809, 242, 143626.0, 4.308
1.2101088000054006, 243, 143626.0, 4.308
1.3419274000043515, 244, 143626.0, 4.308
1.4235259999986738, 245, 143626.0, 4.308
1.6417236999986926, 246, 143626.0, 4.308
1.2144227999961004, 247, 143626.0, 4.308
1.3145698000007542, 248, 143626.0, 4.308
1.699570999990101, 249, 143626.0, 4.308
1.5241389000002528, 250, 143626.0, 4.308
1.4051784000039333, 251, 143626.0, 4.308
1.4032921000034548, 252, 143626.0, 4.308
1.435553399991477, 253, 143626.0, 4.308
1.2147941000002902, 254, 143626.0, 4.308
1.295121700008167, 255, 143626.0, 4.308
1.204536699995515, 256, 143626.0, 4.308
1.5088490999914939, 257, 143626.0, 4.308
1.4372332999919308, 258, 143626.0, 4.308
1.317395400008536, 259, 143626.0, 4.308
1.3330783999990672, 260, 143626.0, 4.308
1.5670768000127282, 261, 143626.0, 4.308
1.3871495999919716, 262, 143626.0, 4.308
1.3906925000046613, 263, 143626.0, 4.308
1.3988058000104502, 264, 143626.0, 4.308
1.2961397000035504, 265, 143626.0, 4.308
1.3710145000077318, 266, 143626.0, 4.308
1.3834881000075256, 267, 143626.0, 4.308
1.1539999000087846, 268, 143626.0, 4.308
1.4674134999950184, 269, 143626.0, 4.308
1.3817891999933636, 270, 143626.0, 4.308
1.1729200999980094, 271, 143626.0, 4.308
1.4717899000097532, 272, 143626.0, 4.308
1.49524959998962, 273, 143626.0, 4.308
1.1504907000053208, 274, 143589.0, 4.281
1.3976797000068473, 275, 143589.0, 4.281
1.252572900004452, 276, 143589.0, 4.281
1.282536999991862, 277, 143589.0, 4.281
1.3592146000009961, 278, 143589.0, 4.281
1.2712303000007523, 279, 143589.0, 4.281
1.3353929000004428, 280, 143589.0, 4.281
1.5274197999970056, 281, 143589.0, 4.281
1.2596366999932798, 282, 143589.0, 4.281
1.3450842999882298, 283, 143589.0, 4.281
1.3150334999954794, 284, 143589.0, 4.281
1.3289533000061056, 285, 143589.0, 4.281
1.2149289999942994, 286, 143589.0, 4.281
1.2796344999951543, 287, 143589.0, 4.281
1.2554334000014933, 288, 143589.0, 4.281
1.7412219000107143, 289, 143589.0, 4.281
1.2073430999880657, 290, 143589.0, 4.281
1.208418399997754, 291, 143589.0, 4.281
1.451528600009624, 292, 143589.0, 4.281
1.2790431000030367, 293, 143589.0, 4.281
1.404751900001429, 294, 143567.0, 4.265
1.551226299998234, 295, 143567.0, 4.265
1.4658217999967746, 296, 143563.0, 4.262
1.626482699997723, 297, 143548.0, 4.251
1.3358888999937335, 298, 143548.0, 4.251
1.441959499992663, 299, 143548.0, 4.251
1.20964170001389, 300, 143548.0, 4.251
1.2896284999878844, 301, 143548.0, 4.251
1.3375830000004498, 302, 143548.0, 4.251
1.2821034000080545, 303, 143548.0, 4.251
1.2984726000140654, 304, 143548.0, 4.251
1.432495299988659, 305, 143548.0, 4.251
1.4161465000070166, 306, 143548.0, 4.251
1.520470599993132, 307, 143548.0, 4.251
1.4779112999967765, 308, 143548.0, 4.251
1.2550035000022035, 309, 143548.0, 4.251
1.1819572999957018, 310, 143548.0, 4.251
1.2813738999975612, 311, 143548.0, 4.251
1.2697399999888148, 312, 143548.0, 4.251
1.411859200001345, 313, 143548.0, 4.251
1.3240698000008706, 314, 143548.0, 4.251
1.3839587999973446, 315, 143536.0, 4.243
1.2124889000115218, 316, 143536.0, 4.243
1.2485473999986425, 317, 143536.0, 4.243
1.283568999991985, 318, 143536.0, 4.243
1.1467161999898963, 319, 143536.0, 4.243
1.1824840000044787, 320, 143536.0, 4.243
1.4486308000050485, 321, 143536.0, 4.243
1.2922604999912437, 322, 143536.0, 4.243
1.2170293999952264, 323, 143536.0, 4.243
1.197999099997105, 324, 143536.0, 4.243
1.296760400000494, 325, 143536.0, 4.243
1.2839164000033634, 326, 143536.0, 4.243
1.4891444000095362, 327, 143531.0, 4.239
1.3958998000016436, 328, 143531.0, 4.239
1.7982819000026211, 329, 143531.0, 4.239
1.3919119000056526, 330, 143531.0, 4.239
1.4444347999960883, 331, 143531.0, 4.239
1.2253639999980805, 332, 143531.0, 4.239
1.305635099997744, 333, 143531.0, 4.239
1.561146899999585, 334, 143531.0, 4.239
1.367062099991017, 335, 143531.0, 4.239
1.2787153999961447, 336, 143531.0, 4.239
1.6740752000041539, 337, 143531.0, 4.239
1.2240113000007113, 338, 143531.0, 4.239
1.2606627000059234, 339, 143531.0, 4.239
1.5780740000045625, 340, 143531.0, 4.239
1.8013992000051076, 341, 143531.0, 4.239
1.276214199999231, 342, 143531.0, 4.239
1.2237046999944141, 343, 143531.0, 4.239
1.3754129000008106, 344, 143531.0, 4.239
1.2389861999981804, 345, 143531.0, 4.239
1.1688351999910083, 346, 143531.0, 4.239
1.3010357000021031, 347, 143519.0, 4.230
1.5864074999990407, 348, 143519.0, 4.230
1.351181500009261, 349, 143519.0, 4.230
1.2648067999980412, 350, 143519.0, 4.230
1.4837962000019616, 351, 143519.0, 4.230
1.5275097000121605, 352, 143519.0, 4.230
1.2655814000027021, 353, 143519.0, 4.230
1.2829387999954633, 354, 143519.0, 4.230
1.4321870999992825, 355, 143519.0, 4.230
1.2128471999894828, 356, 143519.0, 4.230
1.5220902000000933, 357, 143519.0, 4.230
1.338452199997846, 358, 143519.0, 4.230
1.2550862000061898, 359, 143489.0, 4.209
1.3854010000068229, 360, 143489.0, 4.209
1.7100269999937154, 361, 143451.0, 4.181
1.8590032000065548, 362, 143448.0, 4.179
1.8299590999959037, 363, 143408.0, 4.150
1.857029999999213, 364, 143408.0, 4.150
1.8533838000003016, 365, 143368.0, 4.121
1.878063199997996, 366, 143301.0, 4.072
2.176003100001253, 367, 143301.0, 4.072
1.7848454999912065, 368, 143268.0, 4.048
2.3141660999972373, 369, 143268.0, 4.048
1.4188721999962581, 370, 143236.0, 4.025
1.187103299991577, 371, 143218.0, 4.012
1.2475459999986924, 372, 143218.0, 4.012
1.4131020000058925, 373, 143218.0, 4.012
1.3587585000059335, 374, 143218.0, 4.012
1.2360834999999497, 375, 143218.0, 4.012
1.2921286999917356, 376, 143218.0, 4.012
1.295148599994718, 377, 143218.0, 4.012
1.359229099994991, 378, 143218.0, 4.012
1.2496095999958925, 379, 143218.0, 4.012
1.3276855000003707, 380, 143218.0, 4.012
1.415931499999715, 381, 143218.0, 4.012
1.201508800004376, 382, 143218.0, 4.012
1.2459230999957072, 383, 143218.0, 4.012
1.2813793000095757, 384, 143218.0, 4.012
1.2211970000062138, 385, 143218.0, 4.012
1.5704652999993414, 386, 143218.0, 4.012
1.3731593999982579, 387, 143218.0, 4.012
1.2021345000102883, 388, 143218.0, 4.012
1.3105493000039132, 389, 143218.0, 4.012
1.2370651999954134, 390, 143218.0, 4.012
1.4337029999878723, 391, 143218.0, 4.012
1.1882209000032162, 392, 143218.0, 4.012
1.3234751999989385, 393, 143218.0, 4.012
1.3085146000084933, 394, 143218.0, 4.012
1.389047100004973, 395, 143188.0, 3.990
1.3426383000041824, 396, 143135.0, 3.952
1.4640893999894615, 397, 143135.0, 3.952
1.5804391999990912, 398, 143105.0, 3.930
1.5952188999945065, 399, 143105.0, 3.930
1.297872199997073, 400, 143105.0, 3.930
1.4454956999979913, 401, 143105.0, 3.930
1.3145320000039646, 402, 143105.0, 3.930
1.2810384999902453, 403, 143105.0, 3.930
1.3280847999994876, 404, 143105.0, 3.930
1.3267994999914663, 405, 143105.0, 3.930
1.3997834999900078, 406, 143105.0, 3.930
1.3385679999919375, 407, 143105.0, 3.930
1.572609900002135, 408, 143105.0, 3.930
1.3230425999936415, 409, 143105.0, 3.930
1.384348100007628, 410, 143052.0, 3.891
1.8256796000059694, 411, 143052.0, 3.891
1.870725200002198, 412, 143031.0, 3.876
2.1173635000013746, 413, 143028.0, 3.874
1.6512911999889184, 414, 143016.0, 3.865
1.3456743999995524, 415, 143012.0, 3.862
1.6333912999980384, 416, 143005.0, 3.857
1.636106000005384, 417, 142922.0, 3.797
1.407962299999781, 418, 142922.0, 3.797
1.3369884999992792, 419, 142919.0, 3.795
1.6462962999939919, 420, 142907.0, 3.786
1.3967187000089325, 421, 142904.0, 3.784
1.2157634000031976, 422, 142904.0, 3.784
1.4845658000122057, 423, 142904.0, 3.784
1.4612541000096826, 424, 142904.0, 3.784
1.3420072000008076, 425, 142904.0, 3.784
1.5526313000009395, 426, 142904.0, 3.784
1.522319099996821, 427, 142904.0, 3.784
1.5592672000057064, 428, 142904.0, 3.784
1.252331800002139, 429, 142898.0, 3.779
1.3292218999995384, 430, 142898.0, 3.779
1.3256606000068132, 431, 142896.0, 3.778
1.3021601000073133, 432, 142896.0, 3.778
1.27012129999639, 433, 142896.0, 3.778
1.649682400005986, 434, 142896.0, 3.778
1.6418970999948215, 435, 142896.0, 3.778
1.3754302000015741, 436, 142896.0, 3.778
1.683796799989068, 437, 142896.0, 3.778
1.418342200006009, 438, 142896.0, 3.778
1.3417503000091529, 439, 142896.0, 3.778
1.686282000009669, 440, 142896.0, 3.778
1.5354997999966145, 441, 142896.0, 3.778
1.7675632999889785, 442, 142896.0, 3.778
1.5335741000017151, 443, 142896.0, 3.778
1.5255839000019478, 444, 142896.0, 3.778
1.6380219999991823, 445, 142896.0, 3.778
1.269371999995201, 446, 142896.0, 3.778
1.2904736000054982, 447, 142896.0, 3.778
1.5113196999882348, 448, 142896.0, 3.778
1.8917999000113923, 449, 142896.0, 3.778
1.9346016000054078, 450, 142896.0, 3.778
1.7187531999952625, 451, 142896.0, 3.778
1.73364269999729, 452, 142896.0, 3.778
1.5065725000022212, 453, 142896.0, 3.778
1.478226999999606, 454, 142896.0, 3.778
1.6464475000102539, 455, 142896.0, 3.778
1.5340913999971235, 456, 142896.0, 3.778
1.3686423000035575, 457, 142896.0, 3.778
1.53927890000341, 458, 142896.0, 3.778
1.3601010999991558, 459, 142896.0, 3.778
1.4918648999882862, 460, 142896.0, 3.778
1.5950184000103036, 461, 142896.0, 3.778
1.276282099992386, 462, 142877.0, 3.764
1.3827917000016896, 463, 142877.0, 3.764
2.12692560000869, 464, 142877.0, 3.764
1.598154199993587, 465, 142877.0, 3.764
1.6092668999917805, 466, 142877.0, 3.764
1.4947257000021636, 467, 142877.0, 3.764
1.4220955000055255, 468, 142877.0, 3.764
1.1884113000123762, 469, 142877.0, 3.764
1.5253438999934588, 470, 142877.0, 3.764
1.6637183999991976, 471, 142877.0, 3.764
1.3603486999927554, 472, 142877.0, 3.764
1.2848014000046533, 473, 142877.0, 3.764
1.6627806999895256, 474, 142877.0, 3.764
1.4766291000123601, 475, 142877.0, 3.764
1.5456287000124576, 476, 142877.0, 3.764
1.2128558000113117, 477, 142877.0, 3.764
1.275957500009099, 478, 142877.0, 3.764
1.1833717999979854, 479, 142877.0, 3.764
1.348322099991492, 480, 142877.0, 3.764
1.4856703000114067, 481, 142877.0, 3.764
1.7927666000032332, 482, 142877.0, 3.764
1.4553591000003507, 483, 142877.0, 3.764
1.4418622000084724, 484, 142877.0, 3.764
1.6985532999970019, 485, 142877.0, 3.764
1.2618291000108002, 486, 142877.0, 3.764
1.3612748000014108, 487, 142877.0, 3.764
1.272094100000686, 488, 142877.0, 3.764
1.5728783000085969, 489, 142877.0, 3.764
1.3272660999937216, 490, 142877.0, 3.764
1.2468717000010656, 491, 142877.0, 3.764
1.3386151000013342, 492, 142877.0, 3.764
1.4699381999962498, 493, 142877.0, 3.764
1.3946243999962462, 494, 142877.0, 3.764
1.4470547000091756, 495, 142877.0, 3.764
1.2468869000003906, 496, 142877.0, 3.764
1.3228592999948887, 497, 142877.0, 3.764
1.223902800003998, 498, 142877.0, 3.764
1.4728981999942334, 499, 142877.0, 3.764
1.441995200002566, 500, 142865.0, 3.755
1.3337682999990648, 501, 142787.0, 3.699
1.488702499991632, 502, 142787.0, 3.699
1.3144192000036128, 503, 142787.0, 3.699
1.3729951999994228, 504, 142787.0, 3.699
1.237836000000243, 505, 142787.0, 3.699
1.1505430999968667, 506, 142787.0, 3.699
1.2945561000087764, 507, 142787.0, 3.699
1.3255165000009583, 508, 142787.0, 3.699
1.3358049000089522, 509, 142787.0, 3.699
1.2337116999988211, 510, 142787.0, 3.699
1.214863699991838, 511, 142787.0, 3.699
1.1738547999993898, 512, 142787.0, 3.699
1.2082426999986637, 513, 142787.0, 3.699
1.326927899994189, 514, 142787.0, 3.699
1.26118580000184, 515, 142787.0, 3.699
1.2000592999975197, 516, 142787.0, 3.699
1.3581611999979941, 517, 142787.0, 3.699
1.501950299993041, 518, 142743.0, 3.667
1.3336786999861943, 519, 142743.0, 3.667
1.213740899998811, 520, 142743.0, 3.667
1.171714099997189, 521, 142743.0, 3.667
1.3993115999910515, 522, 142743.0, 3.667
1.560290299996268, 523, 142743.0, 3.667
1.2554708999959985, 524, 142743.0, 3.667
1.2785000000003492, 525, 142731.0, 3.658
1.642470000006142, 526, 142731.0, 3.658
1.2622353000042494, 527, 142731.0, 3.658
1.3152769000007538, 528, 142731.0, 3.658
1.3239624999987427, 529, 142731.0, 3.658
1.4178642999904696, 530, 142731.0, 3.658
1.593169300002046, 531, 142731.0, 3.658
1.2853414999990491, 532, 142731.0, 3.658
1.5115556999953697, 533, 142731.0, 3.658
1.3965431999968132, 534, 142731.0, 3.658
1.2820683000027202, 535, 142731.0, 3.658
1.2440107000002172, 536, 142731.0, 3.658
1.2240611000015633, 537, 142731.0, 3.658
1.3270163999986835, 538, 142731.0, 3.658
1.474549799997476, 539, 142731.0, 3.658
1.128872000001138, 540, 142731.0, 3.658
1.350921200006269, 541, 142731.0, 3.658
1.1590009000065038, 542, 142731.0, 3.658
1.2210163999989163, 543, 142731.0, 3.658
1.1682220000075176, 544, 142731.0, 3.658
1.4589522000023862, 545, 142731.0, 3.658
1.2317545999976574, 546, 142731.0, 3.658
1.4314592000009725, 547, 142731.0, 3.658
1.197753799991915, 548, 142731.0, 3.658
1.2610374999931082, 549, 142731.0, 3.658
1.535428100003628, 550, 142731.0, 3.658
1.4342204999993555, 551, 142731.0, 3.658
1.3273783000040567, 552, 142731.0, 3.658
1.2907349000015529, 553, 142731.0, 3.658
1.295211400007247, 554, 142731.0, 3.658
1.3265706000092905, 555, 142731.0, 3.658
1.351886199990986, 556, 142731.0, 3.658
1.2778360000083921, 557, 142731.0, 3.658
1.4725122999952873, 558, 142731.0, 3.658
1.4254140999983065, 559, 142731.0, 3.658
1.244054100010544, 560, 142731.0, 3.658
1.3347900999942794, 561, 142731.0, 3.658
1.4517989000014495, 562, 142731.0, 3.658
1.2322284999972908, 563, 142731.0, 3.658
1.147253900009673, 564, 142731.0, 3.658
1.3253865000006044, 565, 142731.0, 3.658
1.2274717999971472, 566, 142731.0, 3.658
1.4559379999991506, 567, 142731.0, 3.658
1.2483722000033595, 568, 142731.0, 3.658
1.3250095999974292, 569, 142731.0, 3.658
1.3745514000038384, 570, 142730.0, 3.657
1.3569065999909071, 571, 142686.0, 3.625
1.7227405000012368, 572, 142612.0, 3.572
1.9303476000059163, 573, 142563.0, 3.536
1.7911623999971198, 574, 142558.0, 3.532
1.6746359999960987, 575, 142558.0, 3.532
1.3327719999942929, 576, 142558.0, 3.532
1.229583399996045, 577, 142558.0, 3.532
1.2527688999980455, 578, 142558.0, 3.532
1.3244695000030333, 579, 142558.0, 3.532
1.169367599999532, 580, 142558.0, 3.532
1.2401231999974698, 581, 142558.0, 3.532
1.3013142999989213, 582, 142558.0, 3.532
1.2433074000000488, 583, 142558.0, 3.532
1.3607162999978755, 584, 142558.0, 3.532
1.4110951000038767, 585, 142558.0, 3.532
1.4093871999939438, 586, 142558.0, 3.532
1.31368520000251, 587, 142558.0, 3.532
1.38628140000219, 588, 142558.0, 3.532
1.3310233999945922, 589, 142558.0, 3.532
1.3818660999968415, 590, 142558.0, 3.532
1.3084107999893604, 591, 142558.0, 3.532
1.1721497000107775, 592, 142558.0, 3.532
1.3079655000037747, 593, 142558.0, 3.532
1.3034708999912255, 594, 142558.0, 3.532
1.1987481000105618, 595, 142558.0, 3.532
1.2019071000104304, 596, 142558.0, 3.532
1.1394907999929274, 597, 142558.0, 3.532
1.2615194000100018, 598, 142558.0, 3.532
1.3406734000018332, 599, 142558.0, 3.532
1.3555567000003066, 600, 142558.0, 3.532
1.2844383000046946, 601, 142558.0, 3.532
1.275226500001736, 602, 142558.0, 3.532
1.2777861000067787, 603, 142558.0, 3.532
1.4042028999974718, 604, 142558.0, 3.532
1.2570338000077754, 605, 142558.0, 3.532
1.2637905000010505, 606, 142558.0, 3.532
1.3137094999983674, 607, 142558.0, 3.532
1.3538686000101734, 608, 142558.0, 3.532
1.419275899999775, 609, 142558.0, 3.532
1.166296199997305, 610, 142558.0, 3.532
1.256075500001316, 611, 142558.0, 3.532
1.2479567999980645, 612, 142558.0, 3.532
1.1747902999923099, 613, 142558.0, 3.532
1.3729789999924833, 614, 142558.0, 3.532
1.5763354999944568, 615, 142558.0, 3.532
1.4474036000028718, 616, 142558.0, 3.532
1.489548500001547, 617, 142558.0, 3.532
1.2650865000032354, 618, 142558.0, 3.532
1.2884106999990763, 619, 142558.0, 3.532
1.2476089999981923, 620, 142558.0, 3.532
1.3717658999958076, 621, 142558.0, 3.532
1.2660948999982793, 622, 142558.0, 3.532
1.440523099998245, 623, 142558.0, 3.532
1.4712558000028366, 624, 142558.0, 3.532

tour:
[1307 1306 1305 1304 1303 1297 1302 1301 1300 1298 1299 1284 1285 1286
 1117 1116 1115 1118 1119 1043  891  892  893  894  895  896  897  898
 1044 1125 1124 1123 1122 1121 1120 1126 1131 1132 1133 1134 1127 1135
 1136 1128 1137 1129 1138 1130 1147 1149 1150 1320 1319 1321 1322 1323
 1324 1325 1326 1327 1328 1329 1330 1331 1332 1333 1334 1160 1159 1158
 1157 1156 1155 1154 1148 1153 1152 1151 1139 1140 1141 1142 1143 1144
 1145 1146 1046 1045  913  914  915  916  917  918  919  920  900  921
  901  902  903  904  905  906  907  908  910  723  722  721  720  719
  718  717  716  733  689  690  691  692  693  695  694  696  697  698
  700  701  709  708  707  706  705  704  703  702  737  736  489  490
  491  492  493  494  745  495  496  497  498  746  744  743  742  741
  740  735  739  738  732  731  730  734  729  728  727  726  724  725
  911  909  912  938  939  934  940 1161 1162 1163 1164 1165 1166  949
  945  948  946  947  937  930  933  932  931  928  929  936  944  943
  942  941  935  927  926  925  924  923  747  748  749  750  751  752
  753  754  755  756  757  514  512  513  159  158  157  156  131  132
  155  130  129  128  127  154  153  126  125  152  124  123  151  150
  122  121  120  146  147  148  149  307  306  314  315  316  317  318
  319  308  309  310  320  321  311  322  323  511  499  500  501  502
  503  504  505  506  507  508  509  510  313  312  304  144  145  118
  119  117  116  115  114  300  302  303  305  486  483  482  481  480
  477  478  479  474  473  472  471  470  469  468  476  475  484  487
  485  488  460  459  461  462  463  464  465  466  467  292  293  294
  295  296  297  298  301  299  112  113  291  290  289  288  287  286
  285  110  109  108   97  107   96   95   94   93   92   91  111   90
   89   88   98   99  100  101  102  103  104  105  106  143  142  141
  284  283  274  273  140  272  271  270  269  268  267  266  250  249
  248   86   87   77   76   75   85   84   74   73   83  139  245  244
  243  138   78   79   80   81   82   72   71   70   69   68   56   55
   54   53   52   51   50   49   48   47   46   45   57   58   59   60
   61   62   63   64   65   66  137  239  240  251  241  242  252  255
  256  257  258  259  260  253  246  247  254  261  262  263  423  424
  425  426  427  428  429  430  398  395  396  397  399  238  237  236
  235  431  383  384  385  386  387  388  382  389  390  372  371  213
  212  227  228  229  230  231  226  232  233  234  225  224  221  220
  219  218  223  217  222  216  215  214   44   43   41   40   42  211
  210  195  194  193  192  191  190   32   33   34   67   35   36   37
   38   39   29   28   27   26   25   24   23   22   21   20   30   31
  136  189  188  187  186  171  170  169  168  167  166  165  164  134
  135   14   15   16   17   18   19    9    8    7    6    5    4    3
   13   12    2    1   11    0   10  161  133  162  160  163  173  172
  183  182  343  342  335  336  324  325  538  537  536  535  533  526
  521  520  522  519  518  517  516  525  524  523  515  758  760  761
  762  763  759  764  765  766  777  778  788  791  790  789  968  969
  970  971  972  974  973  792  793  794  787  795  978  977  975  976
 1074 1073 1072 1070 1071 1069 1068 1067 1075 1076 1077 1078 1079 1080
 1081 1219 1082  995  996  997  998  999 1000 1001 1002 1004 1003 1005
 1006 1008 1007  993  824  825  826  827  807  806  805  809  808  850
  823  992  991  990  989  988  994  987  986  985  984  983  982  981
  980  979  820  796  819  818  817  816  815  814  813  812  810  811
  821  822  797  798  799  800  801  802  803  804  581  582  583  584
  585  591  592  593  594  596  595  597  598  599  600  601  602  590
  589  588  587  586  580  579  578  577  576  575  574  573  570  552
  569  553  786  785  784  783  782  781  780  779  540  539  541  545
  527  528  529  531  532  534  326  334  333  327  328  329  530  330
  331  344  346  332  337  184  339  338  340  341  174  175  178  176
  180  177  181  179  185  196  199  197  200  201  202  203  204  205
  198  206  207  208  209  368  366  365  367  356  357  358  359  360
  361  363  348  362  347  345  544  543  542  556  568  349  350  351
  352  564  565  566  567  557  546  547  548  554  555  549  550  551
  558  561  563  562  353  354  355  364  559  560  571  572  370  369
  373  374  375  376  377  381  378  379  380  391  392  394  420  419
  418  417  416  415  414  413  412  410  408  407  406  405  404  403
  402  401  400  393  603  627  626  623  624  604  605  606  607  622
  621  620  608  609  610  619  618  617  625  616  615  631  632  658
  657  659  656  655  643  653  652  650  651  666  667  665  664  663
  662  661  660  628  629  630  409  411  422  421  264  265  282  281
  280  279  278  277  276  275  441  442  443  444  445  446  447  439
  448  440  432  433  434  435  436  437  438  668  669  648  647  649
  638  639  856  640  641  642  646  645  644  673  672  671  670  674
  449  450  457  451  452  458  453  454  455  456  713  712  710  711
  714  715  654  676  675  679  677  699  678  680  681  682  683  684
  685  686  687  688  922  899  890  889  888  887  886  885  884  883
  882  881  880  879 1041 1042 1114 1097 1096 1094 1095 1093 1092 1091
 1090 1089 1088 1087 1086 1085 1084 1083 1022 1030 1031 1032 1033 1034
 1035 1036 1037 1038 1039 1040 1029 1027 1026 1025 1024  872  873  874
  875  876 1028  877  878  867  866  865  864  863  862  861  855  637
  636  635  634  633  853  854  858  859  860  871  870  869  868 1023
  857  852  840  841  851  837  839  614  613  612  611  838  836  835
  834  833  832  831  830  829  828  842  843  844  845  846  847  848
  849 1012 1021 1020 1019 1018 1017 1016 1011 1010 1009 1015 1014 1013
 1673 1682 1674 1675 1683 1717 1714 1715 1716 1718 1719 1721 1725 1723
 1686 1685 1720 1684 1676 1677 1250 1249 1248 1247 1240 1246 1251 1245
 1244 1252 1253 1254 1255 1241 1242 1243 1239 1233 1234 1235 1236 1237
 1238 1678 1687 1724 1688 1689 1690 1729 1728 1730 1732 1736 1735 1691
 1692 1693 1694 1739 1695 1696 1697 1698 1699 1700 1701 1680 1679 1512
 1515 1511 1510 1509 1508 1507 1506 1505 1504 1503 1526 1525 1524 1523
 1522 1521 1520 1519 1516 1518 1517 1514 1513 1540 1539 1538 1537 1536
 1535 1534 1533 1528 1527 1532 1531 1530 1529 1499 1500 1501 1502 1494
 1493 1399 1398 1397 1396 1395 1492 1491 1484 1483 1481 1467 1608 1468
 1469 1470 1471 1480 1485 1482 1486 1487 1488 1489 1490 1477 1478 1479
 1472 1473 1474 1475 1476 1495 1496 1497 1498 1596 1597 1598 1599 1600
 1601 1603 1602 1604 1605 1606 1607 1564 1463 1464 1465 1460 1461 1462
 1374 1375 1383 1382 1381 1388 1387 1386 1385 1181 1182 1183 1189 1184
 1185 1188 1187 1186 1390 1389 1403 1404 1405 1402 1466 1391 1392 1393
 1394 1400 1401 1406 1407 1408 1409 1202 1201 1205 1206 1207 1208 1209
 1210 1211 1212 1213 1214 1415 1410 1411 1412 1413 1414 1416 1417 1418
 1419 1420 1421 1422 1430 1423 1424 1426 1425 1427 1442 1441 1440 1439
 1438 1437 1436 1428 1429 1432 1433 1435 1232 1231 1230 1229 1228 1227
 1431 1434 1215 1216 1217 1218 1220 1221 1222 1223 1224 1225 1204 1200
 1203 1226 1066 1065  965  966  967  952  776  768  775  951  774  773
  767  772  771  770  769  950  953  954  955  962  963  956  957  958
  959  964 1055 1054 1053 1050 1052 1051 1049 1048  961  960 1047 1058
 1059 1060 1061 1056 1057 1062 1063 1064 1199 1198 1197 1196 1195 1194
 1193 1192 1191 1190 1180 1384 1377 1376 1366 1378 1379 1380 1372 1373
 1371 1370 1369 1368 1367 1365 1364 1363 1453 1452 1451 1454 1455 1456
 1457 1458 1459 1450 1449 1448 1447 1446 1445 1444 1443 1562 1555 1554
 1553 1552 1543 1541 1542 1544 1545 1551 1556 1557 1558 1559 1560 1561
 1563 1550 1549 1548 1547 1546 1582 1581 1579 1580 1578 1574 1573 1572
 1571 1570 1569 1568 1575 1584 1585 1583 1586 1576 1566 1567 1565 2269
 2270 2271 2268 2262 2261 2259 2278 2286 2297 2296 2298 2314 2315 2414
 2318 2316 2317 2319 2324 2320 2325 2321 2322 2323 2326 2327 2306 2307
 2308 2309 2310 2313 2311 2312 2299 2300 2301 2302 2295 2303 2304 2305
 2294 2293 2292 2291 2290 2289 2288 2287 2279 2280 2281 2282 2283 2284
 2285 2267 2266 2260 2265 2264 2263 2272 2273 2274 1609 2275 2276 2328
 1611 1610 1577 1613 1612 2329 2355 2356 2354 2357 2358 2359 2360 2361
 2397 2399 2401 2402 2373 2374 2375 2376 2377 2378 2370 2371 2372 2363
 2364 2365 2366 2367 2368 2369 2333 2330 2331 2332 2334 2335 2277 2338
 2341 2342 2343 2339 2337 2336 2379 2340 2380 2381 2382 2383 2384 2385
 2386 2387 2403 2405 2406 2408 2409 2410 2395 2394 2393 2392 2391 2390
 2388 2389 2344 2345 2348 2347 2350 2349 2346 2351 2352 2353 2413 2412
 2411 2546 2565 2584 2604 2605 2585 2586 2606 2607 2587 2608 2609 2589
 2588 2569 2572 2570 2551 2550 2549 2568 2567 2566 2547 2548 2525 2524
 2526 2523 2407 2404 2495 2496 2475 2468 2446 2400 2398 2425 2426 2447
 2448 2427 2428 2429 2430 2451 2450 2449 2469 2470 2471 2479 2500 2499
 2478 2477 2476 2497 2498 2516 2527 2528 2529 2530 2531 2532 2533 2555
 2554 2573 2553 2552 2571 2625 2591 2590 2610 2611 2612 2592 2574 2593
 2613 2614 2594 2575 2576 2595 2615 2596 2616 2617 2618 2619 2620 2621
 2622 2602 2601 2626 2564 2583 2603 2623 2624 2958 3033 2916 2545 2544
 2543 2542 2541 2540 2563 2562 2539 2561 2538 2537 2536 2559 2560 2579
 2582 2580 2581 2600 2599 2598 2597 2578 2577 2558 2557 2556 2534 2535
 2519 2518 2504 2503 2517 2502 2501 2480 2481 2482 2483 2484 2505 2520
 2521 2506 2485 2472 2486 2507 2508 2487 2488 2509 2510 2489 2490 2511
 2491 2512 2522 2513 2492 2473 2493 2514 2515 2494 2474 2667 2668 2669
 2634 2633 2670 2671 2672 2635 2673 2674 2675 2676 2677 2678 2679 2680
 2690 2703 2702 2689 2701 2688 2687 2686 2700 2699 2698 2685 2684 2697
 2696 2683 2682 2681 2695 2694 2693 2692 2691 2845 2869 2870 2849 2871
 2894 2917 2938 2959 2960 2939 2918 2895 2900 2896 2897 2898 2899 2921
 2920 2919 2940 2961 2962 2963 2941 2942 2964 2943 2944 2965 2966 2967
 2968 2969 2970 2971 2972 2951 2952 2953 2973 2974 2975 2954 2933 2911
 2888 2887 2910 2932 2931 2930 2909 2886 2861 2862 2863 2864 2865 2866
 2867 2868 2893 2892 2915 2914 2891 2890 2889 2912 2913 2934 2935 2956
 2955 2976 2977 2978 2957 2936 2937 3034 3035 3018 3015 3016 2987 2988
 3017 3019 3020 3021 3023 3022 3001 3002 3003 3004 3005 3006 3024 3025
 3027 3026 3007 3008 3028 3029 3031 3032 3036 3037 3012 3030 3011 3000
 2844 2842 2841 2840 2843 2998 2999 3010 3009 2997 2996 2995 2994 2993
 2992 2991 2990 2989 2829 2825 2824 2828 2827 2986 2985 2984 2981 2983
 3014 3013 2982 2980 2819 2820 2821 2826 2822 2823 2798 2782 2797 2796
 2795 2794 2793 2781 2710 2732 2733 2731 2730 2728 2729 2727 2726 2724
 2725 2722 2723 2721 2719 2717 2715 2713 2859 2860 2885 2908 2907 2884
 2883 2906 2928 2929 2950 2949 2948 2927 2905 2882 2881 2904 2926 2947
 2946 2945 2924 2925 2903 2902 2880 2879 2901 2923 2922 2979 2878 2877
 2876 2875 2874 2873 2872 2850 2846 2851 2852 2853 2854 2855 2856 2857
 2847 2858 2848 2712 2711 2704 2705 2706 2707 2708 2714 2716 2718 2720
 2709 2650 2651 2652 2659 2660 2661 2662 2649 2648 2663 2664 2647 2665
 2646 2645 2644 2643 2642 2641 2640 2638 2637 2639 2636 2631 2630 2629
 2632 2628 2627 2164 2165 2166 2167 2168 2169 2170 2171 2172 2173 2174
 2175 2176 2163 2162 2161 2160 2159 2158 2157 2156 2155 2154 2153 2152
 2151 2150 2149 2125 1810 1809 1791 1754 1790 1808 1789 1788 1807 1806
 1785 1786 1787 1748 1749 1747 1750 1751 1752 1753 1759 1760 1761 1762
 1758 1757 1755 1756 1792 1793 1811 1794 1795 2445 2467 2466 2465 2444
 1763 2443 2464 2463 2442 2441 2462 2440 2461 2460 2439 2438 2459 2458
 2437 2457 2456 2455 2454 2453 2452 2362 2431 2432 2433 2434 2435 2424
 2423 2422 2421 2420 2419 2418 2417 2416 2415 2396 1631 1630 1620 1621
 1629 1624 1622 1623 1619 1618 1617 1616 1615 1614 1625 1588 1587 1589
 1590 1591 1592 1593 1594 1595 1628 1627 1626 1649 1632 1633 1634 1635
 1648 1647 1646 1645 1644 1643 1642 1641 1640 1639 1638 1637 1636 1651
 1652 1653 1654 1655 1656 1657 1658 1659 1650 1661 1660 1662 1663 1664
 1665 1666 1667 1668 1669 1671 1670 1672 1713 1712 1711 1710 1709 1708
 1707 1681 1706 1705 2436 1704 1703 1702 1745 1746 1744 1743 1742 1741
 1740 1738 1737 1734 1733 1731 1726 1727 1770 1797 1769 1768 1722 1767
 1796 1766 1765 1764 1098 1099 1102 1256 1103 1100 1104 1105 1106 1107
 1108 1109 1110 1111 1112 1101 1113 1279 1278 1277 1276 1275 1274 1273
 1271 1270 1272 1269 1257 1258 1259 1260 1267 1268 1261 1262 1263 1264
 1265 1266 1824 1823 1822 1829 1832 1831 1830 1834 1918 1926 1927 1928
 1929 1942 1941 1940 1939 1938 1925 1917 1833 1828 1821 1820 1819 1818
 1817 1816 1827 1815 1814 1826 1813 1812 1798 1771 1772 1773 1774 1775
 1776 1799 1800 1777 1778 1779 1780 1801 1802 1781 1803 1782 1783 1784
 1804 1805 2016 2032 2046 2126 2127 2128 2129 2131 2132 2130 2049 2050
 2036 2035 2034 2048 2047 2033 2017 2020 2019 2018 1933 1932 1919 1920
 1921 1934 1935 1922 1916 1924 1923 1936 1937 2021 2022 2040 2039 2038
 2037 2051 2052 2053 2054 2055 2041 2042 2056 2057 2043 2044 2058 2133
 2134 2059 2045 2023 1948 1947 1945 1944 1946 1943 1930 1931 1835 1839
 1840 1841 1859 1858 1857 1856 1855 1854 1853 1852 1861 1860 1863 1864
 1865 1866 1867 1868 1869 1870 1871 1872 1873 1874 1875 1876 1878 1877
 1879 1887 1886 1880 1881 1882 1883 1884 1885 1971 1970 1979 1972 1973
 1974 1975 1976 1977 1988 1987 1986 1985 1980 1984 1983 1982 1981 1978
 1969 1957 1956 1955 1954 1953 1949 1952 1951 1950 1961 1962 1963 1960
 1964 1958 1965 1966 1967 1959 1968 2027 2028 2029 2081 2070 2069 2068
 2067 2066 2065 2026 2025 2064 2061 2063 2024 2060 2135 2062 2078 2077
 2076 2075 2074 2073 2072 2071 2079 2080 2139 2138 2185 2184 2183 2186
 2182 2181 2137 2180 2136 2179 2188 2178 2189 2191 2177 2201 2202 2192
 2193 2203 2204 2194 2195 2205 2206 2196 2187 2197 2207 2198 2190 2199
 2208 2209 2210 2200 2212 2211 2214 2231 2232 2215 2216 2233 2234 2235
 2254 2236 2237 2238 2239 2256 2240 2221 2241 2242 2243 2222 2244 2245
 2246 2247 2248 2249 2762 2761 2760 2759 2758 2757 2756 2755 2257 2743
 2742 2741 2255 2740 2739 2738 2253 2737 2736 2252 2735 2734 2213 2656
 2657 2658 2653 2654 2655 2666 2780 2745 2746 2747 2748 2749 2744 2750
 2751 2752 2753 2754 2769 2770 2771 2772 2773 2774 2775 2789 2790 2809
 2808 2817 2806 2787 2807 2788 2786 2785 2805 2816 2815 2804 2803 2802
 2784 2783 2799 2800 2801 2814 2830 2832 2833 2831 2834 2835 2836 2837
 2838 2839 2818 2810 2811 2812 2813 2791 2792 2779 2778 2777 2776 2765
 2766 2767 2768 2763 2764 2258 2251 2250 2230 2229 2228 2227 2226 2148
 2225 2224 2223 2146 2147 2145 2144 2143 2142 2220 2219 2218 2217 2140
 2141 2096 2095 2094 2093 2092 2091 2090 2082 2083 2084 2085 2086 2087
 2088 2089 2030 2031 2097 2098 2114 2115 2116 2117 2118 2119 2111 2120
 2123 2121 2124 2122 2112 2113 2108 2107 2106 2105 2110 2104 2109 2103
 2102 2101 2100 2099 2006 2003 1993 1994 1995 1996 2007 2008 2009 2010
 2011 2012 2013 2014 2015 2005 2002 2001 2000 2004 1999 1992 1991 1998
 1997 1990 1989 1907 1906 1905 1908 1909 1910 1911 1912 1913 1914 1915
 1903 1904 1899 1900 1901 1902 1891 1892 1345 1344 1343 1342 1890 1898
 1897 1896 1895 1894 1893 1888 1889 1337 1338 1339 1340 1341 1347 1346
 1352 1353 1354 1355 1356 1357 1358 1359 1177 1178 1179 1169 1168 1167
 1176 1175 1174 1173 1172 1171 1170 1362 1361 1360 1351 1350 1349 1348
 1336 1335 1318 1317 1316 1315 1314 1313 1312 1310 1311 1308 1309 1862
 1851 1850 1848 1847 1846 1845 1844 1843 1842 1838 1837 1836 1825 1280
 1281 1283 1282 1287 1288 1289 1291 1290 1292 1293 1849 1294 1295 1296]

eliteFit: 142558.0
percentError: 3.532470550641277
computationTime: 1027.439s