instanceName: nrw1379
n: 1379
optFit: 56638

genTime, gen, eliteFit, percentError:
0.0018108999938704073, 0, 1378388.0, 2333.681
1.1757327999948757, 1, 62388.0, 10.152
0.7559948999987682, 2, 61578.0, 8.722
0.701871299999766, 3, 61231.0, 8.109
0.7024687999946764, 4, 61031.0, 7.756
0.6764949999924283, 5, 60747.0, 7.255
0.754716900002677, 6, 60443.0, 6.718
0.6759427000069991, 7, 60415.0, 6.669
0.6766268999926979, 8, 60386.0, 6.617
0.691785200004233, 9, 60315.0, 6.492
0.5682919999962905, 10, 60234.0, 6.349
0.6067993999895407, 11, 60114.0, 6.137
0.6250792999926489, 12, 60114.0, 6.137
0.6116373999975622, 13, 60105.0, 6.121
0.6377408999978798, 14, 59963.0, 5.871
0.7211335000029067, 15, 59963.0, 5.871
0.6219159000029322, 16, 59937.0, 5.825
0.6137266999867279, 17, 59672.0, 5.357
0.6777999000041746, 18, 59672.0, 5.357
0.6197299999912502, 19, 59669.0, 5.352
0.5677640000067186, 20, 59512.0, 5.074
0.5589031999988947, 21, 59382.0, 4.845
0.394993699999759, 22, 59367.0, 4.818
0.3081157999986317, 23, 59367.0, 4.818
0.35125890000199433, 24, 59283.0, 4.670
0.263153499996406, 25, 59279.0, 4.663
0.38420029998815153, 26, 59273.0, 4.652
0.4390261999942595, 27, 59160.0, 4.453
0.39890070000546984, 28, 59160.0, 4.453
0.45705919999454636, 29, 59132.0, 4.403
0.46699150001222733, 30, 59036.0, 4.234
0.3949677999917185, 31, 59036.0, 4.234
0.4332680999941658, 32, 59002.0, 4.174
0.419536599991261, 33, 58983.0, 4.140
0.29835549999552313, 34, 58983.0, 4.140
0.2217528999899514, 35, 58964.0, 4.107
0.2172871000075247, 36, 58957.0, 4.094
0.23647119999805, 37, 58867.0, 3.936
0.2172086000064155, 38, 58846.0, 3.898
0.28199009998934343, 39, 58833.0, 3.875
0.24180879999767058, 40, 58803.0, 3.823
0.2722005999967223, 41, 58764.0, 3.754
0.21991849999176338, 42, 58710.0, 3.658
0.2720240000053309, 43, 58710.0, 3.658
0.2428139999974519, 44, 58710.0, 3.658
0.20850599999539554, 45, 58693.0, 3.628
0.19477319999714382, 46, 58693.0, 3.628
0.21630219998769462, 47, 58693.0, 3.628
0.19082990000606515, 48, 58693.0, 3.628
0.18317069999466185, 49, 58693.0, 3.628
0.21182350000890438, 50, 58693.0, 3.628
0.19414229999529198, 51, 58693.0, 3.628
0.18792290000419598, 52, 58693.0, 3.628
0.19115500000771135, 53, 58693.0, 3.628
0.17232110000622924, 54, 58693.0, 3.628
0.1793762000015704, 55, 58693.0, 3.628
0.1980617999943206, 56, 58693.0, 3.628
0.19065050000790507, 57, 58693.0, 3.628
0.17575190000934526, 58, 58693.0, 3.628
0.19293749998905696, 59, 58693.0, 3.628
0.19355569999606814, 60, 58693.0, 3.628
0.1719745000009425, 61, 58693.0, 3.628
0.1759174000035273, 62, 58693.0, 3.628
0.17302470000868198, 63, 58693.0, 3.628
0.18426010000985116, 64, 58693.0, 3.628
0.16513369999302085, 65, 58680.0, 3.605
0.1818349999957718, 66, 58680.0, 3.605
0.1739790000137873, 67, 58677.0, 3.600
0.17896489999839105, 68, 58677.0, 3.600
0.2373066000000108, 69, 58677.0, 3.600
0.15979209999204613, 70, 58677.0, 3.600
0.18212909999419935, 71, 58676.0, 3.598
0.18237959999532904, 72, 58676.0, 3.598
0.17514110000047367, 73, 58676.0, 3.598
0.20313100000203121, 74, 58676.0, 3.598
0.16027089999988675, 75, 58632.0, 3.521
0.1782348999986425, 76, 58632.0, 3.521
0.1896989999950165, 77, 58632.0, 3.521
0.1981649999943329, 78, 58632.0, 3.521
0.17408090000390075, 79, 58632.0, 3.521
0.19166620000032708, 80, 58632.0, 3.521
0.1694952999969246, 81, 58632.0, 3.521
0.175713699994958, 82, 58632.0, 3.521
0.17281910000019707, 83, 58632.0, 3.521
0.16009170000324957, 84, 58612.0, 3.485
0.2135545000055572, 85, 58612.0, 3.485
0.16606819999287836, 86, 58612.0, 3.485
0.17035570000007283, 87, 58612.0, 3.485
0.17260950000490993, 88, 58612.0, 3.485
0.17286419999436475, 89, 58612.0, 3.485
0.16579070000443608, 90, 58612.0, 3.485
0.17004639998776838, 91, 58612.0, 3.485
0.18030400000861846, 92, 58612.0, 3.485
0.18178890000854153, 93, 58612.0, 3.485
0.17797150000114925, 94, 58612.0, 3.485
0.1745865999982925, 95, 58612.0, 3.485
0.1746257000049809, 96, 58612.0, 3.485
0.17750099999830127, 97, 58612.0, 3.485
0.16438980000384618, 98, 58612.0, 3.485
0.16122169999289326, 99, 58612.0, 3.485
0.17456350001157261, 100, 58612.0, 3.485
0.17121280000719707, 101, 58612.0, 3.485
0.18120710000221152, 102, 58612.0, 3.485
0.1810430999903474, 103, 58612.0, 3.485
0.15285699999367353, 104, 58612.0, 3.485
0.16635559999849647, 105, 58612.0, 3.485
0.18122050000238232, 106, 58593.0, 3.452
0.18793209998693783, 107, 58557.0, 3.388
0.21586080000270158, 108, 58548.0, 3.372
0.2422116000088863, 109, 58548.0, 3.372
0.2033649999939371, 110, 58523.0, 3.328
0.157239699998172, 111, 58514.0, 3.312
0.2276521000021603, 112, 58513.0, 3.310
0.18633260000206064, 113, 58513.0, 3.310
0.170114199994714, 114, 58513.0, 3.310
0.20315890001074877, 115, 58513.0, 3.310
0.18008990000816993, 116, 58513.0, 3.310
0.19556909998937044, 117, 58513.0, 3.310
0.1748844999965513, 118, 58513.0, 3.310
0.19117069999629166, 119, 58513.0, 3.310
0.19359749999421183, 120, 58513.0, 3.310
0.1545652000058908, 121, 58513.0, 3.310
0.18381879999651574, 122, 58513.0, 3.310
0.16640430000552442, 123, 58513.0, 3.310
0.1717242000013357, 124, 58513.0, 3.310
0.20383569999830797, 125, 58510.0, 3.305
0.16747139999642968, 126, 58510.0, 3.305
0.15656139999919105, 127, 58510.0, 3.305
0.17337380000390112, 128, 58510.0, 3.305
0.23326470000029076, 129, 58508.0, 3.302
0.169974500007811, 130, 58508.0, 3.302
0.19017729999904986, 131, 58480.0, 3.252
0.2101805999991484, 132, 58460.0, 3.217
0.24830910000309814, 133, 58460.0, 3.217
0.2166564999934053, 134, 58459.0, 3.215
0.1812423000083072, 135, 58459.0, 3.215
0.20559209999919403, 136, 58439.0, 3.180
0.1831806999980472, 137, 58418.0, 3.143
0.17310299999371637, 138, 58418.0, 3.143
0.21683100001246203, 139, 58352.0, 3.026
0.20711460000893567, 140, 58311.0, 2.954
0.21905630000401288, 141, 58256.0, 2.857
0.2134201999870129, 142, 58256.0, 2.857
0.22670960001414642, 143, 58230.0, 2.811
0.20034949999535456, 144, 58230.0, 2.811
0.19372070000099484, 145, 58230.0, 2.811
0.16491039999527857, 146, 58230.0, 2.811
0.21702799999911804, 147, 58230.0, 2.811
0.1664113000006182, 148, 58230.0, 2.811
0.17545579999568872, 149, 58230.0, 2.811
0.1868180999881588, 150, 58230.0, 2.811
0.1497778000048129, 151, 58230.0, 2.811
0.2022861000004923, 152, 58230.0, 2.811
0.18480289999570232, 153, 58230.0, 2.811
0.19242920000397135, 154, 58230.0, 2.811
0.17167750000953674, 155, 58230.0, 2.811
0.18172120000235736, 156, 58230.0, 2.811
0.1800997000100324, 157, 58230.0, 2.811
0.1761190999968676, 158, 58230.0, 2.811
0.1658088999975007, 159, 58230.0, 2.811
0.16698970001016278, 160, 58230.0, 2.811
0.1816398999944795, 161, 58230.0, 2.811
0.1573734000121476, 162, 58230.0, 2.811
0.16283020000264514, 163, 58230.0, 2.811
0.20432160000200383, 164, 58230.0, 2.811
0.18127169999934267, 165, 58228.0, 2.807
0.1918876999989152, 166, 58228.0, 2.807
0.18839789999765344, 167, 58228.0, 2.807
0.20448750001378357, 168, 58218.0, 2.790
0.1599549999955343, 169, 58218.0, 2.790
0.192609599995194, 170, 58218.0, 2.790
0.21350189999793656, 171, 58218.0, 2.790
0.20000939999590628, 172, 58196.0, 2.751
0.16717810000409372, 173, 58196.0, 2.751
0.1687145000032615, 174, 58196.0, 2.751
0.18926980000105686, 175, 58196.0, 2.751
0.16033140000945423, 176, 58196.0, 2.751
0.17374909999489319, 177, 58196.0, 2.751
0.17059429999790154, 178, 58196.0, 2.751
0.184414299990749, 179, 58196.0, 2.751
0.1862017000094056, 180, 58196.0, 2.751
0.18075929999758955, 181, 58196.0, 2.751
0.16996479999215808, 182, 58196.0, 2.751
0.18616230000043288, 183, 58196.0, 2.751
0.20508240000344813, 184, 58196.0, 2.751
0.18559379999351222, 185, 58196.0, 2.751
0.17406879999907687, 186, 58196.0, 2.751
0.17894969999906607, 187, 58196.0, 2.751
0.21691589998954441, 188, 58196.0, 2.751
0.17030630000226665, 189, 58196.0, 2.751
0.1738234999938868, 190, 58196.0, 2.751
0.18360749998828396, 191, 58196.0, 2.751
0.17939449999539647, 192, 58192.0, 2.744
0.2539974999963306, 193, 58163.0, 2.693
0.20591180000337772, 194, 58163.0, 2.693
0.20223660000192467, 195, 58159.0, 2.685
0.18779979999817442, 196, 58159.0, 2.685
0.17676119999669027, 197, 58159.0, 2.685
0.1898609000054421, 198, 58159.0, 2.685
0.18847000000823755, 199, 58159.0, 2.685
0.16983860000618733, 200, 58159.0, 2.685
0.19129570000222884, 201, 58159.0, 2.685
0.214746900004684, 202, 58159.0, 2.685
0.18251390001387335, 203, 58159.0, 2.685
0.19135670000105165, 204, 58159.0, 2.685
0.19131349999224767, 205, 58159.0, 2.685
0.19246190000558272, 206, 58159.0, 2.685
0.19389830000000075, 207, 58159.0, 2.685
0.1889932000049157, 208, 58159.0, 2.685
0.19818389999272767, 209, 58159.0, 2.685
0.18049369999789633, 210, 58159.0, 2.685
0.17936700000427663, 211, 58159.0, 2.685
0.17568179999943823, 212, 58159.0, 2.685
0.19544850000238512, 213, 58159.0, 2.685
0.23836239999218378, 214, 58159.0, 2.685
0.16318049999244977, 215, 58159.0, 2.685
0.18811230000574142, 216, 58159.0, 2.685
0.2110168000072008, 217, 58159.0, 2.685
0.16027609999582637, 218, 58159.0, 2.685
0.18731199999456294, 219, 58159.0, 2.685
0.17583989999548066, 220, 58159.0, 2.685
0.20321740000508726, 221, 58159.0, 2.685
0.2064754000020912, 222, 58159.0, 2.685
0.20667549999780022, 223, 58141.0, 2.654
0.1651589000102831, 224, 58141.0, 2.654
0.2115195000078529, 225, 58141.0, 2.654
0.1783393000077922, 226, 58141.0, 2.654
0.2068757000088226, 227, 58141.0, 2.654
0.1759133000014117, 228, 58092.0, 2.567
0.15482349999365397, 229, 58092.0, 2.567
0.18860809999750927, 230, 58092.0, 2.567
0.17810289999761153, 231, 58092.0, 2.567
0.16284119999909308, 232, 58092.0, 2.567
0.17775329999858513, 233, 58092.0, 2.567
0.18277950001356658, 234, 58092.0, 2.567
0.171654399993713, 235, 58092.0, 2.567
0.17694639999535866, 236, 58092.0, 2.567
0.18666160000429954, 237, 58092.0, 2.567
0.24203110000235029, 238, 58092.0, 2.567
0.1623494999948889, 239, 58092.0, 2.567
0.172637699986808, 240, 58092.0, 2.567
0.1896065000037197, 241, 58092.0, 2.567
0.17753140001150314, 242, 58090.0, 2.564
0.24612840000190772, 243, 58090.0, 2.564
0.2652220999880228, 244, 58090.0, 2.564
0.34063950000563636, 245, 58090.0, 2.564
0.37527719998615794, 246, 58090.0, 2.564
0.433341100011603, 247, 58090.0, 2.564
0.33329529999173246, 248, 58090.0, 2.564
0.15295070000865962, 249, 58090.0, 2.564
0.16327330000058282, 250, 58090.0, 2.564
0.1780031000089366, 251, 58090.0, 2.564
0.18443310000293422, 252, 58090.0, 2.564
0.18016720000014175, 253, 58090.0, 2.564
0.17562519999046344, 254, 58090.0, 2.564
0.1684906000009505, 255, 58090.0, 2.564
0.17630479999934323, 256, 58090.0, 2.564
0.17584330000681803, 257, 58090.0, 2.564
0.16611630000988953, 258, 58090.0, 2.564
0.1783785000006901, 259, 58090.0, 2.564
0.18801879999227822, 260, 58090.0, 2.564
0.16767039999831468, 261, 58090.0, 2.564
0.1865719000052195, 262, 58090.0, 2.564
0.17713090000324883, 263, 58090.0, 2.564
0.22471690000384115, 264, 58090.0, 2.564
0.17904089999501593, 265, 58090.0, 2.564
0.1835482000024058, 266, 58090.0, 2.564
0.15006889999494888, 267, 58090.0, 2.564
0.18453310000768397, 268, 58090.0, 2.564
0.17242009998881258, 269, 58090.0, 2.564
0.17093769999337383, 270, 58090.0, 2.564
0.17565449999528937, 271, 58090.0, 2.564
0.1895883999968646, 272, 58090.0, 2.564
0.22387659999367315, 273, 58090.0, 2.564
0.1655293000076199, 274, 58090.0, 2.564
0.21089269999356475, 275, 58090.0, 2.564
0.19219040000461973, 276, 58090.0, 2.564
0.19358719998854212, 277, 58090.0, 2.564
0.19227260000479873, 278, 58090.0, 2.564
0.16820620000362396, 279, 58090.0, 2.564
0.19544320000568405, 280, 58090.0, 2.564
0.18515980000665877, 281, 58090.0, 2.564
0.20275399999809451, 282, 58090.0, 2.564
0.17611860000761226, 283, 58090.0, 2.564
0.17710359999909997, 284, 58090.0, 2.564
0.17101999999431428, 285, 58090.0, 2.564
0.18591499999456573, 286, 58090.0, 2.564
0.18042289999721106, 287, 58090.0, 2.564
0.18582539999624714, 288, 58090.0, 2.564
0.19320050001260825, 289, 58090.0, 2.564
0.19904720000340603, 290, 58090.0, 2.564
0.17575460000080056, 291, 58090.0, 2.564
0.17970079999940936, 292, 58090.0, 2.564

tour:
[ 270  296  323  339  353  387  411  429  425  420  391  357  313  329
  326  290  276  248  261  247  220  192  169  159  185  213  233  257
  252  266  265  281  286  328  345  381  384  343  325  321  310  316
  298  317  292  307  336  362  374  380  363  356  365  398  409  433
  418  428  438  482  485  472  468  434  423  445  470  490  510  475
  511  527  523  519  512  526  507  488  450  452  473  461  458  464
  431  413  415  401  417  404  430  422  382  400  368  340  355  361
  324  285  263  256  250  295  243  222  212  200  196  203  224  184
  193  178  205  236  246  264  251  238  223  210  190  174  171  124
  114  144  164  152  128  113  106   79   97   96  125  151  163  158
  127  111   87   73   83  103   85   62   77   53   36   20   34   50
   42   82   74   49   58   48   72   76   95   92  110  121  137  134
  147  142  161  143  131  170  221  228  277  312  348  427  421  371
  360  331  306  322  335  278  267  271  291  232  234  240  207  183
  172  202  188  149  135  140  146  156  175  165  197  242  255  229
  225  249  268  289  283  284  315  320  349  366  408  416  390  354
  377  406  432  424  402  397  383  350  344  309  294  272  244  259
  260  282  327  337  373  403  414  412  439  457  444  453  459  474
  503  518  504  498  541  552  556  569  592  596  615  599  578  585
  591  610  618  629  648  639  658  674  708  713  699  672  640  595
  604  580  566  545  530  536  533  542  571  554  535  515  506  477
  478  466  460  451  479  505  500  491  471  492  469  499  486  467
  463  483  508  489  487  509  513  528  534  567  573  568  605  586
  565  584  559  555  549  537  561  543  577  606  560  553  524  517
  532  516  501  484  476  480  481  522  538  563  570  597  587  621
  623  662  688  682  675  684  704  710  729  702  673  649  635  630
  647  653  669  680  687  646  661  677  714  739  749  726  750  755
  725  695  715  719  741  756  753  777  776  790  775  807  819  798
  796  782  797  787  804  770  735  727  751  734  720  694  668  637
  624  613  611  589  600  616  636  663  686  705  681  667  671  643
  627  632  651  655  638  612  609  602  575  582  593  598  601  608
  633  642  660  693  711  691  718  696  709  722  748  778  763  733
  752  728  745  743  764  766  780  793  815  823  785  805  795  824
  822  846  831  841  875  890  908  935  938  911  928  944  952  972
  975  990  966  961  980  967  998 1008 1005  968  965  970  962  945
  943  924  939  951  985 1003 1001  979  937  918  916  932  948  971
  987  991  973  957  940  933  910  898  905  923  926  946  963  978
  997 1010 1019 1012 1006 1024 1022 1051 1073 1041 1034 1036 1044 1046
 1037 1047 1028 1025 1015  994  960  947  929  930  964  986  984  976
  996  993 1017 1064 1065 1055 1061 1080 1092 1105 1110 1131 1120 1090
 1076 1063 1079 1091 1139 1158 1182 1188 1208 1222 1201 1176 1151 1126
 1114 1125 1121 1149 1134 1127 1150 1166 1196 1202 1232 1211 1198 1183
 1224 1229 1245 1258 1271 1259 1275 1266 1250 1244 1230 1235 1220 1192
 1167 1143 1165 1136 1128 1117 1098 1086 1087 1108 1082 1070 1049 1042
 1059 1050 1039 1067 1099 1101 1112 1093 1100 1074 1058 1029 1054 1057
 1031 1014  995  989  977  955  942  919  927  903  899  892  866  860
  863  862  882  876  859  864  894  889  895  870  881  891  883  900
  915  914  936  925  904  886  871  879  855  834  850  842  839  851
  853  861  849  836  827  832  812  808  801  794  825  814  786  769
  759  754  779  784  813  810  820  806  829  854  830  840  847  857
  835  872  893  907  913  921  887  884  873  877  917  953  981  999
  982  983 1011 1032 1027 1021 1023 1038 1035 1013 1004 1018 1000 1009
 1016 1030 1053 1043 1056 1084 1075 1102 1109 1132 1156 1160 1119 1104
 1103 1077 1066 1062 1071 1085 1089 1122 1142 1146 1157 1174 1200 1206
 1177 1162 1171 1159 1190 1207 1218 1228 1239 1219 1231 1240 1264 1284
 1303 1321 1347 1346 1326 1319 1332 1336 1348 1343 1350 1355 1357 1367
 1372 1361 1360 1368 1364 1358 1352 1349 1334 1327 1311 1294 1265 1269
 1293 1315 1328 1341 1325 1320 1307 1306 1295 1296 1270 1257 1267 1203
 1163 1141 1107 1078 1094 1068 1045 1026 1048 1060 1072 1083 1096 1106
 1123 1153 1148 1140 1118 1129 1152 1168 1184 1236 1226 1209 1193 1179
 1178 1213 1221 1242 1251 1268 1255 1261 1279 1290 1280 1298 1304 1322
 1337 1333 1353 1354 1356 1359 1370 1371 1369 1376 1374 1375 1377 1378
 1373 1365 1366 1363 1362 1351 1342 1335 1316 1312 1313 1329 1344 1345
 1339 1340 1331 1314 1291 1282 1285 1263 1253 1276 1283 1297 1308 1299
 1301 1317 1324 1305 1292 1289 1286 1274 1287 1281 1288 1310 1309 1318
 1323 1338 1330 1302 1300 1272 1256 1249 1237 1234 1227 1214 1210 1197
 1191 1186 1217 1194 1216 1187 1170 1205 1195 1169 1145 1124 1113 1088
 1069 1095 1116 1154 1164 1135 1137 1155 1130 1138 1115 1144 1133 1161
 1181 1215 1212 1189 1185 1175 1172 1173 1199 1225 1223 1241 1252 1254
 1247 1262 1277 1278 1273 1260 1246 1248 1238 1243 1233 1204 1180 1147
 1111 1097 1081 1052 1040 1020 1033 1007  992 1002  988  958  974  950
  949  969  956  920  909  901  867  844  837  826  848  880  906  888
  874  843  828  816  791  768  802  821  788  774  761  773  737  724
  701  697  707  690  721  744  742  765  771  809  803  833  865  856
  885  922  931  941  959  954  934  896  852  817  799  781  740  772
  783  747  767  789  811  838  869  858  878  897  912  902  868  845
  818  800  792  762  730  698  712  676  622  631  583  579  558  548
  497  521  544  520  496  426  437  495  465  456  410  333  297  305
  359  399  441  455  493  531  539  572  590  603  576  551  550  502
  448  494  529  546  540  557  562  581  594  626  628  659  654  689
  670  644  666  679  683  706  731  746  738  736  717  716  685  664
  650  607  619  620  652  625  614  634  657  665  692  703  732  760
  757  758  723  700  678  656  645  641  617  588  564  574  547  525
  514  462  443  378  392  379  341  351  375  352  338  334  301  280
  253  274  287  273  237  262  275  300  318  303  342  302  288  218
  231  206  198  168  167  162  116  115  112   70   71   93  122  139
  173  177  214  241  235  219  201  180  133  107   61   26   11    6
   28   40   47   46   19   14   33   56   75   57   55   81   98  120
  153  186  189  157  129  119   89   91  105  102   94  136  150  154
  179  195  199  176  155  138  109  108   86   64   59  104  126  148
  160  132  101   90   80   52   43   68   84  100   65   54   35   22
    9   37   51   69   67   45   30   29   27   24   18    2    1    5
    0   10   23   16   13    7   17   21   15   12    4    3    8   25
   32   39   31   41   38   63   88   78   60   44   66   99  118  130
  117  145  123  141  166  191  215  209  187  181  227  239  245  208
  204  182  194  216  230  226  217  211  258  279  304  311  319  332
  346  364  388  370  358  347  372  389  385  386  405  419  435  442
  449  436  447  440  454  446  407  396  376  395  394  393  367  369
  330  314  299  308  293  254  269]

eliteFit: 58090.0
percentError: 2.5636498463928814
computationTime: 68.687s