instanceName: nrw1379
n: 1379
optFit: 56638

genTime, gen, eliteFit, percentError:
0.0016603999974904582, 0, 1373857.0, 2325.681
1.1284855999983847, 1, 62005.0, 9.476
0.7228106999973534, 2, 61443.0, 8.484
0.7206404000025941, 3, 61236.0, 8.118
0.6329962000017986, 4, 61138.0, 7.945
0.7228182999970159, 5, 60700.0, 7.172
0.6718572000099812, 6, 60685.0, 7.145
0.6988431999925524, 7, 60588.0, 6.974
0.6118308000004617, 8, 60561.0, 6.926
0.6016709999967134, 9, 60384.0, 6.614
0.5356721000134712, 10, 60183.0, 6.259
0.565869300000486, 11, 60180.0, 6.254
0.5849861000024248, 12, 60048.0, 6.021
0.5808211000112351, 13, 59910.0, 5.777
0.6068793000013102, 14, 59863.0, 5.694
0.5813361000036821, 15, 59621.0, 5.267
0.5755282000027364, 16, 59621.0, 5.267
0.5794052999990527, 17, 59621.0, 5.267
0.49427780001133215, 18, 59569.0, 5.175
0.5472508999955608, 19, 59498.0, 5.050
0.487460899996222, 20, 59463.0, 4.988
0.4240146999945864, 21, 59371.0, 4.825
0.4290060000057565, 22, 59295.0, 4.691
0.4437455000006594, 23, 59269.0, 4.645
0.349762700003339, 24, 59221.0, 4.561
0.3350311999965925, 25, 59168.0, 4.467
0.3709243999910541, 26, 59063.0, 4.282
0.37499120000575203, 27, 58991.0, 4.154
0.3676222000067355, 28, 58926.0, 4.040
0.3240661000018008, 29, 58852.0, 3.909
0.2816663999983575, 30, 58852.0, 3.909
0.24645419999433216, 31, 58811.0, 3.837
0.18804960000852589, 32, 58791.0, 3.801
0.21634659999108408, 33, 58750.0, 3.729
0.19437589999870397, 34, 58750.0, 3.729
0.19129610000527464, 35, 58709.0, 3.657
0.2042619999992894, 36, 58709.0, 3.657
0.2201610000047367, 37, 58709.0, 3.657
0.1752312000025995, 38, 58709.0, 3.657
0.1999389999982668, 39, 58709.0, 3.657
0.19292940000013914, 40, 58709.0, 3.657
0.1899707000120543, 41, 58709.0, 3.657
0.17938979998871218, 42, 58704.0, 3.648
0.2225204999995185, 43, 58671.0, 3.589
0.24947500000416767, 44, 58638.0, 3.531
0.35243780000018887, 45, 58610.0, 3.482
0.32992879999801517, 46, 58601.0, 3.466
0.3386423000047216, 47, 58561.0, 3.395
0.29173789999913424, 48, 58561.0, 3.395
0.38220670000009704, 49, 58561.0, 3.395
0.3530154999898514, 50, 58551.0, 3.378
0.2714546000061091, 51, 58541.0, 3.360
0.27761699999973644, 52, 58541.0, 3.360
0.2845479000097839, 53, 58522.0, 3.326
0.2836142000014661, 54, 58522.0, 3.326
0.22845850000157952, 55, 58512.0, 3.309
0.18276179999520537, 56, 58512.0, 3.309
0.18768710001313593, 57, 58512.0, 3.309
0.22573940000438597, 58, 58505.0, 3.296
0.1956116000073962, 59, 58505.0, 3.296
0.19087869999930263, 60, 58505.0, 3.296
0.20478180001373403, 61, 58505.0, 3.296
0.1809997999953339, 62, 58505.0, 3.296
0.19543680000060704, 63, 58505.0, 3.296
0.1962028999987524, 64, 58505.0, 3.296
0.17906619999848772, 65, 58499.0, 3.286
0.17450999999709893, 66, 58478.0, 3.249
0.27407930001209024, 67, 58453.0, 3.205
0.35082790000888053, 68, 58426.0, 3.157
0.36182669999834616, 69, 58426.0, 3.157
0.4042106000124477, 70, 58426.0, 3.157
0.4028392000036547, 71, 58394.0, 3.100
0.19034929999907035, 72, 58394.0, 3.100
0.20689479999418836, 73, 58382.0, 3.079
0.1890107000072021, 74, 58382.0, 3.079
0.22878830000991002, 75, 58354.0, 3.030
0.18192350000026636, 76, 58354.0, 3.030
0.18023890000768006, 77, 58354.0, 3.030
0.18188269999518525, 78, 58354.0, 3.030
0.1946763000014471, 79, 58354.0, 3.030
0.19186189999163616, 80, 58354.0, 3.030
0.19288950000191107, 81, 58354.0, 3.030
0.15655339999648277, 82, 58354.0, 3.030
0.19608840000000782, 83, 58354.0, 3.030
0.20131160000164527, 84, 58354.0, 3.030
0.18691259999468457, 85, 58354.0, 3.030
0.19799950000015087, 86, 58354.0, 3.030
0.1632443999988027, 87, 58354.0, 3.030
0.18861340000876226, 88, 58354.0, 3.030
0.17255640000803396, 89, 58354.0, 3.030
0.21684610001102556, 90, 58354.0, 3.030
0.19544490000407677, 91, 58354.0, 3.030
0.18694749999849591, 92, 58354.0, 3.030
0.17547750000085216, 93, 58354.0, 3.030
0.19695100000535604, 94, 58354.0, 3.030
0.1787351000093622, 95, 58354.0, 3.030
0.20573579998745117, 96, 58354.0, 3.030
0.19088370000827126, 97, 58354.0, 3.030
0.16391249999287538, 98, 58354.0, 3.030
0.17120559999602847, 99, 58354.0, 3.030
0.1585472999868216, 100, 58354.0, 3.030
0.195131800006493, 101, 58354.0, 3.030
0.17955220000294503, 102, 58354.0, 3.030
0.17307800000708085, 103, 58326.0, 2.980
0.21083300000464078, 104, 58326.0, 2.980
0.22752140001102816, 105, 58312.0, 2.956
0.26174519999767654, 106, 58312.0, 2.956
0.24888549999741372, 107, 58306.0, 2.945
0.1960844000132056, 108, 58306.0, 2.945
0.19729649998771492, 109, 58306.0, 2.945
0.19133129999681842, 110, 58306.0, 2.945
0.18836499999451917, 111, 58306.0, 2.945
0.16715379999368452, 112, 58306.0, 2.945
0.18739839999761898, 113, 58306.0, 2.945
0.14412300000549294, 114, 58306.0, 2.945
0.19555340000079013, 115, 58306.0, 2.945
0.1843933000054676, 116, 58306.0, 2.945
0.21953930000017863, 117, 58306.0, 2.945
0.211715199999162, 118, 58306.0, 2.945
0.1949841000023298, 119, 58306.0, 2.945
0.19687200000043958, 120, 58306.0, 2.945
0.1816285999957472, 121, 58306.0, 2.945
0.17779479999444447, 122, 58306.0, 2.945
0.17451270000310615, 123, 58306.0, 2.945
0.17594799998914823, 124, 58306.0, 2.945
0.19459260000439826, 125, 58306.0, 2.945
0.16537800000514835, 126, 58306.0, 2.945
0.20038739999290556, 127, 58306.0, 2.945
0.19756419998884667, 128, 58306.0, 2.945
0.17499660000612494, 129, 58306.0, 2.945
0.20958080000127666, 130, 58306.0, 2.945
0.18661649999557994, 131, 58306.0, 2.945
0.19024710000667255, 132, 58306.0, 2.945
0.17955600000277627, 133, 58306.0, 2.945
0.14717169999494217, 134, 58306.0, 2.945
0.16529370000353083, 135, 58306.0, 2.945
0.20252639999671374, 136, 58306.0, 2.945
0.18319560000963975, 137, 58306.0, 2.945
0.1882261999999173, 138, 58306.0, 2.945
0.17670799999905284, 139, 58306.0, 2.945
0.23043399999733083, 140, 58229.0, 2.809
0.19007159999455325, 141, 58229.0, 2.809
0.18678689999796916, 142, 58229.0, 2.809
0.1925453000003472, 143, 58229.0, 2.809
0.2076608000061242, 144, 58229.0, 2.809
0.18551149999257177, 145, 58229.0, 2.809
0.18035900000541005, 146, 58229.0, 2.809
0.23156179999932647, 147, 58229.0, 2.809
0.18001799999910872, 148, 58229.0, 2.809
0.1634141999966232, 149, 58229.0, 2.809
0.18136499999673106, 150, 58229.0, 2.809
0.16702429999713786, 151, 58229.0, 2.809
0.1753069999977015, 152, 58229.0, 2.809
0.19196050000027753, 153, 58229.0, 2.809
0.20268180000130087, 154, 58229.0, 2.809
0.20468609999807086, 155, 58229.0, 2.809
0.18585449999955017, 156, 58229.0, 2.809
0.19733819999964908, 157, 58229.0, 2.809
0.1633942000044044, 158, 58193.0, 2.746
0.1820194000029005, 159, 58193.0, 2.746
0.1799660000106087, 160, 58193.0, 2.746
0.20795240000006743, 161, 58193.0, 2.746
0.17343490000348538, 162, 58193.0, 2.746
0.17192809999687597, 163, 58193.0, 2.746
0.21296569998958148, 164, 58193.0, 2.746
0.16525420000834856, 165, 58193.0, 2.746
0.1602221999928588, 166, 58193.0, 2.746
0.18433010000444483, 167, 58187.0, 2.735
0.21279930000309832, 168, 58187.0, 2.735
0.18412720000196714, 169, 58187.0, 2.735
0.15756009999313392, 170, 58187.0, 2.735
0.18703239999013022, 171, 58187.0, 2.735
0.2079990999918664, 172, 58187.0, 2.735
0.20381890000135172, 173, 58187.0, 2.735
0.2199018000101205, 174, 58187.0, 2.735
0.19719310000073165, 175, 58184.0, 2.730
0.2394328999944264, 176, 58184.0, 2.730
0.2176503000082448, 177, 58179.0, 2.721
0.3252864999958547, 178, 58147.0, 2.664
0.36419419999583624, 179, 58147.0, 2.664
0.3505915999994613, 180, 58147.0, 2.664
0.3484594999899855, 181, 58142.0, 2.655
0.4204621999961091, 182, 58142.0, 2.655
0.48627850000048056, 183, 58128.0, 2.631
0.38557449998916127, 184, 58121.0, 2.618
0.28412789999856614, 185, 58120.0, 2.617
0.19567800000368152, 186, 58060.0, 2.511
0.17648490000283346, 187, 58060.0, 2.511
0.1797414999891771, 188, 58060.0, 2.511
0.18881300000066403, 189, 58060.0, 2.511
0.1594521000079112, 190, 58060.0, 2.511
0.17730029999802355, 191, 58060.0, 2.511
0.16086879999784287, 192, 58060.0, 2.511
0.19327489999704994, 193, 58060.0, 2.511
0.17175290000159293, 194, 58060.0, 2.511
0.1884243999957107, 195, 58060.0, 2.511
0.16681530000641942, 196, 58060.0, 2.511
0.196538900010637, 197, 58060.0, 2.511
0.16910110000753775, 198, 58060.0, 2.511
0.18444430000090506, 199, 58060.0, 2.511
0.18092099999194033, 200, 58060.0, 2.511
0.1719712000049185, 201, 58060.0, 2.511
0.1697870000061812, 202, 58060.0, 2.511
0.16281539999181405, 203, 58060.0, 2.511
0.19391129999712575, 204, 58060.0, 2.511
0.17298339999979362, 205, 58060.0, 2.511
0.18640140000206884, 206, 58060.0, 2.511
0.1818695999972988, 207, 58060.0, 2.511
0.21424640000623185, 208, 58060.0, 2.511
0.24112500000046566, 209, 58060.0, 2.511
0.17686010000761598, 210, 58060.0, 2.511
0.17414680001093075, 211, 58060.0, 2.511
0.1937060000054771, 212, 58060.0, 2.511
0.1852666000049794, 213, 58026.0, 2.451
0.1730840999953216, 214, 58026.0, 2.451
0.17976170001202263, 215, 58004.0, 2.412
0.1921691000025021, 216, 57998.0, 2.401
0.24335920000157785, 217, 57991.0, 2.389
0.22469760000240058, 218, 57991.0, 2.389
0.23873890000686515, 219, 57983.0, 2.375
0.2090466999943601, 220, 57983.0, 2.375
0.1930041000014171, 221, 57983.0, 2.375
0.18965899999602698, 222, 57983.0, 2.375
0.1820845000038389, 223, 57983.0, 2.375
0.1910407999966992, 224, 57983.0, 2.375
0.1742662000033306, 225, 57983.0, 2.375
0.18566080000891816, 226, 57983.0, 2.375
0.16333910000685137, 227, 57983.0, 2.375
0.1997889999911422, 228, 57983.0, 2.375
0.15986549999797717, 229, 57983.0, 2.375
0.20172469998942688, 230, 57983.0, 2.375
0.16608629999973346, 231, 57983.0, 2.375
0.18012209999142215, 232, 57983.0, 2.375
0.21035039999696892, 233, 57983.0, 2.375
0.16988620000483934, 234, 57983.0, 2.375
0.17324610000650864, 235, 57983.0, 2.375
0.1690074999933131, 236, 57983.0, 2.375
0.21873469999991357, 237, 57983.0, 2.375
0.18648489999759477, 238, 57983.0, 2.375
0.18247619998874143, 239, 57983.0, 2.375
0.23134030000073835, 240, 57983.0, 2.375
0.18878810000023805, 241, 57983.0, 2.375
0.16498509999655653, 242, 57983.0, 2.375
0.19260489998850971, 243, 57983.0, 2.375
0.19273249999969266, 244, 57983.0, 2.375
0.17810600000666454, 245, 57983.0, 2.375
0.2168798000056995, 246, 57983.0, 2.375
0.19504439999582246, 247, 57983.0, 2.375
0.17220200000156183, 248, 57983.0, 2.375
0.18024069999228232, 249, 57983.0, 2.375
0.17739060000167228, 250, 57983.0, 2.375
0.1660532000096282, 251, 57983.0, 2.375
0.19930749999184627, 252, 57983.0, 2.375
0.18145990000630263, 253, 57983.0, 2.375
0.17691799999738578, 254, 57983.0, 2.375
0.21115909999934956, 255, 57983.0, 2.375
0.2164111000020057, 256, 57983.0, 2.375
0.1979735999921104, 257, 57983.0, 2.375
0.1778377000009641, 258, 57983.0, 2.375
0.18866249998973217, 259, 57983.0, 2.375
0.153246300003957, 260, 57983.0, 2.375
0.16695670000626706, 261, 57983.0, 2.375
0.20097259999602102, 262, 57983.0, 2.375
0.2017174999928102, 263, 57983.0, 2.375
0.20862759998999536, 264, 57983.0, 2.375
0.21125200000824407, 265, 57983.0, 2.375
0.22607209999114275, 266, 57983.0, 2.375
0.1781831999978749, 267, 57983.0, 2.375
0.16710299999976996, 268, 57983.0, 2.375
0.23591529999976046, 269, 57983.0, 2.375

tour:
[ 474  503  518  552  556  569  592  615  596  599  578  585  571  554
  542  533  536  530  545  566  580  604  640  595  591  610  618  639
  629  648  658  674  672  699  713  708  743  764  766  745  728  780
  793  815  823  785  805  795  824  831  841  875  890  908  911  928
  944  929  930  964  986  984  996  976  947  960  993 1017  994 1015
 1025 1028 1047 1037 1046 1044 1063 1076 1090 1080 1061 1055 1065 1064
 1092 1105 1110 1131 1120 1079 1091 1139 1182 1188 1208 1222 1201 1176
 1151 1158 1126 1114 1073 1051 1022 1034 1041 1036 1005 1008  998  967
  980  961  966  990  975  972  952  938  935  925  936  914  915  900
  883  891  918  937  951  939  924  943  945  962  970  965  968  985
 1003 1001  979  971  948  932  916  895  889  894  898  910  933  940
  957  973  991  987 1012 1006 1024 1049 1070 1082 1108 1121 1125 1149
 1134 1150 1127 1087 1086 1098 1117 1128 1136 1165 1166 1202 1196 1211
 1198 1183 1143 1167 1192 1220 1235 1224 1229 1232 1245 1258 1271 1259
 1275 1266 1244 1230 1200 1174 1157 1146 1122 1142 1162 1177 1206 1219
 1231 1240 1250 1264 1265 1269 1293 1296 1295 1306 1307 1320 1325 1333
 1337 1353 1354 1356 1359 1370 1371 1369 1358 1352 1341 1328 1315 1311
 1294 1284 1303 1321 1327 1334 1349 1347 1346 1326 1319 1332 1343 1336
 1348 1357 1355 1350 1360 1361 1367 1372 1368 1364 1376 1374 1375 1377
 1378 1373 1365 1366 1363 1362 1351 1342 1335 1322 1316 1312 1313 1329
 1344 1345 1339 1340 1331 1314 1297 1308 1299 1301 1317 1324 1305 1292
 1289 1286 1274 1287 1281 1288 1310 1309 1300 1318 1323 1338 1330 1302
 1272 1256 1249 1247 1262 1277 1278 1273 1260 1283 1276 1291 1282 1285
 1263 1253 1243 1233 1238 1248 1246 1252 1254 1241 1223 1212 1215 1204
 1180 1181 1189 1185 1175 1172 1173 1199 1197 1191 1210 1214 1225 1227
 1234 1237 1217 1186 1194 1216 1205 1187 1170 1169 1195 1145 1124 1113
 1088 1069 1095 1116 1154 1164 1135 1137 1155 1130 1138 1115 1144 1133
 1161 1147 1111 1097 1081 1052 1040 1020 1007  992 1002  988 1009 1016
 1030 1043 1053 1078 1094 1068 1045 1026 1033 1048 1060 1072 1083 1096
 1106 1123 1153 1148 1140 1118 1129 1152 1168 1184 1236 1226 1209 1193
 1179 1178 1213 1221 1242 1251 1268 1255 1261 1279 1290 1304 1298 1280
 1267 1257 1270 1239 1228 1218 1207 1190 1171 1159 1160 1156 1203 1163
 1141 1107 1109 1132 1102 1075 1056 1084 1119 1104 1103 1077 1066 1085
 1089 1071 1062 1058 1074 1100 1093 1112 1101 1099 1067 1057 1054 1029
 1032 1027 1011  983  982  953  981  999 1021 1023 1038 1035 1013 1004
 1018 1000  969  956  949  950  974  958  931  941  922  959  954  934
  896  852  817  783  772  747  767  789  792  811  838  869  858  878
  897  912  902  868  845  818  800  762  730  698  712  676  679  683
  666  706  740  731  746  781  799  803  856  885  865  833  809  771
  765  742  744  768  791  816  828  843  888  874  848  826  802  774
  761  773  788  821  829  854  847  840  830  806  820  810  813  814
  825  835  857  872  893  887  884  873  877  867  844  837  880  906
  920  909  901  917  921  913  907  942  955  977  989  995 1014 1031
 1039 1050 1059 1042 1019 1010  997  978  963  946  926  923  905  882
  903  927  919  899  892  866  860  863  862  876  864  859  832  827
  836  849  861  870  881  853  851  839  842  850  834  855  879  904
  886  871  846  822  804  787  770  748  778  763  752  733  718  722
  709  696  667  651  655  681  686  705  735  727  720  734  751  797
  782  796  798  819  807  790  775  755  750  726  749  739  714  677
  661  646  653  687  680  669  647  630  635  606  577  560  553  524
  517  532  516  501  484  538  522  476  480  481  525  514  462  443
  378  392  379  375  351  341  318  300  275  303  288  302  342  399
  441  455  493  531  550  551  576  620  652  625  614  603  590  572
  539  574  547  564  563  570  597  588  617  641  645  656  678  700
  723  754  759  769  729  710  702  675  684  704  688  682  662  623
  587  621  649  673  695  725  715  719  741  753  756  776  777  812
  808  801  794  786  779  784  758  757  760  732  737  703  692  665
  634  657  701  724  697  707  690  721  716  717  736  738  689  670
  644  631  622  548  558  579  583  544  521  520  496  497  426  437
  495  540  557  562  581  594  626  628  654  659  685  664  650  619
  607  546  529  494  502  448  456  465  410  359  333  297  305  241
  235  219  201  180  139  133  107   61   26   11    6   28   40   47
   46   71   93   70   19   14   33   56   75   57   55   81   98  120
  116  115  112  122  168  173  177  214  218  231  206  198  167  162
  153  186  237  262  273  287  274  253  280  301  304  311  279  258
  217  211  189  157  129  119   89   91  105  102   94  136  150  154
  179  195  226  199  176  230  254  269  270  216  194  182  155  138
  109  108   86   64   59  104  126  148  160  204  208  245  239  248
  227  209  187  181  132  101   90   80   52   43   68   84  100  141
  166  191  215  220  192  169  145  123  117  130  159  185  171  174
  190  210  223  238  251  264  246  236  205  178  193  184  163  151
  125   96   87   73   39   31   41   38   63   88  114  106   79   97
  113  128  152  164  144  124  118   99   78   60   44   27   29   24
   18   30   45   66   67   69   65   54   51   37   35   22    9    2
    1    5    0   10   23   16   13    7   17   21   15   32   25   12
    4    3    8   20   36   34   50   42   82   92   74   76   49   58
   48   72   95  110  121  137  134  147  142  161  143  131  170  221
  228  267  278  277  312  348  335  322  427  421  371  360  331  306
  291  271  240  207  183  172  202  232  234  289  283  268  284  315
  320  349  366  408  416  390  406  377  354  344  350  309  294  272
  244  242  255  249  229  225  188  149  165  197  212  222  196  200
  175  156  146  140  135   77   53   62   85  103   83  111  127  158
  203  224  250  256  263  285  295  243  260  259  282  327  337  373
  383  397  402  424  432  459  453  444  457  439  412  414  403  400
  368  340  355  382  361  324  362  336  307  292  317  298  316  310
  356  365  398  409  433  418  428  450  452  488  507  526  512  519
  523  527  511  468  472  485  482  438  420  425  429  411  387  391
  357  329  313  328  345  381  384  343  325  321  257  233  213  252
  266  265  281  286  247  261  276  290  326  353  339  323  296  314
  330  299  293  308  319  332  346  364  388  370  358  347  334  338
  352  386  372  389  385  405  419  435  442  449  436  447  440  454
  446  407  396  376  395  394  367  369  393  423  434  475  470  445
  490  510  543  561  537  549  555  559  584  565  586  605  636  616
  600  589  611  613  624  637  668  694  663  638  612  609  602  632
  627  643  671  691  711  693  660  642  633  608  601  598  593  582
  575  567  573  568  534  528  509  487  473  461  458  464  489  513
  508  483  499  486  467  463  431  413  415  380  363  374  401  417
  404  422  430  469  492  491  500  505  479  471  451  460  466  478
  477  506  515  535  541  498  504]

eliteFit: 57983.0
percentError: 2.374730746142166
computationTime: 65.680s