instanceName: nrw1379
n: 1379
optFit: 56638

genTime, gen, eliteFit, percentError:
0.0017382999940309674, 0, 1380988.0, 2338.271
1.1206730999983847, 1, 62380.0, 10.138
0.7373433000029763, 2, 61735.0, 8.999
0.758193299989216, 3, 61441.0, 8.480
0.6919084999972256, 4, 61233.0, 8.113
0.707526099999086, 5, 60840.0, 7.419
0.6540945000015199, 6, 60840.0, 7.419
0.6732039000053192, 7, 60749.0, 7.258
0.7416219000006095, 8, 60532.0, 6.875
0.6909423999895807, 9, 60294.0, 6.455
0.6546043999987887, 10, 60233.0, 6.347
0.6497013000043808, 11, 60033.0, 5.994
0.6236883000092348, 12, 59972.0, 5.887
0.6434049999952549, 13, 59966.0, 5.876
0.6450633000058588, 14, 59776.0, 5.540
0.6150646000023698, 15, 59776.0, 5.540
0.6002646999986609, 16, 59754.0, 5.502
0.6285954000049969, 17, 59695.0, 5.397
0.5634885000035865, 18, 59679.0, 5.369
0.5942950999888126, 19, 59600.0, 5.230
0.5768416999926558, 20, 59600.0, 5.230
0.5062869000103092, 21, 59534.0, 5.113
0.4935989000077825, 22, 59522.0, 5.092
0.4747720000013942, 23, 59413.0, 4.900
0.44271599999046884, 24, 59373.0, 4.829
0.36417030000302475, 25, 59327.0, 4.748
0.42133490000560414, 26, 59309.0, 4.716
0.33937390000210144, 27, 59234.0, 4.583
0.35296329999982845, 28, 59163.0, 4.458
0.3235110999958124, 29, 59102.0, 4.350
0.319108600000618, 30, 59063.0, 4.282
0.25098419999994803, 31, 59026.0, 4.216
0.3025865999952657, 32, 58998.0, 4.167
0.3061271000042325, 33, 58944.0, 4.071
0.292188300009002, 34, 58889.0, 3.974
0.29976940000778995, 35, 58880.0, 3.958
0.23645310000574682, 36, 58868.0, 3.937
0.29872570000588894, 37, 58830.0, 3.870
0.36975499999243766, 38, 58786.0, 3.793
0.4115172000019811, 39, 58786.0, 3.793
0.36431249999441206, 40, 58786.0, 3.793
0.261531099997228, 41, 58773.0, 3.770
0.1969336000038311, 42, 58773.0, 3.770
0.21579360000032466, 43, 58760.0, 3.747
0.21958079999603797, 44, 58760.0, 3.747
0.1862630999967223, 45, 58744.0, 3.718
0.20429039999726228, 46, 58719.0, 3.674
0.20717520000471268, 47, 58719.0, 3.674
0.1716152000008151, 48, 58703.0, 3.646
0.20968819998961408, 49, 58681.0, 3.607
0.20057050000468735, 50, 58681.0, 3.607
0.18179539999982808, 51, 58681.0, 3.607
0.18286400000215508, 52, 58681.0, 3.607
0.21711369999684393, 53, 58681.0, 3.607
0.19255880000127945, 54, 58681.0, 3.607
0.18437919999996666, 55, 58681.0, 3.607
0.19260840000060853, 56, 58681.0, 3.607
0.1754815000022063, 57, 58681.0, 3.607
0.2086144999921089, 58, 58681.0, 3.607
0.20611230000213254, 59, 58681.0, 3.607
0.18358170001010876, 60, 58681.0, 3.607
0.17275969999900553, 61, 58681.0, 3.607
0.190845499993884, 62, 58681.0, 3.607
0.22690639999927953, 63, 58681.0, 3.607
0.19016779999947175, 64, 58681.0, 3.607
0.16886960000556428, 65, 58681.0, 3.607
0.1765478000015719, 66, 58681.0, 3.607
0.193064899998717, 67, 58681.0, 3.607
0.16371980000985786, 68, 58681.0, 3.607
0.19221829999878537, 69, 58681.0, 3.607
0.17909160000272095, 70, 58681.0, 3.607
0.1769297999999253, 71, 58681.0, 3.607
0.17718290000630077, 72, 58681.0, 3.607
0.1809229999926174, 73, 58672.0, 3.591
0.23073339999245945, 74, 58672.0, 3.591
0.2611259999976028, 75, 58668.0, 3.584
0.34688939999614377, 76, 58668.0, 3.584
0.1797770999983186, 77, 58668.0, 3.584
0.1884721999958856, 78, 58668.0, 3.584
0.173050700002932, 79, 58668.0, 3.584
0.1999056000058772, 80, 58668.0, 3.584
0.166120800000499, 81, 58668.0, 3.584
0.1884628999978304, 82, 58668.0, 3.584
0.15718569999444298, 83, 58668.0, 3.584
0.20008970001072157, 84, 58668.0, 3.584
0.1765780999994604, 85, 58668.0, 3.584
0.21484339999733493, 86, 58668.0, 3.584
0.15755309999804012, 87, 58668.0, 3.584
0.2129858999978751, 88, 58668.0, 3.584
0.20657520000531804, 89, 58668.0, 3.584
0.22390359999553766, 90, 58668.0, 3.584
0.1825951999926474, 91, 58668.0, 3.584
0.2007826000044588, 92, 58656.0, 3.563
0.17588500000420026, 93, 58656.0, 3.563
0.1941986000019824, 94, 58656.0, 3.563
0.16482130000076722, 95, 58656.0, 3.563
0.16969549999339506, 96, 58656.0, 3.563
0.17636040000070352, 97, 58656.0, 3.563
0.19961379999585915, 98, 58656.0, 3.563
0.1750231000041822, 99, 58656.0, 3.563
0.201114299998153, 100, 58656.0, 3.563
0.18631239999376703, 101, 58656.0, 3.563
0.18231469999591354, 102, 58656.0, 3.563
0.16378279999480583, 103, 58656.0, 3.563
0.1631991000031121, 104, 58656.0, 3.563
0.18625800000154413, 105, 58656.0, 3.563
0.17859080000198446, 106, 58656.0, 3.563
0.16767809999873862, 107, 58656.0, 3.563
0.1711994999932358, 108, 58656.0, 3.563
0.17328029999043792, 109, 58656.0, 3.563
0.19288539999979548, 110, 58642.0, 3.538
0.273557400010759, 111, 58642.0, 3.538
0.22472509999352042, 112, 58642.0, 3.538
0.2613363999989815, 113, 58642.0, 3.538
0.37131859999499284, 114, 58642.0, 3.538
0.36226900000474416, 115, 58642.0, 3.538
0.4055336999881547, 116, 58642.0, 3.538
0.42218719999073073, 117, 58637.0, 3.529
0.21938799999770708, 118, 58597.0, 3.459
0.2022004000027664, 119, 58597.0, 3.459
0.22940939999534748, 120, 58582.0, 3.432
0.19671240000752732, 121, 58582.0, 3.432
0.181040600000415, 122, 58580.0, 3.429
0.17419180000433698, 123, 58559.0, 3.392
0.1978565999888815, 124, 58559.0, 3.392
0.18357660000037868, 125, 58559.0, 3.392
0.16275519999908283, 126, 58559.0, 3.392
0.15994640000280924, 127, 58552.0, 3.379
0.2336786999949254, 128, 58552.0, 3.379
0.25195010000607, 129, 58525.0, 3.332
0.24343570000200998, 130, 58525.0, 3.332
0.28225049999309704, 131, 58525.0, 3.332
0.17754140000033658, 132, 58525.0, 3.332
0.20718050000141375, 133, 58525.0, 3.332
0.1628727999923285, 134, 58525.0, 3.332
0.186570899997605, 135, 58525.0, 3.332
0.1826537000015378, 136, 58525.0, 3.332
0.21150869999837596, 137, 58525.0, 3.332
0.1927845000027446, 138, 58525.0, 3.332
0.21867659999406897, 139, 58510.0, 3.305
0.26885890000266954, 140, 58510.0, 3.305
0.2650845999887679, 141, 58510.0, 3.305
0.3437374999921303, 142, 58463.0, 3.222
0.3707503999903565, 143, 58463.0, 3.222
0.49932519999856595, 144, 58438.0, 3.178
0.3869048000051407, 145, 58397.0, 3.106
0.46076190000167117, 146, 58369.0, 3.056
0.3875655000010738, 147, 58314.0, 2.959
0.3288670999900205, 148, 58314.0, 2.959
0.27120609999110457, 149, 58254.0, 2.853
0.2674984999903245, 150, 58220.0, 2.793
0.26741729999776, 151, 58220.0, 2.793
0.19188930001109838, 152, 58219.0, 2.791
0.1886040000099456, 153, 58219.0, 2.791
0.18090449999726843, 154, 58219.0, 2.791
0.16781990000163205, 155, 58219.0, 2.791
0.18262560000584926, 156, 58219.0, 2.791
0.16969510000490118, 157, 58219.0, 2.791
0.14546210000116844, 158, 58219.0, 2.791
0.16450860000622924, 159, 58219.0, 2.791
0.19595880000269972, 160, 58205.0, 2.767
0.20235849999880884, 161, 58205.0, 2.767
0.17483580000407528, 162, 58177.0, 2.717
0.19200219999765977, 163, 58177.0, 2.717
0.17169889999786392, 164, 58177.0, 2.717
0.2122110999916913, 165, 58177.0, 2.717
0.16810729999269824, 166, 58177.0, 2.717
0.16783699998632073, 167, 58177.0, 2.717
0.20206100000359584, 168, 58177.0, 2.717
0.16871209999953862, 169, 58177.0, 2.717
0.18468990000837948, 170, 58177.0, 2.717
0.1626970000070287, 171, 58177.0, 2.717
0.19306499999947846, 172, 58177.0, 2.717
0.17929419998836238, 173, 58177.0, 2.717
0.1677341000031447, 174, 58177.0, 2.717
0.1611574999988079, 175, 58177.0, 2.717
0.20106990000931546, 176, 58177.0, 2.717
0.181094799991115, 177, 58177.0, 2.717
0.174776900006691, 178, 58177.0, 2.717
0.17189749999670312, 179, 58177.0, 2.717
0.18803200000547804, 180, 58177.0, 2.717
0.20196869999927003, 181, 58177.0, 2.717
0.20957789999374654, 182, 58177.0, 2.717
0.1839622999978019, 183, 58177.0, 2.717
0.2284361999918474, 184, 58177.0, 2.717
0.17123540000466164, 185, 58177.0, 2.717
0.17251720000058413, 186, 58177.0, 2.717
0.1725237000064226, 187, 58177.0, 2.717
0.18769019999308512, 188, 58177.0, 2.717
0.17152599999099039, 189, 58177.0, 2.717
0.1751951000042027, 190, 58165.0, 2.696
0.18156630000157747, 191, 58165.0, 2.696
0.2115361999894958, 192, 58152.0, 2.673
0.1957101000007242, 193, 58144.0, 2.659
0.23072309998678975, 194, 58144.0, 2.659
0.18994799999927636, 195, 58132.0, 2.638
0.22475790001044516, 196, 58124.0, 2.624
0.20012229999701958, 197, 58087.0, 2.558
0.21826479998708237, 198, 58087.0, 2.558
0.19730030000209808, 199, 58086.0, 2.557
0.16539900000498164, 200, 58086.0, 2.557
0.17631119998986833, 201, 58086.0, 2.557
0.18639049999183044, 202, 58086.0, 2.557
0.17534809999051504, 203, 58086.0, 2.557
0.19525270001031458, 204, 58086.0, 2.557
0.16912849999789614, 205, 58086.0, 2.557
0.1680159000097774, 206, 58086.0, 2.557
0.20519480000075419, 207, 58086.0, 2.557
0.16622199999983422, 208, 58086.0, 2.557
0.20558840000012424, 209, 58063.0, 2.516
0.1918852000089828, 210, 58063.0, 2.516
0.1923244999925373, 211, 58063.0, 2.516
0.17523710000386927, 212, 58063.0, 2.516
0.1979109999956563, 213, 58063.0, 2.516
0.19507159999920987, 214, 58063.0, 2.516
0.17137579999689478, 215, 58063.0, 2.516
0.193883799991454, 216, 58063.0, 2.516
0.17342209999333136, 217, 58063.0, 2.516
0.18375460000243038, 218, 58063.0, 2.516
0.1926033999916399, 219, 58063.0, 2.516
0.1866139000048861, 220, 58063.0, 2.516
0.2146492999891052, 221, 58063.0, 2.516
0.18073889998777304, 222, 58055.0, 2.502
0.18579410000529606, 223, 58055.0, 2.502
0.19708470000477973, 224, 58055.0, 2.502
0.1866032000107225, 225, 58055.0, 2.502
0.1784926000109408, 226, 58055.0, 2.502
0.1538557000021683, 227, 58055.0, 2.502
0.1814806999900611, 228, 58055.0, 2.502
0.16761800000676885, 229, 58055.0, 2.502
0.17077660000359174, 230, 58055.0, 2.502
0.16608450000057928, 231, 58055.0, 2.502
0.18335429999569897, 232, 58055.0, 2.502
0.1671037000051001, 233, 58055.0, 2.502
0.1932727000094019, 234, 58055.0, 2.502
0.16842050000559539, 235, 58055.0, 2.502
0.17753810000431258, 236, 58055.0, 2.502
0.21391819999553263, 237, 58055.0, 2.502
0.17961780000769068, 238, 58055.0, 2.502
0.18055330000061076, 239, 58055.0, 2.502
0.1833074000023771, 240, 58055.0, 2.502
0.17461329999787267, 241, 58055.0, 2.502
0.17580810000072233, 242, 58055.0, 2.502
0.168004800012568, 243, 58055.0, 2.502
0.20223219999752473, 244, 58055.0, 2.502
0.21211210000910796, 245, 58055.0, 2.502
0.16009200000553392, 246, 58055.0, 2.502
0.16670479999447707, 247, 58055.0, 2.502
0.2091971000045305, 248, 58055.0, 2.502
0.17257019999669865, 249, 58055.0, 2.502
0.17676159999973606, 250, 58055.0, 2.502
0.17659489999641664, 251, 58055.0, 2.502
0.16588549999869429, 252, 58055.0, 2.502
0.2016663999966113, 253, 58055.0, 2.502
0.2304660999943735, 254, 58051.0, 2.495
0.19855830000597052, 255, 57992.0, 2.391
0.2007041000033496, 256, 57992.0, 2.391
0.197905000008177, 257, 57992.0, 2.391
0.20079529999929946, 258, 57992.0, 2.391
0.2012724999949569, 259, 57992.0, 2.391
0.1567155999946408, 260, 57992.0, 2.391
0.21187759999884292, 261, 57992.0, 2.391
0.17338560000644065, 262, 57992.0, 2.391
0.16436999999859836, 263, 57992.0, 2.391
0.18977400001313072, 264, 57992.0, 2.391
0.16909679998934735, 265, 57992.0, 2.391
0.19697530000121333, 266, 57989.0, 2.385
0.18798490001063328, 267, 57989.0, 2.385
0.19468410000263248, 268, 57989.0, 2.385
0.20721189999312628, 269, 57989.0, 2.385
0.20430369999667164, 270, 57989.0, 2.385
0.1910721000022022, 271, 57989.0, 2.385
0.19380729999102186, 272, 57989.0, 2.385
0.17232270000386052, 273, 57989.0, 2.385
0.20518710000033025, 274, 57989.0, 2.385
0.16778449999401346, 275, 57989.0, 2.385
0.15798099999665283, 276, 57989.0, 2.385
0.18451880000066012, 277, 57989.0, 2.385
0.19453019999491517, 278, 57989.0, 2.385
0.17365349999454338, 279, 57989.0, 2.385
0.1916652000072645, 280, 57989.0, 2.385
0.16555430000880733, 281, 57989.0, 2.385
0.19675469999492634, 282, 57989.0, 2.385
0.1867054000031203, 283, 57989.0, 2.385
0.1910968000011053, 284, 57989.0, 2.385
0.22153359999356326, 285, 57989.0, 2.385
0.19075330000487156, 286, 57989.0, 2.385
0.1951658000034513, 287, 57989.0, 2.385
0.19479690000298433, 288, 57989.0, 2.385
0.187487000002875, 289, 57989.0, 2.385
0.19377759999770205, 290, 57989.0, 2.385
0.18499249999877065, 291, 57989.0, 2.385
0.1762518000032287, 292, 57989.0, 2.385
0.18330340000102296, 293, 57989.0, 2.385
0.1938840000075288, 294, 57989.0, 2.385
0.18778030000976287, 295, 57989.0, 2.385
0.18472980000660755, 296, 57989.0, 2.385
0.17555870000796858, 297, 57989.0, 2.385
0.2097005999967223, 298, 57989.0, 2.385
0.19680170000356156, 299, 57989.0, 2.385
0.18327200000931043, 300, 57989.0, 2.385
0.20234950000303797, 301, 57989.0, 2.385
0.16738949999853503, 302, 57989.0, 2.385
0.17641549999825656, 303, 57989.0, 2.385
0.19872640000539832, 304, 57989.0, 2.385
0.18385370000032708, 305, 57989.0, 2.385
0.18195499999274034, 306, 57989.0, 2.385
0.17775560000154655, 307, 57989.0, 2.385
0.18928960000630468, 308, 57989.0, 2.385
0.17731060000369325, 309, 57989.0, 2.385
0.17139220000535715, 310, 57989.0, 2.385
0.1795325999992201, 311, 57989.0, 2.385
0.17003379999368917, 312, 57989.0, 2.385
0.17878840000776108, 313, 57989.0, 2.385
0.1792798000096809, 314, 57989.0, 2.385
0.1691348000022117, 315, 57989.0, 2.385
0.19953269998950418, 316, 57989.0, 2.385

tour:
[ 744  768  802  821  788  773  761  774  724  701  697  707  690  721
  742  765  771  809  833  803  799  781  772  783  747  767  789  792
  811  838  869  912  902  868  845  818  800  762  730  698  712  676
  679  683  706  740  731  746  738  736  717  716  685  664  659  607
  619  650  652  620  576  551  550  502  448  494  529  546  540  557
  562  594  626  628  654  689  670  666  644  631  622  548  558  579
  583  581  544  521  520  496  497  426  437  495  465  456  410  333
  359  399  441  455  493  531  539  514  525  522  538  563  570  597
  623  662  682  688  723  700  678  656  641  645  617  588  564  547
  574  572  590  603  625  614  634  657  665  692  703  737  732  760
  757  758  754  759  769  794  786  779  784  806  820  810  813  814
  825  801  808  812  832  860  863  862  876  882  903  899  892  866
  872  835  857  847  840  830  829  854  877  873  884  887  921  913
  893  907  919  927  926  923  905  898  910  894  864  859  827  836
  849  861  853  851  870  881  895  889  916  932  948  971  987  991
  973  957  940  933  946  963  978  997 1010 1019 1012 1006 1024 1022
 1001 1003  985  968  965  970  962  945  943  924  939  951  979  937
  918  891  883  900  915  914  936  925  904  879  855  850  834  846
  822  804  787  770  735  727  705  686  663  668  694  720  734  751
  782  797  842  839  796  798  819  807  790  775  725  695  715  719
  741  756  776  777  753  702  729  710  704  684  675  673  649  621
  587  532  516  501  484  476  480  481  462  443  378  392  379  341
  351  375  352  338  287  274  273  237  262  275  300  318  303  342
  288  302  305  297  235  241  219  201  180  214  218  231  206  198
  168  173  177  122  139  133  107   61   26   11    6   28   40   47
   46   71   93   70   56   33   19   14   75   57   55   81   98  120
  116  115  112  167  162  153  129  119   89   91  105  102   94  136
  150  154  157  189  186  253  280  301  304  311  279  258  226  217
  211  179  195  199  176  155  138  109  108   86   64   59  104  126
  160  148  182  194  204  208  239  245  216  230  254  269  270  299
  293  308  319  332  346  364  388  370  358  347  334  372  389  385
  386  405  419  435  442  449  436  447  440  454  446  407  396  376
  395  394  393  367  369  330  314  296  323  339  353  387  411  425
  429  472  485  482  438  420  391  357  313  329  326  290  276  248
  227  261  247  220  192  169  159  185  213  233  257  252  266  265
  281  286  328  345  381  384  343  325  321  310  316  317  336  307
  292  298  264  251  238  223  210  236  246  205  190  174  171  124
  118   99  117  130  145  123  141  166  191  215  209  187  181  132
  101   90   80   52   43   68   84  100   65   54   69   51   37   35
   22    9    2    1    5    0   10   27   29   24   18   30   45   67
   66   44   60   78   88  114  106  113  128  144  164  152  178  193
  184  158  163  151  125  127  111   83   73   87   96   97   79   63
   38   23   16   13    7   17   21   15   31   41   39   32   25   12
    4    3    8   20   34   36   53   62  103   85   77   50   42   82
   92   74   49   58   48   72   76   95  110  121  137  134  147  142
  161  143  131  170  221  228  277  312  348  427  421  371  360  366
  349  331  306  291  271  322  335  278  267  240  207  234  232  183
  172  202  188  149  135  140  146  156  175  165  197  229  225  249
  255  284  268  283  289  320  315  354  377  406  390  408  416  432
  424  402  397  383  350  344  309  294  272  242  244  259  222  212
  200  196  203  224  250  256  263  285  324  361  355  382  400  368
  340  295  243  260  282  327  337  373  403  414  412  439  457  444
  453  459  474  503  518  504  498  541  552  556  569  592  615  596
  599  578  585  571  591  610  618  629  648  639  658  674  708  713
  699  672  640  595  604  580  566  545  530  536  533  542  554  535
  515  506  477  466  460  478  505  500  479  451  422  430  471  491
  492  469  499  486  467  463  483  508  489  513  509  487  473  461
  458  464  431  413  415  401  417  404  362  374  380  363  356  365
  398  409  433  418  428  450  452  488  507  528  534  526  512  519
  523  527  555  549  537  511  468  475  434  423  445  470  510  490
  524  517  553  560  543  561  577  606  635  630  647  669  680  687
  726  755  750  749  739  714  677  661  646  653  611  589  613  624
  637  600  559  584  616  636  605  586  565  568  573  567  575  582
  602  609  612  638  655  681  696  709  722  718  748  778  763  752
  733  711  691  671  667  651  632  643  627  593  598  601  608  633
  642  660  693  728  745  743  764  766  780  793  815  823  785  805
  795  824  831  841  871  886  875  890  908  911  928  944  929  930
  964  986  984  996  976  947  960  993 1017 1064 1065 1092 1105 1110
 1131 1120 1090 1080 1076 1079 1091 1063 1044 1046 1037 1028 1047 1061
 1055 1025 1015  994  990  975  972  952  938  935  966  961  980  967
  998 1008 1005 1036 1041 1034 1051 1073 1114 1126 1151 1158 1139 1182
 1188 1208 1222 1201 1176 1149 1134 1127 1150 1166 1202 1196 1211 1198
 1183 1165 1136 1128 1117 1098 1086 1087 1108 1121 1125 1082 1070 1049
 1042 1059 1050 1039 1031 1014  995  989  977  955  942  983 1011 1032
 1027 1062 1100 1074 1058 1029 1054 1057 1067 1099 1101 1093 1112 1143
 1167 1192 1157 1146 1174 1200 1206 1177 1162 1142 1122 1089 1085 1071
 1066 1077 1103 1104 1119 1084 1056 1075 1102 1132 1109 1107 1141 1163
 1203 1156 1160 1159 1171 1190 1207 1218 1228 1239 1219 1231 1240 1250
 1244 1230 1220 1235 1224 1229 1232 1245 1258 1271 1259 1275 1266 1303
 1319 1326 1321 1327 1311 1294 1284 1264 1265 1269 1270 1257 1267 1293
 1296 1295 1306 1307 1320 1325 1341 1328 1315 1334 1352 1358 1349 1347
 1346 1350 1343 1332 1336 1348 1357 1355 1361 1367 1372 1360 1368 1364
 1376 1374 1369 1371 1370 1375 1377 1378 1373 1365 1359 1356 1353 1354
 1366 1363 1362 1351 1342 1344 1345 1339 1340 1331 1314 1313 1329 1312
 1316 1335 1337 1333 1322 1304 1298 1280 1290 1279 1261 1255 1268 1251
 1263 1253 1242 1221 1213 1233 1243 1238 1248 1260 1246 1241 1252 1254
 1277 1278 1273 1283 1276 1282 1285 1291 1297 1308 1299 1301 1317 1324
 1305 1292 1289 1286 1287 1310 1309 1318 1323 1338 1330 1302 1300 1288
 1281 1272 1256 1274 1262 1247 1249 1237 1234 1227 1214 1210 1197 1191
 1164 1186 1217 1194 1216 1205 1195 1169 1187 1170 1145 1124 1113 1088
 1069 1095 1116 1154 1135 1137 1155 1130 1138 1115 1144 1133 1161 1181
 1189 1185 1175 1172 1173 1199 1225 1223 1212 1215 1204 1180 1178 1153
 1148 1140 1179 1193 1209 1226 1236 1184 1168 1152 1129 1118 1094 1078
 1053 1043 1018 1004 1013 1035 1038 1023 1021  999  981  982  953  917
  956  969  949  950  958  974 1000 1009 1016 1030 1045 1026 1033 1048
 1060 1072 1083 1068 1096 1106 1123 1147 1111 1097 1081 1052 1040 1020
 1007  992 1002  988  931  941  922  959  954  934  897  878  858  817
  852  896  885  856  865  888  874  880  906  920  909  901  867  844
  837  826  848  843  828  816  791]

eliteFit: 57989.0
percentError: 2.3853243405487485
computationTime: 75.965s