instanceName: kroA100
n: 100
optFit: 21282

genTime, gen, eliteFit, percentError:
0.0001109000004362315, 0, 141883.0, 566.681
0.005620299998554401, 1, 21459.0, 0.832
0.0035539999953471124, 2, 21353.0, 0.334
0.002607200003694743, 3, 21353.0, 0.334
0.002820699999574572, 4, 21282.0, 0.000

tour:
[74 18 89 48  5 62  0 46 92 27 66 57 60 50 86 24 80 68 63 39 53  1 43 49
 72 67 84 81 94 12 75 32 36  4 51 77 95 38 29 47 99 40 70 13  2 42 45 28
 33 82 54  6  8 56 19 11 26 85 34 61 59 76 22 97 90 44 31 10 14 16 58 73
 20 71  9 83 35 98 37 23 17 78 52 87 15 93 21 69 65 25 64  3 96 55 79 30
 88 41  7 91]

eliteFit: 21282.0
percentError: 0.0
computationTime: 0.018s