instanceName: eil101
n: 101
optFit: 629

genTime, gen, eliteFit, percentError:
0.00011609999637585133, 0, 2941.0, 367.568
0.005959999994956888, 1, 659.0, 4.769
0.003731999997398816, 2, 648.0, 3.021
0.0025433999981032684, 3, 647.0, 2.862
0.0028369999927235767, 4, 640.0, 1.749
0.002169200000935234, 5, 637.0, 1.272
0.0027070999931311235, 6, 633.0, 0.636
0.0025984999956563115, 7, 633.0, 0.636
0.002187300007790327, 8, 632.0, 0.477
0.0027652999997371808, 9, 632.0, 0.477
0.0014193999959388748, 10, 631.0, 0.318
0.0014104000001680106, 11, 630.0, 0.159
0.0014564000011887401, 12, 630.0, 0.159
0.000989600011962466, 13, 630.0, 0.159
0.001014599998597987, 14, 630.0, 0.159
0.0013609000016003847, 15, 630.0, 0.159
0.0015289000002667308, 16, 630.0, 0.159
0.0010803000041050836, 17, 630.0, 0.159
0.0009297999931732193, 18, 630.0, 0.159
0.0009278999932575971, 19, 630.0, 0.159
0.0014815000031376258, 20, 630.0, 0.159
0.0012346000003162771, 21, 630.0, 0.159
0.0010712999937823042, 22, 630.0, 0.159
0.0015180000045802444, 23, 630.0, 0.159
0.00149789999704808, 24, 630.0, 0.159
0.0012956999999005347, 25, 630.0, 0.159
0.0013737999979639426, 26, 630.0, 0.159
0.0016612000035820529, 27, 630.0, 0.159
0.001550200002384372, 28, 630.0, 0.159
0.0010674999939510599, 29, 630.0, 0.159
0.0010617000079946592, 30, 630.0, 0.159
0.0015641999925719574, 31, 630.0, 0.159
0.0014353000005939975, 32, 630.0, 0.159
0.0010179000091738999, 33, 630.0, 0.159
0.0009592999995220453, 34, 630.0, 0.159
0.0014613999956054613, 35, 630.0, 0.159
0.0012372000055620447, 36, 630.0, 0.159
0.0011541999992914498, 37, 630.0, 0.159
0.0010683000000426546, 38, 630.0, 0.159
0.001285900012589991, 39, 630.0, 0.159
0.0016153000033227727, 40, 630.0, 0.159
0.00106969999615103, 41, 630.0, 0.159
0.0015140999894356355, 42, 630.0, 0.159
0.0019653000053949654, 43, 630.0, 0.159
0.0011420000082580373, 44, 630.0, 0.159
0.0009370000043418258, 45, 630.0, 0.159
0.0009311000030720606, 46, 630.0, 0.159
0.0015841000131331384, 47, 630.0, 0.159
0.0010055999882752076, 48, 630.0, 0.159
0.0012086000060662627, 49, 630.0, 0.159
0.0009353999921586365, 50, 630.0, 0.159
0.0015296000055968761, 51, 630.0, 0.159
0.001307100013946183, 52, 630.0, 0.159
0.0010926000104518607, 53, 630.0, 0.159
0.0009661000076448545, 54, 630.0, 0.159
0.001476000004913658, 55, 630.0, 0.159
0.0012897999986307696, 56, 630.0, 0.159
0.0011011000024154782, 57, 630.0, 0.159
0.0011478999949758872, 58, 630.0, 0.159
0.0011730999976862222, 59, 630.0, 0.159
0.0013719999988097697, 60, 630.0, 0.159
0.0010167000000365078, 61, 630.0, 0.159

tour:
[ 95  98  58  91  36  97  92  84  60  15  85  37  13  43  90  99  41  42
  14  56   1  86  96  94  93  12  57  39  20  72  71  73  40  21  74  55
  22  66  38  24  54   3  53  23  28  67  79  11  25  27  52 100  26  68
   0  49  75  76   2  78  77  33  80  32  50   8  34  64  70  65  19  29
  69  30  87   6  81  47  18  10  61   9  31  89  62  63  48  35  46  45
   7  44  16  83   4  59  82  17  51  88   5]

eliteFit: 630.0
percentError: 0.1589825119236884
computationTime: 0.124s