instanceName: eil101
n: 101
optFit: 629

genTime, gen, eliteFit, percentError:
0.0001171000039903447, 0, 3092.0, 391.574
0.004151600005570799, 1, 658.0, 4.610
0.003594800000428222, 2, 652.0, 3.657
0.0024664999946253374, 3, 648.0, 3.021
0.0029180999990785494, 4, 641.0, 1.908
0.002359200007049367, 5, 639.0, 1.590
0.0035788000095635653, 6, 636.0, 1.113
0.002195900000515394, 7, 636.0, 1.113
0.0028894999995827675, 8, 631.0, 0.318
0.0018700999935390428, 9, 631.0, 0.318
0.00263799999083858, 10, 630.0, 0.159
0.0018491999944671988, 11, 630.0, 0.159
0.0019622999971034005, 12, 630.0, 0.159
0.001596000001882203, 13, 630.0, 0.159
0.0010098999919136986, 14, 630.0, 0.159
0.0009889000066323206, 15, 630.0, 0.159
0.0009355999936815351, 16, 630.0, 0.159
0.0017078999953810126, 17, 630.0, 0.159
0.001139500003773719, 18, 630.0, 0.159
0.0010594000050332397, 19, 630.0, 0.159
0.0010347000061301515, 20, 630.0, 0.159
0.0014482999977190048, 21, 630.0, 0.159
0.0010822000040207058, 22, 630.0, 0.159
0.0010107999987667426, 23, 630.0, 0.159
0.000924400010262616, 24, 630.0, 0.159
0.0017441000090911984, 25, 630.0, 0.159
0.0011262000043643638, 26, 630.0, 0.159
0.0009696999914012849, 27, 630.0, 0.159
0.0010231999913230538, 28, 630.0, 0.159
0.0017511000041849911, 29, 630.0, 0.159
0.0012903000024380162, 30, 630.0, 0.159
0.0010834000131580979, 31, 630.0, 0.159
0.0010098000057041645, 32, 630.0, 0.159
0.0013556999911088496, 33, 630.0, 0.159
0.0013736999972024933, 34, 630.0, 0.159
0.0009054999973159283, 35, 630.0, 0.159
0.0009510000090813264, 36, 630.0, 0.159
0.0010614000057103112, 37, 630.0, 0.159
0.00144160000490956, 38, 630.0, 0.159
0.001104700000723824, 39, 630.0, 0.159
0.0010793000110425055, 40, 630.0, 0.159
0.00115640000149142, 41, 630.0, 0.159
0.001490199996624142, 42, 630.0, 0.159
0.0009488000068813562, 43, 630.0, 0.159
0.0009559000027365983, 44, 630.0, 0.159
0.0009900999866658822, 45, 630.0, 0.159
0.0013275000092107803, 46, 630.0, 0.159
0.0013355000119190663, 47, 630.0, 0.159
0.0010058000043500215, 48, 630.0, 0.159
0.0010064999951282516, 49, 630.0, 0.159
0.0009362999990116805, 50, 630.0, 0.159
0.0016654999926686287, 51, 630.0, 0.159
0.0009108999947784469, 52, 630.0, 0.159
0.0010066999966511503, 53, 630.0, 0.159
0.0012168999965069816, 54, 630.0, 0.159
0.0014521000121021643, 55, 630.0, 0.159
0.001047199999447912, 56, 630.0, 0.159
0.0010124999971594661, 57, 630.0, 0.159
0.0009372000058647245, 58, 630.0, 0.159
0.0018455999961588532, 59, 630.0, 0.159
0.0010648000024957582, 60, 630.0, 0.159

tour:
[ 56  14  42  41  86  96  91  36  97  99  90  43  13  37  85  15  60  84
  92  58  98  95  94  12  93   5  88  51  17  82  59   4  83  16  44   7
  45  46  35  48  63  62  89  31   9  61  10  18  47  81   6  87  30  69
  29  19  65  70  64  34   8  50  32  80  33  77  78   2  76  75  49   0
  68  26  27 100  52  57  39  25  11  79  67  28  23  53  54  24   3  38
  66  22  55  74  40  21  73  71  72  20   1]

eliteFit: 630.0
percentError: 0.1589825119236884
computationTime: 0.120s