instanceName: vm1084
n: 1084
optFit: 239297

genTime, gen, eliteFit, percentError:
0.0013524999958463013, 0, 8207023.0, 3329.639
0.667854500003159, 1, 259812.0, 8.573
0.4886054999951739, 2, 256678.0, 7.263
0.402736999996705, 3, 255217.0, 6.653
0.40083009999943897, 4, 253929.0, 6.115
0.40425110000069253, 5, 251927.0, 5.278
0.4252266999974381, 6, 251927.0, 5.278
0.42145290001644753, 7, 251189.0, 4.970
0.4070284999907017, 8, 249886.0, 4.425
0.38151889998698607, 9, 249083.0, 4.089
0.42938139999751, 10, 248643.0, 3.906
0.44037850000313483, 11, 248643.0, 3.906
0.3908176999830175, 12, 248643.0, 3.906
0.39791989998775534, 13, 248620.0, 3.896
0.3694485000160057, 14, 248520.0, 3.854
0.30825550001463853, 15, 247563.0, 3.454
0.27426490001380444, 16, 247549.0, 3.448
0.2073460000101477, 17, 246523.0, 3.020
0.2253138000087347, 18, 246523.0, 3.020
0.20616319999680854, 19, 245898.0, 2.758
0.2906144000007771, 20, 245731.0, 2.689
0.29099869998754, 21, 245331.0, 2.522
0.29097299999557436, 22, 245219.0, 2.475
0.2670549000031315, 23, 244664.0, 2.243
0.21896950001246296, 24, 244367.0, 2.119
0.20337170001585037, 25, 244367.0, 2.119
0.17345449997810647, 26, 244200.0, 2.049
0.18251820001751184, 27, 243867.0, 1.910
0.16670889998204075, 28, 243837.0, 1.897
0.13150540000060573, 29, 243837.0, 1.897
0.12824409999302588, 30, 243837.0, 1.897
0.15888239999185316, 31, 243644.0, 1.817
0.17816129999118857, 32, 243644.0, 1.817
0.1480022000032477, 33, 243644.0, 1.817
0.11525570001685992, 34, 243644.0, 1.817
0.10952210001414642, 35, 243644.0, 1.817
0.10884850000729784, 36, 243323.0, 1.682
0.13953269997728057, 37, 243323.0, 1.682
0.18334599997615442, 38, 243323.0, 1.682
0.2310838999983389, 39, 243316.0, 1.680
0.29872329998761415, 40, 243042.0, 1.565
0.2483766000077594, 41, 243042.0, 1.565
0.18826860000262968, 42, 242920.0, 1.514
0.2558549999957904, 43, 242920.0, 1.514
0.2541397000022698, 44, 242802.0, 1.465
0.1467590999964159, 45, 242802.0, 1.465
0.14541320002172142, 46, 242802.0, 1.465
0.1727252000127919, 47, 242802.0, 1.465
0.17908770000212826, 48, 242802.0, 1.465
0.21760760000324808, 49, 242802.0, 1.465
0.27885140001308173, 50, 242782.0, 1.456
0.2409375999995973, 51, 242742.0, 1.440
0.15583559998776764, 52, 242730.0, 1.435
0.18760500001371838, 53, 242708.0, 1.425
0.23856730002444237, 54, 242569.0, 1.367
0.20124279998708516, 55, 242535.0, 1.353
0.17752349999500439, 56, 242480.0, 1.330
0.16766210002242588, 57, 242427.0, 1.308
0.17387939998297952, 58, 242314.0, 1.261
0.16718049999326468, 59, 242302.0, 1.256
0.16482910001650453, 60, 242093.0, 1.168
0.2404435999924317, 61, 242093.0, 1.168
0.18733420001808554, 62, 242007.0, 1.132
0.19246779999230057, 63, 242007.0, 1.132
0.11167469999054447, 64, 242007.0, 1.132
0.12042479999945499, 65, 242007.0, 1.132
0.11683819998870604, 66, 242007.0, 1.132
0.1049508000141941, 67, 242007.0, 1.132
0.11702629999490455, 68, 242007.0, 1.132
0.10142309998627752, 69, 242007.0, 1.132
0.119040399993537, 70, 242007.0, 1.132
0.10159350000321865, 71, 242007.0, 1.132
0.10356789999059401, 72, 242007.0, 1.132
0.1165354999830015, 73, 242007.0, 1.132
0.11222509999061003, 74, 242003.0, 1.131
0.12923890000092797, 75, 242003.0, 1.131
0.10253420000663027, 76, 242003.0, 1.131
0.12560709999524988, 77, 242003.0, 1.131
0.10869610001100227, 78, 242003.0, 1.131
0.12318269998650067, 79, 242003.0, 1.131
0.10770190000766888, 80, 242003.0, 1.131
0.10844219999853522, 81, 242003.0, 1.131
0.11628270000801422, 82, 242003.0, 1.131
0.10539670000434853, 83, 242003.0, 1.131
0.11822279999614693, 84, 242003.0, 1.131
0.1375644000072498, 85, 242003.0, 1.131
0.12177729999530129, 86, 242003.0, 1.131
0.1276036000053864, 87, 242003.0, 1.131
0.10512340001878329, 88, 242003.0, 1.131
0.1221390999853611, 89, 242003.0, 1.131
0.09407649998320267, 90, 242003.0, 1.131
0.10260740001103841, 91, 242003.0, 1.131
0.10573959999601357, 92, 242003.0, 1.131
0.11104770001838915, 93, 242003.0, 1.131
0.10613080000621267, 94, 242003.0, 1.131
0.10507980000693351, 95, 242003.0, 1.131
0.11694949999218807, 96, 242003.0, 1.131
0.12073900000541471, 97, 242003.0, 1.131
0.12341729999752715, 98, 242003.0, 1.131
0.11447410000255331, 99, 242003.0, 1.131
0.13289539999095723, 100, 242003.0, 1.131
0.11877209998783655, 101, 242003.0, 1.131
0.10372099999221973, 102, 241990.0, 1.125
0.14216459999443032, 103, 241990.0, 1.125
0.1432898000057321, 104, 241990.0, 1.125
0.11848380000446923, 105, 241990.0, 1.125
0.12755429997923784, 106, 241990.0, 1.125
0.10336859998642467, 107, 241990.0, 1.125
0.12708770000608638, 108, 241990.0, 1.125
0.1086176999961026, 109, 241990.0, 1.125
0.1234585999918636, 110, 241977.0, 1.120
0.10325889999512583, 111, 241977.0, 1.120
0.10289390000980347, 112, 241977.0, 1.120
0.1142528000054881, 113, 241977.0, 1.120
0.1365012000023853, 114, 241977.0, 1.120
0.1018636999942828, 115, 241977.0, 1.120
0.12390169998980127, 116, 241977.0, 1.120
0.10160369999357499, 117, 241977.0, 1.120
0.15157960000215098, 118, 241977.0, 1.120
0.09019039999111556, 119, 241977.0, 1.120
0.10821219999343157, 120, 241977.0, 1.120
0.12471730000106618, 121, 241977.0, 1.120
0.10968839999986812, 122, 241977.0, 1.120
0.1006033000012394, 123, 241977.0, 1.120
0.14584660000400618, 124, 241977.0, 1.120
0.10870079998858273, 125, 241977.0, 1.120
0.10892490000696853, 126, 241977.0, 1.120
0.10504009999567643, 127, 241977.0, 1.120
0.09346220002043992, 128, 241977.0, 1.120
0.11792690001311712, 129, 241977.0, 1.120
0.10209450000547804, 130, 241977.0, 1.120
0.13405590000911616, 131, 241977.0, 1.120
0.10260300000663847, 132, 241977.0, 1.120
0.11255550000350922, 133, 241977.0, 1.120
0.13675720000173897, 134, 241977.0, 1.120
0.08912260000943206, 135, 241977.0, 1.120
0.11911229998804629, 136, 241977.0, 1.120
0.1201881000015419, 137, 241977.0, 1.120
0.1253304000128992, 138, 241977.0, 1.120
0.12191549999988638, 139, 241967.0, 1.116
0.11076320000574924, 140, 241967.0, 1.116
0.1299095000140369, 141, 241967.0, 1.116
0.1233522999973502, 142, 241967.0, 1.116
0.11089049998554401, 143, 241967.0, 1.116
0.1313899999950081, 144, 241967.0, 1.116
0.11897640000097454, 145, 241967.0, 1.116
0.1543484999856446, 146, 241967.0, 1.116
0.11517249999451451, 147, 241967.0, 1.116
0.10747879999689758, 148, 241967.0, 1.116
0.12495640001725405, 149, 241967.0, 1.116
0.11266819998854771, 150, 241967.0, 1.116
0.10917219999828376, 151, 241967.0, 1.116
0.11842110002180561, 152, 241967.0, 1.116
0.11242040002252907, 153, 241967.0, 1.116
0.10865799998282455, 154, 241967.0, 1.116
0.10669230000348762, 155, 241967.0, 1.116
0.11946200000238605, 156, 241967.0, 1.116
0.1095655000244733, 157, 241967.0, 1.116
0.10988939998787828, 158, 241967.0, 1.116
0.12298710001050495, 159, 241967.0, 1.116
0.112868600001093, 160, 241967.0, 1.116
0.1312956000037957, 161, 241967.0, 1.116
0.13376070000231266, 162, 241967.0, 1.116
0.10613520001061261, 163, 241967.0, 1.116
0.13263659999938682, 164, 241967.0, 1.116
0.11628789998940192, 165, 241967.0, 1.116
0.1067697000107728, 166, 241967.0, 1.116
0.11729960000957362, 167, 241967.0, 1.116
0.12305189998005517, 168, 241967.0, 1.116
0.11319620002177544, 169, 241967.0, 1.116
0.11062359999050386, 170, 241967.0, 1.116
0.11261340000783093, 171, 241967.0, 1.116
0.12448009999934584, 172, 241967.0, 1.116
0.10783880000235513, 173, 241967.0, 1.116
0.11361729999771342, 174, 241967.0, 1.116
0.12013329999172129, 175, 241967.0, 1.116
0.12222099999780767, 176, 241967.0, 1.116
0.12497899998561479, 177, 241967.0, 1.116
0.11852370001724921, 178, 241967.0, 1.116
0.10700889999861829, 179, 241967.0, 1.116
0.1045252000039909, 180, 241967.0, 1.116
0.11959400001796894, 181, 241933.0, 1.102
0.1071961999987252, 182, 241933.0, 1.102
0.11590229999274015, 183, 241933.0, 1.102
0.11808290000772104, 184, 241933.0, 1.102
0.10900789999868721, 185, 241933.0, 1.102
0.11401020002085716, 186, 241933.0, 1.102
0.11178360000485554, 187, 241933.0, 1.102
0.1130025000020396, 188, 241933.0, 1.102
0.10582219998468645, 189, 241933.0, 1.102
0.10859330001403578, 190, 241933.0, 1.102
0.10590970001067035, 191, 241933.0, 1.102
0.0998595999844838, 192, 241933.0, 1.102
0.11251049998099916, 193, 241933.0, 1.102
0.14377480000257492, 194, 241933.0, 1.102
0.10560219999752007, 195, 241933.0, 1.102
0.10084460000507534, 196, 241933.0, 1.102
0.1167311999888625, 197, 241933.0, 1.102
0.10043279998353682, 198, 241933.0, 1.102
0.1278290000045672, 199, 241933.0, 1.102
0.1290712999762036, 200, 241933.0, 1.102
0.11498990000109188, 201, 241933.0, 1.102
0.11164410001947545, 202, 241933.0, 1.102
0.11778739999863319, 203, 241933.0, 1.102
0.15788429998792708, 204, 241933.0, 1.102
0.10049979999894276, 205, 241933.0, 1.102
0.12053880002349615, 206, 241933.0, 1.102
0.10888929999782704, 207, 241933.0, 1.102
0.11231410002801567, 208, 241933.0, 1.102
0.1237993000249844, 209, 241933.0, 1.102
0.10383740000543185, 210, 241933.0, 1.102
0.10875889999442734, 211, 241933.0, 1.102
0.1091442999895662, 212, 241933.0, 1.102
0.10115069997846149, 213, 241933.0, 1.102
0.12408639999921434, 214, 241933.0, 1.102
0.10083350000786595, 215, 241933.0, 1.102
0.11546689999522641, 216, 241933.0, 1.102
0.11403600001358427, 217, 241933.0, 1.102
0.11585480000940152, 218, 241933.0, 1.102
0.118215099995723, 219, 241933.0, 1.102
0.1412494000105653, 220, 241933.0, 1.102
0.11200059999828227, 221, 241933.0, 1.102
0.10715140000684187, 222, 241933.0, 1.102
0.11299520000466146, 223, 241927.0, 1.099
0.1113735000253655, 224, 241927.0, 1.099
0.10599910002201796, 225, 241927.0, 1.099
0.11420759998145513, 226, 241927.0, 1.099
0.11383000001660548, 227, 241927.0, 1.099
0.11119419999886304, 228, 241927.0, 1.099
0.1423402999935206, 229, 241927.0, 1.099
0.12312440000823699, 230, 241927.0, 1.099
0.12835220000124536, 231, 241927.0, 1.099
0.1290879000152927, 232, 241927.0, 1.099
0.10693280000123195, 233, 241927.0, 1.099
0.12002840000786819, 234, 241927.0, 1.099
0.10144649998983368, 235, 241927.0, 1.099
0.1131980000063777, 236, 241918.0, 1.095
0.12063859999761917, 237, 241918.0, 1.095
0.10552839998854324, 238, 241918.0, 1.095
0.11809550001635216, 239, 241918.0, 1.095
0.10283499999786727, 240, 241918.0, 1.095
0.10309980000602081, 241, 241918.0, 1.095
0.10719799998332746, 242, 241918.0, 1.095
0.1253083999908995, 243, 241918.0, 1.095
0.12220859999069944, 244, 241918.0, 1.095
0.11444060000940226, 245, 241918.0, 1.095
0.114025999995647, 246, 241918.0, 1.095
0.10651559999678284, 247, 241895.0, 1.086
0.11529919999884441, 248, 241895.0, 1.086
0.10724839998874813, 249, 241895.0, 1.086
0.10791849999804981, 250, 241895.0, 1.086
0.11399809998692945, 251, 241895.0, 1.086
0.10885869999765418, 252, 241895.0, 1.086
0.10259480000240728, 253, 241895.0, 1.086
0.10728120000567287, 254, 241895.0, 1.086
0.12209659998188727, 255, 241895.0, 1.086
0.1170853000076022, 256, 241895.0, 1.086
0.11921390000497922, 257, 241895.0, 1.086
0.11924170001293533, 258, 241895.0, 1.086
0.10424990000319667, 259, 241895.0, 1.086
0.12672030000248924, 260, 241895.0, 1.086
0.12308289998327382, 261, 241895.0, 1.086
0.10984829999506474, 262, 241895.0, 1.086
0.10367130002123304, 263, 241895.0, 1.086
0.1158935000130441, 264, 241895.0, 1.086
0.09286370000336319, 265, 241895.0, 1.086
0.1201250999874901, 266, 241895.0, 1.086
0.13045070000225678, 267, 241895.0, 1.086
0.11988250000285916, 268, 241895.0, 1.086
0.11093259998597205, 269, 241895.0, 1.086
0.10717649999423884, 270, 241895.0, 1.086
0.1290601999789942, 271, 241895.0, 1.086
0.11275709999608807, 272, 241895.0, 1.086
0.11946019998867996, 273, 241895.0, 1.086
0.10915299999760464, 274, 241895.0, 1.086
0.10598890000255778, 275, 241895.0, 1.086
0.10659270000178367, 276, 241895.0, 1.086
0.11663130001397803, 277, 241895.0, 1.086
0.12379400001373142, 278, 241895.0, 1.086
0.11050760000944138, 279, 241895.0, 1.086
0.1161024000030011, 280, 241895.0, 1.086
0.11638159997528419, 281, 241895.0, 1.086
0.1191083999874536, 282, 241895.0, 1.086
0.1056945999735035, 283, 241895.0, 1.086
0.10938510001869872, 284, 241875.0, 1.077
0.1073861000186298, 285, 241875.0, 1.077
0.1265817999956198, 286, 241875.0, 1.077
0.10724060001666658, 287, 241875.0, 1.077
0.10975350000080653, 288, 241875.0, 1.077
0.11819050001213327, 289, 241875.0, 1.077
0.13988020000397228, 290, 241875.0, 1.077
0.10762480000266805, 291, 241875.0, 1.077
0.12787460000254214, 292, 241875.0, 1.077
0.10387310001533478, 293, 241875.0, 1.077
0.10311830000136979, 294, 241875.0, 1.077
0.11654439999256283, 295, 241875.0, 1.077
0.1275228999729734, 296, 241875.0, 1.077
0.10528119999798946, 297, 241875.0, 1.077
0.10962470000959001, 298, 241875.0, 1.077
0.11759249999886379, 299, 241875.0, 1.077
0.11179520000587218, 300, 241875.0, 1.077
0.10996120001072995, 301, 241875.0, 1.077
0.13401849998626858, 302, 241875.0, 1.077
0.1230791000125464, 303, 241875.0, 1.077
0.10407640002085827, 304, 241875.0, 1.077
0.13799799999105744, 305, 241875.0, 1.077
0.11091730001498945, 306, 241875.0, 1.077
0.10305889998562634, 307, 241839.0, 1.062
0.10284010000759736, 308, 241839.0, 1.062
0.1060777000093367, 309, 241839.0, 1.062
0.10554399999091402, 310, 241839.0, 1.062
0.1124153999844566, 311, 241839.0, 1.062
0.12079369998537004, 312, 241839.0, 1.062
0.11274949999642558, 313, 241839.0, 1.062
0.10461639999994077, 314, 241839.0, 1.062
0.11232360001304187, 315, 241839.0, 1.062
0.10425490001216531, 316, 241839.0, 1.062
0.09216890000971034, 317, 241839.0, 1.062
0.10855449998052791, 318, 241839.0, 1.062
0.12760000000707805, 319, 241839.0, 1.062
0.11744639999233186, 320, 241839.0, 1.062
0.10240609999164008, 321, 241839.0, 1.062
0.11783979999017902, 322, 241839.0, 1.062
0.10837160001392476, 323, 241839.0, 1.062
0.13061749999178573, 324, 241839.0, 1.062
0.14567790000000969, 325, 241839.0, 1.062
0.10711949999677017, 326, 241839.0, 1.062
0.10036139999283478, 327, 241839.0, 1.062
0.10336209999513812, 328, 241839.0, 1.062
0.1056887999875471, 329, 241839.0, 1.062
0.12051839998457581, 330, 241839.0, 1.062
0.11655149998841807, 331, 241839.0, 1.062
0.12319240000215359, 332, 241839.0, 1.062
0.11271740001393482, 333, 241839.0, 1.062
0.10595299999113195, 334, 241839.0, 1.062
0.11615269997855648, 335, 241839.0, 1.062
0.10660229998757131, 336, 241839.0, 1.062
0.11331350001273677, 337, 241839.0, 1.062
0.12169829997583292, 338, 241839.0, 1.062
0.12373260001186281, 339, 241839.0, 1.062
0.10557069999049418, 340, 241839.0, 1.062
0.12642030001734383, 341, 241839.0, 1.062
0.10545210001873784, 342, 241839.0, 1.062
0.10811349999858066, 343, 241839.0, 1.062
0.1067752999952063, 344, 241839.0, 1.062
0.10932560000219382, 345, 241839.0, 1.062
0.11025239998707548, 346, 241839.0, 1.062
0.13519770000129938, 347, 241839.0, 1.062
0.11911890000919811, 348, 241839.0, 1.062
0.12657490000128746, 349, 241839.0, 1.062
0.08854900000733323, 350, 241839.0, 1.062
0.10931020000134595, 351, 241839.0, 1.062
0.1137629000004381, 352, 241839.0, 1.062
0.12208529998315498, 353, 241839.0, 1.062
0.12262980002560653, 354, 241839.0, 1.062
0.11796610002056696, 355, 241839.0, 1.062
0.1285177000099793, 356, 241839.0, 1.062
0.12686210000538267, 357, 241839.0, 1.062

tour:
[ 492  443   24  210  328  449  180  147  639  452  618  277  464  198
  213  478  424  640  330  126  619  211   23  314   26  237   17  100
  341  233  338   29   37  221   81  132   84   41  318  230  149  622
  402  324  290  365  359  646   14  316  645  304  336  283  268  378
  390  279  399  485  137  289  393  205   10  158  344  218  288   36
  641  220   80  131   83   40  317  231  190  206  150  196  403  325
  394  391  623  379  280  400  181  291  199  136  496  159  493   11
  479  343  217  358  657   39  406  473  187  207  407  208  489  488
  490  548  209  549  550  160  271  161  367  269  366  360  361  163
  647  648  134  165  135   15   13  745   12  666  859 1075  166  764
  851  744 1077  763  164  872  840  889  162  762  893  832  761 1013
  901  838  915  791 1061 1012  909  911  971  974  973  774  786  843
  865  917  746  978  921  784  755  760  976  790  780  665  968  807
  778  964  860  877  798  887  685  713  742 1083  711  800 1073  683
  638  405 1071  749  920  676  808 1059  716  740  875  487 1055  724
  873  810  668 1047  674  869  856 1043  739  673  944  792  942  867
  753  886  948  795  960 1082 1072  950  834  954 1070 1058  836  946
  958 1054 1046  803  952  956  847 1042  751 1027  662  805  927  863
  907  929  846  962  660  938  919  476  966  775  670  931 1026 1015
  729  710  687  940  720 1014  991  899  781 1029  895  996  923  988
  925  765  768  994  903  906  682  880 1028  703  769  475   68   65
  701  659  913  985 1079  827  825  823  821  385  905 1080  817  981
 1031  926  815  812  818  898  979  882  707 1041  990  719  723  692
 1065 1067  726  718  983  690  772  787  758 1016 1018  854 1020 1006
  693  736  679 1005 1004  696  890  796 1024 1022 1003  533  534  362
   55  535  536  537   51   52  538  561  562  557  554  555  156  155
  559  558  122   54  214  695  567  564  363  215  568  565  123  200
  178   47   97  177  631  628   88  474  383   46  560  556  563  154
  201  202  310   32   53  364  216  566  569  124   96  411  176  630
  203   45   48   87  627  395  505  591  512   75  649   77  499  420
  352  250    0  259  256  580  608  634   62  579   60  607   61   78
  372  468   59   74   57   72   58   73  633  264   71  606   56   70
  371   69  541  263  540  539  547  153  151  307  544  355  532  546
  312  152  545  308  311  309  543   33  531  306  542   34   31  354
  530  305  262  353  884  797  891 1023  828  678 1025  852 1001  680
 1009  694 1002  737  885 1010  853  756 1021  757  855 1011  689 1019
 1017 1007 1066  788  717  722  691 1064 1008  704  896  924  904  771
  965  697  705 1050  912 1040  984  829  939  698  706 1068  922 1078
  989  961  699  708 1032  902 1030  980  930  883  700  819  813  814
  816  658  820  822  824  826  727  955  982 1051  777  779 1081  951
  957  894  783  785  928  945  953 1033 1034 1044  897  949  959  986
 1048 1062 1069  947  702  770  635  603  581  368  373  582  447  375
  583  175  624  465  597  508  450  417  194  462  188  257  260  654
  502  104  244  249  253  241  576  380  408  592  435   49  504  513
  103  498  351   63  240  251  185  459    1  197  456  453  444  653
  501  650  245  248  374  396   76  577  242  254  258  261    2  381
  252  652  412  500  246  578  243  247  497  350  593  514   50   89
  503  102  629  632   98   91   90   92  384  238  414  239   64  255
  409  651  506  173  573  397  436   67  382  413  511  410  415  445
  437  551  454  553  570  439  571  434    3  186    4  433  182  422
   19  457  552   42   93  515  460  575  191  523  510  625  167  172
  386  598  520   35  347  174  507   66  438  421  574  522  370  376
  516  192   94   43  466  107   79  451  471  463  418  509  179  469
  599  521  517  193  626   95   44  477  491  448  494  442  184  423
  294  483  293  321  320  481  482  480  429  427  426  587  121  118
  120  119  116  113  617  111  109  586  105  114  117  590  115  112
  110  108  106  589  387  616  588  169  584  168  171  441  369  170
  604  615  519  518  529  527  349  528  348  346  879  881  999  681
 1000  941  943  993  767  773 1056 1035  766  987 1052  609 1045  995
 1038 1049  992 1036  782  605  585  610 1063  721  963  688  709  728
  967  975  730  731  977 1057  732  733  611 1053 1039  734  735  776
 1037  937  934  972  918  935  969  932  428  970  845  862  661  804
  750  752  802  663  848  835  833  866  842  671  794  748  738  793
  672  265  430  830  868  857  870  675  669  811  725  715  809  677
  741  839  281  130  299  876  874  849  684  801  712  743  714  799
  686  266  861  878  431  936  933  806  759 1060  664  789  910  754
  997  998  524  525  526  916  864  914  747  837  908  844  900  831
  892  871  888  267  270  334  284  286  285  841 1076  850 1074  858
  667  642  301  643  644  302  303  335  292  377  389  278  138  398
  323  401  300  282  148  392  204    9  621  229  425  157  345  219
  319  333   85  133   82  222   38  342  339   30  234  129  484  101
   18  140  329  315   27  332   22  212  125  139   21  326  275    8
  145  142  226   20    7  327  287  276  272  146  298  223  195  143
  189  227    5  432  183  486  404  322  388  295  470  419  228    6
  144  224  297  273  467  356  472  613  601  655  274  458  225  461
  296  455  612  600  572  416  594  446  636  595  440  596  637  602
  614  235  656  236   16  331  127  313   25  337   99  340  620  232
   28  141  128  357   86  495]

eliteFit: 241839.0
percentError: 1.0622782567269962
computationTime: 49.884s