instanceName: vm1084
n: 1084
optFit: 239297

genTime, gen, eliteFit, percentError:
0.0014927999873179942, 0, 8226591.0, 3337.816
0.6885545000259299, 1, 260380.0, 8.810
0.46074619999853894, 2, 258093.0, 7.855
0.434442300000228, 3, 256899.0, 7.356
0.44886949998908676, 4, 255680.0, 6.846
0.43317270002444275, 5, 254106.0, 6.189
0.42392140001174994, 6, 253973.0, 6.133
0.41795589998946525, 7, 253562.0, 5.961
0.4255288999993354, 8, 253562.0, 5.961
0.34231209999416023, 9, 252218.0, 5.400
0.3192109999945387, 10, 252218.0, 5.400
0.3216848000010941, 11, 251626.0, 5.152
0.2740117000066675, 12, 251383.0, 5.051
0.2021711000124924, 13, 251172.0, 4.962
0.24405939999269322, 14, 250655.0, 4.746
0.31710490002296865, 15, 250447.0, 4.659
0.266428500006441, 16, 250079.0, 4.506
0.24103820000891574, 17, 250079.0, 4.506
0.2730298000096809, 18, 249635.0, 4.320
0.2262433999858331, 19, 249031.0, 4.068
0.18689650000305846, 20, 249031.0, 4.068
0.16033330000936985, 21, 248691.0, 3.926
0.1727686999947764, 22, 248527.0, 3.857
0.1567489999870304, 23, 248527.0, 3.857
0.13360559998545796, 24, 248453.0, 3.826
0.11973140001646243, 25, 248079.0, 3.670
0.12033909998717718, 26, 248079.0, 3.670
0.11878639998030849, 27, 248003.0, 3.638
0.12346440000692382, 28, 247865.0, 3.580
0.10999440000159666, 29, 247865.0, 3.580
0.12021840002853423, 30, 247865.0, 3.580
0.11156360001768917, 31, 247865.0, 3.580
0.10198269999818876, 32, 247865.0, 3.580
0.10958680001203902, 33, 247865.0, 3.580
0.13138939999043941, 34, 247865.0, 3.580
0.10906060002162121, 35, 247865.0, 3.580
0.11239209998166189, 36, 247865.0, 3.580
0.12524779999512248, 37, 247668.0, 3.498
0.14004140000906773, 38, 247668.0, 3.498
0.19413240000721999, 39, 247321.0, 3.353
0.19992919999640435, 40, 247321.0, 3.353
0.19512770001892932, 41, 246990.0, 3.215
0.18502150001586415, 42, 246990.0, 3.215
0.14101019999361597, 43, 246990.0, 3.215
0.11807409999892116, 44, 246801.0, 3.136
0.11359630001243204, 45, 246801.0, 3.136
0.13635740001336671, 46, 246784.0, 3.129
0.12985980001394637, 47, 246784.0, 3.129
0.10951749997911975, 48, 246784.0, 3.129
0.11779560000286438, 49, 246681.0, 3.086
0.13139009999576956, 50, 246681.0, 3.086
0.12498409999534488, 51, 246670.0, 3.081
0.11529700001119636, 52, 246670.0, 3.081
0.13266259999363683, 53, 246670.0, 3.081
0.11277940002037212, 54, 246670.0, 3.081
0.12006319998181425, 55, 246255.0, 2.908
0.10995450001792051, 56, 246255.0, 2.908
0.1666622000047937, 57, 246245.0, 2.904
0.21580609999364242, 58, 246113.0, 2.848
0.14283810000051744, 59, 245765.0, 2.703
0.17508590000215918, 60, 245683.0, 2.669
0.15691060002427548, 61, 245286.0, 2.503
0.1639897999993991, 62, 245286.0, 2.503
0.17189170001074672, 63, 245250.0, 2.488
0.11164469999494031, 64, 245250.0, 2.488
0.1124161999905482, 65, 245179.0, 2.458
0.1495852000080049, 66, 245179.0, 2.458
0.11909510000259615, 67, 245130.0, 2.438
0.11081040001590736, 68, 245130.0, 2.438
0.15133979998063296, 69, 245130.0, 2.438
0.13523340001120232, 70, 245130.0, 2.438
0.14528709999285638, 71, 245130.0, 2.438
0.13487300000269897, 72, 245130.0, 2.438
0.12525929999537766, 73, 245130.0, 2.438
0.11453160000382923, 74, 245130.0, 2.438
0.11330629998701625, 75, 245130.0, 2.438
0.11977970000589266, 76, 245130.0, 2.438
0.1307377000048291, 77, 245130.0, 2.438
0.12687850001384504, 78, 245130.0, 2.438
0.09992450001300313, 79, 245130.0, 2.438
0.09853049999219365, 80, 245130.0, 2.438
0.10036559999571182, 81, 245130.0, 2.438
0.12873970001237467, 82, 245130.0, 2.438
0.10884000000078231, 83, 245114.0, 2.431
0.1147233999799937, 84, 245114.0, 2.431
0.1229802000161726, 85, 245114.0, 2.431
0.11919369999668561, 86, 245114.0, 2.431
0.11970560002373531, 87, 245114.0, 2.431
0.10544559999834746, 88, 245114.0, 2.431
0.10038760001771152, 89, 245114.0, 2.431
0.1278560000064317, 90, 245114.0, 2.431
0.10978579998482019, 91, 245114.0, 2.431
0.10513119999086484, 92, 245114.0, 2.431
0.11395289999200031, 93, 245114.0, 2.431
0.1113240999984555, 94, 245114.0, 2.431
0.1225533000251744, 95, 245114.0, 2.431
0.10564679998788051, 96, 245114.0, 2.431
0.12227329998859204, 97, 245114.0, 2.431
0.11288210001657717, 98, 245114.0, 2.431
0.13074570000753738, 99, 245114.0, 2.431
0.1054197000048589, 100, 245114.0, 2.431
0.12678300001425669, 101, 245114.0, 2.431
0.1460879000078421, 102, 245114.0, 2.431
0.11274520002189092, 103, 245114.0, 2.431
0.11424659998738207, 104, 245107.0, 2.428
0.13559650001116097, 105, 245092.0, 2.422
0.1463203000021167, 106, 245092.0, 2.422
0.1810109999787528, 107, 245092.0, 2.422
0.12941970000974834, 108, 245092.0, 2.422
0.10118200001306832, 109, 245092.0, 2.422
0.11294230000930838, 110, 245092.0, 2.422
0.10923879998154007, 111, 245092.0, 2.422
0.1036008000082802, 112, 245092.0, 2.422
0.10892769999918528, 113, 245092.0, 2.422
0.1234546999912709, 114, 245092.0, 2.422
0.13259379999362864, 115, 245092.0, 2.422
0.10923639999236912, 116, 245092.0, 2.422
0.11833110000588931, 117, 245092.0, 2.422
0.12330790000851266, 118, 245092.0, 2.422
0.09475680001196451, 119, 245092.0, 2.422
0.12583800000720657, 120, 245092.0, 2.422
0.13033630000427365, 121, 245092.0, 2.422
0.11876250000204891, 122, 245092.0, 2.422
0.11281900000176392, 123, 245092.0, 2.422
0.1300690000061877, 124, 245092.0, 2.422
0.1432063999818638, 125, 245092.0, 2.422
0.10804110000026412, 126, 245092.0, 2.422
0.10030069999629632, 127, 245092.0, 2.422
0.11091260000830516, 128, 245092.0, 2.422
0.10699440000462346, 129, 245092.0, 2.422
0.10974690000875853, 130, 245092.0, 2.422
0.10104760000831448, 131, 245092.0, 2.422
0.12537799999699928, 132, 245092.0, 2.422
0.10933469998417422, 133, 245092.0, 2.422
0.10902429997804575, 134, 245092.0, 2.422
0.10775439999997616, 135, 245092.0, 2.422
0.11442159998114221, 136, 245092.0, 2.422
0.14176450000377372, 137, 245092.0, 2.422
0.10519259999273345, 138, 245092.0, 2.422
0.11737630001152866, 139, 245008.0, 2.387
0.0970077000092715, 140, 245008.0, 2.387
0.11998710001353174, 141, 245008.0, 2.387
0.10953860002337024, 142, 245008.0, 2.387
0.10735720000229776, 143, 245008.0, 2.387
0.11763379999320023, 144, 245008.0, 2.387
0.12867400000686757, 145, 245008.0, 2.387
0.15143259998876601, 146, 245008.0, 2.387
0.11346640001283959, 147, 245008.0, 2.387
0.11019209999358281, 148, 244645.0, 2.235
0.11899200000334531, 149, 244645.0, 2.235
0.11399339998024516, 150, 244645.0, 2.235
0.12674179999157786, 151, 244645.0, 2.235
0.13099189999047667, 152, 244645.0, 2.235
0.10976459999801591, 153, 244645.0, 2.235
0.1030478999891784, 154, 244645.0, 2.235
0.10175380000146106, 155, 244645.0, 2.235
0.11119440000038594, 156, 244645.0, 2.235
0.11722349998308346, 157, 244645.0, 2.235
0.11511969999992289, 158, 244645.0, 2.235
0.114420700003393, 159, 244645.0, 2.235
0.1044938999984879, 160, 244640.0, 2.233
0.1042246000142768, 161, 244640.0, 2.233
0.11347480001859367, 162, 244640.0, 2.233
0.12445439997827634, 163, 244640.0, 2.233
0.12255980001646094, 164, 244640.0, 2.233
0.10261340002762154, 165, 244640.0, 2.233
0.10888559999875724, 166, 244640.0, 2.233
0.1062569999776315, 167, 244640.0, 2.233
0.12444450001930818, 168, 244640.0, 2.233
0.11202790000243112, 169, 244640.0, 2.233
0.11358079998171888, 170, 244640.0, 2.233
0.10226620000321418, 171, 244640.0, 2.233
0.13172730000223964, 172, 244640.0, 2.233
0.11423909998848103, 173, 244640.0, 2.233
0.11455910000950098, 174, 244640.0, 2.233
0.14701090002199635, 175, 244640.0, 2.233
0.09863690001657233, 176, 244640.0, 2.233
0.12436280000838451, 177, 244640.0, 2.233
0.1312632999906782, 178, 244640.0, 2.233
0.1234740000218153, 179, 244640.0, 2.233
0.10360669999499805, 180, 244640.0, 2.233
0.11095159998512827, 181, 244640.0, 2.233
0.1151685000222642, 182, 244640.0, 2.233
0.12058919999981299, 183, 244640.0, 2.233
0.12339649998466484, 184, 244640.0, 2.233
0.1250544000067748, 185, 244640.0, 2.233
0.09610749999410473, 186, 244640.0, 2.233
0.10355329999583773, 187, 244640.0, 2.233
0.10713409999152645, 188, 244640.0, 2.233
0.11693220000597648, 189, 244554.0, 2.197
0.10819629998877645, 190, 244554.0, 2.197
0.12915190000785515, 191, 244554.0, 2.197
0.12399619998177513, 192, 244554.0, 2.197
0.12174569998751394, 193, 244554.0, 2.197
0.12784880000981502, 194, 244554.0, 2.197
0.1370085999951698, 195, 244554.0, 2.197
0.14152330000069924, 196, 244554.0, 2.197
0.13320439998642541, 197, 244554.0, 2.197
0.11259749997407198, 198, 244554.0, 2.197
0.11620560000301339, 199, 244554.0, 2.197
0.13952580001205206, 200, 244554.0, 2.197
0.11788889998570085, 201, 244554.0, 2.197
0.10163929997361265, 202, 244554.0, 2.197
0.11038999998709187, 203, 244554.0, 2.197
0.1025641999731306, 204, 244554.0, 2.197
0.10510370001429692, 205, 244554.0, 2.197
0.10403439999208786, 206, 244554.0, 2.197
0.11410469998372719, 207, 244554.0, 2.197
0.11337989999447018, 208, 244554.0, 2.197
0.10817139997379854, 209, 244554.0, 2.197
0.10658870000042953, 210, 244554.0, 2.197
0.10449219998554327, 211, 244554.0, 2.197
0.14763609998044558, 212, 244554.0, 2.197
0.11980800001765601, 213, 244554.0, 2.197
0.1139207000087481, 214, 244554.0, 2.197
0.12234329999773763, 215, 244554.0, 2.197
0.10430609999457374, 216, 244540.0, 2.191
0.13580230000661686, 217, 244540.0, 2.191
0.16821669999626465, 218, 244540.0, 2.191
0.2080294000043068, 219, 244540.0, 2.191
0.11993869999423623, 220, 244540.0, 2.191
0.10410550000960939, 221, 244540.0, 2.191
0.10412850001011975, 222, 244540.0, 2.191
0.10843199997907504, 223, 244540.0, 2.191
0.13642220001202077, 224, 244540.0, 2.191
0.10644520001369528, 225, 244540.0, 2.191
0.11343440000200644, 226, 244540.0, 2.191
0.10233329999027774, 227, 244540.0, 2.191
0.12167029999545775, 228, 244540.0, 2.191
0.1370127000263892, 229, 244540.0, 2.191
0.11268099999870174, 230, 244540.0, 2.191
0.12839159998111427, 231, 244540.0, 2.191
0.11173699999926612, 232, 244540.0, 2.191
0.11686140001984313, 233, 244540.0, 2.191
0.10149879998061806, 234, 244540.0, 2.191
0.09958420001203194, 235, 244540.0, 2.191
0.12494939999305643, 236, 244540.0, 2.191
0.14970609999727458, 237, 244540.0, 2.191
0.12283179999212734, 238, 244540.0, 2.191
0.12009710000711493, 239, 244540.0, 2.191
0.10355490000802092, 240, 244540.0, 2.191
0.11088249998283572, 241, 244540.0, 2.191
0.1052200999984052, 242, 244540.0, 2.191
0.10198760000639595, 243, 244530.0, 2.187
0.13171889999648556, 244, 244530.0, 2.187
0.1147482999949716, 245, 244530.0, 2.187
0.1626119000138715, 246, 244530.0, 2.187
0.22416690000682138, 247, 244522.0, 2.183
0.22717359999660403, 248, 244460.0, 2.158
0.13601280000875704, 249, 244460.0, 2.158
0.15178580000065267, 250, 244460.0, 2.158
0.11673629999859259, 251, 244443.0, 2.150
0.14160959998844191, 252, 244443.0, 2.150
0.17470859998138621, 253, 244399.0, 2.132
0.26986409997334704, 254, 244274.0, 2.080
0.15958380000665784, 255, 244178.0, 2.040
0.16849330000695772, 256, 244092.0, 2.004
0.1960057000105735, 257, 243811.0, 1.886
0.15642009998555295, 258, 243811.0, 1.886
0.1775128000008408, 259, 243811.0, 1.886
0.18837029999122024, 260, 243548.0, 1.776
0.1713842999888584, 261, 243548.0, 1.776
0.1387784999969881, 262, 243426.0, 1.725
0.09881549997953698, 263, 243163.0, 1.616
0.12303899999824353, 264, 243030.0, 1.560
0.1663655000156723, 265, 242814.0, 1.470
0.09986069999285974, 266, 242764.0, 1.449
0.11573889999999665, 267, 242578.0, 1.371
0.10968359999242239, 268, 242574.0, 1.369
0.11612689998582937, 269, 242574.0, 1.369
0.1079934999870602, 270, 242574.0, 1.369
0.12409409999963827, 271, 242574.0, 1.369
0.10794180000084452, 272, 242431.0, 1.310
0.12794790000771172, 273, 242431.0, 1.310
0.12268509998102672, 274, 242431.0, 1.310
0.14299910000409, 275, 242431.0, 1.310
0.1358378000149969, 276, 242431.0, 1.310
0.14912769998773, 277, 242431.0, 1.310
0.13540800000191666, 278, 242431.0, 1.310
0.11440270001185127, 279, 242431.0, 1.310
0.13232900001457892, 280, 242431.0, 1.310
0.12019670000881888, 281, 242431.0, 1.310
0.14716299998690374, 282, 242431.0, 1.310
0.10546960000647232, 283, 242431.0, 1.310
0.14171209998312406, 284, 242431.0, 1.310
0.10126310001942329, 285, 242431.0, 1.310
0.14845200002309866, 286, 242431.0, 1.310
0.11855819998891093, 287, 242431.0, 1.310
0.11605510002118535, 288, 242431.0, 1.310
0.14465500001097098, 289, 242431.0, 1.310
0.12825860001612455, 290, 242431.0, 1.310
0.12193690001731738, 291, 242431.0, 1.310
0.10712180001428351, 292, 242431.0, 1.310
0.11591259998385794, 293, 242431.0, 1.310
0.11726989998714998, 294, 242431.0, 1.310
0.1037380000052508, 295, 242431.0, 1.310
0.12039250001544133, 296, 242431.0, 1.310
0.10304089999408461, 297, 242431.0, 1.310
0.14289660000940785, 298, 242431.0, 1.310
0.13447580000502057, 299, 242428.0, 1.308
0.1277162999904249, 300, 242428.0, 1.308
0.10685679997550324, 301, 242428.0, 1.308
0.11164600000483915, 302, 242428.0, 1.308
0.11087800000677817, 303, 242357.0, 1.279
0.10623249999480322, 304, 242357.0, 1.279
0.12457699998049065, 305, 242357.0, 1.279
0.13575879999552853, 306, 242357.0, 1.279
0.10190899998997338, 307, 242357.0, 1.279
0.11891170000308193, 308, 242357.0, 1.279
0.13525510000181384, 309, 242357.0, 1.279
0.10499230001005344, 310, 242357.0, 1.279
0.12280449998797849, 311, 242357.0, 1.279
0.10787619999609888, 312, 242357.0, 1.279
0.1291895000031218, 313, 242357.0, 1.279
0.10811160001321696, 314, 242357.0, 1.279
0.13172859998303466, 315, 242357.0, 1.279
0.10600460000569001, 316, 242357.0, 1.279
0.10698919999413192, 317, 242357.0, 1.279
0.1497176999982912, 318, 242357.0, 1.279
0.09772349998820573, 319, 242357.0, 1.279
0.11858439998468384, 320, 242357.0, 1.279
0.1414789000118617, 321, 242357.0, 1.279
0.10081919998629019, 322, 242357.0, 1.279
0.10237559999222867, 323, 242357.0, 1.279
0.14157609999529086, 324, 242357.0, 1.279
0.12455300000146963, 325, 242357.0, 1.279
0.1376483000058215, 326, 242348.0, 1.275
0.14560790001996793, 327, 242348.0, 1.275
0.10881179998978041, 328, 242272.0, 1.243
0.11823100000037812, 329, 242230.0, 1.226
0.13046570000005886, 330, 242230.0, 1.226
0.1079328999912832, 331, 242154.0, 1.194
0.1047985999903176, 332, 242154.0, 1.194
0.110826599993743, 333, 242154.0, 1.194
0.10830190000706352, 334, 242154.0, 1.194
0.12748739999369718, 335, 242154.0, 1.194
0.10577369999373332, 336, 242154.0, 1.194
0.14576129999477416, 337, 242154.0, 1.194
0.1315234999929089, 338, 242154.0, 1.194
0.1105876000074204, 339, 242154.0, 1.194
0.1327290999761317, 340, 242154.0, 1.194
0.10340350001933984, 341, 242154.0, 1.194
0.1206772000005003, 342, 242154.0, 1.194
0.13069869999890216, 343, 241935.0, 1.102
0.11506010001176037, 344, 241935.0, 1.102
0.12293149999459274, 345, 241935.0, 1.102
0.11316660000011325, 346, 241935.0, 1.102
0.10448350000660866, 347, 241935.0, 1.102
0.09884729998884723, 348, 241935.0, 1.102
0.10306649998528883, 349, 241935.0, 1.102
0.10986960001173429, 350, 241935.0, 1.102
0.11946960000204854, 351, 241935.0, 1.102
0.12222190000466071, 352, 241935.0, 1.102
0.12011989997699857, 353, 241935.0, 1.102
0.13430109998444095, 354, 241935.0, 1.102
0.14157999999588355, 355, 241935.0, 1.102
0.11699249999946915, 356, 241935.0, 1.102
0.12725250000949018, 357, 241935.0, 1.102
0.10855040000751615, 358, 241935.0, 1.102
0.10752319998573512, 359, 241935.0, 1.102
0.12254260000190698, 360, 241935.0, 1.102
0.12484820000827312, 361, 241935.0, 1.102
0.10551509997458197, 362, 241935.0, 1.102
0.10383219999494031, 363, 241935.0, 1.102
0.10525900000357069, 364, 241935.0, 1.102
0.11918979999609292, 365, 241935.0, 1.102
0.10688649999792688, 366, 241935.0, 1.102
0.12426739998045377, 367, 241935.0, 1.102
0.11224500002572313, 368, 241935.0, 1.102
0.1138892000017222, 369, 241935.0, 1.102
0.12594709999393672, 370, 241935.0, 1.102
0.10569589998340234, 371, 241935.0, 1.102
0.10387019999325275, 372, 241935.0, 1.102
0.14888359999167733, 373, 241935.0, 1.102
0.12431350001133978, 374, 241935.0, 1.102
0.10866830000304617, 375, 241935.0, 1.102
0.10927889999584295, 376, 241935.0, 1.102
0.12280799998552538, 377, 241935.0, 1.102
0.11418049997882918, 378, 241935.0, 1.102
0.10774549999041483, 379, 241935.0, 1.102
0.11314940001466312, 380, 241935.0, 1.102
0.11741770000662655, 381, 241935.0, 1.102
0.10485199998947792, 382, 241935.0, 1.102
0.10584600002039224, 383, 241935.0, 1.102
0.132759799977066, 384, 241935.0, 1.102
0.13064260000828654, 385, 241935.0, 1.102
0.12072549998993054, 386, 241935.0, 1.102
0.10849159999634139, 387, 241935.0, 1.102
0.10557660000631586, 388, 241935.0, 1.102
0.12441480002598837, 389, 241935.0, 1.102
0.10976389999268577, 390, 241935.0, 1.102
0.10991950001334772, 391, 241935.0, 1.102
0.11830500001087785, 392, 241935.0, 1.102
0.13141849997919053, 393, 241935.0, 1.102

tour:
[ 304  645  316   14  646  359  365  290  324  402  622  149  205   10
  230  318   41   84  132   81  221   37  341   29  233  338   26  314
   23  211  619  126  330   17  237  100  640  424  478  213  189  143
  227    5  432  183  486  404  322  388  295    6  144  228  419  470
   19  466  107   43   94   79  451  471  463  418  509  179  469  599
  521  517  193  626   95   44  477  491  448  494  442  184  423  294
  226  142   20  145    7  195  223  298  146  272  276  287  327  275
    8  326   21  139  125  212   22  332   27  315  329  140   18  101
  484  129  234   30  339  342   38  222   82  133   85  219  345  157
  425  229  319  333  621    9  204  392  148  282  300  401  323  398
  138  278  389  377  292  335  303  302  644  643  301  642  667  858
 1074  850 1076  841  888  871  285  286  284  334  270  267  892  831
  900  844  908  837  747  914  864  916  998  526  525  524  997  754
  910  789  664 1060  759  806  933  936  431  878  861  266  686  799
  714  743  712  801  684  849  874  876  839  299  281  130  741  677
  809  715  725  811  669  675  870  857  868  430  265  830  672  793
  738  748  794  671  842  866  833  835  848  663  802  752  750  804
  661  862  845  970  320  321  293  483  481  482  480  429  427  587
  426  428  932  969  935  918  972  934  937 1037  776  735  734  121
  120  118  611 1039 1053  733  732 1057  977  731  730  975  967  728
  709  688  963  721 1063  610  105  586  109  111  617  113  116  119
  590  117  114  115  112  110  108  106  589  387  616  588  605  585
  782 1036  992 1049 1038  995 1045 1052  987  766 1035  609  169  584
  168  171  441  369  170  604  615  519  518 1056  773  767  993  943
  941 1000  681  999  881  879  349  527  529  528  348  346  770  702
  947 1069 1062  635  603 1048  986  959  949  897 1044 1034 1033  953
  945  928  785  783  894  957  951 1081  779  777 1051  982  955  727
  826  824  822  820  658  816  814  813  819  700  883  930  980 1030
  902 1032  708  699  961  989 1078  922 1068  706  698  939  829  984
 1040  912 1050  705  697  965  771  904  924  896  704 1008 1064  691
  722  717  788 1066 1007 1017 1019  689 1011  855  757 1021  756  853
 1010  885  737 1002  694 1009  680 1001  852 1025  678  828 1023  891
  797  884  353  262  305  530  354   31   34  532  542  306  531   33
  543  309  311  308  545  152  312  546  151  307  355  544  153  547
  539  540  263  541   69  371   70   56  606   71  264  633   73   58
   72   57   48   45   87  627  203  630   96  411  176  395  505  591
  512   75  649   77  499  420  352  250    0  259  256   61   78  372
  468   74   59  607   60  579   62  634  580  608  368  581  373  582
  462  194  417  450  447  375  583  175  508  597  465  624  456  197
    1  260  257  188  654  502  104  244  249  253  459  241  576  380
  408  592  435  504   49  474  383   46  556  560  124  569  566  216
  364   53  563  154   32  310  202  201   88  628  631  177   97  503
   47  178  200  123  565  568  215  564  567  695  214   54  363  122
  558  559  155  156  555  557  562  561  538   52   51  537  536  535
   55  362  534  533 1003 1022 1024  796  890  696 1004 1005  679  736
  693 1006 1020  854 1018 1016  554  758  787  772  690  983  718  726
 1067 1065  692  723  719  990 1041  707  882  979  898  818  812  815
  926 1031  981  817 1080  905  821  823  385  414  238  239  384   92
   90   91   98  632  629  102   89   50  514  593  350  497  247  243
  578  246  500  412  652  252  381    2  261  258  254  242  577   76
  396  374  248  650  245  653  501   63  103  513  498  351  240  251
  185  453  444  507   66  174  347   35  438  421  574  520  598  386
  172  167  625  522  370  192  516  376  457  422  182  433    4  186
    3  434  571  439  570  553  445  437  551  454   93   42  552  460
  515  191  575  523  510  410  415  511  413  382  573  173  506  651
  409  397  255   64  436   67   65   68  475  825  827 1079  985  913
  659  701  769  703 1028  880  682  906  903  994  768  765  925  988
  923  996  895 1029  781  899  991 1014  720  940  687  710  729 1015
 1026  931  670  775  966  476  919  938  660  962  846  929  907  863
  927  805  662 1027  416  572  594  751 1042  847  956  952  803 1046
 1054  958  946  836 1058 1070  954  834  950 1072 1082  960  795  948
  886  753  867  942  792  944  673  739 1043  856  869  674 1047  668
  810  873  724 1055  875  740  716 1059  808  676  920  749 1071  683
 1073  800  711 1083  742  713  685  887  798  877  860  964  778  807
  968  665  780  790  976  760  755  784  921  978  746  917  865  843
  786  774  973  974  971  911  909 1012 1061  791  915  838  901 1013
  761  832  893  762  162  889  840  872  763 1077  744  166  851  764
 1075  859  666   12  745   13   15  135  647  134  165  648  164  163
  361  360  366  269  367  161  271  160  550  549  209  548  490  488
  489  208  407  207  187  473  406   39  657  638  405  487  614  235
  602  637  596  440  595  636  446  600  612  455  296  461  225  458
  274  655  601  613  472  356  467  273  297  224  464  198  277  618
  452  639  147  180  449  328  210  443  492  495   86  128  357  337
   25  313   24  127  331   16  236  656   99  340  620  232   28  141
  288   36  641  220   80  131   83   40  358  217  343  479   11  493
  159  496  136  199  291  181  400  280  379  623  391  394  325  403
  196  150  206  190  231  317  218  344  158  393  289  137  485  399
  279  390  378  268  283  336]

eliteFit: 241935.0
percentError: 1.1023957676026026
computationTime: 53.276s