instanceName: pr226
n: 226
optFit: 80369

genTime, gen, eliteFit, percentError:
0.00031090000993572176, 0, 1532449.0, 1806.766
0.025648199996794574, 1, 81259.0, 1.107
0.013602200007881038, 2, 81200.0, 1.034
0.013481399990268983, 3, 81023.0, 0.814
0.011742000002413988, 4, 80796.0, 0.531
0.011312000002362765, 5, 80796.0, 0.531
0.009832099996856414, 6, 80747.0, 0.470
0.00699690000328701, 7, 80747.0, 0.470
0.005451999997603707, 8, 80724.0, 0.442
0.004565900002489798, 9, 80710.0, 0.424
0.005601700002443977, 10, 80661.0, 0.363
0.004669400004786439, 11, 80657.0, 0.358
0.004358800011686981, 12, 80649.0, 0.348
0.004207999998470768, 13, 80649.0, 0.348
0.0060874000046169385, 14, 80649.0, 0.348
0.006627499999012798, 15, 80649.0, 0.348
0.006777299990062602, 16, 80649.0, 0.348
0.005000000004656613, 17, 80649.0, 0.348
0.006504400007543154, 18, 80649.0, 0.348
0.005823700004839338, 19, 80649.0, 0.348
0.005788199996459298, 20, 80649.0, 0.348
0.006191799999214709, 21, 80649.0, 0.348
0.004655099997762591, 22, 80649.0, 0.348
0.004400499994517304, 23, 80649.0, 0.348
0.00456329999724403, 24, 80649.0, 0.348
0.006019099993864074, 25, 80649.0, 0.348
0.005986800009850413, 26, 80649.0, 0.348
0.004549300007056445, 27, 80649.0, 0.348
0.0044834000000264496, 28, 80649.0, 0.348
0.004407299988088198, 29, 80649.0, 0.348
0.0051303000072948635, 30, 80649.0, 0.348
0.004379899997729808, 31, 80649.0, 0.348
0.004436400005943142, 32, 80649.0, 0.348
0.004769100007251836, 33, 80612.0, 0.302
0.005423499998869374, 34, 80612.0, 0.302
0.005054699999163859, 35, 80612.0, 0.302
0.004326200010837056, 36, 80612.0, 0.302
0.0042760000069392845, 37, 80612.0, 0.302
0.005644799995934591, 38, 80612.0, 0.302
0.004625400004442781, 39, 80612.0, 0.302
0.003983700007665902, 40, 80612.0, 0.302
0.004679199992096983, 41, 80612.0, 0.302
0.005888300001970492, 42, 80612.0, 0.302
0.004451700006029569, 43, 80612.0, 0.302
0.0036697000032290816, 44, 80612.0, 0.302
0.00479300000006333, 45, 80612.0, 0.302
0.005702199996449053, 46, 80612.0, 0.302
0.004709700006060302, 47, 80608.0, 0.297
0.004830999998375773, 48, 80608.0, 0.297
0.005685399999492802, 49, 80608.0, 0.297
0.0042354000033810735, 50, 80608.0, 0.297
0.0056702999863773584, 51, 80608.0, 0.297
0.005605300000752322, 52, 80608.0, 0.297
0.004702699996414594, 53, 80608.0, 0.297
0.004766699988977052, 54, 80608.0, 0.297
0.004672800001571886, 55, 80608.0, 0.297
0.005406399999628775, 56, 80608.0, 0.297
0.004716399998869747, 57, 80608.0, 0.297
0.005090899998322129, 58, 80608.0, 0.297
0.004645900000468828, 59, 80608.0, 0.297
0.0042643000051612034, 60, 80608.0, 0.297
0.005754799989517778, 61, 80608.0, 0.297
0.004080500002601184, 62, 80608.0, 0.297
0.004722500001662411, 63, 80608.0, 0.297
0.006077899990486912, 64, 80373.0, 0.005
0.005934699991485104, 65, 80373.0, 0.005
0.005094799998914823, 66, 80373.0, 0.005
0.004684200001065619, 67, 80373.0, 0.005
0.0045836999925086275, 68, 80373.0, 0.005
0.005065299992565997, 69, 80373.0, 0.005
0.004650399991078302, 70, 80373.0, 0.005
0.006726799998432398, 71, 80373.0, 0.005
0.005233999996562488, 72, 80373.0, 0.005
0.004855199993471615, 73, 80373.0, 0.005
0.004220200004056096, 74, 80373.0, 0.005
0.005143000002135523, 75, 80373.0, 0.005
0.007053900000755675, 76, 80373.0, 0.005
0.004474999994272366, 77, 80373.0, 0.005
0.004903900000499561, 78, 80373.0, 0.005
0.004304999994928949, 79, 80373.0, 0.005
0.004536799999186769, 80, 80373.0, 0.005
0.005947900004684925, 81, 80373.0, 0.005
0.006367299996782094, 82, 80373.0, 0.005
0.00456409998878371, 83, 80373.0, 0.005
0.00424479998764582, 84, 80373.0, 0.005
0.00457520000054501, 85, 80373.0, 0.005
0.005089500002213754, 86, 80373.0, 0.005
0.004696500007412396, 87, 80373.0, 0.005
0.004556600004434586, 88, 80373.0, 0.005
0.004242599999997765, 89, 80373.0, 0.005
0.00535150000359863, 90, 80373.0, 0.005
0.0045123000018065795, 91, 80373.0, 0.005
0.004296300001442432, 92, 80373.0, 0.005
0.005569600005401298, 93, 80373.0, 0.005
0.0046648999996250495, 94, 80373.0, 0.005
0.007424299998092465, 95, 80373.0, 0.005
0.00633830000879243, 96, 80373.0, 0.005
0.00648350000847131, 97, 80373.0, 0.005
0.00549670000327751, 98, 80373.0, 0.005
0.004819399997359142, 99, 80373.0, 0.005
0.006091000002925284, 100, 80373.0, 0.005
0.00440330000128597, 101, 80373.0, 0.005
0.004467500009923242, 102, 80373.0, 0.005
0.00463149999268353, 103, 80373.0, 0.005
0.005719299995689653, 104, 80373.0, 0.005
0.004516899993177503, 105, 80373.0, 0.005
0.004625199988367967, 106, 80373.0, 0.005
0.004760900003020652, 107, 80373.0, 0.005
0.004351100011263043, 108, 80373.0, 0.005
0.0062255000084405765, 109, 80373.0, 0.005
0.0053007999958936125, 110, 80373.0, 0.005
0.004509699996560812, 111, 80373.0, 0.005
0.00469889999658335, 112, 80373.0, 0.005
0.004951800001435913, 113, 80373.0, 0.005
0.006028999996487983, 114, 80373.0, 0.005

tour:
[  0  72  73  74  75  76  77  78  79  80  81  82  83  84  85 110 102 104
 111 112 103 105 113 114 106 107 115 116 117 108 109 135 134 133 132 130
 128 126 127 125 118 119 120 121 122 123 129 131 124 225 224 223 222 221
 220 219 218 217 216 215 214 213 212 211 210 209 208 207 206 205 204 203
 202 201 200 199 198 197 196 195 194 193 192 191 190 189 188 187 186 185
 184 183 182 181 180 179 178 177 176 175 174 173 172 171 170 169 168 167
 166 165 164 163 162 161 160 159 158 157 156 155 154 153 152 151 150 148
 147 149 142 141 140 139 146 144 138 137 145 143 136  93 101 100  92  91
  99  98  90  89  97  96  87  88  95  94  86  40  39  38  37  41  42  46
  45  44  43  36  35  34  33  29  28  30  31  32  47  48  27  26  25  24
  23  22  21  20  49  50  51  52  53  54  55  56  57  58  59  60  61  62
  63  19  18  17  64  65  69  68  67  66  16  15  14  13   9   8  10  11
  12  70  71   7   6   5   4   3   2   1]

eliteFit: 80373.0
percentError: 0.004977043387375729
computationTime: 0.698s