instanceName: pr226
n: 226
optFit: 80369

genTime, gen, eliteFit, percentError:
0.0001784999913070351, 0, 1572928.0, 1857.133
0.026184000002103858, 1, 81301.0, 1.160
0.012582999988808297, 2, 81301.0, 1.160
0.013952100009191781, 3, 80849.0, 0.597
0.013322400001925416, 4, 80777.0, 0.508
0.01434270000027027, 5, 80738.0, 0.459
0.013816399994539097, 6, 80550.0, 0.225
0.012983599997824058, 7, 80438.0, 0.086
0.012896200001705438, 8, 80434.0, 0.081
0.013339099998120219, 9, 80409.0, 0.050
0.026674199994886294, 10, 80405.0, 0.045
0.02094339999894146, 11, 80405.0, 0.045
0.014676499995402992, 12, 80385.0, 0.020
0.020804400002816692, 13, 80385.0, 0.020
0.01805840000452008, 14, 80377.0, 0.010
0.013197299995226786, 15, 80377.0, 0.010
0.016187899993383326, 16, 80377.0, 0.010
0.013463499999488704, 17, 80377.0, 0.010
0.015128299986827187, 18, 80377.0, 0.010
0.012162700004409999, 19, 80373.0, 0.005
0.00955039999098517, 20, 80373.0, 0.005
0.005812199990032241, 21, 80373.0, 0.005
0.007226800007629208, 22, 80373.0, 0.005
0.007492299992009066, 23, 80373.0, 0.005
0.008092799995210953, 24, 80369.0, 0.000

tour:
[156 155 154 153 152 151 150 146 148 147 149 142 141 140 139 138 144 145
 137 136 143  93 101 100  92  91  99  98  90  89  97  96  87  88  95  94
  86  40  39  38  37  41  42  46  45  44  43  36  35  34  33  29  28  30
  31  32  47  48  27  26  25  24  23  22  21  20  49  50  51  52  53  54
  55  56  57  58  59  60  61  62  63  19  18  17  64  65  69  68  67  66
  16  15  14  13   9   8  10  11  12  70  71   7   6   5   4   3   2   1
   0  72  73  74  75  76  77  78  79  80  81  82  83  84  85 110 102 104
 111 112 103 105 113 114 106 115 107 108 116 117 109 135 134 133 132 130
 128 126 127 125 118 119 120 121 122 123 129 131 124 225 224 223 222 221
 220 219 218 217 216 215 214 213 212 211 210 209 208 207 206 205 204 203
 202 201 200 199 198 197 196 195 194 193 192 191 190 189 188 187 186 185
 184 183 182 181 180 179 178 177 176 175 174 173 172 171 170 169 168 167
 166 165 164 163 162 161 160 159 158 157]

eliteFit: 80369.0
percentError: 0.0
computationTime: 0.359s