instanceName: eil101
n: 101
optFit: 629

genTime, gen, eliteFit, percentError:
0.00044380000326782465, 0, 3068.0, 387.758
0.0066466999996919185, 1, 659.0, 4.769
0.0032582999992882833, 2, 656.0, 4.293
0.003101299997069873, 3, 650.0, 3.339
0.0035167000023648143, 4, 647.0, 2.862
0.0032213999947998673, 5, 639.0, 1.590
0.002994900001795031, 6, 636.0, 1.113
0.003305600010207854, 7, 636.0, 1.113
0.0029326000076252967, 8, 634.0, 0.795
0.003409600001759827, 9, 630.0, 0.159
0.001635399996303022, 10, 630.0, 0.159
0.002030699994065799, 11, 630.0, 0.159
0.0019229000026825815, 12, 629.0, 0.000

tour:
[ 27  52 100  26  68   0  49  75  76   2  78  77  33  80  32  50   8  34
  70  64  65  19  29  69  30  87   6  81  47  18  10  61   9  31  89  62
  63  48  35  46  45   7  44  16  83   4  59  82  17  51  88   5  95  98
  92  58  91  97  36  99  90  84  60  15  85  37  43  13  41  42  14  56
   1  86  96  94  93  12  57  39  20  72  71  73  21  40  74  55  22  66
  38   3  24  54  53  23  28  67  79  11  25]

eliteFit: 629.0
percentError: 0.0
computationTime: 0.047s