instanceName: ch130
n: 130
optFit: 6110

genTime, gen, eliteFit, percentError:
0.00019990000873804092, 0, 42219.0, 590.982
0.008266199991339818, 1, 6320.0, 3.437
0.00442480000492651, 2, 6190.0, 1.309
0.004676199998357333, 3, 6186.0, 1.244
0.005696099993656389, 4, 6129.0, 0.311
0.004437499999767169, 5, 6129.0, 0.311
0.004319999992731027, 6, 6129.0, 0.311
0.0027322000096319243, 7, 6129.0, 0.311
0.0015449000056833029, 8, 6129.0, 0.311
0.00206540001090616, 9, 6129.0, 0.311
0.0014707000082125887, 10, 6129.0, 0.311
0.0015695000038249418, 11, 6129.0, 0.311
0.0016600999952061102, 12, 6129.0, 0.311
0.0014560999989043921, 13, 6129.0, 0.311
0.0013776999985566363, 14, 6129.0, 0.311
0.0015184000076260418, 15, 6129.0, 0.311
0.0021212999999988824, 16, 6129.0, 0.311
0.001459100007195957, 17, 6129.0, 0.311
0.0015416999958688393, 18, 6129.0, 0.311
0.0022375999978976324, 19, 6129.0, 0.311
0.0016182999970624223, 20, 6129.0, 0.311
0.0013725000026170164, 21, 6129.0, 0.311
0.0028800000000046566, 22, 6129.0, 0.311
0.0016192000039154664, 23, 6129.0, 0.311
0.0012714000040432438, 24, 6129.0, 0.311
0.0023354000004474074, 25, 6129.0, 0.311
0.0017525000002933666, 26, 6129.0, 0.311
0.0015011999930720776, 27, 6129.0, 0.311
0.0021935999975539744, 28, 6129.0, 0.311
0.00141789999906905, 29, 6129.0, 0.311
0.0017349999980069697, 30, 6129.0, 0.311
0.002214400010416284, 31, 6129.0, 0.311
0.001607400001375936, 32, 6129.0, 0.311
0.001404700000421144, 33, 6129.0, 0.311
0.002314400000614114, 34, 6129.0, 0.311
0.0017958999960683286, 35, 6129.0, 0.311
0.001579700008733198, 36, 6129.0, 0.311
0.002585700000054203, 37, 6129.0, 0.311
0.0015453999949386343, 38, 6129.0, 0.311
0.0018091999954776838, 39, 6129.0, 0.311
0.00217500000144355, 40, 6129.0, 0.311
0.0015740000089863315, 41, 6129.0, 0.311
0.0014248000079533085, 42, 6129.0, 0.311
0.0022284000006038696, 43, 6129.0, 0.311
0.0023493000044254586, 44, 6129.0, 0.311
0.0022188000002643093, 45, 6129.0, 0.311
0.0023917000071378425, 46, 6129.0, 0.311
0.0018823999998858199, 47, 6129.0, 0.311
0.0023228999925777316, 48, 6129.0, 0.311
0.0014796000032220036, 49, 6129.0, 0.311
0.0016590000013820827, 50, 6129.0, 0.311
0.0027852999919559807, 51, 6129.0, 0.311
0.0014774000010220334, 52, 6129.0, 0.311
0.0013777999993180856, 53, 6129.0, 0.311
0.0023875000042608008, 54, 6129.0, 0.311

tour:
[ 17  20  32  21  36  39  46  22  95  12  66   9  13 121  54 101   5  90
  71  48  57  52 119  59  50  41  43  92  19  45  79 117   1  49 129  70
  38  40   0 126 106 103  42 109  88  93  76 102  80  11  86  78  94 115
  23  28  14  99  18  26  30  33  16  53  34   3 105  37  91  72  98  73
  74  51  64  55   8  56  81 100 122 110 118  83  35  31 112  97  24  47
  67  62  69  96   6  25  87  85  68  63 123 128  60 108  75  10   4  44
  15 127 104  61  27 114 111 116  82  29  58  89 124  84  65  77 120 125
 113   2 107   7]

eliteFit: 6129.0
percentError: 0.3109656301145663
computationTime: 0.149s