instanceName: pcb442
n: 442
optFit: 50778

genTime, gen, eliteFit, percentError:
0.0004490999999688938, 0, 721074.0, 1320.052
0.10309470001084264, 1, 54340.0, 7.015
0.0631615000020247, 2, 53564.0, 5.487
0.06084499999997206, 3, 53201.0, 4.772
0.05702979999477975, 4, 53163.0, 4.697
0.05262040000525303, 5, 52647.0, 3.681
0.05064370000036433, 6, 52569.0, 3.527
0.05206650000764057, 7, 52569.0, 3.527
0.05795820000639651, 8, 52478.0, 3.348
0.055661000005784445, 9, 52335.0, 3.066
0.05203110000002198, 10, 52302.0, 3.001
0.052747900001122616, 11, 52302.0, 3.001
0.05273690000467468, 12, 52054.0, 2.513
0.056366299992077984, 13, 52054.0, 2.513
0.05716739999479614, 14, 52054.0, 2.513
0.055061000006389804, 15, 51991.0, 2.389
0.04794879999826662, 16, 51953.0, 2.314
0.028379399998812005, 17, 51869.0, 2.149
0.023126999993110076, 18, 51786.0, 1.985
0.02123790000041481, 19, 51786.0, 1.985
0.02006019999680575, 20, 51731.0, 1.877
0.02549400000134483, 21, 51721.0, 1.857
0.02554529999906663, 22, 51721.0, 1.857
0.019506800003000535, 23, 51642.0, 1.702
0.018729400006122887, 24, 51618.0, 1.654
0.022536100004799664, 25, 51618.0, 1.654
0.02485299999534618, 26, 51618.0, 1.654
0.0164443000103347, 27, 51618.0, 1.654
0.018185599998105317, 28, 51618.0, 1.654
0.02092179999453947, 29, 51618.0, 1.654
0.015339499994297512, 30, 51618.0, 1.654
0.015272700009518303, 31, 51618.0, 1.654
0.017441799995140173, 32, 51618.0, 1.654
0.016511299996636808, 33, 51618.0, 1.654
0.018284899997524917, 34, 51618.0, 1.654
0.021129599990672432, 35, 51618.0, 1.654
0.019131799999740906, 36, 51618.0, 1.654
0.019533300001057796, 37, 51618.0, 1.654
0.018269199994392693, 38, 51618.0, 1.654
0.017558200008352287, 39, 51603.0, 1.625
0.01808139999047853, 40, 51593.0, 1.605
0.017835899998317473, 41, 51593.0, 1.605
0.019952699993154965, 42, 51593.0, 1.605
0.015642300000763498, 43, 51593.0, 1.605
0.016440300008980557, 44, 51593.0, 1.605
0.01975069999753032, 45, 51593.0, 1.605
0.017664700004388578, 46, 51593.0, 1.605
0.018641900009242818, 47, 51593.0, 1.605
0.01901100001123268, 48, 51558.0, 1.536
0.01820199999201577, 49, 51558.0, 1.536
0.01695089999702759, 50, 51558.0, 1.536
0.01635750000423286, 51, 51558.0, 1.536
0.015673599991714582, 52, 51558.0, 1.536
0.017684899998130277, 53, 51558.0, 1.536
0.014986199996201321, 54, 51558.0, 1.536
0.01590109999233391, 55, 51558.0, 1.536
0.019086200001765974, 56, 51558.0, 1.536
0.016327400007867254, 57, 51558.0, 1.536
0.015880300008575432, 58, 51558.0, 1.536
0.017748300000675954, 59, 51558.0, 1.536
0.01674300000013318, 60, 51558.0, 1.536
0.017578600003616884, 61, 51558.0, 1.536
0.015258900006301701, 62, 51558.0, 1.536
0.019086100001004525, 63, 51558.0, 1.536
0.016913300001760945, 64, 51558.0, 1.536
0.017384500009939075, 65, 51558.0, 1.536
0.01575819999561645, 66, 51558.0, 1.536
0.01512860000366345, 67, 51558.0, 1.536
0.01684509999176953, 68, 51558.0, 1.536
0.01644310000119731, 69, 51558.0, 1.536
0.017736399997374974, 70, 51558.0, 1.536
0.01957360000233166, 71, 51558.0, 1.536
0.01721239999460522, 72, 51558.0, 1.536
0.016448599999421276, 73, 51558.0, 1.536
0.01832279999507591, 74, 51558.0, 1.536
0.017881699997815304, 75, 51558.0, 1.536
0.02045450000150595, 76, 51558.0, 1.536
0.018855900008929893, 77, 51558.0, 1.536
0.01592440000968054, 78, 51558.0, 1.536
0.019240800000261515, 79, 51558.0, 1.536
0.016735499986680225, 80, 51558.0, 1.536
0.017591199997696094, 81, 51558.0, 1.536
0.017726400008541532, 82, 51558.0, 1.536
0.014960500004235655, 83, 51558.0, 1.536
0.021340799998142757, 84, 51558.0, 1.536
0.019677599993883632, 85, 51558.0, 1.536
0.01467150000098627, 86, 51558.0, 1.536
0.017021700012264773, 87, 51558.0, 1.536
0.017573699995409697, 88, 51558.0, 1.536
0.01664590000291355, 89, 51558.0, 1.536
0.017523699993034825, 90, 51558.0, 1.536
0.016065600008005276, 91, 51558.0, 1.536
0.01684949999616947, 92, 51558.0, 1.536
0.017385899991495535, 93, 51558.0, 1.536
0.017540799992275424, 94, 51558.0, 1.536
0.015897499994025566, 95, 51558.0, 1.536
0.0168472999939695, 96, 51558.0, 1.536
0.01875020000443328, 97, 51558.0, 1.536
0.019186099991202354, 98, 51558.0, 1.536

tour:
[ 14  15  16  17  18  19  20  53  85  86 377  87  88  56  55  54  21  22
  23  24  57  89  90  91  92 100 435  93  61  60  59  58  25  26  27  28
  29  30  31 375 376  32  64  63  62  94 378  95 379  96  97 383 382 112
 124 134 147 159 170 183 198 209 219 225 236 264 413 409 410 218 208 197
 182 169 158 146 133 123 111 110 122 132 145 157 168 181 196 207 217 206
 195 194 205 216 204 193 180 167 156 144 143 390 131 121 109 120 384 108
 381 380  84  83  52  51  50  82 438 107 118 129 141 389 387 119 130 142
 155 166 179 191 192 203 215 224 232 407 408 403 411 412 261 262 235 263
 415 267 419 271 436 274 422 437 421 418 260 259 258 257 256 255 254 253
 231 223 214 202 190 397 178 394 393 154 165 177 189 201 401 230 222 213
 200 188 396 176 164 163 153 140 139 128 117 106 105 104 116 127 138 152
 392 162 175 187 199 212 221 229 247 246 245 244 243 242 241 240 406 402
 210 220 228 211 174 186 398 395 173 150 151 391 137 115 388 386 114 103
 440 385 126 136 149 161 172 185 400 405 227 234 239 266 269 270 273 276
 425 279 439 307 308 282 283 284 285 286 287 313 314 315 316 317 318 319
 320 294 293 292 291 290 289 288 423 420 424 414 248 249 250 251 252 417
 416 277 296 295 321 322 429 428 323 297 298 299 324 325 300 301 302 303
 304 305 330 331 332 306 333 334 335 426 336 337 374 373 372 371 370 431
 369 368 367 366 344 329 328 327 326 430 365 364 363 362 361 343 360 359
 358 434 357 356 355 433 354 353 352 342 351 350 349 339 312 311 310 309
 338 432 348 347 346 345 341 340 427 281 280 278 275 272 268 265 238 237
 233 226 404 399 184 171 160 148 135 125 113 102 101  65  66  67  35  34
  33 441   0   1   2   3   4   5   6   7   8   9  10  11  44  43  42  41
  40  39  38  37  36  68  69  70  71  72  73  74  75  98  76  77  78  79
  99  80  81  49  48  47  46  45  12  13]

eliteFit: 51558.0
percentError: 1.5360983102918586
computationTime: 2.477s