instanceName: pr439
n: 439
optFit: 107217

genTime, gen, eliteFit, percentError:
0.0005238000012468547, 0, 1769926.0, 1550.789
0.09887329999764916, 1, 112740.0, 5.151
0.06705869999132119, 2, 111949.0, 4.413
0.06025490000320133, 3, 110525.0, 3.085
0.07958859999780543, 4, 110134.0, 2.721
0.05833849999180529, 5, 109423.0, 2.058
0.05838659999426454, 6, 109315.0, 1.957
0.059592999998130836, 7, 109315.0, 1.957
0.061734000002616085, 8, 108905.0, 1.574
0.059157399999094196, 9, 108905.0, 1.574
0.05393000000913162, 10, 108642.0, 1.329
0.05367000000842381, 11, 108642.0, 1.329
0.05207650001102593, 12, 108455.0, 1.155
0.05768529999477323, 13, 108455.0, 1.155
0.04411299999628682, 14, 108455.0, 1.155
0.022056500005419366, 15, 108455.0, 1.155
0.017209199999342673, 16, 108455.0, 1.155
0.016028899990487844, 17, 108455.0, 1.155
0.01741990000300575, 18, 108455.0, 1.155
0.016052899998612702, 19, 108389.0, 1.093
0.01705349999247119, 20, 108389.0, 1.093
0.01828249999380205, 21, 108389.0, 1.093
0.0175423999899067, 22, 108389.0, 1.093
0.01732679999258835, 23, 108389.0, 1.093
0.01606280000123661, 24, 108389.0, 1.093
0.017920400001457892, 25, 108389.0, 1.093
0.023163799996837042, 26, 108389.0, 1.093
0.016274499997962266, 27, 108389.0, 1.093
0.015631399990525097, 28, 108389.0, 1.093
0.021248899996862747, 29, 108380.0, 1.085
0.018367199998465367, 30, 108380.0, 1.085
0.025414999996428378, 31, 108337.0, 1.045
0.0341508999990765, 32, 108337.0, 1.045
0.03485250000085216, 33, 108328.0, 1.036
0.038263299997197464, 34, 108316.0, 1.025
0.02931739999621641, 35, 108316.0, 1.025
0.03667610000411514, 36, 108316.0, 1.025
0.0332320999877993, 37, 108273.0, 0.985
0.025263099989388138, 38, 108261.0, 0.974
0.020621299991034903, 39, 108261.0, 0.974
0.021563300004345365, 40, 108255.0, 0.968
0.018379400004050694, 41, 108217.0, 0.933
0.025995100004365668, 42, 108217.0, 0.933
0.021449799998663366, 43, 108217.0, 0.933
0.030025200001546182, 44, 108217.0, 0.933
0.03502850000222679, 45, 108217.0, 0.933
0.035306599995237775, 46, 108217.0, 0.933
0.04054610000457615, 47, 108217.0, 0.933
0.021464200006448664, 48, 108207.0, 0.923
0.016957400002866052, 49, 108207.0, 0.923
0.018599899995024316, 50, 108207.0, 0.923
0.020003500001621433, 51, 108207.0, 0.923
0.014924799994332716, 52, 108207.0, 0.923
0.017237499996554106, 53, 108207.0, 0.923
0.015452599996933714, 54, 108207.0, 0.923
0.01805840000452008, 55, 108207.0, 0.923
0.01762379999854602, 56, 108127.0, 0.849
0.01849390000279527, 57, 108127.0, 0.849
0.0177457000099821, 58, 108127.0, 0.849
0.018538600008469075, 59, 108096.0, 0.820
0.021036999998614192, 60, 108096.0, 0.820
0.018783100007567555, 61, 108096.0, 0.820
0.018932999999378808, 62, 108096.0, 0.820
0.019330700000864454, 63, 108096.0, 0.820
0.017820900000515394, 64, 108096.0, 0.820
0.015360899997176602, 65, 108096.0, 0.820
0.020442900000489317, 66, 108096.0, 0.820
0.01726300000154879, 67, 108096.0, 0.820
0.02091659999859985, 68, 108096.0, 0.820
0.016027400008169934, 69, 108096.0, 0.820
0.01699709999957122, 70, 108096.0, 0.820
0.016562000004341826, 71, 108096.0, 0.820
0.017640399993979372, 72, 108096.0, 0.820
0.016476299992064014, 73, 108096.0, 0.820
0.02146340000035707, 74, 108096.0, 0.820
0.017684899998130277, 75, 108096.0, 0.820
0.015354700008174405, 76, 108096.0, 0.820
0.017936499993084, 77, 108096.0, 0.820
0.01808740000706166, 78, 108096.0, 0.820
0.01939719999791123, 79, 108096.0, 0.820
0.019962800011853687, 80, 108096.0, 0.820
0.02016080000612419, 81, 108096.0, 0.820
0.02163210000435356, 82, 108096.0, 0.820
0.017883900000015274, 83, 108096.0, 0.820
0.017820699998992495, 84, 108096.0, 0.820
0.017011499992804602, 85, 108096.0, 0.820
0.01719250000314787, 86, 108096.0, 0.820
0.018668600008822978, 87, 108096.0, 0.820
0.015935099989292212, 88, 108096.0, 0.820
0.016257600000244565, 89, 108096.0, 0.820
0.016016599998692982, 90, 108096.0, 0.820
0.019865800000843592, 91, 108096.0, 0.820
0.017065399995772168, 92, 108096.0, 0.820
0.015955899987602606, 93, 108096.0, 0.820
0.01822750001156237, 94, 108096.0, 0.820
0.01664139999775216, 95, 108096.0, 0.820
0.022650400002021343, 96, 108096.0, 0.820
0.018234899995150045, 97, 108096.0, 0.820
0.016037299996241927, 98, 108096.0, 0.820
0.01842649999889545, 99, 108096.0, 0.820
0.015589899994665757, 100, 108096.0, 0.820
0.017854400008218363, 101, 108096.0, 0.820
0.015969100000802428, 102, 108096.0, 0.820
0.01672569999936968, 103, 108096.0, 0.820
0.01918310001201462, 104, 108096.0, 0.820
0.01818990000174381, 105, 108096.0, 0.820
0.01715159999730531, 106, 108096.0, 0.820
0.016892899991944432, 107, 108096.0, 0.820
0.016477299999678507, 108, 108096.0, 0.820
0.01684199999726843, 109, 108096.0, 0.820

tour:
[124 122 100 121 120 118 119 116 114 117 115 141 140 139 138 137 157 158
 176 177 198 199 200 201 175 174 160 161 159 136 135 134 133 162 163 164
 166 165 168 167 169 170 171 172 173 203 202 204 205 206 207 208 250 252
 251 254 253 315 316 317 318 319 320 321 322 323 324 325 326 327 328 330
 331 329 303 302 301 300 271 270 269 268 267 304 305 266 265 264 263 306
 307 308 309 310 311 312 313 314 255 256 257 258 259 260 261 262 241 242
 243 244 245 246 247 248 249 209 210 211 212 213 214 215 197 196 195 194
 193 192 220 219 218 217 216 240 239 238 237 236 235 234 233 232 221 222
 223 278 277 276 275 274 273 272 299 298 297 296 295 294 293 338 337 336
 335 334 333 332 365 364 363 362 361 360 359 369 368 367 366 377 384 385
 386 387 400 399 401 403 404 416 417 427 428 430 415 414 418 419 420 413
 405 406 412 411 422 421 431 432 429 426 423 425 424 409 410 408 407 402
 433 437 436 435 434 438 283 343 342 341 340 372 370 371 382 381 383 393
 394 392 396 395 397 398 391 390 380 374 373 379 389 388 378 376 375 344
 345 347 346 348 349 350 352 351 353 354 355 357 356 358 292 291 290 289
 288 287 339 286 285 284 279 231 230 224 188 187 186 229 280 281 228 282
 227 226 225 185 148  84  83  82  52  53  54  55  81  80  79  78  37  38
  41  43  39  40  42  44  45  48  46  47  49  50  51   1   2   0   3   4
   5   6   7   8   9  10  11  12  13  14  15  16  32  33  34  35  36  56
  57  77  85  86  76  58  59  60  75  74  61  31  30  29  28  27  26  25
  62  72  73  63  24  22  20  21  23  64  65  66  19  18  17  67  68  69
  70  71  87  88  89  90 103 104 105 106 107 108 109 110 111 145 143 146
 147 144 184 189 190 183 191 182 181 180 179 178 156 155 154 153 152 151
 150 149 142 112 113 102 101  91  92  93  99  94  95  96  97  98 127 132
 131 130 129 128 126 125 123]

eliteFit: 108096.0
percentError: 0.8198326757883545
computationTime: 2.836s