instanceName: pr439
n: 439
optFit: 107217

genTime, gen, eliteFit, percentError:
0.0004774999979417771, 0, 1775915.0, 1556.374
0.0988707000069553, 1, 113914.0, 6.246
0.059752999994088896, 2, 111759.0, 4.236
0.06441399999312125, 3, 110885.0, 3.421
0.05731040000682697, 4, 110870.0, 3.407
0.06261489998723846, 5, 110296.0, 2.872
0.061409700007061474, 6, 109919.0, 2.520
0.06069589999970049, 7, 109632.0, 2.252
0.08181030000559986, 8, 109433.0, 2.067
0.05497309999191202, 9, 109433.0, 2.067
0.05176000000210479, 10, 109098.0, 1.754
0.051473799991072156, 11, 108751.0, 1.431
0.04256889999669511, 12, 108594.0, 1.284
0.05217579999589361, 13, 108526.0, 1.221
0.05448360000445973, 14, 108281.0, 0.992
0.039482499996665865, 15, 108281.0, 0.992
0.0321232999995118, 16, 108210.0, 0.926
0.02300259999174159, 17, 108163.0, 0.882
0.019877400001860224, 18, 108154.0, 0.874
0.02232160000130534, 19, 108127.0, 0.849
0.028329399996437132, 20, 108073.0, 0.798
0.028751599995302968, 21, 107543.0, 0.304
0.03368729999056086, 22, 107543.0, 0.304
0.04043680000177119, 23, 107540.0, 0.301
0.03743979999853764, 24, 107540.0, 0.301
0.027061000000685453, 25, 107504.0, 0.268
0.024206200003391132, 26, 107504.0, 0.268
0.020223100000293925, 27, 107451.0, 0.218
0.029396800004178658, 28, 107451.0, 0.218
0.0179274000111036, 29, 107451.0, 0.218
0.017537299994728528, 30, 107451.0, 0.218
0.02125299999897834, 31, 107451.0, 0.218
0.016502300000865944, 32, 107451.0, 0.218
0.016670700002578087, 33, 107451.0, 0.218
0.017194500003824942, 34, 107451.0, 0.218
0.015349599998444319, 35, 107451.0, 0.218
0.019333200005348772, 36, 107451.0, 0.218
0.016777700002421625, 37, 107451.0, 0.218
0.014628899996750988, 38, 107451.0, 0.218
0.01598270000249613, 39, 107451.0, 0.218
0.01648009999189526, 40, 107451.0, 0.218
0.016270599997369573, 41, 107451.0, 0.218
0.016402499997639097, 42, 107451.0, 0.218
0.018345400007092394, 43, 107451.0, 0.218
0.024844100000336766, 44, 107451.0, 0.218
0.018880499992519617, 45, 107451.0, 0.218
0.017373499998939224, 46, 107451.0, 0.218
0.018156600010115653, 47, 107451.0, 0.218
0.019685599996591918, 48, 107451.0, 0.218
0.018492600007448345, 49, 107451.0, 0.218
0.017854000005172566, 50, 107451.0, 0.218
0.016749999995226972, 51, 107451.0, 0.218
0.02141900001151953, 52, 107451.0, 0.218
0.018698900006711483, 53, 107451.0, 0.218
0.023353700002189726, 54, 107451.0, 0.218
0.015228500007651746, 55, 107451.0, 0.218
0.019429100007982925, 56, 107451.0, 0.218
0.018287800005055033, 57, 107451.0, 0.218
0.015514799990341999, 58, 107451.0, 0.218
0.016890700004296377, 59, 107451.0, 0.218
0.01727569999638945, 60, 107451.0, 0.218
0.016099299988127314, 61, 107451.0, 0.218
0.014789099994231947, 62, 107451.0, 0.218
0.018036599998595193, 63, 107451.0, 0.218
0.019869700001436286, 64, 107451.0, 0.218
0.016353900005924515, 65, 107451.0, 0.218
0.01793329999782145, 66, 107451.0, 0.218
0.02354179999383632, 67, 107451.0, 0.218
0.02145290000771638, 68, 107451.0, 0.218
0.025826400000369176, 69, 107451.0, 0.218
0.019524000003002584, 70, 107451.0, 0.218
0.017632299990509637, 71, 107451.0, 0.218
0.01820649999717716, 72, 107451.0, 0.218
0.01956469999277033, 73, 107451.0, 0.218
0.016519500000867993, 74, 107451.0, 0.218
0.01638010000169743, 75, 107451.0, 0.218
0.01512189999630209, 76, 107451.0, 0.218
0.019293799996376038, 77, 107451.0, 0.218

tour:
[103 104 105 106 107 108 109 110 111 145 143 146 147 144 184 189 223 222
 232 233 234 235 236 237 238 239 240 241 242 243 244 245 246 247 248 249
 209 210 211 212 213 214 215 216 217 218 219 220 221 190 183 149 150 152
 153 154 155 156 157 158 159 160 161 133 134 135 136 137 138 139 140 141
 151 142 112 113 115 117 118 120 121 100 119 116 114 102 101  91  92  93
  99  94  95  96  97  98 124 122 123 125 126 128 127 129 130 131 132 166
 164 163 162 165 168 167 169 170 171 172 173 203 174 175 176 177 178 179
 180 181 182 191 192 193 194 195 196 197 198 199 200 201 202 204 205 206
 207 208 250 252 251 254 253 315 255 256 257 258 259 260 261 262 263 264
 265 266 267 268 269 270 271 304 305 306 307 308 309 310 311 312 313 314
 316 317 318 319 320 321 322 323 324 325 326 327 328 330 331 329 303 302
 301 300 272 273 274 275 276 277 278 293 294 295 296 297 298 299 332 333
 334 335 336 337 338 359 369 360 361 362 363 364 365 366 367 368 377 384
 385 386 387 400 399 401 403 404 416 417 427 428 430 415 414 418 419 420
 413 405 406 412 411 422 421 431 432 429 426 423 425 424 409 410 408 407
 402 433 437 436 435 434 438 283 343 342 341 340 372 370 371 382 381 383
 393 394 392 396 395 397 398 391 390 380 374 373 379 389 388 378 376 375
 344 345 347 346 348 349 350 352 351 353 354 355 357 356 358 292 291 290
 289 288 287 339 286 285 284 279 231 230 224 188 187 186 229 280 281 228
 282 227 226 225 185 148  84  83  82  52  53  54  55  81  80  79  78  56
  37  38  39  40  42  41  43  44  45  48  46  47  49  50  51   1   2   0
   3   4   5   6   7   8   9  10  11  12  13  14  15  16  32  33  34  35
  36  57  77  85  86  76  58  59  60  75  74  61  31  30  29  27  25  26
  28  62  72  73  63  24  22  20  21  23  64  65  66  19  18  17  67  68
  69  70  71  87  88  89  90]

eliteFit: 107451.0
percentError: 0.2182489717115756
computationTime: 2.197s