instanceName: pr144
n: 144
optFit: 58537

genTime, gen, eliteFit, percentError:
0.00016740000864956528, 0, 706909.0, 1107.628
0.01308840001001954, 1, 58796.0, 0.442
0.006554299994604662, 2, 58603.0, 0.113
0.00659240000823047, 3, 58603.0, 0.113
0.006667599998763762, 4, 58570.0, 0.056
0.008007999989786185, 5, 58537.0, 0.000

tour:
[  0   2   3   4   5  21  22  36  37  38  39  20  40  41  14  15  16  17
  19  18   7   6   8   9  10  11  12  13  42  43  44  70  71  69  68  67
  66  65  64  63  62  61  60  86  87 102 101 100  99  98  95  94  92  93
  96  97  89  88  77  76  75  74  73  72  90  91 115 116 117 118 119 120
 121 122 123 124 125 126 127 128 129 114 130 131 132 133 134 135 136 137
 138 139 140 141 142 143 113 112 111 110 109 106 105 103 104 107 108  85
  84  83  82  81  80  79  78  59  58  47  46  45  57  56  55  54  53  52
  51  50  49  48  30  31  32  33  29  34  35  23  24  25  26  28  27   1]

eliteFit: 58537.0
percentError: 0.0
computationTime: 0.045s