instanceName: kroB150
n: 150
optFit: 26130

genTime, gen, eliteFit, percentError:
0.00023489999875891954, 0, 231572.0, 786.230
0.010198400006629527, 1, 26790.0, 2.526
0.006222900003194809, 2, 26790.0, 2.526
0.006248399993637577, 3, 26718.0, 2.250
0.00666060000366997, 4, 26629.0, 1.910
0.0067045999894617125, 5, 26475.0, 1.320
0.006190600004629232, 6, 26421.0, 1.114
0.00543229999311734, 7, 26239.0, 0.417
0.005661599992890842, 8, 26239.0, 0.417
0.005635399997117929, 9, 26233.0, 0.394
0.005495100005646236, 10, 26233.0, 0.394
0.003743099994608201, 11, 26227.0, 0.371
0.0042129999928874895, 12, 26227.0, 0.371
0.004911199997877702, 13, 26222.0, 0.352
0.004858400003286079, 14, 26218.0, 0.337
0.005509599999641068, 15, 26218.0, 0.337
0.005846000000019558, 16, 26218.0, 0.337
0.004817100008949637, 17, 26218.0, 0.337
0.005424000002676621, 18, 26218.0, 0.337
0.0027737999917007983, 19, 26218.0, 0.337
0.0028590000001713634, 20, 26218.0, 0.337
0.0023166000028140843, 21, 26218.0, 0.337
0.002452599990647286, 22, 26218.0, 0.337
0.0018954999977722764, 23, 26218.0, 0.337
0.0020828999986406416, 24, 26218.0, 0.337
0.002410699991742149, 25, 26218.0, 0.337
0.002422999998088926, 26, 26218.0, 0.337
0.003288000007160008, 27, 26218.0, 0.337
0.0031875999993644655, 28, 26218.0, 0.337
0.00276319999829866, 29, 26218.0, 0.337
0.0028344000020297244, 30, 26218.0, 0.337
0.00305359999765642, 31, 26218.0, 0.337
0.0028846000059274957, 32, 26218.0, 0.337
0.0028931999986525625, 33, 26218.0, 0.337
0.002229199992143549, 34, 26218.0, 0.337
0.0021302999957697466, 35, 26218.0, 0.337
0.0028187999996589497, 36, 26218.0, 0.337
0.0020388999982969835, 37, 26218.0, 0.337
0.002872700002626516, 38, 26218.0, 0.337
0.002311000003828667, 39, 26218.0, 0.337
0.001957799991942011, 40, 26218.0, 0.337
0.0026578999968478456, 41, 26218.0, 0.337
0.002201499999500811, 42, 26218.0, 0.337
0.002966500003822148, 43, 26218.0, 0.337
0.0020213999960105866, 44, 26218.0, 0.337
0.0024185999936889857, 45, 26218.0, 0.337
0.0022761000000173226, 46, 26218.0, 0.337
0.0028920000040670857, 47, 26218.0, 0.337
0.002177500005927868, 48, 26218.0, 0.337
0.0023545999865746126, 49, 26218.0, 0.337
0.0031340999994426966, 50, 26218.0, 0.337
0.002015900012338534, 51, 26218.0, 0.337
0.002468200007569976, 52, 26218.0, 0.337
0.002243299997644499, 53, 26218.0, 0.337
0.002099099991028197, 54, 26218.0, 0.337
0.0027421999984653667, 55, 26218.0, 0.337
0.002242100003059022, 56, 26218.0, 0.337
0.0023945000139065087, 57, 26218.0, 0.337
0.0021852999925613403, 58, 26218.0, 0.337
0.0028560000064317137, 59, 26218.0, 0.337
0.0019816999993054196, 60, 26218.0, 0.337
0.0019749999919440597, 61, 26218.0, 0.337
0.002634399992530234, 62, 26218.0, 0.337
0.0018877999973483384, 63, 26218.0, 0.337
0.001990100005059503, 64, 26218.0, 0.337

tour:
[ 76  79 146  64 129 106  26  39  11  45 124 136  52   0  84  14  12  78
 109  19  63  41  54  66  30  46 103 148   5  53 133  74  21 111   7 105
  16  24  89  33  57  87 147  97 108 144 113 107 112 137  61  82 125  71
 123  70  37  38  27 100  55 118   4  42  85 132  49  94  90 122  93 128
 130 138 120  75 110  69 101  22  34   1  67  29  20 121  88  40  58 117
  72   2  68  13 140  98 104  18  91   9  35  56  73  99  32  44  80 135
  96 143  95  86 149  51  10  83 127 102  47  65  43  62  50 126 145 134
  15 119  36   8  77  81   6  25  60 131  31 116  23 141  28  17  48  92
 142   3 115  59 139 114]

eliteFit: 26218.0
percentError: 0.336777650210486
computationTime: 0.250s