instanceName: rl5934
n: 5934
optFit: 556045

genTime, gen, eliteFit, percentError:
0.009335900016594678, 0, 41518105.0, 7366.681
76.71729810000397, 1, 635256.0, 14.245
49.327612499997485, 2, 624605.0, 12.330
47.474322099995334, 3, 617400.0, 11.034
45.907812000019476, 4, 613141.0, 10.268
44.97765660000732, 5, 612340.0, 10.124
44.66645219997736, 6, 607589.0, 9.270
43.91849009995349, 7, 604892.0, 8.785
45.15035169996554, 8, 602525.0, 8.359
43.251465400040615, 9, 600386.0, 7.974
45.4947863999987, 10, 596991.0, 7.364
40.59967540000798, 11, 596991.0, 7.364
42.366412699979264, 12, 596991.0, 7.364
42.95876829995541, 13, 594842.0, 6.977
39.887748899986036, 14, 594401.0, 6.898
39.55755920003867, 15, 592313.0, 6.522
41.01818260003347, 16, 592313.0, 6.522
41.57985019998159, 17, 592111.0, 6.486
39.103741400002036, 18, 591866.0, 6.442
34.78843740001321, 19, 590659.0, 6.225
24.747695400030352, 20, 590659.0, 6.225
28.11658750002971, 21, 590231.0, 6.148
33.6164940999588, 22, 590067.0, 6.119
30.59192490001442, 23, 589798.0, 6.070
22.7660514000454, 24, 589219.0, 5.966
18.32412619999377, 25, 588883.0, 5.906
18.250593399978243, 26, 588397.0, 5.818
17.171997500001453, 27, 588168.0, 5.777
16.226689899980556, 28, 587836.0, 5.717
12.895707699994091, 29, 587598.0, 5.675
15.794992299983278, 30, 587373.0, 5.634
15.659265400026925, 31, 586896.0, 5.548
13.826931099989451, 32, 586827.0, 5.536
17.2570313999895, 33, 586540.0, 5.484
16.977979699964635, 34, 586411.0, 5.461
11.083389000035822, 35, 586411.0, 5.461
8.52103999996325, 36, 586267.0, 5.435
9.507690700003877, 37, 586147.0, 5.414
10.506471100030467, 38, 586041.0, 5.395
11.782246400020085, 39, 585870.0, 5.364
13.791416899999604, 40, 585542.0, 5.305
12.212206700001843, 41, 585242.0, 5.251
13.826967099972535, 42, 585125.0, 5.230
8.921549100021366, 43, 585125.0, 5.230
9.298556499998085, 44, 584864.0, 5.183
13.881483999954071, 45, 584864.0, 5.183
7.804118300031405, 46, 584837.0, 5.178
8.96765340003185, 47, 584837.0, 5.178
8.328140300000086, 48, 584829.0, 5.177
7.6289541000151075, 49, 584829.0, 5.177
9.499982799985446, 50, 584829.0, 5.177
9.195691299973987, 51, 584829.0, 5.177
9.615353500004858, 52, 584829.0, 5.177
7.664341100025922, 53, 584829.0, 5.177
7.6269420000026, 54, 584829.0, 5.177
8.99401179997949, 55, 584829.0, 5.177
8.600867700006347, 56, 584829.0, 5.177
9.22891919995891, 57, 584829.0, 5.177
7.211272699991241, 58, 584829.0, 5.177
7.458073400019202, 59, 584829.0, 5.177
8.177300100040156, 60, 584829.0, 5.177
7.729854300036095, 61, 584829.0, 5.177
9.405610300018452, 62, 584829.0, 5.177
7.004094099975191, 63, 584829.0, 5.177
10.648616500024218, 64, 584564.0, 5.129
9.567716600024141, 65, 584564.0, 5.129
9.6224592999788, 66, 584564.0, 5.129
8.722138800018001, 67, 584564.0, 5.129
7.5084141999832354, 68, 584564.0, 5.129
9.687646300008055, 69, 584564.0, 5.129
8.24881820002338, 70, 583673.0, 4.969
8.467669399979059, 71, 583402.0, 4.920
11.453901499975473, 72, 583402.0, 4.920
14.06084180000471, 73, 583234.0, 4.890
11.92230269999709, 74, 583234.0, 4.890
9.400637300044764, 75, 583216.0, 4.886
9.143501099955756, 76, 583173.0, 4.879
14.1211323000025, 77, 582843.0, 4.819
14.7084751999937, 78, 582843.0, 4.819
14.748524599999655, 79, 582772.0, 4.807
13.620941200002562, 80, 582463.0, 4.751
16.313291700033005, 81, 581927.0, 4.655
14.406772300018929, 82, 581833.0, 4.638
9.70576019998407, 83, 581700.0, 4.614
9.012179699959233, 84, 581676.0, 4.610
8.324772000021767, 85, 581676.0, 4.610
8.088280000025406, 86, 581676.0, 4.610
6.95362230000319, 87, 581676.0, 4.610
8.20756110001821, 88, 581676.0, 4.610
10.060247199959122, 89, 581530.0, 4.583
8.625302700034808, 90, 581530.0, 4.583
8.565771299996413, 91, 581490.0, 4.576
9.681950300000608, 92, 581416.0, 4.563
9.781058900000062, 93, 581372.0, 4.555
8.904694699973334, 94, 581309.0, 4.544
8.092269699962344, 95, 581309.0, 4.544
8.862994999974035, 96, 581129.0, 4.511
11.43187949998537, 97, 580847.0, 4.460
9.511927799961995, 98, 580847.0, 4.460
10.490075099980459, 99, 580803.0, 4.453
7.78017019998515, 100, 580803.0, 4.453
8.091418299998622, 101, 580803.0, 4.453
9.872508100001141, 102, 580682.0, 4.431
11.392655099974945, 103, 580682.0, 4.431
15.479778599983547, 104, 580557.0, 4.408
19.89308509998955, 105, 580496.0, 4.397
15.979227199975867, 106, 580496.0, 4.397
7.70870429999195, 107, 580496.0, 4.397
8.625089600041974, 108, 580405.0, 4.381
7.776152000005823, 109, 580405.0, 4.381
8.10988790000556, 110, 580316.0, 4.365
9.000187000026926, 111, 580316.0, 4.365
8.145434200007003, 112, 580230.0, 4.349
10.508452800044324, 113, 580230.0, 4.349
10.893691900011618, 114, 580195.0, 4.343
8.701847599993926, 115, 580195.0, 4.343
8.951815899985377, 116, 580195.0, 4.343
8.151852699986193, 117, 580195.0, 4.343
7.689752800040878, 118, 580195.0, 4.343
8.586754899995867, 119, 580195.0, 4.343
7.896673699957319, 120, 580195.0, 4.343
7.88750179996714, 121, 580195.0, 4.343
8.543285800027661, 122, 580195.0, 4.343
8.449227300006896, 123, 580195.0, 4.343
7.59459249995416, 124, 580182.0, 4.341
7.129645899985917, 125, 580091.0, 4.324
13.388928600004874, 126, 579913.0, 4.292
10.17193930002395, 127, 579809.0, 4.274
9.610340199957136, 128, 579809.0, 4.274
10.638294900010806, 129, 579641.0, 4.244
8.609517999982927, 130, 579641.0, 4.244
8.093638599966653, 131, 579641.0, 4.244
9.940624799986836, 132, 579641.0, 4.244
8.623156299989205, 133, 579641.0, 4.244
9.640252200013492, 134, 579641.0, 4.244
10.24081320001278, 135, 579641.0, 4.244
8.800038199988194, 136, 579641.0, 4.244
7.920382599986624, 137, 579641.0, 4.244
8.541965599986725, 138, 579641.0, 4.244
8.360974100010935, 139, 579641.0, 4.244
8.362959199992474, 140, 579641.0, 4.244
7.1722992999712005, 141, 579594.0, 4.235
9.023586299968883, 142, 579594.0, 4.235
7.858487699995749, 143, 579594.0, 4.235
10.413717399991583, 144, 579594.0, 4.235
9.15101789997425, 145, 579594.0, 4.235
7.151811300020199, 146, 579594.0, 4.235
6.773175099981017, 147, 579594.0, 4.235
9.162031300016679, 148, 579594.0, 4.235
8.927303900010884, 149, 579594.0, 4.235
7.319022200012114, 150, 579594.0, 4.235
8.105431800009683, 151, 579594.0, 4.235
9.790435900038574, 152, 579473.0, 4.213
8.963307500001974, 153, 579473.0, 4.213
7.642849300056696, 154, 579473.0, 4.213
9.004135700000916, 155, 579378.0, 4.196
8.14235350000672, 156, 579378.0, 4.196
10.996912900009193, 157, 579378.0, 4.196
8.483469599974342, 158, 579107.0, 4.148
9.464087800006382, 159, 579107.0, 4.148
11.204903699981514, 160, 578964.0, 4.122
12.384423800045624, 161, 578964.0, 4.122
9.90616970002884, 162, 578964.0, 4.122
9.381555899977684, 163, 578964.0, 4.122
7.339709500025492, 164, 578964.0, 4.122
7.15155860001687, 165, 578964.0, 4.122
9.11237849999452, 166, 578964.0, 4.122
8.301424800010864, 167, 578964.0, 4.122
8.05623409996042, 168, 578964.0, 4.122
6.359518399985973, 169, 578920.0, 4.114
7.656986000016332, 170, 578920.0, 4.114
7.272618799994234, 171, 578920.0, 4.114
7.664733599987812, 172, 578920.0, 4.114
9.683628600032534, 173, 578920.0, 4.114
11.054621000017505, 174, 578920.0, 4.114
9.08776940003736, 175, 578920.0, 4.114
8.378149200056214, 176, 578920.0, 4.114
8.66187190002529, 177, 578920.0, 4.114
8.536489300022367, 178, 578920.0, 4.114
9.170520999992732, 179, 578811.0, 4.094
9.68306459998712, 180, 578811.0, 4.094
11.73362359998282, 181, 578811.0, 4.094
14.377006699971389, 182, 578780.0, 4.089
11.007884999969974, 183, 578511.0, 4.040
15.768123299989384, 184, 578511.0, 4.040
15.83317719999468, 185, 578435.0, 4.027
14.248436300025787, 186, 578156.0, 3.976
13.806848100037314, 187, 577833.0, 3.918
19.818089800013695, 188, 577580.0, 3.873
14.935995500010904, 189, 577440.0, 3.848
18.422256299993023, 190, 577313.0, 3.825
16.3350436000037, 191, 577313.0, 3.825
18.675138299993705, 192, 577087.0, 3.784
17.166959599999245, 193, 577087.0, 3.784
15.871937200019602, 194, 576968.0, 3.763
15.537891199986916, 195, 576911.0, 3.753
17.06593390001217, 196, 576649.0, 3.705
15.616885899973568, 197, 576628.0, 3.702
12.61634549999144, 198, 576528.0, 3.684
10.801032099989243, 199, 576353.0, 3.652
7.444872200023383, 200, 576339.0, 3.650
8.824606499983929, 201, 576289.0, 3.641
13.722331399971154, 202, 576159.0, 3.617
9.8219597999705, 203, 576159.0, 3.617
7.988444600021467, 204, 576159.0, 3.617
8.741976200020872, 205, 576159.0, 3.617
8.208071400003973, 206, 576159.0, 3.617
8.344194200006314, 207, 576159.0, 3.617
7.810966399963945, 208, 576159.0, 3.617
8.655165400006808, 209, 576118.0, 3.610
9.107291700027417, 210, 576118.0, 3.610
11.32080169999972, 211, 576118.0, 3.610
7.876098599983379, 212, 576118.0, 3.610
8.046546199999284, 213, 576118.0, 3.610
8.592876800044905, 214, 576118.0, 3.610
8.15757110004779, 215, 576118.0, 3.610
8.059970400005113, 216, 576118.0, 3.610
9.496159699978307, 217, 576118.0, 3.610
8.408894199994393, 218, 576118.0, 3.610
8.152041000023019, 219, 576118.0, 3.610
9.353953499987256, 220, 576118.0, 3.610
10.581039299955592, 221, 576118.0, 3.610
8.30708549998235, 222, 575933.0, 3.577
9.949352999974508, 223, 575933.0, 3.577
17.521405900013633, 224, 575682.0, 3.532
18.952041700016707, 225, 575682.0, 3.532
23.915370899951085, 226, 575591.0, 3.515
20.93207749997964, 227, 575389.0, 3.479
18.944503400009125, 228, 575327.0, 3.468
19.677841800032184, 229, 575327.0, 3.468
9.742109199985862, 230, 575130.0, 3.432
7.9194228000123985, 231, 575130.0, 3.432
8.029507300001569, 232, 574978.0, 3.405
8.261055400012992, 233, 574978.0, 3.405
9.063152799964882, 234, 574978.0, 3.405
8.968526499986183, 235, 574978.0, 3.405
8.308009500033222, 236, 574978.0, 3.405
9.474616400024388, 237, 574978.0, 3.405
9.980323399999179, 238, 574978.0, 3.405
10.096510400006082, 239, 574978.0, 3.405
7.687939100025687, 240, 574978.0, 3.405
8.055912699957844, 241, 574978.0, 3.405
9.487979399971664, 242, 574978.0, 3.405
8.68513569998322, 243, 574978.0, 3.405
8.264183899969794, 244, 574978.0, 3.405
8.579764599970076, 245, 574978.0, 3.405
8.093073299969546, 246, 574978.0, 3.405
8.248071399983019, 247, 574978.0, 3.405
8.906674100027885, 248, 574978.0, 3.405
9.029258999973536, 249, 574978.0, 3.405
9.017621300008614, 250, 574978.0, 3.405
7.3536055000149645, 251, 574978.0, 3.405
7.749012800049968, 252, 574978.0, 3.405
8.34659329999704, 253, 574978.0, 3.405
9.035689700045623, 254, 574978.0, 3.405
8.013903199986089, 255, 574893.0, 3.390
8.870361999957822, 256, 574893.0, 3.390
10.185581900004763, 257, 574893.0, 3.390
9.467238700017333, 258, 574893.0, 3.390
7.843088599969633, 259, 574893.0, 3.390
7.705540700000711, 260, 574893.0, 3.390
9.187616999959573, 261, 574893.0, 3.390
8.532893399999011, 262, 574893.0, 3.390
8.042750799970236, 263, 574893.0, 3.390
9.641714500030503, 264, 574893.0, 3.390
9.981271900003776, 265, 574893.0, 3.390
8.267227899981663, 266, 574893.0, 3.390
8.278254100005142, 267, 574893.0, 3.390
7.230066000018269, 268, 574893.0, 3.390
8.467657200002577, 269, 574893.0, 3.390
8.673507499974221, 270, 574893.0, 3.390
10.267742199997883, 271, 574893.0, 3.390
9.450414299964905, 272, 574893.0, 3.390
8.977221500012092, 273, 574893.0, 3.390
9.506406600004993, 274, 574893.0, 3.390
9.000992199988104, 275, 574893.0, 3.390
7.28064870001981, 276, 574893.0, 3.390
7.100512199976947, 277, 574893.0, 3.390
7.679497300006915, 278, 574893.0, 3.390
8.36800790001871, 279, 574893.0, 3.390
9.72012780001387, 280, 574893.0, 3.390
7.309162600024138, 281, 574893.0, 3.390
6.910406699986197, 282, 574848.0, 3.382
8.564011999987997, 283, 574848.0, 3.382
7.037939700006973, 284, 574848.0, 3.382
9.181318400020245, 285, 574848.0, 3.382
7.647336900001392, 286, 574848.0, 3.382
9.709413700038567, 287, 574848.0, 3.382
9.764945700007956, 288, 574848.0, 3.382
8.435590499953832, 289, 574848.0, 3.382
9.15170930000022, 290, 574848.0, 3.382
8.610090199974366, 291, 574848.0, 3.382
8.733531399979256, 292, 574848.0, 3.382
7.339006100024562, 293, 574848.0, 3.382
8.39161430002423, 294, 574848.0, 3.382
8.30152849998558, 295, 574848.0, 3.382
8.07109829998808, 296, 574848.0, 3.382
7.013709599967115, 297, 574848.0, 3.382
7.985753399960231, 298, 574848.0, 3.382
7.954383000032976, 299, 574848.0, 3.382
7.246637800009921, 300, 574848.0, 3.382
6.663823099981528, 301, 574848.0, 3.382
8.889804000034928, 302, 574848.0, 3.382
8.378401800000574, 303, 574848.0, 3.382
11.587148900027387, 304, 574848.0, 3.382
8.089114200032782, 305, 574848.0, 3.382
6.940520300006028, 306, 574848.0, 3.382
7.8685168999945745, 307, 574848.0, 3.382
7.821471499977633, 308, 574848.0, 3.382
9.229864299995825, 309, 574848.0, 3.382
8.246375899994746, 310, 574848.0, 3.382
8.05972830002429, 311, 574520.0, 3.323
9.654386900016107, 312, 574520.0, 3.323
7.7943688000086695, 313, 574520.0, 3.323
8.086860999988858, 314, 574520.0, 3.323
9.893796199990902, 315, 574520.0, 3.323
6.36530700000003, 316, 574433.0, 3.307
8.25901049998356, 317, 574433.0, 3.307
8.709796399984043, 318, 574433.0, 3.307
10.143866600003093, 319, 574433.0, 3.307
8.178309600043576, 320, 574433.0, 3.307
9.8837570999749, 321, 574433.0, 3.307
9.477782800036948, 322, 574433.0, 3.307
7.986542499973439, 323, 574433.0, 3.307
8.013737400004175, 324, 574433.0, 3.307
7.6861306999926455, 325, 574433.0, 3.307
8.149744499998633, 326, 574433.0, 3.307
9.469241800019518, 327, 574433.0, 3.307
9.243250300001819, 328, 574433.0, 3.307
11.977392999979202, 329, 574433.0, 3.307
7.672514200035948, 330, 574433.0, 3.307
7.733277400024235, 331, 574433.0, 3.307
10.343851999961771, 332, 574433.0, 3.307
9.27877289999742, 333, 574433.0, 3.307
8.276445600029547, 334, 574433.0, 3.307
11.589402899960987, 335, 574315.0, 3.286
10.02423819998512, 336, 574315.0, 3.286
14.092616299982183, 337, 574315.0, 3.286
18.65955949999625, 338, 574315.0, 3.286
23.26418040000135, 339, 574315.0, 3.286
25.58659429999534, 340, 574315.0, 3.286
19.04476890002843, 341, 574225.0, 3.270
11.896277700026985, 342, 574225.0, 3.270
18.602451300015673, 343, 574161.0, 3.258
22.59204110002611, 344, 573869.0, 3.205
26.653982000018004, 345, 573869.0, 3.205
28.409472800034564, 346, 573869.0, 3.205
29.34586240001954, 347, 573869.0, 3.205
23.453283899987582, 348, 573746.0, 3.183
8.792750100023113, 349, 573746.0, 3.183
7.707697999954689, 350, 573715.0, 3.178
8.507426099968143, 351, 573715.0, 3.178
7.399053700035438, 352, 573715.0, 3.178
9.866582499991637, 353, 573715.0, 3.178
7.741161599988118, 354, 573715.0, 3.178
9.229287699970882, 355, 573715.0, 3.178
8.096188299998175, 356, 573715.0, 3.178
9.278921199962497, 357, 573715.0, 3.178
8.291400100046303, 358, 573715.0, 3.178
8.42377520003356, 359, 573655.0, 3.167
8.236170199990738, 360, 573655.0, 3.167
7.484486299974378, 361, 573655.0, 3.167
8.780955300026108, 362, 573655.0, 3.167
8.97484889999032, 363, 573655.0, 3.167
9.818003499996848, 364, 573655.0, 3.167
9.24839039996732, 365, 573655.0, 3.167
8.743744599982165, 366, 573655.0, 3.167
8.100826199981384, 367, 573655.0, 3.167
8.219983299961314, 368, 573655.0, 3.167
8.727375100017525, 369, 573655.0, 3.167
7.859387600037735, 370, 573655.0, 3.167
9.934270199970342, 371, 573655.0, 3.167
7.554138100007549, 372, 573655.0, 3.167
8.367306099971756, 373, 573655.0, 3.167
8.816655500035267, 374, 573655.0, 3.167
8.328779100032989, 375, 573655.0, 3.167
9.02418360003503, 376, 573655.0, 3.167
9.317831499967724, 377, 573655.0, 3.167
7.726705400040373, 378, 573655.0, 3.167
8.820074999995995, 379, 573655.0, 3.167
7.961467400018591, 380, 573655.0, 3.167
9.643359199981205, 381, 573655.0, 3.167
9.624732700001914, 382, 573655.0, 3.167
6.884100400027819, 383, 573655.0, 3.167
8.685928299964871, 384, 573655.0, 3.167
9.751894899993204, 385, 573655.0, 3.167
8.218476500012912, 386, 573655.0, 3.167
8.684570299985353, 387, 573655.0, 3.167
8.036388700013049, 388, 573655.0, 3.167
7.306840200035367, 389, 573655.0, 3.167
7.58427519997349, 390, 573655.0, 3.167
10.788018500024918, 391, 573655.0, 3.167
8.177492200047709, 392, 573655.0, 3.167
7.619349199987482, 393, 573655.0, 3.167
8.254681100021116, 394, 573655.0, 3.167
9.624880899966229, 395, 573655.0, 3.167
7.512163500010502, 396, 573655.0, 3.167
9.105329299985897, 397, 573655.0, 3.167
7.173463200044353, 398, 573655.0, 3.167
8.0506893999991, 399, 573655.0, 3.167
10.672647200000938, 400, 573655.0, 3.167
8.340064999996684, 401, 573655.0, 3.167
6.733165699988604, 402, 573655.0, 3.167
7.05755919998046, 403, 573655.0, 3.167
8.239254700019956, 404, 573655.0, 3.167
9.557666999986395, 405, 573655.0, 3.167
8.010048700030893, 406, 573655.0, 3.167
8.542394200048875, 407, 573624.0, 3.161
8.228026400029194, 408, 573552.0, 3.148
7.454539800004568, 409, 573552.0, 3.148
9.524843699997291, 410, 573552.0, 3.148
8.783030799997505, 411, 573552.0, 3.148
9.09930980001809, 412, 573552.0, 3.148
8.215765400032979, 413, 573498.0, 3.139
7.492677800008096, 414, 573498.0, 3.139
9.200357199995779, 415, 573498.0, 3.139
9.171295000007376, 416, 573361.0, 3.114
9.7064900000114, 417, 573361.0, 3.114
14.812305200030096, 418, 573224.0, 3.089
16.101239900046494, 419, 573224.0, 3.089
12.223589100001846, 420, 573224.0, 3.089
8.452899600029923, 421, 573224.0, 3.089
9.625956899952143, 422, 573224.0, 3.089
7.701096100034192, 423, 573224.0, 3.089
9.0884174000239, 424, 573224.0, 3.089
10.540945099957753, 425, 573224.0, 3.089
9.630306200007908, 426, 573112.0, 3.069
10.898621400003321, 427, 573112.0, 3.069
8.413331899966579, 428, 572711.0, 2.997
8.013912900001742, 429, 572711.0, 2.997
9.32832759997109, 430, 572711.0, 2.997
7.315614100021776, 431, 572711.0, 2.997
7.713863799988758, 432, 572711.0, 2.997
8.273228799982462, 433, 572711.0, 2.997
9.999479499994777, 434, 572711.0, 2.997
8.529902499984019, 435, 572711.0, 2.997
8.263653400004841, 436, 572711.0, 2.997
8.876007099985145, 437, 572711.0, 2.997
9.726436100027058, 438, 572460.0, 2.952
8.814577499986626, 439, 572460.0, 2.952
11.770556800009217, 440, 572460.0, 2.952
9.35372329998063, 441, 572460.0, 2.952
6.7241094000055455, 442, 572460.0, 2.952
9.11611369997263, 443, 572460.0, 2.952
10.296027600008529, 444, 572460.0, 2.952
7.536596599966288, 445, 572460.0, 2.952
8.368802100012545, 446, 572460.0, 2.952
7.706325200037099, 447, 572460.0, 2.952
8.543133800034411, 448, 572460.0, 2.952
7.57440049998695, 449, 572460.0, 2.952
9.052070199977607, 450, 572460.0, 2.952
8.338319700036664, 451, 572460.0, 2.952
9.421553099993616, 452, 572460.0, 2.952
7.303377200034447, 453, 572460.0, 2.952
8.90102950000437, 454, 572460.0, 2.952
9.126759900012985, 455, 572460.0, 2.952
9.744851599971298, 456, 572460.0, 2.952
9.099150699970778, 457, 572460.0, 2.952
8.772956000000704, 458, 572460.0, 2.952
9.345506400044542, 459, 572460.0, 2.952
8.519682199985255, 460, 572274.0, 2.919
9.928354199975729, 461, 572274.0, 2.919
8.334210100001656, 462, 572166.0, 2.899
7.4808238000259735, 463, 572166.0, 2.899
10.651535500015598, 464, 572166.0, 2.899
7.047770100005437, 465, 572166.0, 2.899
8.722325000038836, 466, 572166.0, 2.899
8.22768690000521, 467, 572166.0, 2.899
8.006066400033887, 468, 572166.0, 2.899
8.650546099990606, 469, 572166.0, 2.899
7.055948499997612, 470, 572166.0, 2.899
9.195635699958075, 471, 572166.0, 2.899
7.4807991000125185, 472, 572166.0, 2.899
9.8792840000242, 473, 572166.0, 2.899
9.871055299998261, 474, 572166.0, 2.899
10.748180900001898, 475, 572166.0, 2.899
8.267143700039014, 476, 572166.0, 2.899
9.072517699969467, 477, 572166.0, 2.899
9.036446800047997, 478, 572166.0, 2.899
8.280085299978964, 479, 572166.0, 2.899
8.118859200039878, 480, 572166.0, 2.899
7.57773839996662, 481, 572166.0, 2.899
8.241405899985693, 482, 572166.0, 2.899
9.000825800001621, 483, 572166.0, 2.899
9.890129900013562, 484, 572166.0, 2.899
7.335210300050676, 485, 572166.0, 2.899
7.643304699973669, 486, 572081.0, 2.884
8.291240899998229, 487, 572081.0, 2.884
8.742349199950695, 488, 572081.0, 2.884
8.342328800004907, 489, 572081.0, 2.884
7.385863600007724, 490, 572081.0, 2.884
7.700657000008505, 491, 572081.0, 2.884
8.990042299963534, 492, 572081.0, 2.884
9.024419799970929, 493, 572081.0, 2.884
11.491325000009965, 494, 572081.0, 2.884
10.921031999983825, 495, 572081.0, 2.884
9.636868399975356, 496, 572081.0, 2.884
8.74953440000536, 497, 572081.0, 2.884
7.837374800001271, 498, 572081.0, 2.884
7.767015099991113, 499, 572081.0, 2.884
8.389258200011682, 500, 572081.0, 2.884
10.001247700012755, 501, 572081.0, 2.884
9.523053900047671, 502, 572081.0, 2.884
8.8779486999847, 503, 572081.0, 2.884
9.717367100005504, 504, 572081.0, 2.884
11.108096099982504, 505, 572081.0, 2.884
8.851668600051198, 506, 572081.0, 2.884
8.254284800030291, 507, 572081.0, 2.884
7.240821800020058, 508, 572081.0, 2.884
8.35524969996186, 509, 572081.0, 2.884
7.752985400031321, 510, 572081.0, 2.884
8.713364600029308, 511, 572081.0, 2.884
8.163718099996913, 512, 572081.0, 2.884
8.958040500001516, 513, 572081.0, 2.884
9.124251600005664, 514, 572081.0, 2.884
8.24222929996904, 515, 572081.0, 2.884
9.131323400011752, 516, 572081.0, 2.884
9.069016100023873, 517, 572081.0, 2.884
8.152800800045952, 518, 572081.0, 2.884
7.137868199963123, 519, 572081.0, 2.884
8.168301199970301, 520, 572081.0, 2.884
7.931137599982321, 521, 572081.0, 2.884
8.02856469998369, 522, 572006.0, 2.870
9.109675500018056, 523, 572006.0, 2.870
9.593394500028808, 524, 571915.0, 2.854
8.651245200017001, 525, 571888.0, 2.849
8.80158400000073, 526, 571888.0, 2.849
11.387801900040358, 527, 571888.0, 2.849
7.166688300028909, 528, 571885.0, 2.849
7.437985700031277, 529, 571885.0, 2.849
7.419516400026623, 530, 571885.0, 2.849
11.314565999957267, 531, 571885.0, 2.849
8.285436399979517, 532, 571885.0, 2.849
8.67594999994617, 533, 571885.0, 2.849
8.742995799984783, 534, 571885.0, 2.849
9.679361800022889, 535, 571885.0, 2.849
7.754928699985612, 536, 571885.0, 2.849
7.809066800051369, 537, 571885.0, 2.849
10.27494440000737, 538, 571885.0, 2.849
9.830430199974217, 539, 571885.0, 2.849
7.964817400032189, 540, 571885.0, 2.849
10.29156119999243, 541, 571885.0, 2.849
7.918599599972367, 542, 571885.0, 2.849
8.307064299995545, 543, 571885.0, 2.849
8.326130700006615, 544, 571885.0, 2.849
10.657844999979716, 545, 571885.0, 2.849
10.52761869999813, 546, 571885.0, 2.849
8.985388699977193, 547, 571885.0, 2.849
8.746915700030513, 548, 571885.0, 2.849
8.29875760001596, 549, 571885.0, 2.849
8.473336800001562, 550, 571885.0, 2.849
8.10314920003293, 551, 571885.0, 2.849
8.558719200023916, 552, 571885.0, 2.849
8.89438599999994, 553, 571885.0, 2.849
8.597317599982489, 554, 571885.0, 2.849
10.51471150002908, 555, 571885.0, 2.849
6.698180400009733, 556, 571885.0, 2.849
8.733824099996127, 557, 571885.0, 2.849
9.152155500021763, 558, 571885.0, 2.849
7.747217900003307, 559, 571885.0, 2.849
8.411993199959397, 560, 571788.0, 2.831
8.3273007000098, 561, 571788.0, 2.831
9.099453800008632, 562, 571788.0, 2.831
7.5701957999845035, 563, 571788.0, 2.831
9.092471600044519, 564, 571788.0, 2.831
8.138273100019433, 565, 571788.0, 2.831
7.078361899999436, 566, 571788.0, 2.831
9.645086099975742, 567, 571788.0, 2.831
6.892967100022361, 568, 571788.0, 2.831
8.725124899996445, 569, 571788.0, 2.831
8.313383399974555, 570, 571788.0, 2.831
7.416202399996109, 571, 571788.0, 2.831
7.671615200000815, 572, 571788.0, 2.831
8.910788899986073, 573, 571788.0, 2.831
12.144205700024031, 574, 571788.0, 2.831
9.520992700010538, 575, 571788.0, 2.831
9.454919999989215, 576, 571788.0, 2.831
8.593845100025646, 577, 571788.0, 2.831
8.710482900030911, 578, 571788.0, 2.831
9.543640300049447, 579, 571788.0, 2.831
7.047231599979568, 580, 571788.0, 2.831
10.745764399995096, 581, 571788.0, 2.831
9.122748100024182, 582, 571788.0, 2.831
7.918746099981945, 583, 571788.0, 2.831
9.529775100003462, 584, 571788.0, 2.831
8.72310209996067, 585, 571788.0, 2.831
7.856923100014683, 586, 571788.0, 2.831
7.71834940003464, 587, 571788.0, 2.831
8.361620399984531, 588, 571788.0, 2.831
9.24837770004524, 589, 571788.0, 2.831
7.469328999985009, 590, 571788.0, 2.831
7.1540923999855295, 591, 571788.0, 2.831
8.250395499984734, 592, 571788.0, 2.831
8.165375799988396, 593, 571724.0, 2.820
8.707345400005579, 594, 571724.0, 2.820
9.436443999991752, 595, 571724.0, 2.820
6.684403999999631, 596, 571724.0, 2.820
8.613887800020166, 597, 571724.0, 2.820
7.804361800022889, 598, 571724.0, 2.820
9.066490400000475, 599, 571724.0, 2.820
8.468644299951848, 600, 571724.0, 2.820
7.203864799987059, 601, 571724.0, 2.820
8.708664199977648, 602, 571724.0, 2.820
8.077551499998663, 603, 571724.0, 2.820
9.314619400014635, 604, 571724.0, 2.820
7.498561000043992, 605, 571724.0, 2.820
8.839727799990214, 606, 571724.0, 2.820
8.874766100023407, 607, 571724.0, 2.820
8.255767899972852, 608, 571724.0, 2.820
7.952088400023058, 609, 571724.0, 2.820
7.701484799967147, 610, 571724.0, 2.820
8.103627400007099, 611, 571724.0, 2.820
7.626968599972315, 612, 571724.0, 2.820
8.234991099976469, 613, 571724.0, 2.820
8.223398400004953, 614, 571724.0, 2.820
8.477891499991529, 615, 571724.0, 2.820
7.442309900012333, 616, 571724.0, 2.820
7.481280000007246, 617, 571724.0, 2.820
7.869487399992067, 618, 571724.0, 2.820
9.988979900022969, 619, 571724.0, 2.820
8.119528000010177, 620, 571724.0, 2.820
7.8183416000101715, 621, 571724.0, 2.820
9.34331900003599, 622, 571618.0, 2.801
8.038129199994728, 623, 571618.0, 2.801
11.586701099993661, 624, 571432.0, 2.767
12.311854499974288, 625, 571432.0, 2.767
11.539737000013702, 626, 571372.0, 2.756
11.763999599963427, 627, 571372.0, 2.756
11.505539800040424, 628, 571372.0, 2.756
15.397304800048005, 629, 571372.0, 2.756
8.247563399956562, 630, 571372.0, 2.756
8.409846000024118, 631, 571372.0, 2.756
8.332314700004645, 632, 571372.0, 2.756
8.492866399988998, 633, 571372.0, 2.756
9.405609300010838, 634, 571372.0, 2.756
7.361493500007782, 635, 571372.0, 2.756
7.903378400020301, 636, 571372.0, 2.756
9.771996700030286, 637, 571372.0, 2.756
7.2931936999666505, 638, 571372.0, 2.756
8.28463800001191, 639, 571372.0, 2.756
9.544556299981195, 640, 571372.0, 2.756
8.110093300056178, 641, 571372.0, 2.756
9.241658200044185, 642, 571372.0, 2.756
7.677100500033703, 643, 571372.0, 2.756
8.908068699995056, 644, 571372.0, 2.756
7.245280800038017, 645, 571372.0, 2.756
8.304971600009594, 646, 571372.0, 2.756
9.173504600010347, 647, 571372.0, 2.756
7.643801899976097, 648, 571372.0, 2.756
8.158844500023406, 649, 571372.0, 2.756
8.958995099994354, 650, 571372.0, 2.756
9.382107799989171, 651, 571372.0, 2.756
7.788182499993127, 652, 571372.0, 2.756
7.479872299998533, 653, 571372.0, 2.756
11.737615499994718, 654, 571218.0, 2.729
8.531225499988068, 655, 571218.0, 2.729
8.203201700001955, 656, 571218.0, 2.729
9.393286700011231, 657, 571218.0, 2.729
8.917635399964638, 658, 571218.0, 2.729
9.08537820004858, 659, 571218.0, 2.729
11.421890400000848, 660, 571218.0, 2.729
8.636986600002274, 661, 571218.0, 2.729
8.547292200033553, 662, 571218.0, 2.729
8.387663799978327, 663, 571218.0, 2.729
7.866423100000247, 664, 571218.0, 2.729
9.58326699997997, 665, 571218.0, 2.729
8.794315300008748, 666, 571218.0, 2.729
8.83093120000558, 667, 571218.0, 2.729
7.446829099964816, 668, 571218.0, 2.729
9.929084700008389, 669, 571218.0, 2.729
7.428842899971642, 670, 571218.0, 2.729
7.946069500001613, 671, 571218.0, 2.729
7.072231300000567, 672, 571218.0, 2.729
6.6992713999934494, 673, 571218.0, 2.729
9.534317300014663, 674, 571218.0, 2.729
8.420939600036945, 675, 571218.0, 2.729
7.324826199968811, 676, 571218.0, 2.729
7.86372919997666, 677, 571218.0, 2.729
7.73542769998312, 678, 571218.0, 2.729
8.39479140000185, 679, 571218.0, 2.729
10.343324299959932, 680, 571218.0, 2.729
8.562815800018143, 681, 571218.0, 2.729
8.782134100038093, 682, 571218.0, 2.729
7.5848969999933615, 683, 571218.0, 2.729
8.365777700033505, 684, 571218.0, 2.729
9.359120299981441, 685, 571218.0, 2.729
8.633805000048596, 686, 571218.0, 2.729
9.088517300027888, 687, 571218.0, 2.729
8.624045000004116, 688, 571218.0, 2.729
9.157942799967714, 689, 571218.0, 2.729
7.914051799976733, 690, 571218.0, 2.729
8.347247000026982, 691, 571218.0, 2.729
10.455294899991713, 692, 571218.0, 2.729
7.499719500017818, 693, 571218.0, 2.729
10.888291800045408, 694, 571218.0, 2.729
8.588567500002682, 695, 571218.0, 2.729
7.365914799971506, 696, 571218.0, 2.729
7.947662600025069, 697, 571218.0, 2.729
9.04723860003287, 698, 571218.0, 2.729
7.179698399966583, 699, 571218.0, 2.729
8.799815999984276, 700, 571218.0, 2.729
9.754111900052521, 701, 571218.0, 2.729
8.495402900036424, 702, 571218.0, 2.729
6.950701699999627, 703, 571218.0, 2.729
7.293797899968922, 704, 571218.0, 2.729

tour:
[5196  757 5195  785 5194 1056 5193  514 5192  684 5191  472 4715 4714
 2773 2772 2771 4713 4712 4711 5187 5188 5189 5190 3653 3887 4629 4628
 4627 4626 2107 2108 2109  660 2110 3257 3171 1736 1882 4859 2113 3652
 3886 2251 2247 2246 2245  713 2244  556 4625 4624 1034 4623 4622 4621
 4620 4619 4618 4617 4616 4615 4614 4613 4612 4611 4610 4609 4608 4607
 1033 4606 4204 4605 2428 2426 3995 3994  689  674 3993 3992 3991  988
 3990   57 3989 4211 4210 4209  662 3988  954 3987 3986  959  361 3985
 3984  455 4659  977 4658  571 4657 1035 4656  548 5312 5313 1900 3846
 3849 2089 5328 4962 5281 1720 3983 4660 4661 4662 4663 4664 4665 4666
 4667 4668 4669 4670 1031 4671 1004 4672  754 4673 1036 4674  884 4675
  287 4676 4677 1942 3241 1254 3139 1446 3251 2229 1892  566 1893 2226
 2225 1447  314 1448 1449 3585 1894 1088 2207 2192 3027 3517 3267 2930
 2683 1181 2359 3224 4800 4010 3474 2742 3625 2096 3670 2079 2504 2387
 2287 2218 2239 2241  711 2242  712 2243 3770 5237 2206 2204  703 2203
  702 2202  644 2201  655 2200  701 2199 2198  700 2197  102 2196  699
 2195 2929 2928 2927   22 2926 3584 3583 1748 1747 2925 2924 2923 3138
 3240  590 3238 3239 1613 3941 1585 1400 3220 4691 4604 4203 2432 4559
 2159 2155 2139 4248 1202 4498 3154 1922 5158 2542 1133 3102 4471 3161
 4572 3761 2114 3730 4208 5125 3744 1866 3215 1530 1718  454 1717  453
 1716  452 1715 1899 5485  570 5484 1054 5483  547 5482 5481 5480 5479
 2554 1710 1719 1709  449 1708  448 1707  447 1706  446 1705  445 1704
  444 1703  443 1702  442 1701  441 1700  440 1699 5444 5445 5446 5206
 4908 4907 1044 4906 4905 4903 4902 4901 4900 4899 4898 4897  281 4896
    2 4895  864 4894 1043 4893 1042 4892  381 4891  746 4890  912 4889
   51 4888  355 4887 4886 1007 4885  121 4884 4882 1197 4177 5269 5270
 5271 1524 1128 3446 5244 2420 1588 2371 5251 5257 3109 3204 1069 2103
 1390  282 1391 1392 1393 5441 5442 5443  350 1698 1697 1696  256 1695
 1694  439 1693 1692  438 1691  437 1690  436 1689 1688  435 1687  434
 1686 1685 1684  433 1683  432 1682 1681  122 1680 1679  430 2946 2947
 2948 1198  123 1199 3335 3336 3337  356 3338   52 3339 3340 3341  382
 3342 3343 3344 3345 3346 3347    3 4190 4191 4192 4193 4194 4195 3348
 5216 5217  283 5218 5219 5265 5266 5415 5416 5417 5418 4590 5146 5147
 5301 5148 5302 4975 4976  426 4977 4978 4980 4981  451 1714  450 1713
 1712 3097 3096  862 3095  861 3094  860 3093 5210 4591 5209 1057 5208
 5207 5142 4196 1520 1521 5298 5297  351 1519 1518 3208 3207 3206 3205
 4189 4188 4187 4186 4185 4184 4183 4182 4181 4180 4179  124 4178 1676
  431 1675 1678 2909 2910 3447 3448 3124  357 3123  843 3122 1129 3125
 1525 5245 2421 3449 1589 2372 5252 5258 3110 1070 2104 3765 5274 3349
 3209 1353 1394 4966 4967  352 4968 4969 4909 5419 5387 5211 4592 3090
 5342 5143 5447 5344 1045 5345 1058 5346  858 5347 5378 5379 5409 5410
 5411 5412 1670 5311 5310 5309 5308 5405 5380 5149 5303 4971 4651 4652
 4653 4654 4655 5920 5921 5489 4982 5429 5427 1050 5426 5425 5424 1961
 1962  598 1963 1964  427 5919 5918 5917 1049 5916 1055 5915  859 5914
 1059 5913 1046 5912 1048 5911  353 5910 1008 5908 5909 5220 1354  257
 1355 1356 1395 3767 3766  880 4274 5278 1060 5277  258 5276 5275 3114
  659 3113    4 3112 3111 5254 5253 5248 2373 2374 2375 2376 2377 1594
  386 1593  385 1592  384 1591  383 1590 5247  747 5246 1200 4883 2949
 1677 2911 5272 1526   53 1527 1130   54 1131 2422  748 2423  749 2424
 5259 1062 5260 5261 5262 1067 2425 5249 3450 1132 3126 1528 1596 1597
  387 1598 5750 1947 1946 1945  593 1944    0 5749 5748 5747  750 5746
  913 5745   55 5744  865 5743  844 5742  125 5741 5756 5740 5759 5760
  126 5761  845 5762  866 5763   56 5764  914 5765  751 5766  592 5767
 5768 5769 5770 5771 5772 5773 5774 5775 5776 5777 5778 5421 5389 5213
 4594 3092 1609 5152 5383 5408 5306 4974 1965 5316 1672 3733 5923 5491
 4984 3036 1865 5131 5315 1902 3848 2091 4964 5283 5332 1722 1533 1532
 1534 1535 5127 3732 2116 3763 4574 3163 4473 1135 2544 3751 3107 3106
  863 3105 3104   58 3750 3749  663 3748  955 3747  960 3746 3742  362
 3741  456 3740 5331 5330 5324 5323 5322  650 3739  958 3738  572 5321
 3737  957 3736 3735  956 3734  549 5320 5319 5318  428 5317 1369 5478
 5423 2556 1958  597 1957  389 1956  596 1955  595 1954  594 1953 1952
 1951 1950 1949 1948  259 5752 5751  388 1599 1600 1601 5753 1602 1603
 5754 5755 5757 5758 1604 1605 1606 1607 1608 5151 5382 5407 5305 4973
 1960 1370 1368  269 1367  268 1366  267 1365  266 1364  265 1363  264
 1362  263 1361  262 1360  261 1359  260 1358 1595 5255 1066 5263 2378
 2105 3115 3350 3210 3768 1396 1357 5221 5279 5227 5267 4197 5299 1522
 4970 5144 5448 5343 4910 5420 5388 5212 4593 3091 5150 5381 5406 5304
 4972 1959 2555 5422 5477 1671 5922 5490 4983 3035 1864 5130 5314 1901
 3847 2090 5329 4963 5282 1721 1531 3216 1867 5126 3745 3731 2115 3762
 4573 3162 4472 3103 1134 2543 1923 3155 4499 1203 4217 4250 2141 2157
 2161 3997 4561 2427 4175 4205 3221 1401 1586 4678 3942 1614 1943 3242
 1255 3140 1750 2224 3255 3587 1896 1484 1536 1090 2209 2194 3029 3519
 3269 2932 2685 1183 2361 3226 5371 5372 5373 5366 5367 5368 5369  657
 5374  646 5375 5376 2082 3673 5370 5365 5364 5363  106 2687 2686 2688
  820 2689  821 2690  822 2691  658 2692  647 2693 5356 5357  707 2694
  823 2695  557 2696  721 2697  475 2698  670 2699  720 2700  824 2701
  474 2702  731 2703  825 2704  685 2705  515 2706  826 2707  786 2708
   69 2709 2710 2711 1755 1374 1572 1435 1842 2981 2903 5043 3552 2892
 5232 2874 2784 2672 2649 4505 5121 3308 2668 4140 2713 2623 2596 2525
 2510 1921 3184 5204 3661 3677 4027 3452 3413 3380 3356 3294 3279 3867
 2821 2943 3023 3040 3077 2533 3696 2843 4763 5358 5359  802 5360 1063
 5361 5362 4001 2740 3513 2576 4138 4221 5353 5352  935 5354 5355 4306
 3909 5839 3775 3776 3777 3784 3785 3786 3787 3788 3789 3790 3791 3792
 3793 3794 3795  939 3796 3797 3798  425 5818 3650 3649 3648 3647 3646
 3645  235 3644  902  762 3643 3642  938 3641 3640 3634 3633 3632 3631
 1164   91 1165   92 1166   93 1167   94 1168 5135 5665 5583 4541 1402
 1403  289 1404  290 1405  291 1406  292 1407  293 1408  294 1409  295
 1410  296 1411  297 1412  298 1413  299 1414  300 1415  301 1416  118
 1417  302 1418 4463 3129  744 3128 4639 4554 5048 3799 3800 3127 3130
 4464 4466 4465 3804 5057 5723 1193 3883 1577 3974 5686 5533 4267 1175
 3406 1657 3391 5517 5476 4168 2499 4585 4646 1428 5333 3329 3437 3484
 5849 4853 1103 3712 3370 3580 2552 2077 2238 3595 2266 2366 5862 2381
 1113 3854 2256 5878 4577 1122 3689 2721 3176 4021 4876 4597 5898 5703
  992 5341  828 5340  946 5339   47 5338  716 5337   40 5336   34 5335
  898 5334 1429   99 1419  303 1420  304 1421  305 1422 1348 3823 5404
 5460 3897 1425 4645 4584 2498 4167 5475 5516 3390 1656 3405 1174 4266
 5532 5685 3973 1576 3882 1192 5722 5056 3803 4462 5795 5739 3289 4492
 2416 4288 2918 4638 5047 5817 3829 1668 3537 3839 3922 3970 4235 3872
 1933 1934 1935 1936 4553 4552 4551 4550 4549 4548 4547 4546 4545 4544
  901 4543 4542 3388  761 3386 3387 3202 3196  878 3195  877 3194  876
 3193  875 3192  874 3191 3459 3460 3461 3462 3463 3464 3321 5614 5551
 4294 1323 4048 1509 5648 3499 3600 3065 4047  234 4046  917 4045 4044
 4043 4042 4041 4040 4039 3458  806 4038 4032 4031  801 3456 3457 3189
 3190   90 1163 5349   89 1162   88 1161   87 1160   86 1159   85 1158
   84 1157   83 1156   82 1155   81 1154   80 1153   79 1152 1169 1146
   71 1145   70 1144 1143 2902 5042 3551 2891 5231 2873 2783 2671 2648
 4504 5120 3307 2667 4139 2714 2715 2712 2622 2595 2524 2509 1920 3183
 3185  873 3186 3187 3188 3455 3454 4029 4030 5833 5832 3074 3073 3072
 5830 5831 4028 4026 3453 3451 3676 3660 5203 4147 4142  579 4141 3310
 3309 5829 5828 1052 5827  816 5826  840 5825 5823 5824  841 2980 1841
 1151 1434 1571 1373 1754 3272 4958 3933 3530 2436 3081 2887 2518 3925
 4848 5842 1798 3120 3147 3430 2151 4361 3135 4717 2399 1738 3173 3259
 1884 4861 2775 3655 3889 4631 2296 2125 2316 2258 1741 2280 2106 3245
 4563 2306 2300 2133 2272 1877 3232 3771 5238 2240 2219 2506 2081 3672
 2098 3627 2744 3476 4012 4802 1565 1537   25 1538  105 1539  363 1540
  364 1541  365 1542  366 1543  367 1544  368 1545  369 1546  370 1547
  371 1548  372 1549 1550 1551 1552 1553 1554 1555 1556 1557 1558 1559
 1560 1561 1562 1563 1564 1569 1570 2643  272 2642 2641 2640 2639 2638
 2637 2636 2635 2634 2633 2632 2631 2630 2629 2628  326 1464  327 1465
  328 1466  329 1467  330 1468  331 1469  332 1470  333 1471  334 1472
  335 1473  336 1474  337 1475  338 1476  339 1477 2660 2659 2658 2657
 2656 2655 2654 2398 1737 3172 3258 1883 4860 2774 3654 3888 4630 2295
 2294 2293 2292 1463  325 1462  324 1461  323 1460  322 1459  321 1458
  320 1457  319 1456  318 1455  317 1454  104 1453   24 1452  316 1485
 1451 3256 1450 3254  709 3253 3252 2223 1749 1751 3586 1895 1089 2208
 2193 3028 3518 3268 2931 2684 1182 2360 3225 4801 4011 3475 2743 3626
 2097 3671 2080 2505 2288 2289 2290 2291 2392 2391 2390 2389 2388 4707
 4706 4705 4704 4703 4702 4701 4700 4699 4698 4697 4696 4695 4694 4693
 4692 5167 1005 5166 5165  989 5164  690 5163  675 5162 5161 5160 5159
 4212 4213  580 4214  127 4215 4216 4249 2140 2156 2160 3996 4560 4172
 4173 4174  752 5168  885 5169  288 5170  591 5171  177 5172  870 5173
 5174  315 5175   23 5176  103 5177  886 5178  832 5179  932 5180  656
 5181  645 5182  781 5183  706 5184 5185  964 5186 4708 4709 4710 2769
 2770 2393 2394 2395  730 2396  473 2397 4716 2653 3134 4360 2150 3429
 3146 3119 1797 5841 4847 3924 2517 2886 3080 2435 3529 3932 4957 3271
 1568 1753 1372 1433 1150 1840 2979 5822 2901 5041 3550 2890 5230 2872
 2782 2670 4502 1303 5119 3069 3946 3947  346 3314 2621 2594 2719 2523
 2508 1919 4146 5202 3659 3675 3412 3379 3355 3293 3278 3866 2820 2942
 3022 3039 2532 3695 2842 4762 2572 3509 3510 3511 3512 2575 4137 4220
 1499 1500 1501 1502 1503 1504 1505 1506 1507 3969 4234 3871 3064 3599
 3498 5647 1508 1322  233 1321  232 1320  231 1319  230 1318  229 1317
  228 1316  227 1315  226 1314  225 1313  224 1498 1497 1496 1495 1312
  223 1311  222 1310  221 1494 1493 1492 1491 1490 1483 1489 2666  216
 2665 2664 2663 2662 2661 1478   78 1479  340 1480  341 1481  342 1482
 2644 2645 2646 2647 4503 3070 3071 1304 1305  217 1306  218 1307  219
 1308  220 1309 3075 3076 5834 5835  995 5836 5837 5838 5596 5902 3783
 4681 3639 3812 5630 5566 5881 5134 3201 3385 5664 5582 4540 2470 3473
 3320 5613 5550 4293 1341 1324  236 1325  237 1326  238 1327  239 1328
  240 1329  241 1330  242 1331  243 1332  244 1333  245 1334  117 1335
  246 1336   98 1337  247 1338  248 1339  249 1349 1340 4720 4018 4727
 1512 4867 5396 3612 3623 5867 5927 3526 4065 3301 3328 3436 3483 5848
 4852 1102 3711 3369 3579 2551 2076 2237 4020 4875 4596 5897 5702 3175
 2720 3688 1121 4576 5877 2255 3853 1112 2380 5861 2365 2265 3594 1345
 3822 5403 5459 3896 1424 4644 4583 2497 4166 5474 5515 3389 1655 3404
 1173 4265 5531 5684 3972 1575 3881 1191 5721 5055 3802 4461 5794 5738
 3288 4491 2415 4287 2917 4637 5046 5816 3828 1667 3536 3838 3921 3968
  979 3967  857 4233 3870 3063 3598 3497 5646 5611 3318 3471 2468 4538
 5579 5580 5578  879 5577  971  937 5576 5575  966 5574 3959 3960 3961
 3962 3963  760 3964  916 3965  897 3966 4292 5549 5612 3319 3472 2469
 4539 5581 5663 3384 3200 5133 5880 5565 5629 3811 3638 4680 3782 5901
 5595 3908 4305 3958 3957 3956 3955  922 3954  800 3953  789 3952  839
 3951  890 3950  894 3949  940 3948 3295  788 2569  799 2568  798 2567
  797 2566  796 2565 5201 3674 2675 3678  849 3679  889 3680  838 3681
  787 5589 5588 2941 2819 3865 3277 3299 3018 3354 3378 3411 3019 3020
 3021 3038 2531 3694 2841 4761 5653 5655  994 5654 3508 2570 2571 4037
 4000 2739 5572  805 5573 5656 5601 5592 5591 5590 3682 5556 5557 5558
  804 3701  947 3700  921 3699 3698 3697  944 5621 5622 5623 5624 5625
  950 5626 5627 4688 5628 3707 5899 3780 3637 3810 5802 5801 5803 5804
 5805 5806 5807 5808 5809 5707 4290 5547 3316 3469 2466 4537 3383 3199
 5132 5879 4684  970 4683  936 4679 4682 3781 5900 3708 3703  948 3702
 5559 5593 5594 5560  965 5561 5562 5563 5564 5604 5603 5602 5657 5658
 5659 5660 5661 5662 5605 5606 5607  759 5608  915 5609  896 5610 5548
 4291 3918  856 3919  978 3920 4255  424 5674 1012 5673  928 5672  976
 5671 5670 4232 3869 3062 3597 3496 5645 3917 3317 3470 2467 2471  763
 2472  764 2473  765 2474  766 2475  767 2476  768 2477  769 2478  770
 2479  423 2480  771 2481 5504  743 5677 5676 5675 4256 1013 4257 1014
 4258 4259 4260 4261 4262 4263 4264 5683  377 5682 5681 5680 5679 5678
  116 5508 5507 5506 5505 2482  772 2483  773 2484 2485  774 2486 2487
 2488   97 5509 5510 5511 5512 5513 5514  415 2489  775 2490 2491  776
 2492 2494 4165 5473 1659 1658 1654 3403 1172 3980 3976 3971 3975 1574
 3880 1190 5719 5720  967 5718 1026 5717  742 5716 1051 5715  973 5714
 3831 3830 5713 5712 5711 1011  927  975 5710 5709 5708 5810 5811 5812
 5813 5814  422 5815 3835 5045 4636 5503 2916 4286 2414 4490 3287 5737
 5793 4460 3801 3805 3806 2067 2068   96 2069  641 2070 2071  252 2072
  642 2073  643 2074   33 2075 3397  710 3398 3402 3396 3395 3394 3622
 4866 1511 4868 4869 5866 5926 3525 4873 4064 3300 5691 5692 5693 3439
  907 3438 3435 3327 3482 5847 4851 1101 3710 3368 3578 2550 2236 3440
 3441 3442   39 5695 5696  910 5697   46 5698  945 5699  827 5700 5701
 2724  829 2723 2722 3492 3491 3490 3489 3488 3487 3856 3855 5694 2549
 3486 1105 1110   38 1111 1114   41 1115 1118   44 1119   45 1120 1123
   48 1124 2726 5896 4595 4874 3494 4019 3174 1126 3687 4022 4023 4024
 3180  830 3179  872 3178  871 3177 4877 4878 4879 3182 4881 4599 4598
 3692 3691 3690 4578   49  918 4601 5895 5894 5893 1032 5892 1065 5891
  909 5890   43 5889  715 2253 2383 2382 2368  729 2367 3718 1108 5854
 4858 4855 4854 2546 3333 3305  900 2231 3590 3591   36 3592 5887 1064
 5888 5859  717 5858 1107 3717 3400 5857 2263 2267 2268 2270 2725 4025
 3181 4880 4600 3693 3493 1125 4579 5875 3443 1116 3857 2252 2384 2369
 5931   35 5930 5933 5886 2269 5874  908 5873   42 5872  714 5870 5871
 5932 5856 3399 3716 1106 5852 4856 3362 3588 2230 2545 3332 3304 3616
 5687 1095 3904 3906 3903  983 3902  254  923 5869 5868 3520 3521 3522
 5863 4870 1350 4723 5390 3826 3905 3901 3900 4648 4588 4586  777 4587
 1430 4649 4647 3898  306 3899 1346  253 1347 3613  924 5928 5929   30
 3614 3615 3363 4857 5853 3589 1515 4730 4642 2500 4582 5397 4013 1660
 3408 1178 3617 3565 3977 5449 1580 2064 1187 5461 3807 5060 3885 3894
 1431 1342 3827 5391 4724 3609 4871 5864 5924 3523 1096 5688 4849 3364
 3709 3713 3714 3715   37 3593 2264 2254 3858 3444 4575 5876 1117 2379
 5860 2364 3401 2234 2233 2232 5855 5851 5850 3574   31 3575 3576 2235
 1109 3577 3366 3367 3365 4850 5846 2547 3331 3330 3326 5689 1097 1104
 1100 1099   32 1098 3524 5925 5865 4872 3610 4731 4722 1039 4721 3820
 5400 4725 1510 1514  348 1513 5392 3825 3824 1427 1426  250 3573 3572
 3571  778 3570 3569 3568 3567 3566 4457 4050 3292 2412 2914 5501 4634
 5052 4150 4152  998 4151 3834 5520 5049 5044 4635 5502 2915 2413 4051
 3286 4052  996 4053  968 4054  113 4055  980 4056  374 4057 4058 4059
 4060 4061  417  904 5454 5453 5452  987 1579 1578 5451 1581 5450 2065
 3884 5059 5058 3878 1188 3808 5053 5462 4458 3290  847 4153  739 4154
  893 4155  999 4156 1000 4157  112 4158  378 4159 4160 4161  100  903
  416 4162 4163 5398 5399 5455 5457 5456 5401 1343 4718 5393 5394 3302
 3303 3306 3485 3481 2548 5690 4063  347 4062  251 4016 4728 4729 5395
 3611 4726 4017 4719 1344 3821 5402 5458 3895 1423 4643 2496 2495 4015
 4014 1661 3409 1177 1176 1170 3978 2066 1573 3879 1189 3809 5054 5463
 4459 5464  969 5465  114 5466  981 5467  375 5468   95 5469 5470 5471
 4164 2493 5472  905 3620 3621 3393 3392 3407 3619 3618 1171 3979 5530
 5529  376 5528  982 5527  115 5526 5525 1025 5524  741 5736 5792 5791
 5790 5789  972 5788 5787  421 5786 5785 5730 5731 5732 5733 5734 5735
 5523 5522 5521 1666 1665 4254 3535 3837 5669 3874 3873 3868 3061 3060
 5729 5784  974  926 4279 4280 4281 1016 4282 4283 1017 4284 4285 4489
 4488  740 4487 4486 4485 4484 4483 4482 4481 4480  727 4479 4278 2353
 2352 4478 5643 5644 3534 4253 1664 3836 5668 3877 4231 4277 2356 3495
 3596 1834  538 1833  537 1832  536 1831  535 1830  534 1829  533 1828
  532 1827  531 1826  530 1825  529 1824  528 1823 1822  527 1821  526
 1820  525 1819  524 1818 2839 2838 2837 2836 2835 2834 2833 1812  518
 1813  519 1814  520 1815  521 1816  522 1817  523 4130 4129 4128 4127
 4126 4125 4124 1811 2832  345 2831 1810 1809 1808 1807 1806   74 1805
 1804 1803 1802  517 1801  516 1800 2823 2824 2825 2826 2827 2828 1908
 1909 1910 1911 1912 1913 2829 2830 1914 1915 1916 1917 3666 3373 3861
 3352 3016 3297 4512 2939 5586 3284 2529 5617 4759 3685 5554 3506 5651
 4035 4002  803 4003 3998 2737 5570 2573 5599 3425 4301 4227 5633 3913
 3706 3779 5906 3050 3636 1861 5800 4687 5885 3198 3382 3819 5140 4536
 3467 4476 5781 3315 5726 5546 4289 1837 3916 5706 4295 5545 5544 2588
 2587 2586  814 2585  813 2584 5543 5542 5541 5540  543 5539 5538 5537
 5536 2583  812 2582  811 2581  810 2580  809 2579  808 2578  807 2577
 5569 2736 2735 2734 2733 2732 4430 4431 4432 4433 4434 4435 4436 4437
 4438 4439 4440 4441 4442 4443 4533 4534 4535 4444 4445 4446 4447 3322
 3323 2592 2589 4298 3500  919 3501 4230 3840  925 3841 3842 3845 3539
 3538  420 3604  931 3605 3606 4456  892 4455  738 4454  846 4453 4452
 4451 3603  930 3602 3601  726 4450 4449  539 4448 1792  510 1791  509
 1790  508 1789  507 1788  506 1787  505 1786  504 1785  503 1784  502
 1783  501 1782  500 1781  499 1780  498 1779  497 1778  496 1777  495
 1776  494 1775  493 1774  492 4758 4757 4756 4755 4754 4753 4752 4751
 4750 4749 4748 4747 4746 4745 4744 4743 4742 4741 4740 4739 4738 4737
  205 1289  204 1288  203 1287  202 1286  201 1285  200 1284  199 1283
  198 1282  197 1281  196 1280  195 1279  194 1278  193 1277  192 1276
  191 1275  190 1274  189 1273  188 1272  187 1271  186 1270  185 1269
  184 1268  183 1267  108 1266  182 1265  181 1262 1264 1261 1890 3581
 2227 1745 3249 2921 1444 3136 1251 3236 1937 1611 3938 1582 1397 3217
 4689 4602 1071 2429 4198 4169 1930 4555 4803 4911 2144 2152 1206 1141
 4985 5061 4493 4066 3148 2121 5154 5292 4362 3157 3156 5498 5497 5496
  172 5495  569 5494 1053 5493  546 5492 1862 3033 3032 3031 3030 3720
 3719 3721  545 3722  951 3723  568 3724  171 5128 1897 5486 3752 1248
 3850 2086 5325 4959 3211 3212 3213  359 3725 3726  952 3727 2785 2786
  552 4467 2787  791 2788  834 2789  835 2790  665 2791   64 2792  129
 2793 2950 2794 2795 2951 2952 2986 2987 2988 2989 1610 1615 1616 1617
 1618 1619 1620 1621 1622 1623 1624 1625 1626 1627 1628  393 1629  394
 1630  395 1631  396 1632  397 1633  398 1634  399 1635  400 1636  401
 1637  402 1638  403 1639  404 1640  405 1641  406 1642  407 1643  408
 1644  409 1645  410 1646  411 1647  412 1648  413 1649  373 1650 1651
 1652 1379 1378 1377 1376 1375 1290  206 1291  207 1292 1293   73 1294
  208 1295  209 1296  210 1297  211 1298  212 1299 1380 1381  273 1382
  274 1383  275 1384  276 1385  277 1386  278 1387 1388 3296 4511 3361
 2728 5585 3283 5616 2537 3684 5553 3505 5650 4034 5568 4005 5598 3424
 4300 5535 4226 5632 3912 3705 3778 5905 3049 3635 1860 5799 4686 5884
 4532 3197 3381 3818 5139 3466 4475 5780 5725 3325 2591 4297 1794 5705
 3915 1836 3503 2355 4276 4229 3876 5667 4252 1663 3541 3844 5519 3833
 4149 5051 3608 4633 5500 2913 2411 3291 4049 2417 2410  737 2409  736
 2408  419 2407  735 2406  725 2405  512 2404  734 2403  733 2402  732
 2401 2400 3465 4474 5779 5724 3324 2590 4296 1793 5704 3914 1835 3502
 2354 4275 4228 3875 5666 4251 1662 3540 3843 5518 3832 4148 5050 3607
 4632 5499 2912 2919 2418 2920 4640 4641 1194 2062 2063  640 2061  119
 2060  639 2059  638 2058  637 2057  636 2056  635 2055  634 2054  633
 2053  418 2052  632 2051  631 2050  511 2049  630 2048 4581 4580  629
 2047  628 2046  627 2045  626 2043 2044 2042  541 5797 5798 4685 5883
 4531 4530 1030 4529 1029 4528  542 4527  949 4526  984 4525 1010 4524
 1018 4523  906 4522  990 4521 1028 4520  993 4519  920 4518  943 4517
  790 4516  891 4515  831 4514  899 4513 3015 3859 3371 3664 2933 2813
 2676 2513 4143 2528 2599 2716 3311 1486 3943 3066 1300 2896 2877 1440
 5234 3088 2444 2906 3546 2984 1653 5819 2776 1147 3275 1566 3937 3929
 3533 2557 2766 2822 2520 5845 2881 3433 3116 4732 1903 2146 3131 2650
 3141 1887 3262 4864 3893 2601 2111 3657 3164 2128 2248 2312 2261 1744
 3014 3013 3012 3011 3010 3009 3008 3007 3006 3005 3004 3003 3002 3001
 3000 2999 2998 2997 2996 2995 2994 2993 2992 2959 2958 2957 2991 2990
 2956 2955 2954 2953 2796 2797 2798 2799 2800 2801 2802 2803 2804 2960
 2961 2962 2963 2805 2806 2807 2964 2965 2808  107 2809 2810 2811 2812
 2966 2967 2968 2969 2970 2971 2972 2973 2974 2975 2976 2977 2624 1881
 2136 2276 4566 2304 3248 2283  158 1236  159 1237  160 1238  161 1239
  162 1240  163 1241  164 1242  165 1243  166 1244  167 1245 5430 5431
 5432  168 1246  169 1247 3542 3543 3544 5433   72 5434  414 5435 3545
 3553 3554 3555 3556  343 3557 3558  782 3559  836 3560  929 3561  280
 3562  895 3563 3564 3360 2727 5584 3282 5615 2536 3683 5552 3504 5649
 4033 5567 4004 5597 3423 4299 5534 4225 5631 3911 3704 5796 2041  625
 2040  624 2039  623 2038  622 2037  621 2036  620 2035  619 2034  618
 2033  617 2032  616 2031  615 2030  614 2029  613 2028  279 2027  612
 2026  611 2025  610 2024 5351 5350 5438  213 5437  309 5436 2023 2022
  609 2021 2020 2019 2018 2017 2016  608 2015  607 2014  573 2013  606
 2012  560 2011  605 2010  604 2009  477 2008  603 2007  559 2006  602
 2005 2004 2003 2002 2001 2000 1999 1998 1997 1996 1995 1994 1993 1992
 1991 1990 1989 1988 1987 1986 1985 1984 1983 1982 2848 2849 2850 2851
 2852 2853 2854 2855 2856 2857 2858 2859 2860 2861 2862  148 2863 2864
 2865 2866 2867 2868 2869 2870 2871 1235  157 1234  156 1233  155 1232
  154 1231  153 1230  152 1229  151 1228  150 1227  149 1226 1225 1224
  147 1223  146 1222  145 1221  144 1220  143 1219  142 1218  141 1217
  140 1216  139 1215  138 1214  137 1213  136 1212    5 1211  135 1210
  134 1209 2847 2846  128 1981 1980 1979   63 2845 2844 5153 1094   29
 1093   28 1092   27 1091 1978 1977 1976   26 1975  358 1974  170 1973
  567 1972  601 1971  544 1970  600 1969  599 1968 1966 5385 5384 5225
 1047 4272 1015 4271  349 4270  255 4269 5223 5224 5222 1516 5439 1351
 5214 4268 2101    1 2100 2099 1061  380  745  911   50  354  842 1006
 1195 1673 2944  429  120 2945 1674 1196 4176 5268 3334 2908 3121 1523
 1127 3445 5243 2419 1587 2370 5250 5256 3108 3203 1068 2102 1389 3764
 5273 5215 1352 5440 1517 5264 4273 5296 4965 5907 5226 5414 5141 4904
 5205 5386 4589 5145 5348 5377 5300 4650 5307 2553 5413 3098 1711 1669
 1967 4979 5488 5428 3034 1863 5129 5487 1898 3753 1249 3851 2087 5326
 4960 3981 4236 1529 3214 4307 5122 3743 4764 4206 3728 1872 4568 4468
 3099 2538 3158 4363 1021 4364 1022 4365  666 4366   65 4367  130 4368
  686 4369  677 4370 4371 4372 1001  584 4912 4913 4914    6 4373 1023
 4374 4375 4376 4377 4378 4379  174  587  390  985  284  881 4915 4916
 4917 4918 4919 4920 4921 4922 4923 4924 4925  480  311  867 4380 4381
 4382 4383  563 4926 4927  178 4384 4385  850 4928  817 4929  109 4387
 4386 3264 5009  818 5008  887 5007  851 5006  179 5005  564 5004  481
 5003  312 5002  868 5001  175 5000  588 4999  391 4998  986 4997 1583
  285 4996  882 4995 1037 4994    7 4993 1002 4992  585 4991  678 4990
  687 4989  131 4988   66 4987 4986 4494 5062 4495 4067 3149 2122 5155
 5293 4768  553 4767  953 4766 1009 4765 4207 3729 1873 4569 3159 4469
 3100 2539 4312  554 4311 4310 4309 4308 1868 1869  550 1870  551 1871
 1874 4570 2540  793 4313 1019 4314 1020 4315  668 4316 4317 4318 4319
 4320 4321 4322 4323 4324 4325 4326 4327 4328 4329 4330 4331 4332 4333
 4334 4335 4336 4337 4338 4339 4340 4341 4342 4343 4344 4345 4346 4347
 1724  459 1725  460 1726  461 1727  462 1728  463 1729  464 1730  465
 1731  466 1732  467 1733  468 1734  469 1735 1888 3263 4865 4863 4862
 2112 3651 3165 2129 2249 2313 2262 1739 2284 4567 3243 2277 2137 2297
 2625 3235 1875 3774 2767 5241 2222 2191 2205 2285 2385 2085 2501 3667
 1723 3629 2092 3479 2215 3230 4799 4006 1186 2357 2679 3265 3515 3024
 1263 1891 3582 2228 1746 3250 2922 1445 3137 1252 3237 1938 1612 3939
 1584 1398 3218 4690 4603 1072 2430 4199 4170 1931 4556 4804 2145 2153
 1207 1142 5063 4496 4068 3150 2123 5156 5294  792 4769 1040 4770 1041
 4771  667 4772 1027 4773   67 4774  132 4775  688 4776  679 4777  586
 4778 1003 4779    8 4780 1038 4781  883 4782  286 4783  379 4784  392
 4785  589 4786  176 4787  869 4788  313 4789  482 4790  565 4791  180
 4792  852 4793 3514  888 4794  819 4795  728 4796 4797  991 4798 2362
  110 2363 5010  705 5011  652 5012  934 5013  458 5014  942 5015  780
 5016  649 5017  698 5018  555 5019 5020 5021  719  673 2301 2302 2303
 1742  476 1743  479 5023 5022 3247 3246 1880  558 1879 1878 4399 4398
 4397  833 4396  697 4395 4394 4393 4392 4391 4390 4389 4388 4930 4931
  704  651  933 4932 4933  457  941 4934 4935  779  648 4936 4937 4938
 4939 4940 4941 4942  718 4400 4401  478 4943 4944 4402  661 4945 4946
 4947  561 4403 1024 4404 4405  681 4948 4949 4733 4734 4735 4736 4952
 4951 4950  574 4406 4407 4408 4409 4410 4953 4954 4955 1756 1757 1758
 1759 1760 1761 1762 1763  344 1764  483 1765  484 1766  485 1767  486
 1768  487 1769  488 1770  489 1771  490 1772  491 1773 4429 4428 4427
 4426 4425 4424 4423 4422 4421 4420 4419 4418 4417 4416 4415 4414 4413
 4412 4411 3934 3935 3936 5033 5034 5035 5036 5037 5038 3547 2907 2445
 3089 5235 1441 2878 2897 1301 3067 3944 1487 3312 2717 2521 2526 2527
 2934 3665 3372 3860 3351 3357 3358 3359 2729 2730 2731 2535 2534 2938
 2937 2936  848 2935 2814 2677 2514 4144 2600 2619 2618 2617 2616 2615
 2614 2613 2612 2611 5032 5031 5030 5029 5028 5027 5026 5025 5024 3656
 2602 2603  815 2604 2605  562  682  575 2606 2607 2608 2609 2610 1907
  578 1906  577 1905  576 1904 2147 3142 2651 3132 2148 3431 3434 3432
 1799 1795 3427 4358 4357 4356 4355 4354 4353 4352 4351 4350 4349 4348
 4101 4100 4099 4098 4097 4096 4095 4094 4093 4092 4091 4090 4089 4088
 4087 4086 4085 4084 4083 4082 4081 4080 4079 4078 4077 4076 4075 4074
  680 4073 4072  133 4071 4070  997 4069 3151 3152 5064 5065 5066 5067
 5068 5069 5070    9 5071 5072 5073 5074 5075 5076 5077 5078 5079 5080
 5081 5082 5083 5084 5085 5086 5087  111 5088 5089 5090  653 5091 5092
 5093 5094 5095 4102 4103 4104 4105 4106 4107 4108 4109 4110 5104 5103
 5102 5101 5100 5099 5098 5097 5096 2189 2190 3772 3773 2134 2135 4564
 4565 2281 2282 2317 4838 4837 2756 2755 2754 4836 4835 4834 4833 4832
  708 2753 2752 2751 2750 2749 2748 2747 2746 2745 3229 3228 3227 3222
 1185 1184 1179 2681 2680 3266 3516 3026 3025 1086   21 1085   20 1084
   19 1083   18 1082   17 1081   16 1080   15 1079   14 1078   13 1077
   12 1076   11 1075   10 1074 1073 2431 4200 1932 1929  583 1928  582
 1927  581 1926 1925 1924 2120 2119 4242 4243 4244  669 4245 4246 4247
 2154 2138 2158 4805 4806 4807 4808 4809 4810 4811 4812 4813 4814 4815
 4816 4817 4818 4819 4820 4821 4822 4823 4824 4825 4826 4827 4828 4829
 4830 4831 2188 2187 2186 2185 2184  696 2183  695 2182 2181 2180  694
 2179  693 2178  692 2177 2176 2175 2174 2173 2172 2171 2170 2169 2168
 2167 2166 2165 2164  691 2163 2162 2143  676 2142 1208 1205 1201 1204
   68 4497 3153 2124 5157 5295 2541 3101 4470 3160 4571 3760 3759 3758
 3757  962 3756  961 3755  173 3754 1250 5284 5285 5286  360 5287 5288
 5289 5290 5291 4241 4240 4239 4238 4237 5280 4961 5327 2088 3852 3982
 5123 5124 2117  664 2118 1136   59 1137   60 1138   61 1139   62 1140
 4557 4558 4171 4201  753 4202 3219 1399 3940 1939 1940 1941 1253 1256
 1257 1258 1259 1260 1087 2210 2211  101 2212 2682 1180 2358 3223 4007
 4008 4009 3477 3478 3624 3628 3630 2095 3480 2214 2213 2216 2741 2093
  654 2094 3668 2083 3669 2078 2502 2503 2386 2286 2217 2084 2220 2221
 3769 3233 3234 2131 2626 2298 4562 2259 2260 2250 2314 2257 1740 2279
 3244 2278 2275 2274  672 2273 5242 5239  963 5240 2768 3231 1876 2271
 2132 2627 2299 2305 2307 2308 2309 2310 2311 2126 2315  671 2127 1885
  471 1886 1889 3170 3169 3168 3167 2130 3166 3890 3891 3892 3260 3261
 3143 2760 2759 2758 2757 4839 4840 2318 2319 2320  470 2321 4841 4842
  683 2322  722 2323  513 2324 2325 2326 2327 2328 2329 2330 2331 2332
 2333 5116 5115 5114 5113 5112 5111 5110 5109 5108 5107 5106 5105 4111
 4112 4113 4114 4115 4116 4117  270 4118 4119 4120 4121  310 4122 4123
  214 5117 2597 2598 3662 3663 3414 3415 3416 3417 2338 2337 2336 2450
 2451 2452 1851 1850 1849 1848 2449 2335 2334 2448 1847 4507 4508 2511
 2512 2815 3410 3862 3863 3864 2818 3037 5587 2940 2817 2816 4509 4510
 3041 3042 3043 3044 3045 1855 1854 1853 1852 2453 2454 2455 2456 2342
 2341 2340 2339 3421 3420 3419 3418 4131 4132 4133 4134 4135 4218 4222
 4223 4224 5634 5635 5636 5637 5638 5639 5640 5641 5642 4477 3817 3816
 3815 3814 3813 5904 5903 3910 4303 4302 3426 3422 2343 2457 2458 2344
 2345 2459 1858 1859 5882 5136 5137 5138 2465 3468 2464 2463 2462 2461
 2460 2346 2347 2348 2349  723 2350  724 2351 5782 5783 5728 5727 3059
 3058  855 3057  854 3056  758 3055 3054 3053  853 3052 3051 3048 1857
  540 1856 3046 3047 3907 4304 5600 4219 4136 2574 5571 2738 3999 4036
 5652 3507 5555 3686 4760 2840 5618 3285 2530 5620 5619 3281  837 3280
 3276 3298 3017 3353 3377 3376 3374 3375 3658 2678 4145 1918 2507 2522
 2718 2593 2620 3313 1488 3945 3068 5118 1302 2898 2780 2779 2778 1838
 1148 2777 5820 2899 2904 2905 5228 5233 1442 2879 4500 5236 4506 1846
 2447 2446 2443 2442 2441 2440 2439 2438 2437 2519 4845 4844 4843 2761
 2762 2763  783 2764 2765 3273 3274 1843 1844 1845 3087 3086   75 3085
 3084 3083  755 3082 2883 2882 3117 3144 5843 5844 2515 2884 3078 3531
 2433 3527 3532 3930 3928  756 3927  784 3926 3145 2652 3133 4359 2149
 3428 3118 1796 5840 4846 3923 2516 2885 3079 2434 3528 2558 3931 4956
 3270 1567 1752 1371 2982 2983 2985 5039 3548 2888 2893 2894 2895 4501
 2880 1443 1439  308 1438  307 1437   76 1436 1432 1149 1839 2978 5821
 2900 5040 3549 2889 5229 2781 2673 2669 2674  215 5200 2564  795 2876
 2875 2563  794 2562 5199 5198 5197  271   77 2561 2560 2559]

eliteFit: 571218.0
percentError: 2.7287359835984497
computationTime: 7444.898s