instanceName: rl5934
n: 5934
optFit: 556045

genTime, gen, eliteFit, percentError:
0.006979199999477714, 0, 41564349.0, 7374.997
75.89822139998432, 1, 628685.0, 13.064
48.100168899982236, 2, 623815.0, 12.188
46.05683479999425, 3, 616846.0, 10.935
42.41949270002078, 4, 614624.0, 10.535
43.264440800005104, 5, 609769.0, 9.662
42.16196530003799, 6, 605735.0, 8.936
42.194157399993856, 7, 602626.0, 8.377
40.60998930002097, 8, 601092.0, 8.101
43.16866670001764, 9, 599754.0, 7.861
40.96914869995089, 10, 599406.0, 7.798
40.22953150002286, 11, 598137.0, 7.570
40.34300829999847, 12, 596586.0, 7.291
41.41190960002132, 13, 596586.0, 7.291
41.74462529999437, 14, 594926.0, 6.992
41.418046699953265, 15, 594615.0, 6.936
39.06764030002523, 16, 594615.0, 6.936
39.15790680004284, 17, 593979.0, 6.822
39.183098900015466, 18, 591467.0, 6.370
40.87965879996773, 19, 591467.0, 6.370
40.71024840004975, 20, 591467.0, 6.370
44.976534600020386, 21, 590944.0, 6.276
37.7489122999832, 22, 590349.0, 6.169
32.193460699985735, 23, 590349.0, 6.169
24.62672250001924, 24, 590039.0, 6.114
25.328393500007223, 25, 590039.0, 6.114
29.07517209998332, 26, 589246.0, 5.971
19.816858999955002, 27, 589246.0, 5.971
27.478790399967693, 28, 589246.0, 5.971
19.789670799975283, 29, 588625.0, 5.859
23.450254799972754, 30, 588625.0, 5.859
30.214058100013062, 31, 588625.0, 5.859
27.5121635000105, 32, 588487.0, 5.834
27.440414499957114, 33, 588444.0, 5.827
20.90357679995941, 34, 588444.0, 5.827
19.45269330003066, 35, 587923.0, 5.733
30.486587100022007, 36, 587868.0, 5.723
32.51412219996564, 37, 586633.0, 5.501
34.56132819998311, 38, 586603.0, 5.496
37.1080242000171, 39, 586603.0, 5.496
36.748070600035135, 40, 585200.0, 5.243
37.706384799967054, 41, 585040.0, 5.215
35.71701359999133, 42, 584926.0, 5.194
33.83986500004539, 43, 584279.0, 5.078
34.24239969998598, 44, 584092.0, 5.044
38.42318670003442, 45, 584092.0, 5.044
30.15777709998656, 46, 583633.0, 4.961
21.09438229998341, 47, 583038.0, 4.854
26.706532899988815, 48, 583003.0, 4.848
27.662162200023886, 49, 582778.0, 4.808
25.234304000041448, 50, 582441.0, 4.747
23.930365699983668, 51, 582325.0, 4.726
23.04012339998735, 52, 582094.0, 4.685
23.176318300014827, 53, 581827.0, 4.637
20.563435999967624, 54, 581332.0, 4.548
24.432270099991, 55, 580436.0, 4.387
23.526330700027756, 56, 580436.0, 4.387
22.083871999988332, 57, 580313.0, 4.364
26.51671840000199, 58, 579792.0, 4.271
25.96392690000357, 59, 579562.0, 4.229
24.11412189999828, 60, 579493.0, 4.217
21.976809300016612, 61, 578782.0, 4.089
22.110656999982893, 62, 578782.0, 4.089
28.18851809995249, 63, 578618.0, 4.060
26.38543809996918, 64, 578215.0, 3.987
26.685770499985665, 65, 577947.0, 3.939
21.250474200001918, 66, 577947.0, 3.939
15.95684140000958, 67, 577787.0, 3.910
8.20068639999954, 68, 577724.0, 3.899
11.315109899966046, 69, 577456.0, 3.851
13.652534199994989, 70, 577456.0, 3.851
10.434573400008958, 71, 577444.0, 3.848
10.559019299980719, 72, 577384.0, 3.838
11.078927399998065, 73, 577384.0, 3.838
9.979851500014775, 74, 577257.0, 3.815
12.337800099980086, 75, 577257.0, 3.815
8.372925199975725, 76, 577141.0, 3.794
8.053695400012657, 77, 577141.0, 3.794
7.403927500010468, 78, 577113.0, 3.789
8.894430799991824, 79, 577107.0, 3.788
7.741317100008018, 80, 576983.0, 3.766
8.442867000005208, 81, 576983.0, 3.766
7.240638500021305, 82, 576756.0, 3.725
10.1743298000074, 83, 576434.0, 3.667
8.190899300039746, 84, 576310.0, 3.644
10.081787400005851, 85, 576209.0, 3.626
10.0825293000089, 86, 576209.0, 3.626
9.977464700001292, 87, 576209.0, 3.626
6.721418900007848, 88, 576209.0, 3.626
10.371687499980908, 89, 576209.0, 3.626
10.093487699981779, 90, 576209.0, 3.626
9.45232360000955, 91, 576209.0, 3.626
8.32157410000218, 92, 576209.0, 3.626
8.58348259999184, 93, 576209.0, 3.626
8.218542799993884, 94, 576209.0, 3.626
8.610849899996538, 95, 576209.0, 3.626
8.054452200012747, 96, 576209.0, 3.626
7.536836399987806, 97, 576209.0, 3.626
7.787880499963649, 98, 576209.0, 3.626
8.885978300007991, 99, 576209.0, 3.626
8.189003800041974, 100, 576209.0, 3.626
8.361443499976303, 101, 576209.0, 3.626
8.321254300011788, 102, 576083.0, 3.604
7.957546500023454, 103, 575963.0, 3.582
11.032525599992368, 104, 575937.0, 3.577
16.928646599990316, 105, 575937.0, 3.577
12.186894999991637, 106, 575937.0, 3.577
7.7572003999957815, 107, 575937.0, 3.577
8.48301269998774, 108, 575937.0, 3.577
7.97117650002474, 109, 575937.0, 3.577
9.246147899946664, 110, 575937.0, 3.577
7.780828799994197, 111, 575937.0, 3.577
8.64568399998825, 112, 575937.0, 3.577
7.086747800000012, 113, 575937.0, 3.577
11.020403200003784, 114, 575937.0, 3.577
9.291951000050176, 115, 575937.0, 3.577
8.23654880002141, 116, 575937.0, 3.577
7.807565500028431, 117, 575937.0, 3.577
6.750304399989545, 118, 575937.0, 3.577
8.567290499981027, 119, 575937.0, 3.577
7.041853700007778, 120, 575777.0, 3.549
8.536993699963205, 121, 575401.0, 3.481
9.600730900012422, 122, 575397.0, 3.480
11.24249640002381, 123, 575397.0, 3.480
8.746854099968914, 124, 575397.0, 3.480
8.490444499999285, 125, 575397.0, 3.480
8.489339099964127, 126, 575397.0, 3.480
8.718613100005314, 127, 575397.0, 3.480
7.564150899997912, 128, 575397.0, 3.480
9.524089899961837, 129, 575397.0, 3.480
8.10098340001423, 130, 575397.0, 3.480
9.161352499970235, 131, 575397.0, 3.480
8.608220599999186, 132, 575397.0, 3.480
8.44720920000691, 133, 575397.0, 3.480
8.634144100011326, 134, 575397.0, 3.480
7.7361069999751635, 135, 575397.0, 3.480
7.492945200006943, 136, 575397.0, 3.480
9.41933440003777, 137, 575397.0, 3.480
8.132780800049659, 138, 575397.0, 3.480
7.352288399997633, 139, 575397.0, 3.480
10.447576799953822, 140, 575397.0, 3.480
8.012343399983365, 141, 575397.0, 3.480
8.36565699998755, 142, 575397.0, 3.480
10.407541600055993, 143, 575397.0, 3.480
8.494360000011511, 144, 575397.0, 3.480
8.309302099980414, 145, 575397.0, 3.480
7.395693300000858, 146, 575397.0, 3.480
10.101780399971176, 147, 575397.0, 3.480
9.15368580003269, 148, 575397.0, 3.480
7.86840239999583, 149, 575397.0, 3.480
9.566171300015412, 150, 575397.0, 3.480
8.500462999974843, 151, 575397.0, 3.480
9.767173899977934, 152, 575397.0, 3.480
7.747577500005718, 153, 575397.0, 3.480
10.21741819998715, 154, 575397.0, 3.480
8.167985400010366, 155, 575397.0, 3.480
8.818756000022404, 156, 575397.0, 3.480
7.446810099994764, 157, 575397.0, 3.480
8.888244199973997, 158, 575397.0, 3.480
7.6316573999938555, 159, 575397.0, 3.480
8.600975700013805, 160, 575397.0, 3.480
8.11415549996309, 161, 575397.0, 3.480
8.107031999970786, 162, 575397.0, 3.480
8.581369399966206, 163, 575397.0, 3.480
7.960394399997313, 164, 575397.0, 3.480
10.10835799999768, 165, 575397.0, 3.480
8.141157299978659, 166, 575397.0, 3.480
9.875346199958585, 167, 575397.0, 3.480
7.9640992999775335, 168, 575397.0, 3.480
7.549858800019138, 169, 575397.0, 3.480
7.786899700004142, 170, 575397.0, 3.480
7.42091539996909, 171, 575314.0, 3.465
10.048285199969541, 172, 575314.0, 3.465
14.758033899997827, 173, 574964.0, 3.402
18.533505900006276, 174, 574623.0, 3.341
20.52715070004342, 175, 574453.0, 3.311
23.61462099995697, 176, 574369.0, 3.295
21.529320499976166, 177, 574303.0, 3.284
17.147962799994275, 178, 574232.0, 3.271
10.782811300014146, 179, 574121.0, 3.251
12.39203439996345, 180, 573900.0, 3.211
13.573294700006954, 181, 573737.0, 3.182
10.719684100011364, 182, 573695.0, 3.174
9.099368600000162, 183, 573474.0, 3.134
8.244435800006613, 184, 573329.0, 3.108
8.827608299965505, 185, 573166.0, 3.079
11.843712000001688, 186, 573127.0, 3.072
7.921150900016073, 187, 573021.0, 3.053
7.112988199980464, 188, 573021.0, 3.053
7.05936610000208, 189, 573021.0, 3.053
9.606480800022837, 190, 573021.0, 3.053
8.306076799985021, 191, 573021.0, 3.053
11.071910200000275, 192, 573021.0, 3.053
9.146620100014843, 193, 573021.0, 3.053
7.858102300029714, 194, 573021.0, 3.053
8.046211699955165, 195, 573021.0, 3.053
9.68687689997023, 196, 573021.0, 3.053
8.49981830001343, 197, 573021.0, 3.053
9.76671570003964, 198, 573021.0, 3.053
8.8948129999917, 199, 573021.0, 3.053
7.555891400028486, 200, 573021.0, 3.053
6.9281420999905095, 201, 573021.0, 3.053
9.530131899984553, 202, 573021.0, 3.053
9.652768499974627, 203, 573021.0, 3.053
9.37451960000908, 204, 573021.0, 3.053
8.748687000013888, 205, 573021.0, 3.053
7.833666899998207, 206, 573021.0, 3.053
7.275778399955016, 207, 573021.0, 3.053
5.763016899989452, 208, 573021.0, 3.053
9.16711750003742, 209, 573021.0, 3.053
9.143007999984547, 210, 573021.0, 3.053
8.076137399999425, 211, 573021.0, 3.053
7.54545470001176, 212, 573021.0, 3.053
8.859529600013047, 213, 573021.0, 3.053
7.89218109997455, 214, 573021.0, 3.053
8.644301699998323, 215, 573021.0, 3.053
9.338365300034638, 216, 573021.0, 3.053
7.219561200006865, 217, 573021.0, 3.053
7.886072599969339, 218, 573021.0, 3.053
9.36627459997544, 219, 573021.0, 3.053
7.5440572000225075, 220, 573021.0, 3.053
7.624744099972304, 221, 573021.0, 3.053
7.373228900018148, 222, 573021.0, 3.053
9.865863299986813, 223, 573021.0, 3.053
8.704169399978127, 224, 573021.0, 3.053
8.85997980000684, 225, 573021.0, 3.053
7.443925199972, 226, 573021.0, 3.053
8.310277299955487, 227, 573021.0, 3.053
8.028791500022635, 228, 572943.0, 3.039
9.04917509999359, 229, 572943.0, 3.039
7.572934800002258, 230, 572943.0, 3.039
9.19522799999686, 231, 572943.0, 3.039
7.565080500033218, 232, 572943.0, 3.039
8.564354999980424, 233, 572943.0, 3.039
9.223240300023463, 234, 572906.0, 3.032
7.451563700044062, 235, 572906.0, 3.032
9.418262400024105, 236, 572906.0, 3.032
9.297046099964064, 237, 572906.0, 3.032
10.516041500028223, 238, 572906.0, 3.032
9.686233700020239, 239, 572906.0, 3.032
7.718927699956112, 240, 572804.0, 3.014
10.702859100012574, 241, 572804.0, 3.014
7.46801409998443, 242, 572804.0, 3.014
8.094463599962182, 243, 572804.0, 3.014
8.916042600001674, 244, 572804.0, 3.014
8.01228840003023, 245, 572804.0, 3.014
8.804066899989266, 246, 572804.0, 3.014
10.638988199993037, 247, 572804.0, 3.014
8.231422500044573, 248, 572804.0, 3.014
9.28404070000397, 249, 572804.0, 3.014
8.811124100000598, 250, 572804.0, 3.014
8.981408199993894, 251, 572804.0, 3.014
8.593436899944209, 252, 572804.0, 3.014
9.091749900020659, 253, 572804.0, 3.014
10.395418200001586, 254, 572804.0, 3.014
8.670875299954787, 255, 572804.0, 3.014
7.33896670001559, 256, 572804.0, 3.014
8.49019959999714, 257, 572804.0, 3.014
8.954410700011067, 258, 572804.0, 3.014
8.002855100028683, 259, 572804.0, 3.014
7.547828499984462, 260, 572804.0, 3.014
8.974294500018004, 261, 572804.0, 3.014
11.13597220001975, 262, 572804.0, 3.014
10.526790499978233, 263, 572804.0, 3.014
9.44726519996766, 264, 572804.0, 3.014
8.025734499969985, 265, 572804.0, 3.014
7.9471252000075765, 266, 572804.0, 3.014
7.298324799980037, 267, 572804.0, 3.014
8.318004500004463, 268, 572804.0, 3.014
10.352914699993562, 269, 572804.0, 3.014
10.229618299985304, 270, 572804.0, 3.014
7.298184800019953, 271, 572804.0, 3.014
7.270673699968029, 272, 572804.0, 3.014
7.70103910000762, 273, 572804.0, 3.014
8.826792300038505, 274, 572757.0, 3.006
7.747306699980982, 275, 572757.0, 3.006
9.598426599986851, 276, 572757.0, 3.006
9.212744099961128, 277, 572757.0, 3.006
8.420807900023647, 278, 572757.0, 3.006
9.028398399997968, 279, 572757.0, 3.006
10.307804900046904, 280, 572757.0, 3.006
10.6441102999961, 281, 572757.0, 3.006
9.563937700004317, 282, 572757.0, 3.006
7.867577999946661, 283, 572757.0, 3.006
8.270085300027858, 284, 572757.0, 3.006
8.480412799981423, 285, 572757.0, 3.006
8.547666000027675, 286, 572757.0, 3.006
7.485346900008153, 287, 572757.0, 3.006
8.334599800000433, 288, 572757.0, 3.006
6.894911999988835, 289, 572757.0, 3.006
8.078628099989146, 290, 572757.0, 3.006
8.92717249999987, 291, 572757.0, 3.006
7.126239600009285, 292, 572757.0, 3.006
8.405976799956989, 293, 572757.0, 3.006
7.685271300026216, 294, 572757.0, 3.006
9.035865799989551, 295, 572757.0, 3.006
9.282689000014216, 296, 572757.0, 3.006
9.376950400008354, 297, 572757.0, 3.006
8.872686000016984, 298, 572757.0, 3.006
8.372965699993074, 299, 572757.0, 3.006
7.524914700014051, 300, 572757.0, 3.006
9.993213700014167, 301, 572757.0, 3.006
7.471355899993796, 302, 572757.0, 3.006
8.038105000043288, 303, 572757.0, 3.006
8.102531500044279, 304, 572757.0, 3.006
8.827826799999457, 305, 572757.0, 3.006
7.7925364000257105, 306, 572757.0, 3.006
7.8076005000039, 307, 572757.0, 3.006
8.686967200017534, 308, 572757.0, 3.006
6.895325999998022, 309, 572757.0, 3.006
9.047639399999753, 310, 572757.0, 3.006
9.511505700007547, 311, 572757.0, 3.006
7.85407609998947, 312, 572757.0, 3.006
8.551786600030027, 313, 572705.0, 2.996
6.920317600015551, 314, 572705.0, 2.996
7.060118600027636, 315, 572705.0, 2.996
7.079148599994369, 316, 572705.0, 2.996
7.6723503999528475, 317, 572705.0, 2.996
9.702515100012533, 318, 572705.0, 2.996
8.351410600007512, 319, 572705.0, 2.996
8.24266049999278, 320, 572705.0, 2.996
5.758116899989545, 321, 572705.0, 2.996
7.779225799953565, 322, 572705.0, 2.996
7.795554100011941, 323, 572705.0, 2.996
7.378297700022813, 324, 572705.0, 2.996
7.593829000019468, 325, 572705.0, 2.996
8.43766500003403, 326, 572705.0, 2.996
8.856621500046458, 327, 572705.0, 2.996
7.577064800017979, 328, 572705.0, 2.996
9.439028599997982, 329, 572705.0, 2.996
7.56993210001383, 330, 572705.0, 2.996
7.940389499999583, 331, 572705.0, 2.996
8.202906900027301, 332, 572705.0, 2.996
9.92443730001105, 333, 572705.0, 2.996
7.3606512999976985, 334, 572705.0, 2.996
7.696244499995373, 335, 572695.0, 2.994
9.154454500006977, 336, 572695.0, 2.994
8.204789500043262, 337, 572681.0, 2.992
9.147587599989492, 338, 572681.0, 2.992
10.866999900026713, 339, 572681.0, 2.992
7.622851499996614, 340, 572681.0, 2.992
9.141440999985207, 341, 572681.0, 2.992
7.825717400002759, 342, 572681.0, 2.992
10.081804699962959, 343, 572681.0, 2.992
8.311398799996823, 344, 572681.0, 2.992
8.081247100024484, 345, 572681.0, 2.992
7.7275070999749005, 346, 572681.0, 2.992
9.642616599972825, 347, 572681.0, 2.992
10.13099700002931, 348, 572681.0, 2.992
10.108351600007154, 349, 572681.0, 2.992
8.567311200022232, 350, 572681.0, 2.992
8.450960099988151, 351, 572681.0, 2.992
8.440776999981608, 352, 572681.0, 2.992
8.849853900028393, 353, 572681.0, 2.992
6.2743157999939285, 354, 572681.0, 2.992
9.559333900047932, 355, 572681.0, 2.992
7.974308200005908, 356, 572681.0, 2.992
8.601687900023535, 357, 572681.0, 2.992
9.552970500022639, 358, 572681.0, 2.992
7.63865449995501, 359, 572681.0, 2.992
8.12481690000277, 360, 572681.0, 2.992
10.524321399978362, 361, 572681.0, 2.992
7.703707300010137, 362, 572681.0, 2.992
6.876625899982173, 363, 572681.0, 2.992
7.313084000023082, 364, 572681.0, 2.992
7.8583991000195965, 365, 572681.0, 2.992
7.501384700008202, 366, 572681.0, 2.992
8.046639300009701, 367, 572681.0, 2.992
7.671359199972358, 368, 572681.0, 2.992
7.867146500037052, 369, 572681.0, 2.992
9.845863399968948, 370, 572681.0, 2.992
9.187258099962492, 371, 572681.0, 2.992
8.906176500022411, 372, 572681.0, 2.992
9.250320200051647, 373, 572681.0, 2.992
8.230636599997524, 374, 572681.0, 2.992
9.044888300006278, 375, 572681.0, 2.992
9.446310400031507, 376, 572618.0, 2.981
7.78969770000549, 377, 572618.0, 2.981
8.310570399975404, 378, 572618.0, 2.981
9.310739899985492, 379, 572618.0, 2.981
8.104424099961761, 380, 572618.0, 2.981
10.293276399956085, 381, 572618.0, 2.981
7.60537549998844, 382, 572618.0, 2.981
8.991493800014723, 383, 572618.0, 2.981
7.390402399993036, 384, 572618.0, 2.981
8.906065099989064, 385, 572618.0, 2.981
7.981964500038885, 386, 572618.0, 2.981
8.475247399997897, 387, 572618.0, 2.981
8.737897300045006, 388, 572618.0, 2.981
10.354131100000814, 389, 572618.0, 2.981
9.609383000002708, 390, 572618.0, 2.981
7.547207999974489, 391, 572618.0, 2.981
8.042835300031584, 392, 572618.0, 2.981
8.104133099957835, 393, 572618.0, 2.981
7.795313800044823, 394, 572618.0, 2.981
8.082884999981616, 395, 572618.0, 2.981
8.118612300022505, 396, 572618.0, 2.981
7.04694390000077, 397, 572618.0, 2.981
8.210975199996028, 398, 572618.0, 2.981
10.006498200003989, 399, 572618.0, 2.981
8.172961400006898, 400, 572618.0, 2.981
9.551374900038354, 401, 572618.0, 2.981
7.900404699961655, 402, 572618.0, 2.981
7.644334199954756, 403, 572618.0, 2.981
9.017213999992236, 404, 572618.0, 2.981
8.619188500044402, 405, 572618.0, 2.981
9.021546299976762, 406, 572618.0, 2.981
7.761631100031082, 407, 572618.0, 2.981
7.392009100003634, 408, 572618.0, 2.981
8.248659899982158, 409, 572618.0, 2.981
8.645576199982315, 410, 572618.0, 2.981
10.129842599970289, 411, 572567.0, 2.971
9.15969399997266, 412, 572567.0, 2.971
8.678129200008698, 413, 572567.0, 2.971
7.556680399982724, 414, 572567.0, 2.971
8.93558029999258, 415, 572567.0, 2.971
8.280397000024095, 416, 572567.0, 2.971
8.41967009997461, 417, 572567.0, 2.971
11.329118399997242, 418, 572567.0, 2.971
12.009241399995517, 419, 572567.0, 2.971
10.529079599946272, 420, 572563.0, 2.971
8.87318639998557, 421, 572563.0, 2.971
10.172044900013134, 422, 572429.0, 2.947
10.20916099997703, 423, 572429.0, 2.947
8.458171300007962, 424, 572425.0, 2.946
10.535194700001739, 425, 572425.0, 2.946
9.563466399966273, 426, 572425.0, 2.946
9.488431499979924, 427, 572425.0, 2.946
8.470965799991973, 428, 572425.0, 2.946
8.745045999996364, 429, 572400.0, 2.941
7.217805799969938, 430, 572400.0, 2.941
8.904133100004401, 431, 572400.0, 2.941
7.695668099971954, 432, 572400.0, 2.941
10.238170700031333, 433, 572400.0, 2.941
8.567354600003455, 434, 572400.0, 2.941
8.818813199992292, 435, 572400.0, 2.941
7.815911100013182, 436, 572400.0, 2.941
8.372907100012526, 437, 572400.0, 2.941
8.673618300003, 438, 572400.0, 2.941
9.667649300012272, 439, 572400.0, 2.941
8.221186299982946, 440, 572400.0, 2.941
8.299021099985112, 441, 572400.0, 2.941
9.338245999999344, 442, 572400.0, 2.941
7.631295699975453, 443, 572400.0, 2.941
8.446027300029527, 444, 572400.0, 2.941
7.750525199982803, 445, 572400.0, 2.941
7.297291600028984, 446, 572400.0, 2.941
7.916931200015824, 447, 572400.0, 2.941
9.311918399995193, 448, 572400.0, 2.941
10.019586799957324, 449, 572400.0, 2.941
9.428504800016526, 450, 572400.0, 2.941
8.688526200014167, 451, 572400.0, 2.941
11.59541160002118, 452, 572400.0, 2.941
6.989026700030081, 453, 572400.0, 2.941
8.179747199988924, 454, 572400.0, 2.941
8.675472900038585, 455, 572400.0, 2.941
9.181512799987104, 456, 572400.0, 2.941
10.395533400005661, 457, 572237.0, 2.912
17.40698650002014, 458, 572237.0, 2.912
11.653187699965201, 459, 572237.0, 2.912
15.558192399970721, 460, 572237.0, 2.912
19.846042999997735, 461, 572237.0, 2.912
18.80172799999127, 462, 572237.0, 2.912
8.575379999994766, 463, 572237.0, 2.912
9.154787499981467, 464, 572236.0, 2.912
8.176045599975623, 465, 572236.0, 2.912
8.887375199992675, 466, 572236.0, 2.912
7.839971799985506, 467, 572236.0, 2.912
8.045647900027689, 468, 572236.0, 2.912
9.487406000029296, 469, 572236.0, 2.912
8.79542290000245, 470, 572150.0, 2.896
7.788954799994826, 471, 572150.0, 2.896
7.938801600015722, 472, 572150.0, 2.896
7.927269899984822, 473, 572149.0, 2.896
8.234023800003342, 474, 572149.0, 2.896
8.917008500022348, 475, 572149.0, 2.896
8.588848100043833, 476, 571966.0, 2.863
9.743729899986647, 477, 571966.0, 2.863
8.701225999975577, 478, 571966.0, 2.863
8.349943000008352, 479, 571966.0, 2.863
7.296041699999478, 480, 571966.0, 2.863
9.178400700038765, 481, 571966.0, 2.863
8.132762700028252, 482, 571966.0, 2.863
8.063995500036981, 483, 571966.0, 2.863
8.019418799958657, 484, 571811.0, 2.835
7.884251200011931, 485, 571811.0, 2.835
7.426484600000549, 486, 571759.0, 2.826
7.2491383999586105, 487, 571759.0, 2.826
8.969896499998868, 488, 571747.0, 2.824
9.633958699996583, 489, 571747.0, 2.824
9.768013799970504, 490, 571747.0, 2.824
7.92021339997882, 491, 571747.0, 2.824
8.467668500030413, 492, 571747.0, 2.824
9.233789400022943, 493, 571747.0, 2.824
7.76484249997884, 494, 571747.0, 2.824
7.483818100008648, 495, 571747.0, 2.824
6.607075599953532, 496, 571747.0, 2.824
8.301623500010464, 497, 571747.0, 2.824
8.872850699990522, 498, 571747.0, 2.824
9.732399100030307, 499, 571747.0, 2.824
8.60376389999874, 500, 571747.0, 2.824
7.8001998999970965, 501, 571747.0, 2.824
8.911032200034242, 502, 571747.0, 2.824
10.261258999991696, 503, 571747.0, 2.824
7.494000099948607, 504, 571747.0, 2.824
7.600732900027651, 505, 571747.0, 2.824
8.765919900033623, 506, 571747.0, 2.824
8.341432699991856, 507, 571743.0, 2.823
9.465327100013383, 508, 571725.0, 2.820
8.418919699965045, 509, 571725.0, 2.820
8.777712600014638, 510, 571725.0, 2.820
7.407675199967343, 511, 571725.0, 2.820
7.421638700005133, 512, 571725.0, 2.820
9.562124899995979, 513, 571725.0, 2.820
9.618672200012952, 514, 571725.0, 2.820
9.619692199979909, 515, 571725.0, 2.820
9.257354300003499, 516, 571725.0, 2.820
9.737549699959345, 517, 571725.0, 2.820
9.728621500020381, 518, 571725.0, 2.820
8.25749479996739, 519, 571725.0, 2.820
8.747385399998166, 520, 571725.0, 2.820
7.917884900001809, 521, 571725.0, 2.820
8.595866699994076, 522, 571725.0, 2.820
7.654875500011258, 523, 571725.0, 2.820
7.4566781999892555, 524, 571725.0, 2.820
7.354152499989141, 525, 571725.0, 2.820
8.138335299969185, 526, 571725.0, 2.820
9.025831300008576, 527, 571725.0, 2.820
9.18110660003731, 528, 571725.0, 2.820
8.725791800010484, 529, 571725.0, 2.820
8.41213000001153, 530, 571725.0, 2.820
7.487784800003283, 531, 571725.0, 2.820
7.7404287999961525, 532, 571725.0, 2.820
9.15324790001614, 533, 571725.0, 2.820
8.125306900008582, 534, 571725.0, 2.820
7.75595359998988, 535, 571725.0, 2.820
9.995853200030979, 536, 571725.0, 2.820
8.183630000043195, 537, 571725.0, 2.820
8.799522699962836, 538, 571725.0, 2.820
7.43908390001161, 539, 571725.0, 2.820
9.54707489995053, 540, 571725.0, 2.820
7.919131700007711, 541, 571725.0, 2.820
7.529258700029459, 542, 571725.0, 2.820
9.626109900011215, 543, 571725.0, 2.820
8.93123220000416, 544, 571725.0, 2.820
9.601144200016279, 545, 571725.0, 2.820
9.122703799977899, 546, 571725.0, 2.820
7.572630700014997, 547, 571725.0, 2.820
7.2185141000081785, 548, 571725.0, 2.820
7.640292300027795, 549, 571725.0, 2.820
8.540854600025341, 550, 571725.0, 2.820
8.316379699972458, 551, 571725.0, 2.820
8.530625199957285, 552, 571725.0, 2.820
7.0137652000412345, 553, 571725.0, 2.820
8.710887400025968, 554, 571725.0, 2.820
7.087319699989166, 555, 571725.0, 2.820
9.492268699978013, 556, 571725.0, 2.820
9.25143309996929, 557, 571725.0, 2.820
9.380819100013468, 558, 571725.0, 2.820

tour:
[2764 2763 2762 2761 4844 4843  683 2322  722 2323  513 2324 4845 2519
 2437 2438 2439 2440 2441 2442 2443 2446 2447 2333 2332 2331 2330 2329
 2328 2327 2326 2325 5108 5107 5106 5105 4111 4112 4113 4114 4115 5109
 5110 5111 5112 5113 5114 5115 5116 5117  214 4123 4122  310 4121 4120
 4119 4118  270 4117 4116 1803 1804 1805   74 1806 1807 1808 1809 1810
 1811 2832  345 2831 2830 2829 2828 2827 2826 2825 2824 2823 1802  517
 1801  516 1800 1795 1799 3432 3434  577 1905  576 1904 2147 3142 2651
 3132 2148 3431 3427 4358 4357 4356 4355 4354 4353 4352 4351 4350 4349
 4348 4347 4346 4345 1724  459 1725  460 1726  461 1727  462 1728  463
 1729  464 1730  465 1731  466 1732  467 1733  468 1734  469 1735 1888
 3263 4865 4863 4862 2112 3651 3165 2129 2249 2313 2262 2284 4567 3243
 2277 2137 1739 2303 1742  476 1743 3656 2602 2603  815 2604 2605  562
 5027 5026 5025 5024  479 5023 5022 5021  673  719 2302 2301 2297 2625
 3235 1875 3774 2767 5241 2222 2191 2205 2285 2385 2085 2501 3667 1723
 3629 2092 3479 2215 3230 4799 4006 1186 2357 2679 3265 3515 3024 1263
 1891 3582 2228 1746 3250 2922 1445 3137 1252 3237 1938 1612 3939 1584
 1398 3218 4690 4603 1072 2430 4199 4170 1931 4556 4804 2145 2153 1207
 1142 5063 4496 4068 3150 2123 5156 5294 2539 3100 4469 3159 4569 1873
 3729 4207 4765 1009 4766  953 4767  553 4768  792 4769 1040 4770 1041
 4771  667 4772 1027 4773   67 4774  132 4775  688 4776  679 4777  586
 4778 1003 4779    8 4780 1038 4781  883 4782  286 4783  379 4784  392
 4785  589 4786  176 4787  869 4788  313 4789  482 4790  565 4791  180
 4792  852 4793  888 4794  819 4795  728 4796 4797  991 4798 2363  110
 2362 3514  851 5006  179 5005  564 5004  481 5003  312 5002  868 5001
  175 5000  588 4999  391 4998  986 4997 1583  285 4996  882 4995 1037
 4994    7 4993 1002 4992  585 4991  678 4990  687 4989  131 4988   66
 4987 5062 4495 4067 3149 2122 5155 5293 4986 4494 4363 1021 4364 1022
 4365  666 4366   65 4367  130 4368  686 4369  677 4370 4371 4372 1001
  584 4912 4913 4914 4915    6 4373 1023 4374 4375 4376 4377 4378 4379
  174  587  390  985  284  881 4916 4917 4918 4919 4920 4921 4922  867
 4380 4381  311 4923 4924 4925  480 4382 4383  563 4926 4927  850  178
 4384 4385 3264 5007  887 5008  818 5009 5010  705 5011  652 5012  934
 5013  458 5014  942 5015  780 5016  649 5017  698 5018  555 5019 5020
 1878 1879  558 1880 3246 3247 4401  478 4943 4942  718 4400 4399 4398
 4397  833 4396  697 4395  648  779 4394 4393 4392 4391  933 4390 4389
 4388  109 4387 4386  817 4928 4929 4930 4931  704  651 4932 4933 4934
  457  941 4935 4936 4937 4938 4939 4940 4941  195 1279  194 1278  193
 1277  192 1276  191 1275  190 1274  189 1273  188 1272  187 1271  186
 1270  185 1269  184 1268  183 1267  108 1266  182 1265  181 1262 1264
 1261 1890 3581 2227 1745 3249 2921 1444 3136 1251 3236 1937 1611 3938
 1582 1397 3217 4689 4602 1071 2429 4198 4169 1930 4555 4803 4911 2144
 2152 1206 1141 4985 5061 4493 4066 3148 2121 5154 5292 4362 3728 4206
 4764 1872 4568 4468 3099 2538 3158 3743 5122 4307 3214 1529 4236 3981
 4960 5326 2087 3851 1249 3753 1898 5487 5129 1863 3034 5428 5488 4979
 1967 1669 1711 3098 5413 2553 5307 4650 5300 5377 5348 5145 4589 5386
 5205 4904 5141 5414 5226 5907 4965 5296 4273 5264 1517 5440 1352 5215
 1068 3203 2102 5273 3764 1389 3108 5256 5250 2370 1587 2419 5243 3445
 1127 1523 3121 2908 3334 5268 4176 1196 1674 2945  120  429 2944 1673
 1195 1006  842  354   50  911  745  380 1061 2099 2100    1 2101 4268
 5214 1351 5439 1516 5222 5223 4269  255 4270  349 4271 1015 4272 5224
 1047 5225 5384 5385 1966 1968  599 1969  600 1970  544 1971  601 1972
  567 1973  170 3719 3030 3720 3721  545 3722  951 3723  568 3724  171
 3211 4959 5325 2086 3850 1248 3752 5486 1897 5128 1862 3033 3032 3031
 5492  546 5493 1053 5494  569 5495  172 5496 5497 5498 3212 3213  359
 3725 3726  952 3727 2785 2786  552 3156 3157 4467 2787  791 2788  834
 2789  835 2790  665 2791   64 2792  129 2793 2950 2951 2952 2794 2795
 2796 2797 1213  136 1212    5 1211  135 1210  134 1209 5153 1094   29
 1093   28 1092   27 1091 1974  358 1975   26 1976 1977 1978 2844 2845
 2846 2847  128   63 1979 1980 1981 1982 2848 2849 1983 1984 1985 1986
 1987 1988 1989 1990 1991 1992 1993 1994 1995 1996 1997 1998 1999 2000
 2001 2002 2003 2004 2005  602 2006  559 2007  603 2008  477 2009  604
 2010  605 2011  560 2012  606 2013  573 2014  607 2015  608 2016 2017
 5430 5431 5432 2018 2019 2020 2021  609 2022 2023 5438  213 5437  309
 5436 5435  414 5434   72 5433 3543 3542 1247  169 1246  168 1245  167
 1244  166 1243  165 1242  164 1241  163 1240  162 1239  161 1238  160
 1237  159 1236  158 1235  157 1234  156 1233  155 2871 2870 2869 2868
 2867 2866 2865 2864 2863  148 2862 2861 2860 2859 2858 2857 2856 2855
 2854 2853 2852 2851 2850  137 1214  138 1215  139 1216  140 1217  141
 1218  142 1219  143 1220  144 1221  145 1222  146 1223  147 1224 1225
 1226  149 1227  150 1228  151 1229  152 1230  153 1231  154 1232 2812
 2811 2810 2809  107 2808 2807 2806 2805 2804 2803 2802 2801 2800 2799
 2798 2955 2954 2953 2986 2987 2988 2989 2990 1610 1615 1616 1617 1618
 1619 1620 1621 1622 1623 1624 1625 1626 1627 1628  393 1629  394 1630
  395 1631  396 1632  397 1633  398 1634  399 1635  400 1636  401 1637
  402 1638 3013 3012 3011 3010 3009 3008 3007 3006 3005 3004 3003 3002
 3001 3000 2999 2998 2997 2996 2995 2994 2993 2992 2991 2956 2957 2958
 2959 2960 2961 2962 2963 2964 2965 2966 2967 2968 2969 2970 2971 2972
 2973 2974 2975 2976 2977 2624 1881 2136 2276 4566 2304 3248 2283 3014
 1744 2261 2312 2248 2128 3164 3657 2111 2601 3893 4864 3262 1887 3141
 2650 3131 2146 1903 4732 3116 3433 2881 5845 2520 2822 2766 2557 3533
 3929 3937 1566 3275 1147 2776 5819 3546 3544 3545 3553 3554 3555 3556
  343 3557 3558 5351 5350 2024  610 2025  611 2026  612 2027  279 2028
  613 2029  614 2030  615 2031  616 2032  617 2033  618 2034  619 2035
  620 2036  621 2037  622 2038  623 2039  624 2040  625 2041 5796 3704
 3911 5631 4225 5534 4299 3423 5597 4004 5567 4033 5649 3504 5552 3683
 2536 5615 3282 5584 2727 3360 3564 3563  895 3562  280 3561  929 3560
  836 3559  782 4513  899 4514  831 4515  891 4516  790 4517  943 4518
  920 4519  993 4520 1028 4521  990 4522  906 4523 1018 4524 1010 4525
  984 4526  949 4527  542 4528 1029 4529 1030 4530 4531 5883 4685 5798
 5797  541 2042 2044 2043  626 2045  627 2046  628 2047 4580 4581  629
 2048  630 2049  511 2050  631 2051  632 2052  418 2053  633 2054  634
 2055  635 2056  636 2057  637 2058  638 2059  639 2060  119 2061  640
 2063 2062 1194 4641 4640 2920 2418 2919 2912 5499 4632 3607 5050 4148
 3832 5518 3843 3540 1662 4251 5666 3875 4228 4275 2354 3502 1835 3914
 5704 1793 4296 2590 3324 5724 5779 4474 3465 2400 2401  732 2402  733
 2403  734 2404  512 2405  725 2406  735 2407  419 2408  736 2409  737
 2410 2417 4049 3291 2411 2913 5500 4633 3608 5051 4149 3833 5519 3844
 3541 1663 4252 5667 3876 4229 4276 2355 3503 1836 3915 5705 1794 4297
 2591 3325 5725 5780 4475 3466 5139 3818 3381 3197 4532 5884 4686 5799
 1860 3635 3049 5905 3778 3705 3912 5632 4226 5535 4300 3424 5598 4005
 5568 4034 5650 3505 5553 3684 2537 5616 3283 5585 2728 3361 4511 3296
 1388 3015 3859 3371 3664 2933 2813 2676 2513 4143 2528 2599 2716 3311
 1486 3943 3066 1300 2896 2877 1440 5234 3088 2444 2906 2984 1653 1651
 1652 1379 1378 1377 1376 1375 1650  373 1649  413 1648  412 1647  411
 1646  410 1645  409 1644  408 1643  407 1642  406 1641  405 1640  404
 1639  403 1280  196 1281  197 1282  198 1283  199 1284  200 1285  201
 1286  202 1287  203 1288  204 1289  205 1290  206 1291  207 1292 1293
   73 1294  208 1295  209 1296  210 1297  211 1298  212 1299 1380 1381
  273 1382  274 1383  275 1384  276 1385  277 1386  278 1387 4758 4757
 4756 4755 4754 4753 4752 4751 4750 4749 4748 4747 4746 4745 4744 4743
 4742 4741 4740 4739 4738 4737 4736 4735 4734 4733 4952 4951 4950 4949
 4948  574  681 4947 4946 4945 4944  661 4402 4403 1024 4404  561 4405
 4406 4407 4408 4409 4410 4411 4412 4953 4954 4955 1756 1757 1758 1759
 1760 1761 1762 1763  344 1764  483 1765  484 1766  485 1767  486 1768
  487 1769  488 1770  489 1771  490 1772  491 1773  492 1774  493 1775
  494 1776  495 1777  496 1778  497 1779  498 1780  499 1781  500 1782
  501 1783  502 1784  503 1785  504 1786  505 1787  506 1788  507 1789
  508 1790  509 1791  510 1792 4448 4447 4446 4445 4444 4443 4442 4441
 4440 4439 4438 4437 4436 4435 4434 4433 4432 4431 4430 4429 4428 4427
 4426 4425 4424 4423 4422 4421 4420 4419 4418 4417 4416 4415 4414 4413
 3936 3935 3934 5032 5031 5030 5029 5028  682  575 2606 2607 2608 2609
 2610 1906  578 1907 1908 1909 1910 1911 1912 1913 1914 1915 1916 1917
 2833 2834 2835 3666 3373 3861 3352 3016 3297 4512 2836 2837 2838 2839
 5554 3685 4759 5617 2529 3284 5586 2939 2938 2937 2936  848 2935 2814
 2677 2514 4144 2600 2619 2618 2617 2616 2615 2614 2613 2612 2611 5033
 5034 5035 5036 5037 5038 3547 2907 2445 3089 5235 1441 2878 2897 1301
 3067 3944 1487 3312 2717 2521 2526 2527 2934 3665 3372 3860 3351 3357
 3358 3359 2729 2730 2731 2534 2535 2732 2733 2734 2735 2736 5569 2577
  807 2578  808 2579  809 2580  810 2581  811 2582  812 2583 5539 5538
 5537 5536 4003  803 4002 3506 5651 4035 3998 2737 5570 2573 5599 3425
 4301 4227 5633 3913 3706 3779 5906 3050 3636 1861 5800 4687 5885 3198
 3382 3819 5140 4536 3467 4476 5781 3315 5726 5546 4289 1837 3916 5706
 4295 5545 5544 5543 5542 5541 5540  543 2584  813 2585  814 2586 2587
 4533 4534 4535 2588 3322 3323 2592 2589 4298 3500  919 3501 4230 3538
 3840  925 3841 3842 3845 3539  420 3603  930 3602 3601  726  539 4449
 4450 4451 4452 4453 3604  931 3605 3606  846 4454  738 4455  892 4456
 5461 3807 5060 1187 3885 2064 1580 5449 3977 3565 3617 1178 3408 1660
 4013 5397 4582 2500 4642 4730 1515 3894 1431 1342 3827 5391 4724 3609
 4871 5864 5924 3523 1096 5688 3305 3333 2546 4854 4855 4858 5854 1108
  900 2231 3590 3591   36 3592 5887 1064 5888 5859  717 5858 2268 2267
 2263 5857 3400 3717 1107 5853 4857 3363 3589 3615 3614  924   30 5929
 5928 3613 1347  253 1346 3898  306 3899 1350 3522 3521 3520 5863 4870
 4723 5390 3826 3905 4647 4649 1430 4587  777 4586 4588 4648 3900 3901
  254 3902  983 3903 3906 3904  923 5868 5869 1095 5687 3616 3304 3332
 2545 2230 3588 3362 4856 5852 1106 3716 3399 5856 5932 5871 5870  714
 5872   42 5873  908 5874 2269 5886 5933 5930   35 5931 2270 2369 2384
 2252 3857 1116 3443 5875 4579 1125 3493 3693 4600 4880 2725 4025 3181
 4601 5895 5894 5893 1032 5892 1065 5891  909 5890   43 5889  715 2253
 2383 2382 2368  729 2367 3718 3715 3714 3713 4849 3364 3709   37 3593
 2264 2254 3858 1117 3444 5876 4575 3687 4578 3690   49  918 3691 3692
 4598 4599 4881 3182 4879 4878 4877 3177  871 3178  872 3179  830 3180
 4024 4023 4022 1126 3174 4019 3494 4874 4595 5896 2726 1124   48 1123
 1120   45 3490 3491 3492 2722 2723  829 2724 5701 5700  827 5699  945
 5698   46 5697  910 5696 3442 3441   39 5695 3856 3855 3487 3488 3489
 1119   44 1118 1115   41 1114 1111   38 1110 1105 1104 1100 1099   32
 1098 1097 5689 3326 3330 3331 2547 5846 4850 3365 3367 3366 3577 1109
 3576 2235 5860 2379 2364 3401 2234 2233 2232 5855 5851 5850 3575   31
 3574 3573  250 3572 3571  778 3570 3569 3568 3567 3566 4457 4050 3292
 2412 2914 5501 4634 5052 4150  847 4153  739 4154  893 4155  999 4156
 1000 4157  112 4158  378 4159 4160  100  903  416 4161 4162 4163 5398
 5399 1426 1427 3824 3825 1513  348 1514 5392 5400 3820 4721 1039 4722
 4725 1510 4731 3610 4872 5865 5925 3524 3302 4063 5690 5691 5692 5693
 2548 3481 3303 3306 3485 3486 2549 5694 3440 3439  907 3438 3300 4064
 4873 3611 5395 4729 4728 4016  251 4062  347 5394 5393 4718 1343 5401
 5456 5457 5455 5454 5453 5452 5451 1581 5450 2065 3884 5059 5058 3290
 4458 5462 5053 3808 1188 3878 1578 1579  987  904  417 4061 4060 4059
 4058 4057  374 4056  980 4055  113 4054  968 4053  996 4052 3286 4051
 2413 2915 5502 4635 5044 5049 4152  998 4151 3834 5520 1664 4253 3534
 3836 5668 3877 4231 4277 2356 3495 3596 1834  538 1833  537 1832  536
 1831  535 1830  534 1829  533 1828  532 1827  531 1826  530 1825  529
 1824  528 1823 1822  527 1821  526 1820  525 1819  524 1818  523 1817
  522 1816  521 1815  520 1814  519 1813  518 1812 4124 4125 4126 4127
 4128 4129 4130 4131 4132 4133 4134 4135 4218 4222 4223 4224 5634 5635
 5636 5637 5638 5639 5640 5641 5642 4477 3817 3816 3815 3814 3813 5904
 5903 3910 4303 4302 3426 3422 2343 2344 2345 2459 2458 2457 3421 3420
 3419 3418 3417 3416 3415 3414 3663 3662 2598 2597 2334 2448 1847 4507
 2511 2512 2815 4508 1848 2449 2335 2336 2337 2338 2339 2340 2341 2342
 2456 2455 2454 2453 2452 2451 2450 1849 1850 1851 1852 1853 1854 1855
 3045 3044 3043 3042 3041 4510 4509 2816 2817 2940 5587 3037 2818 3864
 3863 3862 3410 3374 3375 3376 3377 3353 3017 3298 3276 3280  837 3281
 5619 2530 3285 5618 2840 4760 3686 5555 3507 5652 4036 3999 2738 5571
 2574 4136 4219 5600 4304 3907 3707 5899 3780 3637 3810 5802 5801 5803
 5804 5805  758 5806 5807 5808 5809 5707 5708 5810 5811 5812 5813 5814
 5815 3835 5523 5522 5521 1666 1665 4254 3535 3837 5669 3874 3873 3868
 3061 3060 3059 3058  855 3057  854 3056 3055 3054 3053  853 3052 3051
 3048 3047 3046 1856  540 1857 1858 1859 5882 5136 5137 5138 2465 3468
 5727 5728 5782 2464 2463 2462 2461 2460 2346 2347 2348 2349  723 2350
  724 2351 5783 2352 4478 5643 5644 4479  727 2353 4278 4480 4481 4482
 4483 4484 4485 4486 4487  740 4488 4489 4285 4284 1017 4283 5790 5789
  972 5788 5787  421 4282 1016 4281 4280 4279  974  926 5786 5785 5784
 5729 5730 5731 5732 5733 5734 5735  741 5736 5524 1025 5525 5526  115
 5527  982 5528  376 5529 5530 3407 3392 3393 3621 3620 3619 1171 3979
 3618  905 5472 2493 4164 5471 5470 5469   95 5468  375 5467  981 5466
  114 5465  969 5464 5792 5791 4459 5463 5054 3809 1189 3879 1573 2066
 3978 1170 1176 1177 3409 1661 4014 4015 2495 2496 4643 1423 3895 5458
 5402 3821 1344 4719 4017 4726 1511 4868 4866 4869 5866 5926 3525 3327
 3435 3482 5847 4851 1101 3710 3368 3578 2550 2236 3402 3398  710 3397
 2075   33 3396 2074  643 2073  642 2072 3395 3394 3622  252 2071 2070
  641 2069   96 2068 2067 3806 3805 3801 4460 5793 5737 3287 4490 2414
 4286 2916 5503 4636 5045  422 1011  927  975 5709 5710 5711 5712 5713
 5714  973 5715 1051 5716  742 5717 1026 5718  967 5720 5719 1190 3880
 1574 3975 3971 3976 3980 1172 3403 1654 1658 1659 5473 4165 2494 2492
  776 2491 2490  775 2489 2488 2487 2486  774 2485 2484  773 2483  772
 2482 5505 5506 5507 5508 5509 5510   97  415 5514 5513 5512 5511  377
  116 5678 5679 5680 5681 5682 5683 4264 4263 4262 4261 4260 4259 4258
 1014 4257 1013 4256 5675 5676 5677  743 5504 2481  771 2480 3831 3830
  423 2479  770 2478  769 2477  768 2476  767 2475  766 2474 4290 5547
 3316 3469 2466 4537 2471  763 2472  764 2473  765 2467 3470 3317 3917
 5645 3496 3597 3062 3869 4232 5670 5671  976 5672  928 5673 1012 5674
  424 4255 3920  978 3919  856 3918 5646 3497 3598 3063 3870 4233  857
 3967  979 3968 3921 3838 3536 1667 3828 5816 5046 4637 2917 4287 2415
 4491 3288 5738 5794 4461 3802 5055 5721 1191 3881 1575 3972 5684 5531
 4265 1173 3404 1655 3389 5515 5474 4166 2497 4583 4644 1424 3896 5459
 5403 3822 1345 3594 2265 2365 5861 2380 1112 3853 2255 5877 4576 1121
 3688 2720 3175 5702 5897 4596 4875 4020 2237 2076 2551 3579 3369 3711
 1102 4852 5848 3483 3436 3328 3301 4065 3526 5927 5867 3623 3612 5396
 4867 1512 4727 4018 4720 1340 1349  249 1339  248 1338  247 1337   98
 1336  246 1335  117 1334  245 1333  244 1332  243 1331  242 1330  241
 1329  240 1328  239 1327  238 1326  237 1325  236 1324 1341 4293 5550
 5613 3320 3473 2470 4540 5582 5664 3385 3201 5134 5881 5566 5630 3812
 3639 4681 3783 5902 5596 5838 5837 4039  806 3458 3191  874 3192  875
 3193  876 3194  877 3195  878 3196 3202 3386 3387 3388 4544  901 4543
 4542 4541 5583 5665 5135 1168   94 1167   93 1166   92 1165   91 1164
 3631 3632 3633 3634 3640 3641  938 3642 3643  762  902 3644 1402 4545
 4546 4547 4548 4549 4550 4551 4552 4553 1936 1935 1934 1933 1323 4294
 5551 5614 3321  761 3464 3463 3462 3461 3460 3459 4040 4041 4042 4043
 4044 4045  917 4046  234 4047 4048 1509 5648 3499 3600 3065 3872 4235
 3970 3922 3839 3537 1668 3829 5817 5047 4638 2918 4288 2416 4492 3289
 5739 5795 4462 3803 5056 5722 1192 3882 1576 3973 5685 5532 4266 1174
 3405 1656 3390 5516 5475 4167 2498 4584 4645 1425 3897 5460 5404 3823
 1348 1422  305 1421  304 1420  303 1419   99 1429 5334  898 5335   34
 5336   40 5337  716 5338   47 5339  946 5340  828 5341  992 5703 5898
 4597 4876 4021 3176 2721 3689 1122 4577 5878 2256 3854 1113 2381 5862
 2366 2266 3595 2238 2077 2552 3580 3370 3712 1103 4853 5849 3484 3437
 3329 5333 1428 4646 4585 2499 4168 5476 5517 3391 1657 3406 1175 4267
 5533 5686 3974 1577 3883 1193 5723 5057 3804 4466 4464 3130 3129 4465
 4463 1418  302 1417  118 1416  301 1415  300 1414  299 1413  298 1412
  297 1411  296 1410  295 1409  294 1408  293 1407  292 1406  291 1405
  290 1404  289 1403  235 3645 3646 3647 3648 3649 3650 5818 4639 3128
  744 3127 4554 5048 3799 3800 3797  425 3798 3796  939 3795 3794 3793
 3792 3791 3790 3789 3788 3787 3786 3785 3784 3777 3776 3775 5839 3909
 4306 5355 5354  935 5352 5353 4221 4138 2576 3513 2740 4001 5362 5361
 1063 5360  802 5359 5358 4763 2843 3696 2533 3077 3040 3023 2943 2821
 3867 3279 3294 3356 3380 3413 3452 4027 3677 3661 5204 3184 1921 2510
 2525 2596 2623 2713 4140 2668 3308 5121 4505 2649 2672 2784 2874 5232
 2892 3552 5043 2903 2981 1842 1435 1572 1374 1755 2711 2710 1146   71
 1145   70 1144 1143 2709   69 2708  786 2707  826 2706  515 2705  685
 2704  825 2703  731 2702  474 2701  824 2700  720 2699  670 2698  475
 2697  721 2696  557 2695  823 2694 2693  647 2692  658 2691  822 2690
  821 2689  820 2688 2686 2687  106 5363 5366 5371 5372 5373 5374  657
 5368 5367 5364 5365 5370 5369 3673 2082 5356  707 5357 5376  646 5375
 2506 2219 2240 5238 3771 3232 1877 2272 2133 2300 2306 4563 3245 2106
 2280 1741 2258 2316 2125 2296 4631 3889 3655 2775 4861 1884 3259 3173
 1738 2399 4717 3135 4361 2151 3430 3147 3120 1798 5842 4848 3925 2518
 2887 3081 2436 3530 3933 4958 3272 1754 1373 1571 1434 1151 1841 2980
 2902 5042 3551 2891 5231 2873 2783 2671 2648 4504 5120 3307 4141 3309
 3310  579 4142 4147 5203 3660 3676 3451 3453 4026 4028 5831 5830 3072
 3073 3074 3075 5833 5832 4030 4029 3454 3455 3188 3187 3186  873 3185
 3183 1920 2509 2524 2715 2714 4139 2667 2712 2595 2622   81 1154   80
 1153   79 1152 1169 1155   82 1156   83 1157   84 1158   85 1159   86
 1160   87 1161   88 1162   89 1163 5349   90 3190 3189 3457 3456  801
 4031 4032 4038 5836  995 5835 5834 3076 1310  221 1309  220 1308  219
 1307  218 1306  217 1491 1492 1493 1494 1495 1496 1497 1498  222 1311
  223 1312  224 1313  225 1314  226 1315  227 1316  228 1317  229 1318
  230 1319  231 1320  232 1321  233 1322 1508 3871 4234 3969 3064 3599
 3498 5647 1507 1506 1505 1504 1503 1502 1501 1500 1499 4220 4137 2575
 3512 3511 3510 3509 2572 4762 2842 3695 2532 3039 3022 2942 2820 3866
 3278 3293 3355 3379 3412 3675 3659 5202 4146 1919 2508 2523 2719 2594
 2621 3314 2666 1489 1490 1483  216 1482  342 1481  341 1480  340 1479
   78 1478  272 2643 2644 2645 2646 2647 4503 1304 1305 3071 3070 5829
 5828 1052 5827  816 5826  840 5825  841 5824 5823 1570 1569 1564 1563
 1562 1561 1560 1559 1558 1557 1556 1555 1554 1553 1552 1551 1550 2628
 2629 2630 2631 2632 2633 2634 2635 2636 2637 2638 2639 2640 2641 2642
 1477  339 1476  338 1475  337 1474  336 1473  335 1472  334 1471  333
 1470  332 1469  331 1468  330 1467  329 1466  328 1465  327 1464  326
 1463  325 1462  324 1461  323 1460  322 1459  321 1458  320 1457  319
 1456  318 1455  317 1454  104 1453   24 1452  316 1451 1485 1537   25
 1565 1538  105 1539  363 1540  364 1541  365 1542  366 1543  367 1544
  368 1545  369 1546  370 1547  371 1548  372 1549 2081 3672 2098 3627
 2744 3476 4012 4802 3226 2361 1183 2685 2932 3269 3519 3029 2194 2209
 1090 1536 1484 1896 3587 3255 2224 1750 3140 1255 3242 1943 1614 3942
 4678 1586 1401 3221 4205 4175 2427 4561 3997 2161 2157 2141 4250 4217
 1203 4499 3155 1923 2543 1134 3103 4472 3162 4573 3762 2115 3731 3745
 5126 1867 3216 1531 1721 5282 4963 5329 2090 3847 1901 5314 5130 1864
 3035 5159 5160 5161 5162  675 5163  690 5164  989 5165  752 5166 1005
 5167 5168  885  288 5169 4692 4693 4694 5170  591 5171  177 5172  870
 5173 5174  315   23 5175 4699 4698 4697 4696 4695 1749 2223 3252 1751
 3254  709 3253 3256 1450 3586 1895 1089 2208 2193 3028 3518 3268 2931
 2684 1182 2360 3225 4801 4011 3475 2743 3626 2097 3671 2080 2505 2388
 2389 2288 2289 2290 2291 2390 2391 2392 2769 4710 4709 4708 4707 4706
 4705 4704 4703 4702 4701 4700 5176  103 5177  886 5178  832 5179  932
 5180  656 5181  645 5182  781 5183  706 5184 5185 5186  964 4625 4624
 1034 4623 4622 4621 4620 4619 4618 4617 4616 4615 4614 4613 4612 4611
 4610 4609 4608 4677 4676  287 4675  884 4674 1036 4673  754 4672 1004
 4671 1031 4670 4669  689 3994 3995 3996 4560 4172 2426 2428 4605 4204
 4607 1033 4606 4174 4173 2160 2156 2140 4249 4216 4215  127 4214  580
 4213 4212 4211 4210 4209 3987  954 3988  662 3989   57 3990  988 3991
 3992 3993  674 4668 4667 4666 4665 4664 4663 4662 4661  959 3986 3985
 3984  455  361 4660 4659  977 4658  571 4657 1035 4656 4982 5489 5429
 5427 1050 5426 5425 5424 1961 1962  598 1963 1964 5921 5920  427 5919
 5918 5917 1049 5916 1055 5915  859 5914 1059 5913 1046 5912 1048 5911
  353 5910 1008 5909 5908 1394 1353 3209 3349 5274 1070 2104 3765 5220
 1354  257 1355 1356 1395 3767 3766 2377 2376 5254 3111 3112    4 3113
  659 3114 5275  880 5276  258 5277 1060 5278 4274 5227 5267 4197 5299
 1522 4970 5144 5448 5343 4910 5420 5388 5212 4593 3091 5150 5381 5406
 5304 4972 1959 2555 5422 5477 4983 5490 5922 1671 1368 1370  269 1367
  268 1366  267 1365  266 1364  265 1363  264 1362  263 1361  262 1360
  261 1359  260 1358 1598  388 1599 1600 1601 1602 1603 1604 1605 1606
 1607 1608 5151 5382 5407 5305 4973 1960 1954  595 1955  596 1956  389
 1957  597 1958 2556 5423 5478 1369  428 5318 3734  956 3735 5319 5320
 5321  549 3736  957 3737 3738  958 3739  572 5322 5323 5324 5330 5331
  650 3740  456 3741  362 3742 3746  960 3747  955 3748  663 3749 3750
   58 3104 3105  863 3106 3107 3751 2544 1135 4473 3163 4574 3763 2116
 3732 5127 1535 1534 1532 1533 1722 5332 5283 4964 2091 3848 1902 5315
 5131 1865 3036 4984 5491 5923 3733 1672 5316 5317 1965 4974 5306 5408
 5383 5152 1609 3092 4594 5213 5389 5421 5778 5777 5776 5775 5774 5773
 5772 5771 5770 5769 5768 5767  592 5766  751 5765  914 5764   56 5763
  866 5762  845 5761  126 5760 5759 5740 5756 5741  125 5742  844 5743
  865 5744   55 5745  913 5746  750 5747 5748 5749    0 1944  593 1945
 1946 1947 1948 1949 1950 1951 1952 1953  594 5758 5757 5755 5754 5753
 5752  259 5751 5750  387 1597 1596 1528 3126 1132 3450 5249 2425 5255
 1595 1066 5263 2378 2105 3115 3350 3210 3768 1396 1357 5221 5279 1067
 5262 5261 5260 1062 5259 5253 2424  749 2423  748 2422 1527 1131   54
 1130   53 1526 5272 2911 1677 2949 4883 1200 5246  747 5247 5248 2373
 2374 2375 1594  386 1593  385 1592  384 1591  383 1590 1525 3125 1129
 5245 2421 3449 1589 2372 5252 5258 3110 3124  357 3123  843 3122 2910
 2909 4178  124 4179 4180 4181 4182 4183 4184 3447 3448 4185 4186 4187
 4188 4189 3205 3206 3207 3208 4190 4191 4192 4193 4194 4195 4196 5142
 5207 5208 1057 5209 4591 5210 3093  860 3094  861 3095  862 3096 3097
 1712 1713  450 1714 1670 5412 5411 5410 5409 5379 5378 5347  858 5346
 1058 5345 1045 5344 5447 5143 1521 1520  351 1519 1518 5297 5298 4966
 4967  352 4968 4969 5342 4909 5419 5387 5211 4592 3090 5149 5380 5405
 5303 4971 4651 4652 4653 4654 4655 5308 5309 5310 5311  548 5312 5313
 1900 3846 3849 2089 5328 4962 5281 3983 1720 3744 4208 5125 1866 3215
 1530 1718  454 1717  453 1899 1716  452 1715  451 4981 4980 4978 4977
  426 4976 4975 5302 5301 5147 5148 5146 4590 5418 5417 5416 5415 5266
 5265 5219 5218  283 5217 5216 3348 3347 3346    3 3345 3344 3343 3342
  382 3341 3340 3339   52 3338  356 3337 3336 3335 1199  123 1198 1676
 1678  431 1675 2948 2947 2946  430 1679 1680  122 1681 1682  432 1683
  433 1684 1685 1686  434 1687  435 1688 1689  436 1690  437 1691  438
 1692 1693  439 1694 1695  256 1696 1697 1698  350 5443 5442 5441 1393
 1392 1391  282 1390 2103 1069 3204 3109 5257 5251 2371 1588 2420 5244
 3446 1128 1524 5271 5270 5269 4177 1197 4882 4884  121 4885 1007 4886
 4887  355 4888   51 4889  912 4890  746 4891  381 4892 1042 4893 1043
 4894  864 4895    2 4896  281 4897 4898 4899 4900 4901 4902 4903 4905
 4906 1044 4907 4908 5206 5446 5445 5444 1699  440 1700  441 1701  442
 1702  443 1703  444 1704  445 1705  446 1706  447 1707  448 1708 1719
 1710 1709  449 2554 5479 5480 5481 5482  547 5483 1054 5484  570 5485
 3852 2088 5327 4961 5280 3982 4238 4237  360 5286 5285 5284 1250 3754
  173 3755  961 3756  962 3757 3758 3759 3760 5289 5288 5287 4241 4240
 4239 5123 5124 2117  664 2118 2119 2120 1924 4245  669 4244 4243 4242
 5290 5291 2124 5157 5295 2541 2540 3101 4470 3160 4571 4570 1874 1871
  551 1870  550 1869 1868 4308 4309 4310 4311  554 4312  793 4313 1019
 4314 1020 4315  668 4316 4317 4318 4319 4320 4321 4322 4323 4324 4325
 4326 4327 4328 4329 4330 4331 4332 4333 4334 4335 4336 4337 4338 4339
 4340 4341 4342 4343 4344 4097 4098 4099 4100 4101 4102 4103 4104 4105
 4106 4107 4108 4109 4110 5104 5103 5102 5101 5100 5099 5098 5097 5096
 5095 5094 5093 5092 5091 5090 4096 4095 4094 4093 4092 4091 4090 4089
 4088 4087 4086 4085 4084 4083 4082 4081 4080 4079 4078 4077 4076 4075
 4074  680 4073 4072  133 4071 4070  997 4069 3151 3152 5064 5065 5066
 5067 5068 5069 5070    9 5071 5072 5073 5074 5075 5076 5077 5078 5079
 5080 5081 2175 2174 2173 2172 2171 2170 2169 2168 2167 2166 2165 2164
  691 2163 2162 2143  676 2142 1208   68 4497 3153 1201 1204 1205 2138
 4246 4247 2154 2158 4805 4806 4807 4808 4809 4810 4811 4812 4813 4814
 4815 4816 4817 4818 4819 4820 4821 4822 2179  693 2178  692 2177 2176
 5082 5083 5084 5085 5086 5087  111 5088 5089  694 2180 2181 2182  695
 2183  696 2184  653 2185 2186 2187 2188 2189 2190 3772 3773 2134 2135
 4564 4565 2281 2282 2317 2318 2319 2320  470 2321 4842 4841 4840 4839
 2760 2759 2758 2757 2756 2755 4838 4837 4836 4835 4834  708 4833 4832
 4831 4830 4829 4828 4827 4826 4825 4824 4823 2680 2681 1179 1184 1185
 3222 3227 3228 3229 2745 2746 2747 2748 2749 2750 2751 2752 2753 2754
 4562 2298 2626 2131 3234 3233 3769 2221 2220 2084 2083 3668 2094  654
 2093 2741 2216 2214 3480 2213 2212  101 2211 3266 3516 3026 3025 1086
   21 1085   20 1084   19 1083   18 1082   17 1081   16 1080   15 1079
   14 1078   13 1077   12 1076   11 1075   10 1074 1073 2431 4200 1932
 1929  583 1928  582 1927  581 1926 1925 1140   62 1139   61 1138   60
 1137   59 1136 2114 3730 3761 4572 3161 4471 3102 1133 2542 5158 1922
 3154 4498 1202 4248 2139 2155 2159 4559 4558 4557 4171 4201  753 4202
 3219 1399 3940 1939 1940 1941 1253 1256 1257 1258 1259 1260 1087 2210
 2926   22 2927 2928 2929 2682 1180 2358 3223 4007 4008 4009 3477 3478
 3624 3628 3630 2095 3669 2078 2502 2503 2386 2286 2217 5242 5240  963
 5239 2206 5237 3770 2204  703 2203  702 2202  644 2201  655 2200  701
 2199 2198  700 2197  102 2196  699 2195 3584 3583 1748 1747 2925 2924
 2923 3138 3240  590 3239 3238 1585 1400 3220 4691 4604 4203 2432 3941
 1613 1942 3241 1254 3139 1446 3251 2229 1892  566 1893 2226 2225 1447
  314 1448 1449 3585 1894 1088 2207 2192 3027 3517 3267 2930 2683 1181
 2359 3224 4800 4010 3474 2742 3625 2096 3670 2079 2504 2387 2287 2218
 2239 2241  711 2242  712 2243  556 2244  713 2245 2246 2247 2109  660
 2110 3653 3887 4629 4628 4627 2108 2107 4626 5187 4711 2770 2771 2772
 2773 4714 4713 4712 5188 5189 5190  472 4715 5191  684 5192  514 5193
 1056 5194  785 5195  757 5196 2559 2560 2561   77  271 5197 1149 1839
 2978 5821 2900 5040 3549 2889 5229 2781 2673 2669 2674  215 5200 5199
 5198 2562  794 2563  795 2564 2876 2875 2872 5230 2890 3550 5041 2901
 5822 2979 1840 1150 1433 1372 1753 1568 3271 4957 3932 3529 2435 3080
 2886 2517 3924 4847 5841 1797 3119 3146 3429 2150 4360 3134 2653 4716
 2397 2398  473 2396  730 2395 2394 2393 2292 2293 2294 2295 4630 3888
 3654 2774 4860 1883 3258 3172 1737 2654 2655 2656 2657 2658 2659 2660
 2661 2662 2663 2664 2665 2782 2670 4502 1303 5119 3069 3946 3947  346
 3948  940 3949  894 3950  890 3951  839 3952  789 3953  800 3954  922
 3955 3956 3957 3958 4305 3908 5595 5901 3782 4680 3638 3811 5629 5565
 5880 5133 3200 3384 5663 5581 4539 2469 3472 3319 5612 5549 4292 3966
  897 3965  916 3964  760 3963 3962 3961 3960 3959 5574 5657 5658 5659
  966 5575 5576  937  971 5577 5578  879 5660 5661 5662 5579 5580 4538
 2468 3471 3318 5611 4291 5548 5610  896 5609  915 5608  759 5607 5606
 5605 5604 5603 5602 5594 5560  965 5561 5562 5564 5563 3383 3199 5132
 5879  970  936 4679 4682 4683 4684 4688 5628 5627 5626  950 5625 5624
 5623 5622 5621 5620  944 3697 3698 3699  921 3700  947 3701  804 3702
  948 3703 3708 5900 3781 5559 5593 5601 5656 5573  805 5572 2739 4000
 4037 2571 2570 3508 5654  994 5655 5653 4761 2841 3694 2531 3038 3021
  788 2569  799 2568  798 3295 2567  797 2566  796 2565 5201 3411 3378
 3354 3018 3019 3020 3299 3277 3865 2819 2941 5588 5589  787 5590 5591
 5592 5558 5557 5556 3682 3681  838 3680  889 3679  849 3674 2675 3678
 3658 2678 4145 1918 2507 2522 2718 2593 2620 3313 1488 3945 3068 5118
 1302 2895 2898 2780 2779 2778 1838 1148 2777 5820 2899 2904 2905 5228
 5233 1442 2879 4500 5236 3087 4506 1846 1845 1844 3086   75 3085 1843
 3274 3273 3084 3083 3082 2883 2884 3078 3531 3532 3527 2433 2515 5844
 5843 3926  784 3927  756 3930 3928 4956 3270 1567 1752 1371 2982 2983
 2985 5039 3548 2888 2893 2894 1443 4501 2880 1439  308 1438  307 1437
   76 1436 1432 3931 2558 3528 2434 3079 2885 2516 3923 4846 5840 1796
 3118 3145 3428 2149 4359 3133 2652 1736 3171 3257 1882 4859 2113 3652
 3886 2251 2311 1885  471 1886 1889 3170 3169 3168 3167 3166 2130 2127
  671 2126 2315 2310 2309 2308 2307 2305 2299 2627 2132 2271 1876 2768
 3231 2273  672 2274 2275 2278 3244 2279 1740 2257 2259 2260 2314 2250
 3890 3891 3892 3260 3261 3143 3144 3117 2882  783  755 2765]

eliteFit: 571725.0
percentError: 2.819915654308554
computationTime: 6517.797s