instanceName: fl1577
n: 1577
optFit: 22249

genTime, gen, eliteFit, percentError:
0.0022686999873258173, 0, 1316371.0, 5816.540
1.8547962000011466, 1, 24072.0, 8.194
0.9945479000016348, 2, 23685.0, 6.454
0.9119812999997521, 3, 23437.0, 5.340
1.0359794000105467, 4, 23254.0, 4.517
0.9680643000028795, 5, 23173.0, 4.153
0.9220722999889404, 6, 23135.0, 3.982
0.8309439000004204, 7, 23057.0, 3.632
0.8670964999910211, 8, 23022.0, 3.474
0.8930518999986816, 9, 23022.0, 3.474
0.9514190999907441, 10, 22963.0, 3.209
0.9895389000012074, 11, 22836.0, 2.638
0.8652188000123715, 12, 22836.0, 2.638
0.9205430999863893, 13, 22836.0, 2.638
0.9137857000023359, 14, 22836.0, 2.638
0.9087425999896368, 15, 22791.0, 2.436
0.7728180999984033, 16, 22791.0, 2.436
0.5414773000084097, 17, 22753.0, 2.265
0.3956259999977192, 18, 22723.0, 2.130
0.45977709999715444, 19, 22705.0, 2.050
0.414302500008489, 20, 22705.0, 2.050
0.4593484999932116, 21, 22689.0, 1.978
0.42240520000632387, 22, 22679.0, 1.933
0.4392540000117151, 23, 22642.0, 1.766
0.31111920000694226, 24, 22642.0, 1.766
0.3266892999963602, 25, 22629.0, 1.708
0.29028710001148283, 26, 22624.0, 1.685
0.24033250000502449, 27, 22613.0, 1.636
0.27633849999983795, 28, 22599.0, 1.573
0.23612020000291523, 29, 22591.0, 1.537
0.2696581999916816, 30, 22591.0, 1.537
0.29912890000559855, 31, 22586.0, 1.515
0.2533957999985432, 32, 22583.0, 1.501
0.23272040000301786, 33, 22583.0, 1.501
0.22046810000028927, 34, 22580.0, 1.488
0.21442670001124498, 35, 22580.0, 1.488
0.26193809999676887, 36, 22580.0, 1.488
0.2653197000036016, 37, 22580.0, 1.488
0.2532766000076663, 38, 22580.0, 1.488
0.28161029999319, 39, 22580.0, 1.488
0.25317399999767076, 40, 22580.0, 1.488
0.27822970000852365, 41, 22580.0, 1.488
0.30731329999980517, 42, 22580.0, 1.488
0.2571907000092324, 43, 22572.0, 1.452
0.2122459000092931, 44, 22572.0, 1.452
0.24009839999780525, 45, 22572.0, 1.452
0.2728843000077177, 46, 22559.0, 1.393
0.29653189999226015, 47, 22559.0, 1.393
0.28982900000119116, 48, 22559.0, 1.393
0.4083993000094779, 49, 22554.0, 1.371
0.3121466999873519, 50, 22546.0, 1.335
0.31982419999258127, 51, 22546.0, 1.335
0.33940839998831507, 52, 22546.0, 1.335
0.2834304999996675, 53, 22546.0, 1.335
0.24938610001117922, 54, 22546.0, 1.335
0.2310488999937661, 55, 22541.0, 1.312
0.27486420000786893, 56, 22541.0, 1.312
0.2734840999910375, 57, 22541.0, 1.312
0.27724019999732263, 58, 22541.0, 1.312
0.248906499997247, 59, 22541.0, 1.312
0.24912439999752678, 60, 22535.0, 1.285
0.2389841999975033, 61, 22524.0, 1.236
0.27381149999564514, 62, 22518.0, 1.209
0.27521429999615066, 63, 22516.0, 1.200
0.2967209000053117, 64, 22516.0, 1.200
0.2567884000018239, 65, 22516.0, 1.200
0.27570830000331625, 66, 22516.0, 1.200
0.27140480000525713, 67, 22516.0, 1.200
0.23798940000415314, 68, 22516.0, 1.200
0.2428144000004977, 69, 22516.0, 1.200
0.21113470000273082, 70, 22516.0, 1.200
0.222208999999566, 71, 22516.0, 1.200
0.27714959999138955, 72, 22516.0, 1.200
0.22183909999148455, 73, 22507.0, 1.160
0.26238529999682214, 74, 22507.0, 1.160
0.21028069999010768, 75, 22507.0, 1.160
0.27734179999970365, 76, 22507.0, 1.160
0.24953080000705086, 77, 22507.0, 1.160
0.22377640000195242, 78, 22507.0, 1.160
0.24590470000111964, 79, 22507.0, 1.160
0.25584189999790397, 80, 22507.0, 1.160
0.22748200000205543, 81, 22507.0, 1.160
0.28076779999537393, 82, 22507.0, 1.160
0.29347520000010263, 83, 22507.0, 1.160
0.3255208000045968, 84, 22507.0, 1.160
0.2839780999929644, 85, 22507.0, 1.160
0.24393240000063088, 86, 22507.0, 1.160
0.22780399999464862, 87, 22507.0, 1.160
0.23626669999794103, 88, 22507.0, 1.160
0.23293220000050496, 89, 22507.0, 1.160
0.2135813000058988, 90, 22507.0, 1.160
0.24449379999714438, 91, 22507.0, 1.160
0.24507860001176596, 92, 22507.0, 1.160
0.2623015999997733, 93, 22507.0, 1.160
0.22501239999837708, 94, 22507.0, 1.160
0.24189109999861103, 95, 22507.0, 1.160
0.23452420000103302, 96, 22507.0, 1.160
0.22994740000285674, 97, 22507.0, 1.160
0.3051382999983616, 98, 22507.0, 1.160
0.2439048000087496, 99, 22507.0, 1.160
0.26574600000458304, 100, 22507.0, 1.160
0.24811749999935273, 101, 22507.0, 1.160
0.2637183999904664, 102, 22507.0, 1.160
0.2638882999890484, 103, 22507.0, 1.160
0.2505880000098841, 104, 22507.0, 1.160
0.22202310001011938, 105, 22507.0, 1.160
0.2545658999879379, 106, 22507.0, 1.160
0.264038299996173, 107, 22506.0, 1.155
0.26884659999632277, 108, 22506.0, 1.155
0.21144280000589788, 109, 22506.0, 1.155
0.2599205000005895, 110, 22506.0, 1.155
0.22081929999694694, 111, 22506.0, 1.155
0.22998249999363907, 112, 22506.0, 1.155
0.2554429999872809, 113, 22506.0, 1.155
0.22776680000242777, 114, 22506.0, 1.155
0.22014340000168886, 115, 22506.0, 1.155
0.2372144999972079, 116, 22506.0, 1.155
0.19976580000366084, 117, 22506.0, 1.155
0.2893968999997014, 118, 22506.0, 1.155
0.26567740000609774, 119, 22506.0, 1.155
0.2546613000013167, 120, 22506.0, 1.155
0.2176113999885274, 121, 22496.0, 1.110
0.2740631000051508, 122, 22496.0, 1.110
0.21945489999779966, 123, 22496.0, 1.110
0.22941259999061003, 124, 22496.0, 1.110
0.19976249999308493, 125, 22496.0, 1.110
0.25485469998966437, 126, 22496.0, 1.110
0.234182599990163, 127, 22496.0, 1.110
0.2583454999985406, 128, 22496.0, 1.110
0.23050999999395572, 129, 22496.0, 1.110
0.22091960000398103, 130, 22496.0, 1.110
0.2597614000114845, 131, 22496.0, 1.110
0.25144059999729507, 132, 22496.0, 1.110
0.22773919999599457, 133, 22496.0, 1.110
0.23395049999817275, 134, 22493.0, 1.097
0.2016828999912832, 135, 22475.0, 1.016
0.2983115999959409, 136, 22475.0, 1.016
0.270688099990366, 137, 22475.0, 1.016
0.26913559999957215, 138, 22475.0, 1.016
0.25455589999910444, 139, 22475.0, 1.016
0.2970777000009548, 140, 22475.0, 1.016
0.22495180000260007, 141, 22475.0, 1.016
0.25346200000785757, 142, 22475.0, 1.016
0.24761590000707656, 143, 22475.0, 1.016
0.24726210000517312, 144, 22475.0, 1.016
0.28129030000127386, 145, 22475.0, 1.016
0.21573710000666324, 146, 22475.0, 1.016
0.23409990000072867, 147, 22475.0, 1.016
0.248886900008074, 148, 22475.0, 1.016
0.24738780000188854, 149, 22475.0, 1.016
0.2790126999898348, 150, 22475.0, 1.016
0.27687869999499526, 151, 22475.0, 1.016
0.22178829999757, 152, 22475.0, 1.016
0.25122530000226106, 153, 22475.0, 1.016
0.24784960001125, 154, 22475.0, 1.016
0.2660515000025043, 155, 22475.0, 1.016
0.2639472000009846, 156, 22475.0, 1.016
0.2532008999987738, 157, 22475.0, 1.016
0.21854869999515358, 158, 22475.0, 1.016
0.22583070000109728, 159, 22475.0, 1.016
0.22133380000013858, 160, 22475.0, 1.016
0.22370749998663086, 161, 22472.0, 1.002
0.28441780000866856, 162, 22472.0, 1.002
0.31308350000472274, 163, 22472.0, 1.002
0.22662489999493118, 164, 22472.0, 1.002
0.2386574000120163, 165, 22472.0, 1.002
0.2613647999969544, 166, 22472.0, 1.002
0.27270709999720566, 167, 22472.0, 1.002
0.29726820001087617, 168, 22472.0, 1.002
0.24970280000707135, 169, 22472.0, 1.002
0.2399369999911869, 170, 22472.0, 1.002
0.23201959999278188, 171, 22472.0, 1.002
0.2800394000078086, 172, 22472.0, 1.002
0.24928029999136925, 173, 22472.0, 1.002
0.2501620999973966, 174, 22472.0, 1.002
0.21195219999935944, 175, 22472.0, 1.002
0.25214949999644887, 176, 22471.0, 0.998
0.28594190000148956, 177, 22471.0, 0.998
0.23049089999403805, 178, 22471.0, 0.998
0.2294536999979755, 179, 22471.0, 0.998
0.2964700000011362, 180, 22471.0, 0.998
0.22368789999745786, 181, 22471.0, 0.998
0.25924169999780133, 182, 22471.0, 0.998
0.23469569999724627, 183, 22471.0, 0.998
0.27953689999412745, 184, 22471.0, 0.998
0.2904343999980483, 185, 22471.0, 0.998
0.26948640000773594, 186, 22471.0, 0.998
0.31918710000172723, 187, 22471.0, 0.998
0.30596309999236837, 188, 22471.0, 0.998
0.277920799999265, 189, 22471.0, 0.998
0.2596382000047015, 190, 22471.0, 0.998
0.24848589999601245, 191, 22471.0, 0.998
0.2721140999929048, 192, 22471.0, 0.998
0.2172295999916969, 193, 22471.0, 0.998
0.2243661999964388, 194, 22471.0, 0.998
0.2612349999981234, 195, 22471.0, 0.998
0.2326982000085991, 196, 22471.0, 0.998
0.23839179999777116, 197, 22471.0, 0.998
0.22246270001051016, 198, 22471.0, 0.998
0.2417518000002019, 199, 22471.0, 0.998
0.22491900000022724, 200, 22471.0, 0.998
0.25071439999737777, 201, 22471.0, 0.998
0.24304489999485668, 202, 22471.0, 0.998
0.3056172999931732, 203, 22471.0, 0.998
0.2622752000024775, 204, 22471.0, 0.998
0.25693269999464974, 205, 22465.0, 0.971
0.29044850000354927, 206, 22465.0, 0.971
0.24418779999541584, 207, 22465.0, 0.971
0.24719270000059623, 208, 22465.0, 0.971
0.2961745000066003, 209, 22465.0, 0.971
0.2507212999917101, 210, 22465.0, 0.971
0.25780379999196157, 211, 22465.0, 0.971
0.2356279999949038, 212, 22465.0, 0.971
0.2476336999970954, 213, 22465.0, 0.971
0.23388539999723434, 214, 22459.0, 0.944
0.273858200001996, 215, 22457.0, 0.935
0.22713780000049155, 216, 22457.0, 0.935
0.22914999999920838, 217, 22457.0, 0.935
0.21326289999706205, 218, 22457.0, 0.935
0.21015189999889117, 219, 22457.0, 0.935
0.21594330000516493, 220, 22457.0, 0.935
0.28042979999736417, 221, 22457.0, 0.935
0.24363959999755025, 222, 22457.0, 0.935
0.2752452999993693, 223, 22449.0, 0.899
0.2538414000009652, 224, 22449.0, 0.899
0.24365519999992102, 225, 22449.0, 0.899
0.27161889999115374, 226, 22449.0, 0.899
0.24082880000059959, 227, 22449.0, 0.899
0.3012732000061078, 228, 22449.0, 0.899
0.22679749999952037, 229, 22449.0, 0.899
0.2600712000130443, 230, 22449.0, 0.899
0.283286699996097, 231, 22449.0, 0.899
0.2171407999994699, 232, 22449.0, 0.899
0.245257100003073, 233, 22449.0, 0.899
0.2853045999945607, 234, 22449.0, 0.899
0.2506186999962665, 235, 22449.0, 0.899
0.22118459999910556, 236, 22449.0, 0.899
0.22524980000162032, 237, 22449.0, 0.899
0.2652226999925915, 238, 22449.0, 0.899
0.24548260000301525, 239, 22449.0, 0.899
0.2190236000024015, 240, 22449.0, 0.899
0.24000589999195654, 241, 22449.0, 0.899
0.24078870000084862, 242, 22449.0, 0.899
0.21602659999916796, 243, 22449.0, 0.899
0.22445420001167804, 244, 22449.0, 0.899
0.25478089999523945, 245, 22449.0, 0.899
0.23880710000230465, 246, 22449.0, 0.899
0.23446410000906326, 247, 22449.0, 0.899
0.2520667999924626, 248, 22449.0, 0.899
0.2930168000020785, 249, 22449.0, 0.899
0.2570471999933943, 250, 22449.0, 0.899
0.24231909999798518, 251, 22449.0, 0.899
0.2469037999981083, 252, 22449.0, 0.899
0.2294531000079587, 253, 22449.0, 0.899
0.24557570001343265, 254, 22449.0, 0.899
0.2952120000118157, 255, 22449.0, 0.899
0.27364949999901, 256, 22449.0, 0.899
0.25807260000146925, 257, 22449.0, 0.899
0.21027520000643563, 258, 22449.0, 0.899
0.2194615999906091, 259, 22449.0, 0.899
0.307829600002151, 260, 22449.0, 0.899
0.34996310000133235, 261, 22449.0, 0.899
0.23286340000049677, 262, 22449.0, 0.899
0.28582689999893773, 263, 22449.0, 0.899
0.2326013999991119, 264, 22449.0, 0.899
0.25368840000010096, 265, 22449.0, 0.899
0.22720619999745395, 266, 22449.0, 0.899
0.3042820999980904, 267, 22449.0, 0.899
0.26589290000265464, 268, 22449.0, 0.899
0.23538679999182932, 269, 22449.0, 0.899
0.2514503999991575, 270, 22449.0, 0.899
0.2785167999973055, 271, 22449.0, 0.899
0.29379460000200197, 272, 22449.0, 0.899
0.2687743999995291, 273, 22449.0, 0.899

tour:
[ 429  483  484  485  504  505  486  487  488  332  331  330  329  328
  327  326  325  324  323  322  321  320  319  318  317  316  315  314
  313  312  311  148  149  147  146  145  144  143  142  134 1374 1375
 1308 1376 1307 1377 1378 1379 1306 1380 1381 1304 1382 1303 1287 1383
 1302 1384 1301 1385 1300 1386 1299 1387 1298 1388 1297 1389 1296 1390
 1295 1294 1205 1206 1293 1207 1292 1208 1291 1209 1290 1210 1289 1211
 1288 1212 1213 1286 1214 1215 1285 1305 1284 1216 1283 1217 1218 1282
 1309 1281 1373 1219 1310 1372 1371 1311 1220 1280 1221 1222 1279 1370
 1369 1278 1223 1277 1368 1312 1224 1276 1313 1367 1366 1314 1225 1226
 1227 1275 1228 1274 1315 1365 1364    9    8    7   15   16   40   42
   39   43   38   44   37   45   36   10    6    5    4    3    2    1
    0   14   13   12   11   34   49   35   48   47   51   50   61   60
   59   58   46   25   24   23   22   21   52   53   54   72   71   70
   69   84   83   82   81  100   91   99   92   98   93   73   80   94
   79   78   74   77   75   76   41   17   18   19   20   55   56   57
   95   96   97  109  110  108  111  107  112  106  113  105  114  133
  132  131  130  129  128  115  127  116  126  117  125  118  119  120
  121  122  123  124  101  102   88   87   66   67   86   85   68   33
   26   32   27   31   28   29   30   65   64   89  103  104   90   63
   62 1363 1316 1229 1273 1230 1317 1362 1361 1318 1272 1231 1271 1232
 1233 1270 1319 1360 1320 1359 1269 1234 1268 1321 1358 1322 1235 1267
 1357 1356 1323 1236 1266 1324 1355 1265 1237 1238 1325 1354 1353 1326
 1264 1239 1263 1240 1262 1327 1352 1351 1350 1241 1242 1328 1349 1329
 1348 1330 1261 1260 1347 1346 1243 1331 1345 1344 1332 1244 1259 1245
 1246 1258 1343 1342 1257 1247 1256 1248 1255 1249 1250 1251 1254 1252
 1253 1337 1336 1338 1339 1335 1340 1334 1333 1341  135  136  137  138
  139  140  141  151  150  169  170  171  172  173  174  175  176  177
  178  179  180  181  182  183  184  185  186  187  188  189  190  191
  192  193  194  195  196  197  156  198  155  199  154  200  153  201
  152  202  203  204  205  206  207  208  209  210  211  212  213  214
  215  216  217  218  219  220  221  222  223  224  225  226  227  228
  229  230  231  232  233  234  235  236  237  238  239  240  241  242
  243  244  245  246  247  248  249  250  251  252  253  254  255  256
  257  258  259  260  261  262  263  264  265  266  267  268  269  270
  271  272  273  274  275  276  277  278  279  280  281  282  283  284
  285  286  287  288  289  290  291  292  293  294  295  296  297  298
  299  300  301  302  303  304  305  306  307  308  168  167  166  165
  164  163  162  310  309  383  382  381  380  379  378  377  376  375
  374  373  372  371  370  369  368  367  366  365  364  363  362  361
  360  359  358  357  356  355  354  353  352  351  350  349  348  347
  346  345  344  343  342  341  340  339  338  337  336  157  158  159
  160  161  333  334  335  428  427  426  425  424  423  422  421  420
  419  418  417  416  415  414  413  412  411  410  409  408  407  406
  405  404  403  402  401  400  399  398  397  396  395  394  393  392
  391  390  389  388  387  386  385  384  447  446  445  444  443  442
  441  448  449  450  451  452  453  454  455  456  457  458  459  460
  461  462  463  464  465  466  467  468  469  470  471  440  472  439
  473  438  474  437  475  436  476  435  477  434  478  433  479  432
  431  480  492  493  494  495  496  497  498  499  500  501  518  519
  520  521  522  523  524  525  526  527  528  529  530  531  532  533
  534  535  536  537  538  539  540  541  542  543  544  545  546  547
  548  549  550  551  552  553  554  555  566  565  564  563  562  561
  560  559  558  557  556  745  806  746  805  747  748  749  750  802
  880  803  879  804  878  877  876  807  875  808  809  810  811  812
  813  814  815  816  817  818  819  820  821  822  823  824  825  826
  827  828  829  830  831  832  833  834  835  836  837  838  839  840
  841  842  843  844  845  846  847  848  849  850  851  852  853  854
  855  856  857  858  859  860  861  862  863  864  865  866  867  868
  869  870  871  872  873  874 1047 1046 1045 1044 1043 1042 1041 1040
 1039 1038 1037 1036 1035 1034 1033 1032 1031 1030 1029 1028 1027 1026
 1025 1024 1023 1022 1021 1020 1019  959  958  960  957  961  956  962
  955  963  954  964  992  991  965  990 1012 1013 1014 1015 1016 1017
 1018 1064 1065 1066 1067 1068 1083 1085 1084 1096 1095 1094 1093 1092
 1091 1136 1137 1138 1201 1202 1203 1204 1135 1134 1133 1132 1131 1130
 1129 1128 1127 1126 1125 1124 1123 1122 1121 1120 1119 1118 1117 1116
 1115 1114 1113 1112 1111 1110 1109 1108 1107 1106 1105 1104 1103 1102
 1426 1425 1471 1470 1424 1423 1422 1421 1467 1420 1466 1419 1465 1418
 1417 1416 1464 1415 1463 1547 1505 1548 1549 1506 1550 1507 1508 1551
 1552 1553 1468 1469 1554 1509 1555 1510 1556 1557 1511 1558 1512 1559
 1513 1560 1561 1546 1462 1414 1413 1461 1504 1545 1503 1544 1543 1502
 1459 1460 1412 1411 1458 1501 1542 1500 1541 1540 1456 1499 1457 1410
 1409 1408 1455 1498 1539 1497 1538 1537 1496 1454 1407 1406 1453 1405
 1495 1536 1452 1404 1494 1535 1493 1451 1403 1472 1427 1514 1562 1563
 1473 1428 1429 1430 1515 1564 1565 1516 1474 1517 1566 1475 1431 1432
 1476 1567 1568 1477 1433 1434 1478 1435 1518 1569 1570 1519 1436 1571
 1572 1520 1479 1480 1573 1521 1574 1522 1437 1438 1575 1576 1534 1450
 1402 1449 1492 1533 1491 1448 1401 1400 1447 1490 1532 1531 1530 1489
 1399 1446 1398 1397 1445 1488 1529 1487 1444 1396 1486 1528 1527 1485
 1443 1395 1442 1394 1484 1526 1525 1483 1441 1393 1440 1392 1439 1482
 1524 1523 1481 1391 1200 1199 1198 1197 1196 1195 1194 1193 1192 1191
 1190 1189 1188 1187 1186 1185 1184 1183 1182 1181 1180 1179 1178 1177
 1176 1175 1174 1173 1172 1171 1170 1169 1168 1167 1166 1165 1164 1163
 1162 1161 1160 1159 1158 1157 1156 1155 1154 1153 1152 1151 1150 1149
 1148 1147 1146 1145 1144 1143 1142 1141 1140 1139 1099 1098 1097 1100
 1101 1088 1089 1076 1054 1005 1055 1004 1056 1003 1057 1058 1059  936
  937  938  939  980  979  940  981  978  941  982 1002  983  977  942
  976  984 1000 1001 1053 1077 1060 1078 1079 1051 1052  999  998  943
  944  945  975  946  974  947  973  948  972  986  996 1008 1007  985
 1006 1049  997 1050 1075 1074 1090 1073 1072 1087 1086 1071 1061 1070
 1080 1062 1063 1069 1081 1082 1010 1048 1011  989  966  953  967  952
  968  951  969  950  993  994 1009  995  987  971  988  970  949  935
  934  928  933  929  930  931  932  881  801  751  882  800  752  753
  799  883  884  798  754  885  886  755  756  887  888  757  758  889
  890  891  759  760  761  892  893  762  763  894  895  764  765  896
  897  766  767  898  899  768  769  900  901  770  902  771  772  903
  904  773  774  905  906  775  776  907  908  777  778  909  910  779
  780  911  912  781  782  913  914  915  783  784  785  916  917  786
  787  918  919  788  789  920  921  922  923  924  925  926  927  797
  796  795  794  793  792  791  790  720  693  721  692  722  691  723
  690  724  689  725  688  726  687  727  686  728  685  729  684  730
  683  731  682  732  681  733  680  734  679  735  678  736  677  737
  676  738  675  739  674  740  673  741  672  742  671  743  670  744
  669  668  667  666  665  664  663  662  661  660  659  658  657  656
  567  655  568  654  569  653  570  652  571  651  572  650  573  649
  574  648  575  647  576  646  577  645  578  644  579  643  580  642
  581  641  582  640  583  639  584  638  585  637  586  636  587  635
  588  634  589  633  590  632  591  631  592  630  593  629  594  628
  595  627  596  626  597  625  598  624  599  623  600  622  601  621
  602  620  603  619  694  719  695  718  696  717  697  716  698  715
  699  714  700  713  701  712  702  711  703  710  709  708  707  706
  705  704  609  610  611  612  613  614  608  615  607  616  606  617
  605  618  604  517  516  515  514  513  512  511  510  509  508  507
  506  503  489  502  490  491  481  430  482]

eliteFit: 22449.0
percentError: 0.8989168052496742
computationTime: 82.613s