instanceName: fl1577
n: 1577
optFit: 22249

genTime, gen, eliteFit, percentError:
0.0018091999954776838, 0, 1320706.0, 5836.024
1.8510914999933448, 1, 24069.0, 8.180
1.0149685999931535, 2, 23708.0, 6.558
0.9924577000056161, 3, 23598.0, 6.063
0.8861577999923611, 4, 23384.0, 5.101
0.9303953999915393, 5, 23167.0, 4.126
0.867804099994828, 6, 23051.0, 3.605
1.0013741000002483, 7, 23046.0, 3.582
0.9615647999889916, 8, 22996.0, 3.357
0.8640482000046177, 9, 22953.0, 3.164
0.8320657000003848, 10, 22907.0, 2.957
0.8873695000074804, 11, 22887.0, 2.868
0.8969499999948312, 12, 22857.0, 2.733
0.8724552999919979, 13, 22854.0, 2.719
0.8794945999979973, 14, 22829.0, 2.607
0.8907552999880863, 15, 22787.0, 2.418
0.9084546999947634, 16, 22787.0, 2.418
0.7843233000021428, 17, 22776.0, 2.369
0.807016199993086, 18, 22757.0, 2.283
0.7396560000051977, 19, 22751.0, 2.256
0.5820935000083409, 20, 22740.0, 2.207
0.7166352999920491, 21, 22735.0, 2.184
0.640104700010852, 22, 22706.0, 2.054
0.6593843000009656, 23, 22674.0, 1.910
0.6727588999929139, 24, 22660.0, 1.847
0.5886777000123402, 25, 22646.0, 1.784
0.5478794999944512, 26, 22631.0, 1.717
0.46577320000506006, 27, 22626.0, 1.694
0.4369105999940075, 28, 22617.0, 1.654
0.4589562000037404, 29, 22617.0, 1.654
0.4618692999938503, 30, 22612.0, 1.632
0.5117978000052972, 31, 22606.0, 1.605
0.35309099999722093, 32, 22606.0, 1.605
0.43355989998963196, 33, 22600.0, 1.578
0.23118459999386687, 34, 22600.0, 1.578
0.2896763999888208, 35, 22590.0, 1.533
0.24171639999258332, 36, 22590.0, 1.533
0.2495199999975739, 37, 22590.0, 1.533
0.28146270000434015, 38, 22588.0, 1.524
0.22960179999063257, 39, 22588.0, 1.524
0.22134400000504684, 40, 22588.0, 1.524
0.21103479999874253, 41, 22588.0, 1.524
0.23572269998840056, 42, 22588.0, 1.524
0.2189041000092402, 43, 22588.0, 1.524
0.3152563000039663, 44, 22588.0, 1.524
0.2301789000048302, 45, 22588.0, 1.524
0.2351803000055952, 46, 22588.0, 1.524
0.24960709999140818, 47, 22588.0, 1.524
0.2397983000118984, 48, 22588.0, 1.524
0.241715900003328, 49, 22588.0, 1.524
0.22591349999129307, 50, 22581.0, 1.492
0.25843029998941347, 51, 22578.0, 1.479
0.23276510000869166, 52, 22578.0, 1.479
0.23877890000585467, 53, 22578.0, 1.479
0.23644869998679496, 54, 22578.0, 1.479
0.21443279999948572, 55, 22578.0, 1.479
0.2850985999975819, 56, 22578.0, 1.479
0.22076389999710955, 57, 22578.0, 1.479
0.22395019998657517, 58, 22578.0, 1.479
0.23361389999627136, 59, 22568.0, 1.434
0.2984196999896085, 60, 22568.0, 1.434
0.3024038000003202, 61, 22568.0, 1.434
0.25088790000882, 62, 22563.0, 1.411
0.25918079999974, 63, 22563.0, 1.411
0.2875216999964323, 64, 22563.0, 1.411
0.2320814000122482, 65, 22559.0, 1.393
0.21313580000423826, 66, 22559.0, 1.393
0.23049790000368375, 67, 22559.0, 1.393
0.2551480999973137, 68, 22556.0, 1.380
0.2276929000072414, 69, 22556.0, 1.380
0.2844026000093436, 70, 22556.0, 1.380
0.27861039999697823, 71, 22556.0, 1.380
0.2139652999903774, 72, 22556.0, 1.380
0.2454550999973435, 73, 22556.0, 1.380
0.23000710000633262, 74, 22556.0, 1.380
0.24986209999769926, 75, 22556.0, 1.380
0.24628609999490436, 76, 22556.0, 1.380
0.24677969999902416, 77, 22556.0, 1.380
0.26331880000361707, 78, 22556.0, 1.380
0.21852140000555664, 79, 22556.0, 1.380
0.29226469999412075, 80, 22556.0, 1.380
0.32517349999397993, 81, 22556.0, 1.380
0.23270180000690743, 82, 22556.0, 1.380
0.21518109999306034, 83, 22556.0, 1.380
0.24287259999255184, 84, 22556.0, 1.380
0.28195509999932256, 85, 22556.0, 1.380
0.21040120000543538, 86, 22549.0, 1.348
0.3231080999976257, 87, 22549.0, 1.348
0.3219857000076445, 88, 22546.0, 1.335
0.22148369999194983, 89, 22546.0, 1.335
0.22630449999996927, 90, 22546.0, 1.335
0.22694949999277014, 91, 22546.0, 1.335
0.2194152000010945, 92, 22546.0, 1.335
0.24674319999758154, 93, 22546.0, 1.335
0.219198700011475, 94, 22546.0, 1.335
0.2733565000089584, 95, 22546.0, 1.335
0.22440040000947192, 96, 22538.0, 1.299
0.3112554999970598, 97, 22538.0, 1.299
0.23134790000040084, 98, 22536.0, 1.290
0.2188871999969706, 99, 22529.0, 1.258
0.2568599000078393, 100, 22527.0, 1.249
0.2679241999867372, 101, 22527.0, 1.249
0.29064560000551865, 102, 22527.0, 1.249
0.25532929999462795, 103, 22523.0, 1.232
0.2330433000024641, 104, 22523.0, 1.232
0.2527235000015935, 105, 22523.0, 1.232
0.292205699995975, 106, 22523.0, 1.232
0.23786710000422318, 107, 22523.0, 1.232
0.24789500000770204, 108, 22520.0, 1.218
0.23064500000327826, 109, 22520.0, 1.218
0.2637153999967268, 110, 22520.0, 1.218
0.253687299991725, 111, 22520.0, 1.218
0.2797067999927094, 112, 22520.0, 1.218
0.36392869999690447, 113, 22520.0, 1.218
0.23093649999646004, 114, 22520.0, 1.218
0.2666129999997793, 115, 22520.0, 1.218
0.22776510000403505, 116, 22520.0, 1.218
0.2289656999928411, 117, 22490.0, 1.083
0.2675203999970108, 118, 22490.0, 1.083
0.27894930000184104, 119, 22490.0, 1.083
0.25478889999794774, 120, 22490.0, 1.083
0.2744036999938544, 121, 22490.0, 1.083
0.2650048999930732, 122, 22490.0, 1.083
0.23412050001206808, 123, 22490.0, 1.083
0.25954889999411535, 124, 22490.0, 1.083
0.22363310000218917, 125, 22490.0, 1.083
0.25759709998965263, 126, 22490.0, 1.083
0.23419449999346398, 127, 22490.0, 1.083
0.25815870000224095, 128, 22490.0, 1.083
0.293805200009956, 129, 22490.0, 1.083
0.3627087999921059, 130, 22490.0, 1.083
0.2176195999927586, 131, 22490.0, 1.083
0.21558699999877717, 132, 22490.0, 1.083
0.38795760000357404, 133, 22490.0, 1.083
0.26522580000164453, 134, 22490.0, 1.083
0.21411910001188517, 135, 22490.0, 1.083
0.2990760000102455, 136, 22490.0, 1.083
0.281299800000852, 137, 22490.0, 1.083
0.2755934000015259, 138, 22490.0, 1.083
0.19909299998835195, 139, 22490.0, 1.083
0.24274470000818837, 140, 22490.0, 1.083
0.26321950000419747, 141, 22490.0, 1.083
0.2892530999961309, 142, 22490.0, 1.083
0.25526520000130404, 143, 22490.0, 1.083
0.21946540000499226, 144, 22490.0, 1.083
0.2741581000009319, 145, 22490.0, 1.083
0.21686780000163708, 146, 22490.0, 1.083
0.24408979999134317, 147, 22490.0, 1.083
0.2701530000049388, 148, 22490.0, 1.083
0.2638740999973379, 149, 22490.0, 1.083
0.2655042000114918, 150, 22490.0, 1.083
0.22320480000053067, 151, 22490.0, 1.083
0.26332759999786504, 152, 22490.0, 1.083
0.25279260000388604, 153, 22490.0, 1.083
0.2734329999948386, 154, 22490.0, 1.083
0.24316100000578444, 155, 22490.0, 1.083
0.28292000001238193, 156, 22490.0, 1.083
0.28008920000866055, 157, 22490.0, 1.083
0.2236164999922039, 158, 22490.0, 1.083
0.218342100008158, 159, 22490.0, 1.083
0.22194660000968724, 160, 22490.0, 1.083
0.2719932999898447, 161, 22490.0, 1.083
0.23383699999249075, 162, 22490.0, 1.083
0.274354699999094, 163, 22490.0, 1.083
0.26541250001173466, 164, 22490.0, 1.083
0.293204199988395, 165, 22490.0, 1.083
0.23406960000284016, 166, 22490.0, 1.083
0.2870363999973051, 167, 22490.0, 1.083

tour:
[ 876  807  745  806  746  877  805  878  804  747  748  879  803  880
  802  749  750  881  801  882  800  751  752  883  799  884  753  798
  885  754  755  886  887  756  658  657  656  567  566  565  564  563
  562  561  560  559  558  557  556  293  294  295  296  297  298  299
  300  301  302  303  304  305  306  307  308  309  310  383  382  381
  162  163  164  165  166  167  168  169  170  171  172  173  174  175
  176  177  178  179  180  181  182  183  184  292  291  290  289  288
  287  286  285  284  283  282  281  280  279  278  277  276  275  274
  273  272  271  270  269  268  267  266  265  264  263  262  261  260
  259  258  257  256  255  254  253  252  251  250  249  248  247  246
  245  244  243  242  241  240  239  238  237  236  235  234  233  232
  231  230  229  228  227  226  225  224  223  222  221  220  219  218
  217  216  215  214  213  212  211  210  209  208  207  206  205  204
  203  202  152  201  153  200  154  199  155  198  156  197  196  195
  194  193  192  191  190  189  188  187  186  185  150  151  141  140
  139  138  137  136  135 1341 1333 1255 1334 1340 1335 1339 1338 1337
 1336 1253 1252 1254 1251 1250 1249 1248 1256 1247 1257 1342 1343 1258
 1246 1245 1259 1244 1332 1344 1345 1331 1243 1346 1347 1260 1330 1261
 1348 1329 1349 1350 1328 1242 1241 1351 1352 1262 1240 1327 1353 1263
 1239 1326 1354 1325 1264 1238 1237 1265 1355 1324 1356 1266 1236 1323
 1357 1322 1267 1235 1268 1234 1233 1269 1321 1358 1359 1320 1360 1319
 1270 1232 1271 1361 1318 1362 1317 1272 1231 1230 1273 1229 1316 1363
   62   63   90   64   65   30   29   28   31   27   32   26   33   11
   12   13   47   51   46   58   59   60   61   50   48   35   49   34
   68   85   86   67   66   87   88   89  104  103  102  101  124  123
  122  121  120  119  118  125  117  126  116  127  128  115   84   83
   69   70   82   81   91   92   93   98   99  100  129  130  131  132
  133  114  105  113  106  112  107  111  108  110  109   97   96   95
   57   56   55   76   75   77   74   78   94   79   80   73   54   53
   72   71   52   21   22   23   24   25   14    0    1    2    3    4
    5    6   10   36   45   37   44   38   43   39   42   41   40   15
    7   16   17   18   19   20    8    9 1364 1365 1315 1274 1228 1275
 1227 1226 1225 1314 1366 1367 1313 1276 1312 1368 1277 1224 1223 1278
 1369 1370 1279 1222 1221 1280 1220 1311 1371 1372 1310 1219 1373 1374
 1281 1309 1282 1375 1308 1376 1307 1218 1217 1377 1378 1379 1306 1283
 1216 1284 1215 1285 1214 1286 1213 1287 1212 1288 1211 1289 1210 1300
 1290 1209 1208 1291 1298 1292 1207 1293 1206 1205 1294 1295 1390 1296
 1389 1297 1388 1387 1299 1386 1385 1301 1384 1302 1383 1303 1382 1304
 1381 1305 1380  134  142  143  144  145  146  147  149  148  311  312
  313  314  315  316  317  318  319  320  321  322  323  324  325  326
  327  328  329  330  331  332  333  334  161  160  159  158  157  335
  336  337  338  339  340  341  342  343  344  345  346  347  348  349
  350  351  352  353  354  355  356  357  358  359  360  361  362  363
  364  365  366  367  368  369  370  371  372  373  374  375  376  377
  378  379  380  384  385  386  387  388  389  390  391  392  393  394
  395  396  397  398  399  400  401  402  403  404  405  406  407  408
  409  410  411  412  413  414  415  416  417  418  419  420  421  422
  423  424  425  426  427  428  429  483  484  485  486  487  488  505
  504  503  489  502  490  482  430  481  491  492  493  480  431  432
  479  433  478  434  435  477  494  495  496  476  436  475  497  498
  474  437  438  473  439  440  472  499  500  501  471  470  469  468
  467  466  465  464  463  462  461  460  459  458  457  456  455  454
  453  452  451  450  449  448  441  442  443  444  445  446  447  555
  554  553  552  551  550  549  548  547  546  545  544  543  542  541
  540  539  538  537  536  535  534  533  532  531  530  529  528  527
  526  525  524  523  522  521  520  519  518  517  516  515  514  513
  512  511  510  509  508  507  506  704  705  706  707  708  709  710
  703  711  702  609  610  611  612  613  614  608  615  607  616  606
  617  605  618  604  619  603  620  602  621  601  622  600  623  599
  624  598  625  597  626  596  627  595  628  594  629  593  630  592
  631  591  632  590  633  589  634  588  635  587  636  586  637  585
  638  584  639  583  640  582  641  581  642  580  643  579  644  578
  645  577  646  576  647  575  648  574  649  573  650  572  651  571
  652  570  653  569  654  568  655  659  660  661  662  663  664  665
  666  667  668  669  744  670  743  671  742  672  741  673  740  674
  739  675  738  676  737  677  736  678  735  679  734  680  733  681
  732  682  731  683  730  684  729  685  728  686  727  687  726  688
  725  689  724  690  723  691  722  692  721  693  720  694  719  695
  718  696  717  697  716  698  715  699  714  700  713  701  712  797
  796  927  926  795  794  925  924  793  792  923  922  791  790  921
  920  789  788  919  918  787  786  917  916  785  784  915  914  783
  782  913  912  781  780  911  910  779  778  909  908  777  776  907
  906  775  774  905  904  773  772  903  902  771  770  901  900  769
  768  899  898  767  766  897  896  765  764  895  894  763  762  893
  892  761  760  891  890  889  759  758  757  888  935  934  928  933
  929  930  931  932  953  966  989 1011 1048 1010  967  952  968  951
  969  950  949  970  988  971  987  995 1008 1009  994  993 1063 1082
 1081 1080 1069 1062 1070 1061 1071 1086 1087 1072 1073 1090 1074 1075
 1079 1078 1077 1060 1052 1051 1050  997 1049 1006 1007  996  972  986
  973  948  947  985  974  946  975  945  944  943  998  999 1000  984
 1001 1002  983  976  942  977  941  978  982  981  979  940  939  938
  937  936 1059 1058 1057  980 1003 1056 1004 1055 1005 1054 1053 1076
 1089 1088 1101 1100 1097 1098 1099 1139 1140 1141 1142 1143 1144 1145
 1146 1147 1148 1149 1150 1151 1152 1153 1154 1155 1156 1157 1158 1159
 1160 1161 1162 1163 1164 1165 1166 1167 1168 1169 1170 1171 1172 1173
 1174 1175 1176 1177 1178 1179 1180 1181 1182 1183 1184 1185 1186 1187
 1188 1189 1190 1191 1192 1193 1194 1195 1196 1197 1198 1199 1200 1391
 1392 1439 1481 1523 1482 1440 1393 1394 1395 1442 1441 1483 1524 1525
 1484 1526 1485 1443 1527 1528 1486 1396 1444 1397 1398 1445 1487 1529
 1488 1530 1446 1399 1400 1447 1489 1531 1490 1448 1532 1491 1401 1449
 1402 1450 1492 1533 1534 1576 1575 1438 1437 1522 1574 1521 1573 1480
 1520 1479 1572 1571 1436 1519 1570 1569 1518 1435 1478 1434 1433 1477
 1568 1567 1476 1432 1475 1566 1517 1431 1474 1516 1565 1564 1515 1430
 1429 1428 1473 1427 1472 1514 1563 1562 1403 1451 1493 1535 1494 1536
 1495 1537 1538 1497 1539 1498 1540 1499 1541 1457 1500 1542 1501 1543
 1502 1544 1503 1545 1504 1546 1561 1560 1559 1558 1557 1556 1510 1555
 1509 1554 1553 1552 1551 1508 1465 1507 1550 1506 1549 1548 1505 1547
 1463 1415 1464 1416 1417 1418 1419 1466 1420 1467 1421 1468 1422 1469
 1423 1424 1470 1511 1471 1512 1513 1425 1426 1462 1414 1461 1413 1460
 1412 1459 1411 1458 1410 1409 1456 1408 1455 1407 1454 1496 1453 1406
 1405 1452 1404 1102 1103 1104 1105 1106 1107 1108 1109 1110 1111 1112
 1113 1114 1115 1116 1117 1118 1119 1120 1121 1122 1123 1124 1125 1126
 1127 1128 1129 1130 1131 1132 1133 1134 1204 1203 1202 1201 1138 1137
 1136 1135 1091 1092 1093 1094 1095 1096 1084 1085 1083 1068 1067 1066
 1065 1064 1017 1016 1015 1014 1013 1012  990  965  991  964  992  954
  963  955  962  956  961  957  960  958  959 1018 1019 1020 1021 1022
 1023 1024 1025 1026 1027 1028 1029 1030 1031 1032 1033 1034 1035 1036
 1037 1038 1039 1040 1041 1042 1043 1044 1045 1046 1047  874  873  872
  871  870  869  868  867  866  865  864  863  862  861  860  859  858
  857  856  855  854  853  852  851  850  849  848  847  846  845  844
  843  842  841  840  839  838  837  836  835  834  833  832  831  830
  829  828  827  826  825  824  823  822  821  820  819  818  817  816
  815  814  813  812  811  810  809  808  875]

eliteFit: 22490.0
percentError: 1.0831947503258574
computationTime: 59.568s