instanceName: rat575
n: 575
optFit: 6773

genTime, gen, eliteFit, percentError:
0.0006622000073548406, 0, 106051.0, 1465.791
0.1801815000071656, 1, 7367.0, 8.770
0.10889820000738837, 2, 7323.0, 8.120
0.10471260000485927, 3, 7294.0, 7.692
0.10552420000021812, 4, 7261.0, 7.205
0.1083163000002969, 5, 7221.0, 6.614
0.10098269999434706, 6, 7212.0, 6.482
0.10587519999535289, 7, 7178.0, 5.980
0.10038050000730436, 8, 7156.0, 5.655
0.10267700000258628, 9, 7156.0, 5.655
0.09574889999930747, 10, 7131.0, 5.286
0.09996900000260212, 11, 7122.0, 5.153
0.10349170000699814, 12, 7101.0, 4.843
0.09505720000015572, 13, 7092.0, 4.710
0.09510500000033062, 14, 7078.0, 4.503
0.10018680000212044, 15, 7078.0, 4.503
0.11985429999185726, 16, 7069.0, 4.370
0.09870050000608899, 17, 7069.0, 4.370
0.08530530000280123, 18, 7069.0, 4.370
0.09673200000543147, 19, 7066.0, 4.326
0.09237349999602884, 20, 7018.0, 3.617
0.10946229999535717, 21, 7002.0, 3.381
0.07357500000216532, 22, 7002.0, 3.381
0.06632929999614134, 23, 7002.0, 3.381
0.09321380000619683, 24, 6999.0, 3.337
0.0828890999982832, 25, 6997.0, 3.307
0.05171430000336841, 26, 6991.0, 3.219
0.045934100009617396, 27, 6985.0, 3.130
0.042758399999001995, 28, 6972.0, 2.938
0.06371290000970475, 29, 6972.0, 2.938
0.06529889999364968, 30, 6970.0, 2.909
0.044241399999009445, 31, 6970.0, 2.909
0.033969199997955, 32, 6970.0, 2.909
0.027218699993682094, 33, 6970.0, 2.909
0.029082699998980388, 34, 6965.0, 2.835
0.03569299999799114, 35, 6965.0, 2.835
0.033247400002437644, 36, 6960.0, 2.761
0.029715199998463504, 37, 6955.0, 2.687
0.032339900004444644, 38, 6955.0, 2.687
0.03044600000430364, 39, 6955.0, 2.687
0.026790699994307943, 40, 6955.0, 2.687
0.0304415999999037, 41, 6955.0, 2.687
0.0335555000056047, 42, 6955.0, 2.687
0.030704499993589707, 43, 6955.0, 2.687
0.027440000005299225, 44, 6955.0, 2.687
0.028948699997272342, 45, 6955.0, 2.687
0.0257939000002807, 46, 6955.0, 2.687
0.028873100003693253, 47, 6955.0, 2.687
0.03742219999548979, 48, 6949.0, 2.599
0.029937500003143214, 49, 6949.0, 2.599
0.038514300002134405, 50, 6949.0, 2.599
0.03211200000077952, 51, 6949.0, 2.599
0.03430389999994077, 52, 6949.0, 2.599
0.027238899987423792, 53, 6949.0, 2.599
0.026854600000660866, 54, 6949.0, 2.599
0.029862499999580905, 55, 6949.0, 2.599
0.034375499992165715, 56, 6949.0, 2.599
0.0278528000053484, 57, 6946.0, 2.554
0.03397720000066329, 58, 6946.0, 2.554
0.03745050000725314, 59, 6946.0, 2.554
0.0382199000014225, 60, 6946.0, 2.554
0.04139790000044741, 61, 6946.0, 2.554
0.04544480000913609, 62, 6939.0, 2.451
0.05093089998990763, 63, 6939.0, 2.451
0.047038899996550754, 64, 6939.0, 2.451
0.03459500000462867, 65, 6939.0, 2.451
0.03869850000774022, 66, 6939.0, 2.451
0.026058500006911345, 67, 6939.0, 2.451
0.031376700004329905, 68, 6937.0, 2.421
0.029839900002116337, 69, 6937.0, 2.421
0.03742439999768976, 70, 6937.0, 2.421
0.036596199992345646, 71, 6937.0, 2.421
0.03208779999113176, 72, 6937.0, 2.421
0.035753999996813945, 73, 6937.0, 2.421
0.038795799991930835, 74, 6937.0, 2.421
0.02740650001214817, 75, 6926.0, 2.259
0.03442619999987073, 76, 6926.0, 2.259
0.039639700000407174, 77, 6926.0, 2.259
0.04488100000889972, 78, 6912.0, 2.052
0.06352509999123868, 79, 6912.0, 2.052
0.06759740000416059, 80, 6908.0, 1.993
0.044214900000952184, 81, 6908.0, 1.993
0.04084529999818187, 82, 6908.0, 1.993
0.027247599995462224, 83, 6908.0, 1.993
0.02839069999754429, 84, 6908.0, 1.993
0.028807099995901808, 85, 6908.0, 1.993
0.03121510001074057, 86, 6908.0, 1.993
0.03214830000069924, 87, 6908.0, 1.993
0.03290279999782797, 88, 6908.0, 1.993
0.02616670000134036, 89, 6908.0, 1.993
0.03310820000478998, 90, 6908.0, 1.993
0.03361939999740571, 91, 6908.0, 1.993
0.030919500000891276, 92, 6908.0, 1.993
0.03222170000663027, 93, 6908.0, 1.993
0.03772410000965465, 94, 6908.0, 1.993
0.031047800002852455, 95, 6908.0, 1.993
0.034067500004312024, 96, 6908.0, 1.993
0.03080979999504052, 97, 6908.0, 1.993
0.031447000001207925, 98, 6908.0, 1.993
0.03251050000835676, 99, 6908.0, 1.993
0.032044899999164045, 100, 6908.0, 1.993
0.032250000003841706, 101, 6908.0, 1.993
0.02870749999419786, 102, 6905.0, 1.949
0.027501199991093017, 103, 6905.0, 1.949
0.03103680000640452, 104, 6905.0, 1.949
0.034599699996761046, 105, 6904.0, 1.934
0.030644699989352375, 106, 6904.0, 1.934
0.036291199998231605, 107, 6904.0, 1.934
0.03293429999030195, 108, 6903.0, 1.919
0.027071299991803244, 109, 6903.0, 1.919
0.03317689998948481, 110, 6903.0, 1.919
0.0307734999951208, 111, 6903.0, 1.919
0.025834400003077462, 112, 6903.0, 1.919
0.031524999998509884, 113, 6903.0, 1.919
0.029497600000468083, 114, 6903.0, 1.919
0.0322193000029074, 115, 6903.0, 1.919
0.02919139999721665, 116, 6903.0, 1.919
0.061717699994915165, 117, 6903.0, 1.919
0.02656899999419693, 118, 6903.0, 1.919
0.03213760000653565, 119, 6903.0, 1.919
0.028432899998733774, 120, 6903.0, 1.919
0.030561999999918044, 121, 6903.0, 1.919
0.03438529999402817, 122, 6903.0, 1.919
0.029269399994518608, 123, 6903.0, 1.919
0.03293080000730697, 124, 6903.0, 1.919
0.03094019999844022, 125, 6903.0, 1.919
0.03278470000077505, 126, 6903.0, 1.919
0.032375800001318567, 127, 6903.0, 1.919
0.044195499998750165, 128, 6903.0, 1.919
0.035114600002998486, 129, 6902.0, 1.905
0.031077099993126467, 130, 6902.0, 1.905
0.033499099998152815, 131, 6902.0, 1.905
0.027463600010378286, 132, 6902.0, 1.905
0.03419679999933578, 133, 6902.0, 1.905
0.030174200001056306, 134, 6902.0, 1.905
0.03033569999388419, 135, 6902.0, 1.905
0.029632000005221926, 136, 6902.0, 1.905
0.02720240000053309, 137, 6902.0, 1.905
0.02677899999252986, 138, 6902.0, 1.905
0.02977189999364782, 139, 6902.0, 1.905
0.03093310000258498, 140, 6902.0, 1.905
0.02628720000211615, 141, 6902.0, 1.905
0.031084300004295073, 142, 6902.0, 1.905
0.031265500001609325, 143, 6902.0, 1.905
0.03077379999740515, 144, 6902.0, 1.905
0.030923900005291216, 145, 6902.0, 1.905
0.026812099997187033, 146, 6902.0, 1.905
0.03576339999563061, 147, 6902.0, 1.905
0.034391599998343736, 148, 6902.0, 1.905
0.02979119999508839, 149, 6902.0, 1.905
0.02748799999244511, 150, 6902.0, 1.905
0.031973199991625734, 151, 6902.0, 1.905
0.046834799999487586, 152, 6902.0, 1.905
0.027196600000024773, 153, 6902.0, 1.905
0.025817200003075413, 154, 6902.0, 1.905
0.03140459999849554, 155, 6902.0, 1.905
0.033072999998694286, 156, 6902.0, 1.905
0.029221199991297908, 157, 6902.0, 1.905
0.030361799988895655, 158, 6902.0, 1.905
0.03053439999348484, 159, 6902.0, 1.905
0.03041819999634754, 160, 6902.0, 1.905
0.02965310000581667, 161, 6902.0, 1.905
0.028720100002828985, 162, 6902.0, 1.905
0.030396999994991347, 163, 6902.0, 1.905
0.03268689999822527, 164, 6902.0, 1.905
0.029120700011844747, 165, 6902.0, 1.905
0.03639219999604393, 166, 6902.0, 1.905
0.03221560000383761, 167, 6902.0, 1.905
0.028994000007514842, 168, 6902.0, 1.905
0.031214699993142858, 169, 6902.0, 1.905
0.02809789999446366, 170, 6902.0, 1.905
0.029542099990067072, 171, 6902.0, 1.905
0.026661500000045635, 172, 6902.0, 1.905
0.03996910000569187, 173, 6902.0, 1.905
0.033733300006133504, 174, 6902.0, 1.905
0.029077800005325116, 175, 6902.0, 1.905
0.032402200013166294, 176, 6902.0, 1.905
0.043586699990555644, 177, 6902.0, 1.905
0.03669069999887142, 178, 6902.0, 1.905
0.02683269999397453, 179, 6902.0, 1.905

tour:
[328 327 304 303 280 281 282 305 283 284 286 287 288 289 290 313 314 315
 316 317 295 296 320 321 297 298 275 274 273 272 294 293 292 291 269 270
 271 249 250 251 252 229 227 228 205 206 183 204 203 180 181 182 159 160
 137 114 113 112  90  91  68  67  66  43  44  45  22  21  20  19  42  18
  41  40  17  16  15  39  38  14  13  11  12  34  33  10   9   8   7  29
   6   5   4   3   2   1   0  24  23  46  69  70  92  93 115 116  94 117
 140 138 139 162 161 184 185 208 207 209 232 231 230 253 276 254 255 233
 234 235 212 210 211 186 187 188 189 190 191 192 193 170 169 168 167 144
 166 165 164 163 141 142 143 120 119 118  95  96  97  74  73  50  72  71
  49  48  47  25  26  27  28  51  52  30  31  32  56  55  54  53  75  76
  77  78  79  57  58  35  36  37  60  59  81  80 103 101 102 125 124 100
  99  98 122 123 121 145 146 147 171 172 149 148 126 150 127 129 151 152
 153 177 155 154 132 131 130 107 108 106 128 104 105  82  83  84 109  86
  85  61  62  63  64  65  89  88  87 111 110 133 134 135 136 158 157 156
 179 178 202 201 200 176 175 174 173 196 195 194 216 215 214 213 236 237
 238 239 240 217 218 219 242 243 244 222 221 220 197 198 199 223 224 225
 226 248 247 246 245 268 267 266 265 241 264 263 262 285 261 260 259 258
 257 256 279 278 277 301 302 324 300 299 323 322 345 346 347 348 325 326
 349 350 373 372 394 371 370 369 368 391 392 393 417 418 395 396 397 421
 420 419 443 466 442 441 440 416 415 414 437 438 439 463 464 465 489 511
 488 487 510 509 508 486 485 462 461 460 483 484 506 507 529 531 530 553
 552 554 555 532 533 534 556 557 558 559 560 561 538 537 536 535 512 514
 513 515 492 491 490 468 469 493 494 495 518 519 517 540 516 539 562 563
 564 541 542 565 566 544 567 545 543 520 521 497 498 499 477 476 453 454
 455 456 478 479 480 504 503 525 502 501 500 522 523 524 547 546 568 569
 570 571 572 573 550 574 551 549 548 526 527 528 505 482 481 457 458 459
 436 413 435 434 433 432 431 430 407 408 386 409 387 410 411 388 412 390
 389 366 367 344 343 319 318 342 341 365 364 340 363 362 385 384 383 381
 380 379 378 377 402 403 404 405 406 429 428 427 426 425 448 449 450 451
 452 475 474 496 473 472 471 470 447 446 445 467 444 422 423 424 401 400
 399 398 376 374 375 351 352 353 354 332 355 356 357 358 382 359 360 361
 339 338 337 336 335 312 334 333 311 310 309 308 331 330 307 306 329]

eliteFit: 6902.0
percentError: 1.9046212904178355
computationTime: 7.832s