instanceName: rat575
n: 575
optFit: 6773

genTime, gen, eliteFit, percentError:
0.000595899997279048, 0, 107140.0, 1481.869
0.16139040001144167, 1, 7350.0, 8.519
0.10537980000663083, 2, 7302.0, 7.810
0.10704069999337662, 3, 7270.0, 7.338
0.10035519998928066, 4, 7232.0, 6.777
0.09106839999731164, 5, 7200.0, 6.304
0.10376959999848623, 6, 7167.0, 5.817
0.10167379998893011, 7, 7167.0, 5.817
0.10291339999821503, 8, 7149.0, 5.551
0.10043679999944288, 9, 7139.0, 5.404
0.09109479999460746, 10, 7139.0, 5.404
0.10522119999222923, 11, 7113.0, 5.020
0.09565600000496488, 12, 7063.0, 4.282
0.09700509998947382, 13, 7063.0, 4.282
0.0938519999908749, 14, 7063.0, 4.282
0.08280969999032095, 15, 7046.0, 4.031
0.06783549999818206, 16, 7042.0, 3.972
0.04517369999666698, 17, 7037.0, 3.898
0.04021900000225287, 18, 7021.0, 3.662
0.05268540000542998, 19, 7021.0, 3.662
0.06615400000009686, 20, 7021.0, 3.662
0.05686880000575911, 21, 7012.0, 3.529
0.043048899999121204, 22, 7012.0, 3.529
0.05941210000310093, 23, 7009.0, 3.484
0.05195269999967422, 24, 7003.0, 3.396
0.0438239000068279, 25, 6987.0, 3.160
0.05307199999515433, 26, 6985.0, 3.130
0.055160100004286505, 27, 6980.0, 3.056
0.04478490000474267, 28, 6972.0, 2.938
0.04572520000510849, 29, 6971.0, 2.923
0.0542907000053674, 30, 6958.0, 2.731
0.051478499997756444, 31, 6950.0, 2.613
0.046076599988737144, 32, 6950.0, 2.613
0.04080190000240691, 33, 6946.0, 2.554
0.028452400001697242, 34, 6946.0, 2.554
0.03728779999073595, 35, 6946.0, 2.554
0.03218580000975635, 36, 6944.0, 2.525
0.03799789999902714, 37, 6944.0, 2.525
0.03967140000895597, 38, 6944.0, 2.525
0.04222020000452176, 39, 6942.0, 2.495
0.0293530000053579, 40, 6942.0, 2.495
0.026511400006711483, 41, 6941.0, 2.480
0.02915740000025835, 42, 6941.0, 2.480
0.03510839999944437, 43, 6941.0, 2.480
0.028115399996750057, 44, 6941.0, 2.480
0.0348229000082938, 45, 6939.0, 2.451
0.032110100000863895, 46, 6939.0, 2.451
0.030490999997709878, 47, 6939.0, 2.451
0.03312049999658484, 48, 6939.0, 2.451
0.029693699994822964, 49, 6939.0, 2.451
0.027161199992406182, 50, 6939.0, 2.451
0.027505300007760525, 51, 6939.0, 2.451
0.027458199998363853, 52, 6939.0, 2.451
0.0327920000127051, 53, 6939.0, 2.451
0.02515040000434965, 54, 6939.0, 2.451
0.028611200003069825, 55, 6939.0, 2.451
0.030454899999313056, 56, 6939.0, 2.451
0.02978389999771025, 57, 6939.0, 2.451
0.029497499999706633, 58, 6939.0, 2.451
0.029126000008545816, 59, 6939.0, 2.451
0.02967740000167396, 60, 6936.0, 2.407
0.025073100012377836, 61, 6936.0, 2.407
0.02942399999301415, 62, 6929.0, 2.303
0.029167400003643706, 63, 6929.0, 2.303
0.0441415999957826, 64, 6924.0, 2.229
0.04345670000475366, 65, 6924.0, 2.229
0.037665099996957, 66, 6924.0, 2.229
0.03896119999990333, 67, 6924.0, 2.229
0.029594000006909482, 68, 6924.0, 2.229
0.02957869999227114, 69, 6924.0, 2.229
0.03129319999425206, 70, 6924.0, 2.229
0.030353599999216385, 71, 6924.0, 2.229
0.030994400003692135, 72, 6924.0, 2.229
0.031139700004132465, 73, 6924.0, 2.229
0.02941139999893494, 74, 6924.0, 2.229
0.031335200008470565, 75, 6924.0, 2.229
0.02804889999970328, 76, 6924.0, 2.229
0.026889000000664964, 77, 6924.0, 2.229
0.02635690000897739, 78, 6924.0, 2.229
0.02606650000961963, 79, 6924.0, 2.229
0.0309069999930216, 80, 6924.0, 2.229
0.029593900006148033, 81, 6924.0, 2.229
0.029237700000521727, 82, 6924.0, 2.229
0.028976900008274242, 83, 6924.0, 2.229
0.04943069998989813, 84, 6924.0, 2.229
0.03215619998809416, 85, 6924.0, 2.229
0.03390770000987686, 86, 6924.0, 2.229
0.025028799995197915, 87, 6924.0, 2.229
0.029919400010840036, 88, 6924.0, 2.229
0.028495999998995103, 89, 6924.0, 2.229
0.028385900004650466, 90, 6924.0, 2.229
0.02621270000236109, 91, 6924.0, 2.229
0.031108399998629466, 92, 6924.0, 2.229
0.032319099991582334, 93, 6924.0, 2.229
0.027992000002996065, 94, 6924.0, 2.229
0.029798199990182184, 95, 6924.0, 2.229
0.03765300000668503, 96, 6924.0, 2.229
0.027849699996295385, 97, 6924.0, 2.229
0.028921100005391054, 98, 6924.0, 2.229
0.036593600001651794, 99, 6924.0, 2.229
0.03257280000252649, 100, 6924.0, 2.229
0.030769899996812455, 101, 6924.0, 2.229
0.03274249999958556, 102, 6924.0, 2.229
0.027778700008639134, 103, 6924.0, 2.229
0.030382800003280863, 104, 6924.0, 2.229
0.031848800004809164, 105, 6924.0, 2.229
0.025899000000208616, 106, 6924.0, 2.229
0.03207990000373684, 107, 6924.0, 2.229
0.027678799990098923, 108, 6917.0, 2.126
0.026463199988938868, 109, 6917.0, 2.126
0.0370522000011988, 110, 6917.0, 2.126
0.028661200005444698, 111, 6909.0, 2.008
0.0335923999955412, 112, 6909.0, 2.008
0.027813599997898564, 113, 6909.0, 2.008
0.02614499999617692, 114, 6909.0, 2.008
0.026059499999973923, 115, 6909.0, 2.008
0.03219919999537524, 116, 6909.0, 2.008
0.030777799998759292, 117, 6909.0, 2.008
0.03011289999994915, 118, 6909.0, 2.008
0.03705980000086129, 119, 6909.0, 2.008
0.03096390000428073, 120, 6909.0, 2.008
0.031698100006906316, 121, 6909.0, 2.008
0.02852579999307636, 122, 6909.0, 2.008
0.03165969999099616, 123, 6909.0, 2.008
0.034337800010689534, 124, 6909.0, 2.008
0.03172709999489598, 125, 6909.0, 2.008
0.029968999995617196, 126, 6909.0, 2.008
0.02859790000366047, 127, 6909.0, 2.008
0.030365400001755916, 128, 6909.0, 2.008
0.030136299988953397, 129, 6898.0, 1.846
0.030533199998899363, 130, 6898.0, 1.846
0.032497000007424504, 131, 6898.0, 1.846
0.031592799990903586, 132, 6898.0, 1.846
0.030382299999473616, 133, 6898.0, 1.846
0.03524779999861494, 134, 6898.0, 1.846
0.027151500005857088, 135, 6898.0, 1.846
0.02992830000584945, 136, 6898.0, 1.846
0.02813619999506045, 137, 6898.0, 1.846
0.028375299996696413, 138, 6898.0, 1.846
0.037176400001044385, 139, 6898.0, 1.846
0.02824529999634251, 140, 6898.0, 1.846
0.02815290000580717, 141, 6898.0, 1.846
0.02837780000118073, 142, 6898.0, 1.846
0.03249409999989439, 143, 6898.0, 1.846
0.02888589999929536, 144, 6898.0, 1.846
0.03157439999631606, 145, 6898.0, 1.846
0.026774800004204735, 146, 6898.0, 1.846
0.027953800003160723, 147, 6898.0, 1.846
0.03105900000082329, 148, 6898.0, 1.846
0.03815689998737071, 149, 6898.0, 1.846
0.028846499990322627, 150, 6898.0, 1.846
0.03255109999736305, 151, 6898.0, 1.846
0.02994389999366831, 152, 6898.0, 1.846
0.03348299999197479, 153, 6898.0, 1.846
0.029068000003462657, 154, 6898.0, 1.846
0.028007899993099272, 155, 6898.0, 1.846
0.05168760000378825, 156, 6898.0, 1.846
0.026138600005651824, 157, 6898.0, 1.846
0.031355799990706146, 158, 6898.0, 1.846
0.032381099998019636, 159, 6898.0, 1.846
0.025648299997556023, 160, 6898.0, 1.846
0.029626599993207492, 161, 6898.0, 1.846
0.029223599995020777, 162, 6898.0, 1.846
0.029137600009562448, 163, 6898.0, 1.846
0.028543400010676123, 164, 6898.0, 1.846
0.03019079999648966, 165, 6898.0, 1.846
0.025862400012556463, 166, 6898.0, 1.846
0.03221089999715332, 167, 6898.0, 1.846
0.02919080000719987, 168, 6893.0, 1.772
0.03031349999946542, 169, 6893.0, 1.772
0.027802700002212077, 170, 6893.0, 1.772
0.026701099995989352, 171, 6893.0, 1.772
0.02699130000837613, 172, 6893.0, 1.772
0.029244200006360188, 173, 6893.0, 1.772
0.03021160000935197, 174, 6893.0, 1.772
0.028952799999387935, 175, 6893.0, 1.772
0.029866500000935048, 176, 6893.0, 1.772
0.02993790000618901, 177, 6893.0, 1.772
0.031452199997147545, 178, 6893.0, 1.772
0.036586100002750754, 179, 6893.0, 1.772
0.031307099998230115, 180, 6893.0, 1.772
0.03178699999989476, 181, 6893.0, 1.772
0.027922199995373376, 182, 6893.0, 1.772
0.030955900001572445, 183, 6893.0, 1.772
0.03128730000753421, 184, 6893.0, 1.772
0.02821340000082273, 185, 6893.0, 1.772
0.028793900011805817, 186, 6893.0, 1.772
0.025661099993158132, 187, 6893.0, 1.772
0.030490800010738894, 188, 6893.0, 1.772
0.034520100001827814, 189, 6893.0, 1.772
0.03001429999130778, 190, 6893.0, 1.772
0.03253949999634642, 191, 6893.0, 1.772
0.02634070000203792, 192, 6893.0, 1.772
0.02959930000361055, 193, 6893.0, 1.772
0.025551400001859292, 194, 6893.0, 1.772
0.026272000002791174, 195, 6893.0, 1.772
0.034737000009045005, 196, 6893.0, 1.772
0.02959599999303464, 197, 6893.0, 1.772
0.0334904000046663, 198, 6893.0, 1.772
0.026733500009868294, 199, 6893.0, 1.772
0.028800999993109144, 200, 6893.0, 1.772
0.028618299998925067, 201, 6893.0, 1.772
0.03320660001190845, 202, 6893.0, 1.772
0.02776359999552369, 203, 6893.0, 1.772
0.02535640000132844, 204, 6893.0, 1.772
0.029140900005586445, 205, 6893.0, 1.772
0.03005420000408776, 206, 6893.0, 1.772
0.033315499997115694, 207, 6893.0, 1.772
0.03336469999339897, 208, 6893.0, 1.772
0.02846460000728257, 209, 6893.0, 1.772
0.03006600000662729, 210, 6893.0, 1.772
0.03380470001138747, 211, 6893.0, 1.772
0.02812239999184385, 212, 6893.0, 1.772
0.026900900003965944, 213, 6893.0, 1.772
0.029258299997309223, 214, 6893.0, 1.772
0.03592930000741035, 215, 6893.0, 1.772
0.031701100000645965, 216, 6893.0, 1.772
0.028766399991582148, 217, 6892.0, 1.757
0.029432799987262115, 218, 6892.0, 1.757
0.039696600011666305, 219, 6884.0, 1.639
0.031696000005467795, 220, 6884.0, 1.639
0.037271099994541146, 221, 6884.0, 1.639
0.03645460000552703, 222, 6884.0, 1.639
0.04241629999887664, 223, 6884.0, 1.639
0.03764119998959359, 224, 6884.0, 1.639
0.03562360000796616, 225, 6884.0, 1.639
0.02963869999803137, 226, 6884.0, 1.639
0.026525799999944866, 227, 6884.0, 1.639
0.03253949999634642, 228, 6884.0, 1.639
0.029257899994263425, 229, 6884.0, 1.639
0.02660650000325404, 230, 6884.0, 1.639
0.026381799994851463, 231, 6884.0, 1.639
0.02521120000164956, 232, 6884.0, 1.639
0.02930099998775404, 233, 6884.0, 1.639
0.03794439999910537, 234, 6884.0, 1.639
0.027497400005813688, 235, 6884.0, 1.639
0.03106020000996068, 236, 6884.0, 1.639
0.03026040000258945, 237, 6884.0, 1.639
0.02431629999773577, 238, 6884.0, 1.639
0.027406100009102374, 239, 6884.0, 1.639
0.0403498999949079, 240, 6884.0, 1.639
0.030052500005695038, 241, 6884.0, 1.639
0.03102109998872038, 242, 6884.0, 1.639
0.035284999990835786, 243, 6884.0, 1.639
0.02990170000703074, 244, 6884.0, 1.639
0.029049999997369014, 245, 6884.0, 1.639
0.03216210000391584, 246, 6884.0, 1.639
0.029054400001768954, 247, 6884.0, 1.639
0.03434180001204368, 248, 6884.0, 1.639
0.031969300005584955, 249, 6884.0, 1.639
0.026113800005987287, 250, 6884.0, 1.639
0.029466499996487983, 251, 6884.0, 1.639
0.03719920000003185, 252, 6884.0, 1.639
0.032238100000540726, 253, 6884.0, 1.639
0.03963319999456871, 254, 6884.0, 1.639
0.03080400000908412, 255, 6884.0, 1.639
0.035342799994396046, 256, 6884.0, 1.639
0.030123400007141754, 257, 6884.0, 1.639
0.02557189999788534, 258, 6884.0, 1.639
0.034279299987247214, 259, 6884.0, 1.639
0.030762399997911416, 260, 6884.0, 1.639
0.03180450000218116, 261, 6884.0, 1.639
0.03182010000455193, 262, 6884.0, 1.639
0.034907299996120855, 263, 6884.0, 1.639
0.03145059999951627, 264, 6884.0, 1.639
0.03238540000165813, 265, 6884.0, 1.639
0.029295600004843436, 266, 6884.0, 1.639
0.026630599997588433, 267, 6884.0, 1.639
0.034273799989023246, 268, 6884.0, 1.639
0.030728199999430217, 269, 6884.0, 1.639

tour:
[133 134 135 157 158 136 160 159 182 183 206 205 228 204 203 180 181 156
 179 178 202 201 200 176 175 174 173 195 196 220 197 198 199 221 223 222
 245 246 247 248 224 225 226 227 229 252 251 250 249 271 270 269 291 292
 293 294 295 296 272 273 274 275 298 297 320 321 343 344 367 366 389 390
 412 388 411 410 387 409 386 408 407 430 431 432 433 434 435 413 436 459
 458 457 481 482 504 480 479 478 456 455 454 453 476 477 499 500 501 502
 503 527 505 528 551 574 550 573 572 571 570 569 568 567 544 545 546 547
 548 549 526 525 524 523 522 521 520 498 497 496 495 494 493 469 468 490
 491 492 515 513 514 516 539 540 517 518 519 543 541 542 566 565 564 563
 562 560 561 538 537 536 512 535 559 558 557 556 534 533 532 555 554 552
 553 530 531 529 507 506 484 483 460 461 462 439 438 437 414 415 416 440
 441 464 463 485 486 508 509 510 487 488 511 489 465 466 442 443 444 467
 445 446 447 470 471 472 473 474 475 452 451 450 449 448 425 426 427 428
 429 406 405 404 403 402 401 424 423 422 421 398 399 400 376 375 374 396
 397 420 419 395 418 417 393 391 368 392 369 370 371 394 372 373 350 351
 352 328 327 326 325 349 348 347 346 345 322 323 324 299 300 301 302 303
 304 306 329 307 330 331 308 309 310 311 333 334 312 335 336 359 382 358
 357 356 355 332 354 353 377 378 379 380 381 383 384 360 361 337 338 339
 362 385 363 340 364 365 341 342 318 319 317 316 315 314 313 290 289 288
 287 286 284 283 305 282 280 281 256 279 278 277 276 254 253 230 255 233
 231 232 209 210 211 212 235 234 257 258 259 260 261 285 262 263 264 241
 265 266 267 268 244 243 242 219 218 217 240 239 238 237 236 213 214 215
 216 194 193 192 191 190 189 188 187 186 185 208 207 184 161 162 139 138
 140 117 118 119 120 121 143 142 141 163 164 165 166 144 167 168 169 170
 171 172 149 148 126 150 127 129 151 152 153 177 155 154 132 131 130 107
 108 106 128 104 105  80 103 101 102 125 124 147 146 145 123 100 122  98
  99  77  76  75  74  97  96  95  93  94 116 115  92  70  69  46  23  24
   0   1   2   3   4  26  25  47  48  71  72  73  50  49  27  28  51  52
  53  54  78  79  55  56  32  31  30  29   7   6   5   8   9  10  33  34
  12  11  13  14  16  15  38  39  40  17  18  41  42  19  43  44  20  21
  22  45  68  91  67  66  65  64  86  63  62  61  60  37  36  35  57  58
  59  81  82  83  84  85 109  87  88  89 112  90 114 137 113 111 110]

eliteFit: 6884.0
percentError: 1.6388601801269749
computationTime: 9.932s