instanceName: rat575
n: 575
optFit: 6773

genTime, gen, eliteFit, percentError:
0.0005579999997280538, 0, 104712.0, 1446.021
0.16379609999421518, 1, 7440.0, 9.848
0.10149519999686163, 2, 7327.0, 8.180
0.10776700000860728, 3, 7284.0, 7.545
0.10581680000177585, 4, 7218.0, 6.570
0.10199890000512823, 5, 7217.0, 6.555
0.0993373000092106, 6, 7192.0, 6.186
0.10638610000023618, 7, 7169.0, 5.847
0.10089699999662116, 8, 7129.0, 5.256
0.09584159999212716, 9, 7129.0, 5.256
0.10380399999849033, 10, 7129.0, 5.256
0.09227049999753945, 11, 7107.0, 4.931
0.09495220000098925, 12, 7091.0, 4.695
0.0937351999891689, 13, 7080.0, 4.533
0.08472009999968577, 14, 7080.0, 4.533
0.10604079999029636, 15, 7071.0, 4.400
0.08712199999717996, 16, 7062.0, 4.267
0.07720129999506753, 17, 7062.0, 4.267
0.07796609999786597, 18, 7037.0, 3.898
0.07971059999545105, 19, 7033.0, 3.839
0.08571959999972023, 20, 7018.0, 3.617
0.07642060000216588, 21, 6995.0, 3.278
0.08816480000677984, 22, 6995.0, 3.278
0.07245389999297913, 23, 6984.0, 3.115
0.04733860000851564, 24, 6978.0, 3.027
0.04954120000184048, 25, 6978.0, 3.027
0.04655539999657776, 26, 6978.0, 3.027
0.048785699997097254, 27, 6976.0, 2.997
0.04286359999969136, 28, 6973.0, 2.953
0.05016389999946114, 29, 6970.0, 2.909
0.04274269999586977, 30, 6958.0, 2.731
0.04449390000081621, 31, 6957.0, 2.717
0.042058999999426305, 32, 6950.0, 2.613
0.03959079999185633, 33, 6949.0, 2.599
0.04309040000953246, 34, 6925.0, 2.244
0.04297160000714939, 35, 6925.0, 2.244
0.04659230000106618, 36, 6924.0, 2.229
0.04546560000744648, 37, 6921.0, 2.185
0.03938180000113789, 38, 6909.0, 2.008
0.04261799999221694, 39, 6908.0, 1.993
0.058623499993700534, 40, 6897.0, 1.831
0.04410009999992326, 41, 6885.0, 1.654
0.06696179999562446, 42, 6885.0, 1.654
0.04808269999921322, 43, 6885.0, 1.654
0.04529759999422822, 44, 6885.0, 1.654
0.03151489999436308, 45, 6885.0, 1.654
0.0336721000057878, 46, 6884.0, 1.639
0.03262080000422429, 47, 6878.0, 1.550
0.03569000000425149, 48, 6872.0, 1.462
0.0408715000085067, 49, 6872.0, 1.462
0.060335300004226156, 50, 6869.0, 1.417
0.037410300006740727, 51, 6869.0, 1.417
0.03959089999261778, 52, 6869.0, 1.417
0.04727690000436269, 53, 6856.0, 1.225
0.06049249999341555, 54, 6856.0, 1.225
0.0629594000056386, 55, 6852.0, 1.166
0.04182369999762159, 56, 6852.0, 1.166
0.029114899996784516, 57, 6852.0, 1.166
0.02914339999551885, 58, 6852.0, 1.166
0.03139809999265708, 59, 6852.0, 1.166
0.02690650000295136, 60, 6852.0, 1.166
0.030608200002461672, 61, 6850.0, 1.137
0.03116250000311993, 62, 6850.0, 1.137
0.030958500006818213, 63, 6850.0, 1.137
0.03092460001062136, 64, 6850.0, 1.137
0.03279919999476988, 65, 6850.0, 1.137
0.026109900005394593, 66, 6848.0, 1.107
0.03063579999434296, 67, 6848.0, 1.107
0.02741470000182744, 68, 6848.0, 1.107
0.030878300007316284, 69, 6848.0, 1.107
0.03412189999653492, 70, 6848.0, 1.107
0.030525499998475425, 71, 6844.0, 1.048
0.03636470000492409, 72, 6844.0, 1.048
0.043474799997056834, 73, 6844.0, 1.048
0.05073699999775272, 74, 6844.0, 1.048
0.06943829999363516, 75, 6844.0, 1.048
0.05582290000165813, 76, 6844.0, 1.048
0.03158489998895675, 77, 6844.0, 1.048
0.027913799989619292, 78, 6844.0, 1.048
0.03176480000547599, 79, 6844.0, 1.048
0.03693820000626147, 80, 6844.0, 1.048
0.030453599989414215, 81, 6844.0, 1.048
0.0273933999997098, 82, 6844.0, 1.048
0.02956389999599196, 83, 6844.0, 1.048
0.026396800007205456, 84, 6844.0, 1.048
0.026900500000920147, 85, 6843.0, 1.034
0.03361600000062026, 86, 6843.0, 1.034
0.03689499999745749, 87, 6843.0, 1.034
0.054059300004155375, 88, 6843.0, 1.034
0.0707445000007283, 89, 6843.0, 1.034
0.07287319999886677, 90, 6843.0, 1.034
0.05549009999958798, 91, 6843.0, 1.034
0.027886399999260902, 92, 6843.0, 1.034
0.033010200000717305, 93, 6843.0, 1.034
0.02835849999974016, 94, 6843.0, 1.034
0.04177199999685399, 95, 6843.0, 1.034
0.040052200012723915, 96, 6843.0, 1.034
0.03626249999797437, 97, 6843.0, 1.034
0.03131579999171663, 98, 6843.0, 1.034
0.02808750000258442, 99, 6843.0, 1.034
0.02945739999995567, 100, 6843.0, 1.034
0.032583600012003444, 101, 6843.0, 1.034
0.03246600000420585, 102, 6843.0, 1.034
0.0327331000007689, 103, 6843.0, 1.034
0.025916799990227446, 104, 6843.0, 1.034
0.03222989999630954, 105, 6843.0, 1.034
0.03731319999496918, 106, 6843.0, 1.034
0.026787499999045394, 107, 6843.0, 1.034
0.029867799996281974, 108, 6843.0, 1.034
0.031684000001405366, 109, 6843.0, 1.034
0.029237900002044626, 110, 6843.0, 1.034
0.028142700000898913, 111, 6843.0, 1.034
0.026901699995505624, 112, 6843.0, 1.034
0.034471899998607114, 113, 6843.0, 1.034
0.030171100006555207, 114, 6843.0, 1.034
0.026540899998508394, 115, 6843.0, 1.034
0.032667800012859516, 116, 6843.0, 1.034
0.025862800001050346, 117, 6843.0, 1.034
0.031601800001226366, 118, 6843.0, 1.034
0.03404769999906421, 119, 6843.0, 1.034
0.03081209999800194, 120, 6843.0, 1.034
0.028130200007581152, 121, 6843.0, 1.034
0.03732270000909921, 122, 6843.0, 1.034
0.027971199990133755, 123, 6843.0, 1.034
0.03097050001088064, 124, 6843.0, 1.034
0.028036199990310706, 125, 6843.0, 1.034
0.030666699996800162, 126, 6843.0, 1.034
0.026576500007649884, 127, 6843.0, 1.034
0.02895669999998063, 128, 6843.0, 1.034
0.027551799998036586, 129, 6843.0, 1.034
0.02886039999430068, 130, 6843.0, 1.034
0.03227419999893755, 131, 6843.0, 1.034
0.025805099998251535, 132, 6843.0, 1.034
0.03229359998658765, 133, 6843.0, 1.034
0.02660759999707807, 134, 6843.0, 1.034
0.029173100003390573, 135, 6843.0, 1.034

tour:
[128 104 105 103  80  81  79  78  55  54  53  75  76  77  99  98 122 100
 101 102 125 124 123 121 145 146 147 126 148 149 172 171 170 169 168 167
 144 166 165 164 163 141 142 143 120 119 118  95  96  97  74  73  50  72
  49  48  71  70  46  69  92  93 115 116  94 117 140 138 139 162 161 184
 207 208 185 186 187 188 189 190 191 192 193 194 216 215 214 213 236 237
 238 239 240 217 218 219 242 243 244 268 267 266 265 241 264 263 262 261
 285 286 287 288 289 290 313 314 315 316 338 337 339 340 364 363 385 362
 361 360 384 383 381 404 403 402 380 379 378 377 353 354 332 355 356 357
 358 382 359 336 335 312 334 333 311 310 309 308 331 330 307 329 306 284
 283 305 282 260 259 258 257 234 235 212 211 210 209 232 231 233 255 230
 253 254 276 277 278 279 256 281 280 303 302 301 300 299 324 323 322 345
 346 347 348 370 369 368 391 392 393 394 371 372 373 350 349 325 326 327
 304 328 352 351 375 376 399 400 401 424 423 422 443 444 467 445 446 447
 470 471 469 468 490 489 465 466 442 441 440 419 420 421 398 397 374 396
 395 418 417 416 415 414 437 438 439 464 463 485 462 461 460 483 484 506
 507 508 509 486 510 487 488 511 512 536 535 534 556 533 532 531 530 529
 552 553 554 555 557 558 559 560 561 538 537 514 513 491 515 492 493 494
 495 518 519 517 540 516 539 562 563 564 541 542 565 566 544 567 545 543
 520 521 522 523 500 501 502 479 480 504 503 525 524 547 546 568 569 570
 571 572 573 574 551 550 549 548 526 527 528 505 482 481 457 458 459 436
 413 435 434 433 432 431 430 429 452 475 476 453 454 455 456 478 477 499
 498 497 496 473 474 451 450 472 449 448 425 426 427 428 405 406 407 408
 386 409 387 410 411 388 412 390 389 366 367 365 341 342 318 319 343 344
 321 320 297 296 272 295 317 294 293 292 291 269 270 271 249 250 273 274
 298 275 251 252 229 227 226 225 224 248 247 246 245 222 223 221 199 198
 197 220 196 195 173 174 175 176 200 201 202 178 179 156 181 180 203 204
 228 205 206 183 182 159 158 157 134 135 136 160 137 114 113  90 112  89
  88  87 111 110 133 108 109  86  85  61  62  63  64  65  66  67  91  68
  45  22  21  20  44  43  19  42  18  41  40  17  16  15  39  38  14  13
  11  12  34  33  10   9   8   7  29   6   5   4   3   2   1   0  24  23
  47  25  26  27  28  51  52  30  31  32  56  57  58  35  36  37  60  59
  82  83  84 106 107 130 131 132 154 155 177 153 152 151 150 127 129]

eliteFit: 6843.0
percentError: 1.033515428908903
computationTime: 6.448s