instanceName: kroE100
n: 100
optFit: 22068

genTime, gen, eliteFit, percentError:
0.00011829999857582152, 0, 147430.0, 568.071
0.0053693999943789095, 1, 22600.0, 2.411
0.0030441999988397583, 2, 22146.0, 0.353
0.002498300003935583, 3, 22146.0, 0.353
0.0025716999953147024, 4, 22146.0, 0.353
0.0031070999975781888, 5, 22146.0, 0.353
0.002630699993460439, 6, 22121.0, 0.240
0.0019943000079365447, 7, 22121.0, 0.240
0.002098400000249967, 8, 22121.0, 0.240
0.003351999999722466, 9, 22121.0, 0.240
0.0015884000022197142, 10, 22121.0, 0.240
0.001393600003211759, 11, 22121.0, 0.240
0.0021369999885791913, 12, 22121.0, 0.240
0.0012009999918518588, 13, 22121.0, 0.240
0.0010611000034259632, 14, 22121.0, 0.240
0.0010958999919239432, 15, 22121.0, 0.240
0.0012835000088671222, 16, 22121.0, 0.240
0.001072700004442595, 17, 22121.0, 0.240
0.0009085000056074932, 18, 22121.0, 0.240
0.0010174000053666532, 19, 22121.0, 0.240
0.0018011000065598637, 20, 22121.0, 0.240
0.0009719000081531703, 21, 22121.0, 0.240
0.0009366999875055626, 22, 22121.0, 0.240
0.0011335000017425045, 23, 22121.0, 0.240
0.001557299998239614, 24, 22121.0, 0.240
0.0010095000034198165, 25, 22121.0, 0.240
0.0011249999952269718, 26, 22121.0, 0.240
0.0011042000114684924, 27, 22121.0, 0.240
0.0012483000027714297, 28, 22121.0, 0.240
0.0011962999997194856, 29, 22121.0, 0.240
0.001028400001814589, 30, 22121.0, 0.240
0.0010207000013906509, 31, 22121.0, 0.240
0.0010570000013103709, 32, 22121.0, 0.240
0.0014089000032981858, 33, 22121.0, 0.240
0.0010294999956386164, 34, 22121.0, 0.240
0.001036700006807223, 35, 22121.0, 0.240
0.00133790000109002, 36, 22121.0, 0.240
0.0014870000013615936, 37, 22121.0, 0.240
0.0009320999961346388, 38, 22121.0, 0.240
0.0011196999985259026, 39, 22121.0, 0.240
0.0010403000051155686, 40, 22121.0, 0.240
0.001290500003960915, 41, 22121.0, 0.240
0.0012828000035369769, 42, 22121.0, 0.240
0.001104700000723824, 43, 22121.0, 0.240
0.0010049999982584268, 44, 22121.0, 0.240
0.0012838999973610044, 45, 22121.0, 0.240
0.0014323000068543479, 46, 22121.0, 0.240
0.001033699998515658, 47, 22121.0, 0.240
0.0009733999904710799, 48, 22121.0, 0.240
0.0010021000052802265, 49, 22121.0, 0.240
0.0013699999981326982, 50, 22121.0, 0.240
0.0010550000006332994, 51, 22121.0, 0.240
0.001036799993016757, 52, 22121.0, 0.240
0.001063200004864484, 53, 22121.0, 0.240
0.0015751999890198931, 54, 22121.0, 0.240
0.0014778000040678307, 55, 22121.0, 0.240
0.0011860999948112294, 56, 22121.0, 0.240

tour:
[67 71 43 51 13 88 80 70 60 72 15 78 25 45  2 46 82  0 73  6 20 68 50 97
 58 94 35 27 22 63 57 31 11 75 62 87 34 39 24 53 44 98 16 83 61 55 14 19
 48 49 59  9 79 56 96 64  7  4 41 47 89 29 65 30  8 86 40 26 66 81 91 74
 12 92 90 54  5 69  3  1 10 95 84 76 36 33 52 77 99 28 23 17 93 18 85 42
 38 21 32 37]

eliteFit: 22121.0
percentError: 0.24016675729563167
computationTime: 0.112s