instanceName: pr299
n: 299
optFit: 48191

genTime, gen, eliteFit, percentError:
0.00026889999571722, 0, 711780.0, 1376.998
0.04324110000743531, 1, 51080.0, 5.995
0.028012299997499213, 2, 50502.0, 4.796
0.025164699996821582, 3, 50112.0, 3.986
0.028119099995819852, 4, 49600.0, 2.924
0.025390699986019172, 5, 49523.0, 2.764
0.02563940000254661, 6, 49263.0, 2.224
0.024099300004309043, 7, 49119.0, 1.926
0.02621690000523813, 8, 49027.0, 1.735
0.022305899998173118, 9, 48589.0, 0.826
0.018019099996308796, 10, 48589.0, 0.826
0.013962799988803454, 11, 48555.0, 0.755
0.010683500004233792, 12, 48483.0, 0.606
0.01200539999990724, 13, 48483.0, 0.606
0.010425700005725957, 14, 48482.0, 0.604
0.009485000002314337, 15, 48448.0, 0.533
0.01009110000450164, 16, 48421.0, 0.477
0.008635799997136928, 17, 48421.0, 0.477
0.008938200000557117, 18, 48417.0, 0.469
0.008120200000121258, 19, 48417.0, 0.469
0.008549399994080886, 20, 48417.0, 0.469
0.008649899988085963, 21, 48417.0, 0.469
0.009852300005150028, 22, 48417.0, 0.469
0.009329199994681403, 23, 48374.0, 0.380
0.00862300000153482, 24, 48374.0, 0.380
0.010937300001387484, 25, 48360.0, 0.351
0.011905499995918944, 26, 48360.0, 0.351
0.010852599996724166, 27, 48360.0, 0.351
0.012049600001773797, 28, 48360.0, 0.351
0.008443499988061376, 29, 48346.0, 0.322
0.013692100008483976, 30, 48346.0, 0.322
0.008753500005695969, 31, 48346.0, 0.322
0.01070300000719726, 32, 48346.0, 0.322
0.008801499992841855, 33, 48346.0, 0.322
0.011510899988934398, 34, 48346.0, 0.322
0.010877099994104356, 35, 48346.0, 0.322
0.012711299990769476, 36, 48346.0, 0.322
0.010529200008022599, 37, 48346.0, 0.322
0.009279999998398125, 38, 48346.0, 0.322
0.009685799988801591, 39, 48346.0, 0.322
0.007817200006684288, 40, 48346.0, 0.322
0.008904800008167513, 41, 48346.0, 0.322
0.009991099999751896, 42, 48346.0, 0.322
0.010655199992470443, 43, 48346.0, 0.322
0.009772299992619082, 44, 48346.0, 0.322
0.00942879999638535, 45, 48346.0, 0.322
0.009437100001377985, 46, 48346.0, 0.322
0.008575800005928613, 47, 48346.0, 0.322
0.010328399992431514, 48, 48346.0, 0.322
0.008137700002407655, 49, 48346.0, 0.322
0.007081100004143082, 50, 48346.0, 0.322
0.009181899993564002, 51, 48346.0, 0.322
0.010951499993097968, 52, 48346.0, 0.322
0.010246300007565878, 53, 48346.0, 0.322
0.03107020001334604, 54, 48346.0, 0.322
0.00918830001319293, 55, 48346.0, 0.322
0.008790100007900037, 56, 48346.0, 0.322
0.008144199993694201, 57, 48346.0, 0.322
0.010131699993507937, 58, 48346.0, 0.322
0.009138200010056607, 59, 48346.0, 0.322
0.0073924000025726855, 60, 48346.0, 0.322
0.009624199999962002, 61, 48346.0, 0.322
0.007720499997958541, 62, 48346.0, 0.322
0.009288399989600293, 63, 48341.0, 0.311
0.012981499996385537, 64, 48341.0, 0.311
0.008852400002069771, 65, 48329.0, 0.286
0.010219800009508617, 66, 48324.0, 0.276
0.00977259999490343, 67, 48324.0, 0.276
0.009978500005672686, 68, 48324.0, 0.276
0.008353600002010353, 69, 48324.0, 0.276
0.009171199999400415, 70, 48324.0, 0.276
0.008419599995249882, 71, 48324.0, 0.276
0.008285500007332303, 72, 48324.0, 0.276
0.008344899993971922, 73, 48324.0, 0.276
0.010929900003247894, 74, 48324.0, 0.276
0.007317600000533275, 75, 48324.0, 0.276
0.008189799991669133, 76, 48324.0, 0.276
0.011825699999462813, 77, 48264.0, 0.151
0.011612100002821535, 78, 48264.0, 0.151
0.010699099992052652, 79, 48264.0, 0.151
0.011419299989938736, 80, 48264.0, 0.151
0.008118400000967085, 81, 48264.0, 0.151
0.009843499996350147, 82, 48264.0, 0.151
0.009606899999198504, 83, 48264.0, 0.151
0.00940670000272803, 84, 48264.0, 0.151
0.007912400003988296, 85, 48264.0, 0.151
0.007888000007369556, 86, 48264.0, 0.151
0.008191400003852323, 87, 48264.0, 0.151
0.008291299993288703, 88, 48264.0, 0.151
0.007973600004334003, 89, 48264.0, 0.151
0.008522100004483946, 90, 48264.0, 0.151
0.008167299994966015, 91, 48264.0, 0.151
0.009213099998305552, 92, 48264.0, 0.151
0.010274100000970066, 93, 48264.0, 0.151
0.008049399999435991, 94, 48264.0, 0.151
0.008483199999318458, 95, 48264.0, 0.151
0.009244799992302433, 96, 48264.0, 0.151
0.007948400001623668, 97, 48264.0, 0.151
0.010435600008349866, 98, 48198.0, 0.015
0.012873900006525218, 99, 48198.0, 0.015
0.011548900001798756, 100, 48191.0, 0.000

tour:
[ 85  90  88  89  87  13  12  11  10   9   8   7   6   4   5   1   2   3
   0  91  92 143 145 144 147 146 148 149 150 151 152 153 154 155 213 214
 297 295 296 293 294 292 291 289 290 288 287 286 216 215 217 211 212 158
 157 156 142 141 140 138 139 160 159 210 209 207 206 203 204 205 298 226
 224 225 222 223 219 208 221 220 218 285 284 283 279 282 281 280 277 278
 274 275 276 231 232 229 230 228 202 227 199 198 201 163 133 136 162 161
 137 135 134 132 102 131 128 103 129 130 164 165 200 167 166 196 197 233
 234 273 272 271 237 235 236 240 239 238 270 268 269 242 241 195 192 191
 190 193 194 169 168 173 171 127 108 107 105 109  60  58  59  38  56  57
 111 110 112 122 126 125 123 124 174 176 175 177 186 188 178 170 172 189
 187 249 250 244 246 245 243 248 247 267 266 264 265 262 263 261 258 257
 256 253 259 260 254 251 252 185 255 184 183 182 181 180 179 119 121 120
 117 118 116 114 113 115  54  55  53  52  51  50  49  48  47  46  43  45
  44  40  42  39  41  36  37  35  34  31  30  29  33  32  65  62  61 106
  64  63 104  67  66  69  68  70  73  72  71  28  27  26  25  24  23  22
  20  17  16  14  15  18  19  21  78  80  81  79  74  76  77  75 101 100
  99  98  83  82  97  94  95  96  93  86  84]

eliteFit: 48191.0
percentError: 0.0
computationTime: 1.210s