instanceName: pr107
n: 107
optFit: 44303

genTime, gen, eliteFit, percentError:
0.0001292000088142231, 0, 460887.0, 940.307
0.008151999994879588, 1, 45122.0, 1.849
0.004742199991596863, 2, 44793.0, 1.106
0.0053410999971674755, 3, 44518.0, 0.485
0.0041766999929677695, 4, 44518.0, 0.485
0.00577230000635609, 5, 44518.0, 0.485
0.004583000001730397, 6, 44518.0, 0.485
0.0048688000097172335, 7, 44518.0, 0.485
0.003110200006631203, 8, 44518.0, 0.485
0.0030039999983273447, 9, 44518.0, 0.485
0.0018594999855849892, 10, 44518.0, 0.485
0.00303880000137724, 11, 44518.0, 0.485
0.001678799992077984, 12, 44518.0, 0.485
0.003379499990842305, 13, 44518.0, 0.485
0.003180100000463426, 14, 44518.0, 0.485
0.0021158000017749146, 15, 44518.0, 0.485
0.008220599993364885, 16, 44518.0, 0.485
0.0018223000079160556, 17, 44518.0, 0.485
0.0014365999959409237, 18, 44518.0, 0.485
0.0012872999941464514, 19, 44518.0, 0.485
0.001793899995391257, 20, 44518.0, 0.485
0.0016045000083977357, 21, 44518.0, 0.485
0.00215129999560304, 22, 44474.0, 0.386
0.0017988000035984442, 23, 44474.0, 0.386
0.0016275999951176345, 24, 44474.0, 0.386
0.002590999996755272, 25, 44474.0, 0.386
0.0016020000039134175, 26, 44474.0, 0.386
0.001800300000468269, 27, 44438.0, 0.305
0.0017340000049443915, 28, 44438.0, 0.305
0.0018563999910838902, 29, 44438.0, 0.305
0.0015137000009417534, 30, 44438.0, 0.305
0.00185570000030566, 31, 44438.0, 0.305
0.00164379998750519, 32, 44438.0, 0.305
0.0016094000020530075, 33, 44438.0, 0.305
0.002044900000328198, 34, 44438.0, 0.305
0.0015521000022999942, 35, 44438.0, 0.305
0.0017460000090068206, 36, 44438.0, 0.305
0.0021265999966999516, 37, 44438.0, 0.305
0.0016153000033227727, 38, 44438.0, 0.305
0.001771099996403791, 39, 44438.0, 0.305
0.001745500005199574, 40, 44438.0, 0.305
0.0014865999983157963, 41, 44438.0, 0.305
0.0015419000119436532, 42, 44438.0, 0.305
0.0016458000027341768, 43, 44438.0, 0.305
0.0011691999970935285, 44, 44438.0, 0.305
0.0012992999982088804, 45, 44438.0, 0.305
0.001422200002707541, 46, 44438.0, 0.305
0.001673899998422712, 47, 44438.0, 0.305
0.001582199998665601, 48, 44438.0, 0.305
0.0021143000049050897, 49, 44438.0, 0.305
0.0016642000118736178, 50, 44438.0, 0.305
0.0015180000045802444, 51, 44438.0, 0.305
0.006774000008590519, 52, 44438.0, 0.305
0.0067999000020790845, 53, 44438.0, 0.305
0.00695840000116732, 54, 44438.0, 0.305
0.0018127999937860295, 55, 44438.0, 0.305
0.0017070999892894179, 56, 44438.0, 0.305
0.0017275999998673797, 57, 44438.0, 0.305
0.00454409999656491, 58, 44438.0, 0.305
0.001897800000733696, 59, 44438.0, 0.305
0.0016445000073872507, 60, 44438.0, 0.305
0.0015799999964656308, 61, 44438.0, 0.305
0.0017675999988568947, 62, 44438.0, 0.305
0.0012984999921172857, 63, 44438.0, 0.305
0.002151699998648837, 64, 44438.0, 0.305
0.0015367000014521182, 65, 44438.0, 0.305
0.0013974000030430034, 66, 44438.0, 0.305
0.0013839999883202836, 67, 44438.0, 0.305
0.001556300005177036, 68, 44438.0, 0.305
0.0015167000092333183, 69, 44438.0, 0.305
0.0011200000008102506, 70, 44438.0, 0.305
0.0016734000091673806, 71, 44438.0, 0.305
0.0015333000046666712, 72, 44438.0, 0.305
0.0018642000068211928, 73, 44438.0, 0.305
0.0026581999991321936, 74, 44438.0, 0.305
0.0016933000006247312, 75, 44438.0, 0.305
0.0016126999980770051, 76, 44438.0, 0.305
0.0018105999915860593, 77, 44438.0, 0.305

tour:
[ 28  31  34  35  32  30  33  36  39  38  41  37  40  43  46  47  42  44
  45  48  51  50  53  52  49  54 103 105 106 104 102  99 101 100  55  98
  56  93  95  96  97  94  92  89  91  90  57  88  58  83  85  86  87  84
  82  79  81  80  59  78  60  75  76  77  74  73  61  72  69  70  71  68
  67  64  66  65  63  62   1   0   3   2   5   4   6   8   9   7  10  11
  12  15  14  17  13  16  19  22  23  18  20  21  24  27  26  29  25]

eliteFit: 44438.0
percentError: 0.30471977067015776
computationTime: 0.243s