instanceName: pr107
n: 107
optFit: 44303

genTime, gen, eliteFit, percentError:
0.00015740000526420772, 0, 490998.0, 1008.273
0.008037499996135011, 1, 45125.0, 1.855
0.005280500001390465, 2, 45002.0, 1.578
0.0047344000049633905, 3, 44937.0, 1.431
0.004093499999726191, 4, 44837.0, 1.205
0.003292699999292381, 5, 44638.0, 0.756
0.0036462999996729195, 6, 44591.0, 0.650
0.003602400000090711, 7, 44570.0, 0.603
0.0030540000007022172, 8, 44467.0, 0.370
0.0032841999927768484, 9, 44381.0, 0.176
0.0037745000008726493, 10, 44326.0, 0.052
0.003688900003908202, 11, 44303.0, 0.000

tour:
[ 38  39  36  33  32  30  35  34  31  28  25  29  26  27  24  21  20  18
  23  22  19  16  13  17  14  15  12  11  10   7   9   8   6   4   5   2
   3   0   1  62  63  65  66  64  67  68  71  70  69  72  61  73  60  75
  76  74  77  79  82  81  78  80  59  83  58  85  86  84  87  89  92  91
  88  90  57  93  56  95  96  94  97  99 102 101  98 100  55 103 104 106
 105  54  49  52  53  50  51  48  45  44  42  47  46  43  40  37  41]

eliteFit: 44303.0
percentError: 0.0
computationTime: 0.055s