instanceName: pr107
n: 107
optFit: 44303

genTime, gen, eliteFit, percentError:
1.18674170000304, 0, 487524.0, 1000.431
0.10312610000255518, 1, 45177.0, 1.973
0.00593980000121519, 2, 45039.0, 1.661
0.005382400006055832, 3, 44891.0, 1.327
0.004540800000540912, 4, 44767.0, 1.047
0.004272099991794676, 5, 44632.0, 0.743
0.00441970000974834, 6, 44577.0, 0.618
0.005081700001028366, 7, 44339.0, 0.081
0.0033891999919433147, 8, 44339.0, 0.081
0.0027750000008381903, 9, 44326.0, 0.052
0.0029998999962117523, 10, 44326.0, 0.052
0.004699199998867698, 11, 44326.0, 0.052
0.0030454999941866845, 12, 44326.0, 0.052
0.0025477000017417595, 13, 44326.0, 0.052
0.002140500000678003, 14, 44303.0, 0.000

tour:
[ 51  50  53  52  49  54 105 106 104 103  55 100  98 101 102  99  97  94
  96  95  56  93  57  90  88  91  92  89  87  84  86  85  58  83  59  78
  80  81  82  79  77  74  76  75  60  73  61  72  69  70  71  68  67  64
  66  65  63  62   1   0   3   2   5   4   6   8   9   7  10  11  12  15
  14  17  13  16  19  22  23  20  18  21  24  27  26  29  25  28  31  34
  35  30  32  33  36  39  38  41  37  40  43  46  47  42  44  45  48]

eliteFit: 44303.0
percentError: 0.0
computationTime: 1.352s