instanceName: ch130
n: 130
optFit: 6110

genTime, gen, eliteFit, percentError:
0.00024500000290572643, 0, 41169.0, 573.797
0.0143998000130523, 1, 6297.0, 3.061
0.007307699997909367, 2, 6274.0, 2.684
0.005974999992758967, 3, 6225.0, 1.882
0.007174200000008568, 4, 6225.0, 1.882
0.006721900004777126, 5, 6182.0, 1.178
0.006567599994014017, 6, 6149.0, 0.638
0.005230399998254143, 7, 6129.0, 0.311
0.005759599996963516, 8, 6129.0, 0.311
0.007009199995081872, 9, 6129.0, 0.311
0.023270199992111884, 10, 6128.0, 0.295
0.008530599996447563, 11, 6128.0, 0.295
0.004424200000357814, 12, 6128.0, 0.295
0.002377099997829646, 13, 6128.0, 0.295
0.002601499989395961, 14, 6128.0, 0.295
0.002447899998514913, 15, 6128.0, 0.295
0.0020912999898428097, 16, 6128.0, 0.295
0.0027784999983850867, 17, 6128.0, 0.295
0.0021360000100685284, 18, 6128.0, 0.295
0.0023404000094160438, 19, 6128.0, 0.295
0.0022107999975560233, 20, 6128.0, 0.295
0.0022843000042485073, 21, 6128.0, 0.295
0.0032107000006362796, 22, 6128.0, 0.295
0.002188500002375804, 23, 6128.0, 0.295
0.002613100004964508, 24, 6128.0, 0.295
0.0023210000072140247, 25, 6128.0, 0.295
0.002216200009570457, 26, 6128.0, 0.295
0.0022345000033965334, 27, 6128.0, 0.295
0.0022312000073725358, 28, 6128.0, 0.295
0.0025276000087615103, 29, 6128.0, 0.295
0.002351599992834963, 30, 6128.0, 0.295
0.0023424999963026494, 31, 6128.0, 0.295
0.002426699997158721, 32, 6128.0, 0.295
0.002231000005849637, 33, 6128.0, 0.295
0.002303699991898611, 34, 6128.0, 0.295
0.0021524000039789826, 35, 6128.0, 0.295
0.0025950000126613304, 36, 6128.0, 0.295
0.002470999999786727, 37, 6128.0, 0.295
0.0031251000036718324, 38, 6128.0, 0.295
0.0022791000083088875, 39, 6128.0, 0.295
0.0022012999979779124, 40, 6128.0, 0.295
0.00254020000284072, 41, 6128.0, 0.295
0.0023132999922381714, 42, 6128.0, 0.295
0.0024363999982597306, 43, 6128.0, 0.295
0.002506300006643869, 44, 6128.0, 0.295
0.0026434000028530136, 45, 6128.0, 0.295
0.0021314000041456893, 46, 6128.0, 0.295
0.0023117000091588125, 47, 6128.0, 0.295
0.0021733000030508265, 48, 6128.0, 0.295
0.0023332999990088865, 49, 6128.0, 0.295
0.003569900000002235, 50, 6128.0, 0.295
0.002421700002742, 51, 6128.0, 0.295
0.0030072999943513423, 52, 6128.0, 0.295
0.0021298999927239493, 53, 6128.0, 0.295
0.0027200999902561307, 54, 6128.0, 0.295
0.002651500006322749, 55, 6128.0, 0.295
0.002344799999264069, 56, 6128.0, 0.295
0.002292799996212125, 57, 6128.0, 0.295
0.002068900008453056, 58, 6128.0, 0.295
0.0024074999964796007, 59, 6128.0, 0.295
0.0021757000067736953, 60, 6128.0, 0.295

tour:
[ 41  50  59 119  52  57  48  71  90   5 101  54 121  13   9  66  12  95
  22  46  39  36  21  32  20  17   7 107 113 125 120  77  65  84 124  89
  58  29  82   2 116 111 114  27  61 104 127  15  44   4  10  75 108  60
 128 123  63  68  85  87  25   6  96  69  62  67  47  24  97 112  31  35
  83 118 110 122 100  81  56   8  55  64  51  74  73  98  72  91  37 105
   3  34  53  16  33  30  26  18  99  14  28  23 115  94  78  86  11  80
 102  76  93  88 109  42 103 106 126   0  40  38  70 129  49   1 117  79
  45  19  92  43]

eliteFit: 6128.0
percentError: 0.2945990180032733
computationTime: 0.257s