instanceName: ch130
n: 130
optFit: 6110

genTime, gen, eliteFit, percentError:
0.00013780000153928995, 0, 40503.0, 562.897
0.00944520000484772, 1, 6322.0, 3.470
0.004711799992946908, 2, 6271.0, 2.635
0.006434299997636117, 3, 6254.0, 2.357
0.004713100002845749, 4, 6205.0, 1.555
0.004834199993638322, 5, 6195.0, 1.391
0.0045015000068815425, 6, 6194.0, 1.375
0.004157999996095896, 7, 6186.0, 1.244
0.0058569999964674935, 8, 6183.0, 1.195
0.005341500000213273, 9, 6181.0, 1.162
0.003818400000454858, 10, 6145.0, 0.573
0.0039305000100284815, 11, 6145.0, 0.573
0.005273200004012324, 12, 6134.0, 0.393
0.004689000008511357, 13, 6134.0, 0.393
0.00397510000038892, 14, 6134.0, 0.393
0.004520499991485849, 15, 6134.0, 0.393
0.004696100004366599, 16, 6134.0, 0.393
0.003234499992686324, 17, 6134.0, 0.393
0.0014727000088896602, 18, 6134.0, 0.393
0.0016213999915635213, 19, 6134.0, 0.393
0.00162899999122601, 20, 6134.0, 0.393
0.0023747999948682263, 21, 6134.0, 0.393
0.0014943999995011836, 22, 6134.0, 0.393
0.0015146999940043315, 23, 6134.0, 0.393
0.0025517999893054366, 24, 6134.0, 0.393
0.0015955999988364056, 25, 6134.0, 0.393
0.0014174000098137185, 26, 6134.0, 0.393
0.0022052999993320554, 27, 6134.0, 0.393
0.0016081999929156154, 28, 6134.0, 0.393
0.0016284999874187633, 29, 6134.0, 0.393
0.0021284999966155738, 30, 6134.0, 0.393
0.0015406000020448118, 31, 6134.0, 0.393
0.0016398000007029623, 32, 6134.0, 0.393
0.0022003000049153343, 33, 6134.0, 0.393
0.0017668000073172152, 34, 6134.0, 0.393
0.0020269000087864697, 35, 6134.0, 0.393
0.002318099999683909, 36, 6134.0, 0.393
0.001629200007300824, 37, 6134.0, 0.393
0.0018352999904891476, 38, 6134.0, 0.393
0.002139000003808178, 39, 6134.0, 0.393
0.0015749000012874603, 40, 6134.0, 0.393
0.0015023000014480203, 41, 6134.0, 0.393
0.0022680999973090366, 42, 6134.0, 0.393
0.0016041999915614724, 43, 6134.0, 0.393
0.0014750000118510798, 44, 6134.0, 0.393
0.0021167000086279586, 45, 6134.0, 0.393
0.0013451999984681606, 46, 6134.0, 0.393
0.0014703000051667914, 47, 6134.0, 0.393
0.0024225000088335946, 48, 6134.0, 0.393
0.0015050999936647713, 49, 6134.0, 0.393
0.0016095000028144568, 50, 6134.0, 0.393
0.00219650000508409, 51, 6134.0, 0.393
0.0017386000108672306, 52, 6134.0, 0.393
0.0015175000007729977, 53, 6134.0, 0.393
0.00210829998832196, 54, 6134.0, 0.393
0.0017483999981777743, 55, 6134.0, 0.393
0.001469599999836646, 56, 6134.0, 0.393
0.0022019000025466084, 57, 6134.0, 0.393
0.0017408999992767349, 58, 6134.0, 0.393
0.0014654999977210537, 59, 6134.0, 0.393
0.002295999991474673, 60, 6134.0, 0.393
0.0013993999891681597, 61, 6134.0, 0.393
0.0016239000105997548, 62, 6134.0, 0.393

tour:
[ 22  32  20  17   7 107 113 125 120  77  65  84 124  89  58  29  82   2
 116 111 114  27  61 104 127  15  44   4  10  75 108  60 128 123  63  68
  85  87  25   6  96  69  62  42 103 106 126   0  40  38  70 129  49   1
 117  79  45  19   3  34  53  16  33  30  26  18  99  14  28  23 115  94
  78  86  11  80 102  76  93  88 109  97  67  47  24 112  31  35  83 118
 110 122 100  81  56   8  55  64  51  74  73  98  72  91  37 105  52 119
  57  48  71  90   5 101   9  13  66  12  95 121  54  59  50  41  43  92
  36  21  39  46]

eliteFit: 6134.0
percentError: 0.39279869067103107
computationTime: 0.197s