instanceName: ch130
n: 130
optFit: 6110

genTime, gen, eliteFit, percentError:
0.00014250000822357833, 0, 41140.0, 573.322
0.00973639999574516, 1, 6303.0, 3.159
0.004376500000944361, 2, 6290.0, 2.946
0.005777200000011362, 3, 6170.0, 0.982
0.004755500005558133, 4, 6170.0, 0.982
0.00522120000096038, 5, 6170.0, 0.982
0.004342499989434145, 6, 6170.0, 0.982
0.003908600003342144, 7, 6146.0, 0.589
0.006170900000142865, 8, 6146.0, 0.589
0.004270199991879053, 9, 6146.0, 0.589
0.0033685000089462847, 10, 6146.0, 0.589
0.003602199998567812, 11, 6137.0, 0.442
0.003164799985825084, 12, 6129.0, 0.311
0.001945899988641031, 13, 6129.0, 0.311
0.001488699999754317, 14, 6110.0, 0.000

tour:
[ 39  46  21  36  92  43  41  50  59  54 121  95  12  66  13   9 101   5
  90  71  48  57 119  52 105  37  91  72  98  73  74  51  64  55   8  56
  81 100 122 110 118  83  35  31 112  24  47  62  67  97 109  88  93  76
 102  80  11  86  78  94 115  23  28  14  99  18  26  30  16  33  42 103
 126 106  69  96   6  25  87  85  68  63 123 128  60 108  75  10   4  44
  15 127 104  61  27 114 111 116  38  40   0  70 129  49   1  53  34   3
  19 117  79  45  17   7 107 113   2  82  29  58  89 124  84  65  77 120
 125  20  32  22]

eliteFit: 6110.0
percentError: 0.0
computationTime: 0.071s