instanceName: u1060
n: 1060
optFit: 224094

genTime, gen, eliteFit, percentError:
0.0013723000010941178, 0, 6478239.0, 2790.858
0.6427485000167508, 1, 244519.0, 9.114
0.39581210000324063, 2, 243366.0, 8.600
0.43675949997850694, 3, 241210.0, 7.638
0.39843040000414476, 4, 240064.0, 7.126
0.371098899981007, 5, 239234.0, 6.756
0.39187230000970885, 6, 239234.0, 6.756
0.4310546000197064, 7, 237678.0, 6.062
0.4177446000103373, 8, 237678.0, 6.062
0.3999580999952741, 9, 236819.0, 5.678
0.37733199997455813, 10, 236778.0, 5.660
0.35502389998873696, 11, 235902.0, 5.269
0.38603550000698306, 12, 235437.0, 5.062
0.3653315000119619, 13, 234767.0, 4.763
0.3839832999801729, 14, 234767.0, 4.763
0.3889639000117313, 15, 234561.0, 4.671
0.35871689999476075, 16, 234438.0, 4.616
0.31715560000156984, 17, 234260.0, 4.536
0.3046336999977939, 18, 233274.0, 4.096
0.3328937999904156, 19, 233243.0, 4.083
0.35924389999127015, 20, 232945.0, 3.950
0.33016440001665615, 21, 232484.0, 3.744
0.25442630000179633, 22, 231926.0, 3.495
0.17229620000580326, 23, 231693.0, 3.391
0.21806680000736378, 24, 231462.0, 3.288
0.15988479999941774, 25, 230750.0, 2.970
0.17871410000952892, 26, 230670.0, 2.934
0.1577629999956116, 27, 230437.0, 2.831
0.15101010000216775, 28, 230373.0, 2.802
0.1289480999985244, 29, 230228.0, 2.737
0.13260589999845251, 30, 230160.0, 2.707
0.14298210002016276, 31, 230116.0, 2.687
0.1143865000049118, 32, 229869.0, 2.577
0.11208340001758188, 33, 229774.0, 2.535
0.11220370000228286, 34, 229764.0, 2.530
0.12967329999082722, 35, 229707.0, 2.505
0.11589309998089448, 36, 229313.0, 2.329
0.11637449997942895, 37, 229208.0, 2.282
0.11082050000550225, 38, 229158.0, 2.260
0.1367069999978412, 39, 229120.0, 2.243
0.10704070000792854, 40, 229020.0, 2.198
0.10958239997853525, 41, 229020.0, 2.198
0.09472740002092905, 42, 229020.0, 2.198
0.09924239999963902, 43, 228994.0, 2.187
0.09533140002167784, 44, 228994.0, 2.187
0.12355519999982789, 45, 228994.0, 2.187
0.0933214999968186, 46, 228994.0, 2.187
0.09748990001389757, 47, 228914.0, 2.151
0.09672880001016892, 48, 228914.0, 2.151
0.09724950001691468, 49, 228860.0, 2.127
0.09594639998977073, 50, 228860.0, 2.127
0.10253939998801798, 51, 228860.0, 2.127
0.11385790002532303, 52, 228860.0, 2.127
0.10159229999408126, 53, 228860.0, 2.127
0.0883538999769371, 54, 228860.0, 2.127
0.11885309999343008, 55, 228860.0, 2.127
0.1013706999947317, 56, 228860.0, 2.127
0.08016179999685846, 57, 228860.0, 2.127
0.08579580002697185, 58, 228860.0, 2.127
0.10705849999794737, 59, 228818.0, 2.108
0.09063510000123642, 60, 228818.0, 2.108
0.0963560999953188, 61, 228818.0, 2.108
0.12818030000198632, 62, 228818.0, 2.108
0.1135507000144571, 63, 228818.0, 2.108
0.10929039999609813, 64, 228818.0, 2.108
0.09058029999141581, 65, 228818.0, 2.108
0.09976349998032674, 66, 228818.0, 2.108
0.09039580001262948, 67, 228818.0, 2.108
0.09705900002154522, 68, 228818.0, 2.108
0.09348329997737892, 69, 228818.0, 2.108
0.09982719999970868, 70, 228818.0, 2.108
0.11147180001717061, 71, 228818.0, 2.108
0.11637170001631603, 72, 228756.0, 2.080
0.1110900999919977, 73, 228756.0, 2.080
0.11364239998511039, 74, 228756.0, 2.080
0.10168849999899976, 75, 228756.0, 2.080
0.09605519997421652, 76, 228756.0, 2.080
0.09643129998585209, 77, 228756.0, 2.080
0.09213219999219291, 78, 228756.0, 2.080
0.1107031999854371, 79, 228756.0, 2.080
0.0966488000121899, 80, 228756.0, 2.080
0.1114720000186935, 81, 228756.0, 2.080
0.10236729998723604, 82, 228756.0, 2.080
0.12359860001015477, 83, 228756.0, 2.080
0.1371923999977298, 84, 228756.0, 2.080
0.11330179998185486, 85, 228756.0, 2.080
0.09239779997733422, 86, 228756.0, 2.080
0.0976373000012245, 87, 228756.0, 2.080
0.12041069997940212, 88, 228756.0, 2.080
0.10310000000754371, 89, 228756.0, 2.080
0.1023875999962911, 90, 228756.0, 2.080
0.09082559999660589, 91, 228756.0, 2.080
0.09037630000966601, 92, 228756.0, 2.080
0.09366600000066683, 93, 228756.0, 2.080
0.09434059998602606, 94, 228756.0, 2.080
0.09478099999250844, 95, 228756.0, 2.080
0.12365049999789335, 96, 228756.0, 2.080
0.1108795000181999, 97, 228756.0, 2.080
0.1070072999864351, 98, 228756.0, 2.080
0.08894350001355633, 99, 228756.0, 2.080
0.10592279999400489, 100, 228756.0, 2.080
0.08164839999517426, 101, 228756.0, 2.080
0.12442639999790117, 102, 228698.0, 2.054
0.10305930001777597, 103, 228595.0, 2.009
0.11343959998339415, 104, 228531.0, 1.980
0.12901279999641702, 105, 228463.0, 1.950
0.13299000001279637, 106, 228319.0, 1.885
0.11339109999244101, 107, 228319.0, 1.885
0.13147679998655804, 108, 228249.0, 1.854
0.10587110000778921, 109, 228249.0, 1.854
0.10730130001320504, 110, 228249.0, 1.854
0.1101695999968797, 111, 228249.0, 1.854
0.09074390001478605, 112, 228249.0, 1.854
0.0979075999930501, 113, 228249.0, 1.854
0.11007390002487227, 114, 228249.0, 1.854
0.09714309999253601, 115, 228249.0, 1.854
0.1089473000029102, 116, 228249.0, 1.854
0.09019200000329874, 117, 228160.0, 1.814
0.11441730000660755, 118, 228152.0, 1.811
0.10639069997705519, 119, 228122.0, 1.797
0.10138039998128079, 120, 228114.0, 1.794
0.13080640000407584, 121, 228114.0, 1.794
0.08921840001130477, 122, 228004.0, 1.745
0.09831809997558594, 123, 228004.0, 1.745
0.10170619998825714, 124, 228004.0, 1.745
0.11987030002637766, 125, 228004.0, 1.745
0.10856440002680756, 126, 227989.0, 1.738
0.09898129999055527, 127, 227989.0, 1.738
0.10887990001356229, 128, 227989.0, 1.738
0.09932060001301579, 129, 227989.0, 1.738
0.11273250001249835, 130, 227989.0, 1.738
0.1003406000090763, 131, 227989.0, 1.738
0.10335510000004433, 132, 227989.0, 1.738
0.11798910002107732, 133, 227989.0, 1.738
0.09608360001584515, 134, 227989.0, 1.738
0.11712640000041574, 135, 227989.0, 1.738
0.09457379998639226, 136, 227989.0, 1.738
0.09545340001932345, 137, 227989.0, 1.738
0.1040969000023324, 138, 227989.0, 1.738
0.11688820002018474, 139, 227989.0, 1.738
0.10354280000319704, 140, 227989.0, 1.738
0.08977710001636297, 141, 227989.0, 1.738
0.10631110001122579, 142, 227989.0, 1.738
0.0910196999902837, 143, 227989.0, 1.738
0.09422529998118989, 144, 227989.0, 1.738
0.08823399999528192, 145, 227989.0, 1.738
0.11092099998495542, 146, 227989.0, 1.738
0.09917370000039227, 147, 227989.0, 1.738
0.08667309998418204, 148, 227989.0, 1.738
0.11914009999600239, 149, 227989.0, 1.738
0.11127939997822978, 150, 227989.0, 1.738
0.09689409998827614, 151, 227989.0, 1.738
0.09549590002279729, 152, 227989.0, 1.738
0.09272379998583347, 153, 227989.0, 1.738
0.08765579998726025, 154, 227989.0, 1.738
0.09911939999437891, 155, 227989.0, 1.738
0.09996710001723841, 156, 227989.0, 1.738
0.10777989999041893, 157, 227989.0, 1.738
0.11122120000072755, 158, 227989.0, 1.738
0.11197050000191666, 159, 227989.0, 1.738
0.09901589999208227, 160, 227979.0, 1.734
0.10577600001124665, 161, 227979.0, 1.734
0.09185739999520592, 162, 227979.0, 1.734
0.10284320000209846, 163, 227979.0, 1.734
0.10919369998737238, 164, 227979.0, 1.734
0.1113515000033658, 165, 227979.0, 1.734
0.10622889999649487, 166, 227979.0, 1.734
0.10336410001036711, 167, 227979.0, 1.734
0.11835540001629852, 168, 227979.0, 1.734
0.09711320002679713, 169, 227979.0, 1.734
0.09342829999513924, 170, 227979.0, 1.734
0.08539519997430034, 171, 227979.0, 1.734
0.09656570001970977, 172, 227979.0, 1.734
0.10389980001491494, 173, 227979.0, 1.734
0.0967186999914702, 174, 227979.0, 1.734
0.10709989999304526, 175, 227979.0, 1.734
0.11716180000803433, 176, 227979.0, 1.734
0.09395979999681003, 177, 227979.0, 1.734
0.07631649999530055, 178, 227979.0, 1.734
0.09457710001152009, 179, 227979.0, 1.734
0.11655939999036491, 180, 227979.0, 1.734
0.09993539997958578, 181, 227979.0, 1.734
0.09135580001748167, 182, 227979.0, 1.734
0.11111190001247451, 183, 227979.0, 1.734
0.0924032999901101, 184, 227979.0, 1.734
0.09039560001110658, 185, 227979.0, 1.734
0.10905679999268614, 186, 227979.0, 1.734
0.10903239998151548, 187, 227979.0, 1.734
0.11077850000583567, 188, 227979.0, 1.734
0.09657990001142025, 189, 227979.0, 1.734
0.09854209999321029, 190, 227979.0, 1.734
0.09386200000881217, 191, 227979.0, 1.734
0.10591010001371615, 192, 227979.0, 1.734
0.10223769998992793, 193, 227979.0, 1.734
0.10986679999041371, 194, 227962.0, 1.726
0.11397169998963363, 195, 227962.0, 1.726
0.08645249999244697, 196, 227962.0, 1.726
0.0928585999936331, 197, 227962.0, 1.726
0.11279549999744631, 198, 227962.0, 1.726
0.09142579999752343, 199, 227962.0, 1.726
0.12211370002478361, 200, 227962.0, 1.726
0.11060419998830184, 201, 227962.0, 1.726
0.0952017999952659, 202, 227962.0, 1.726
0.09472300001652911, 203, 227962.0, 1.726
0.12004690000321716, 204, 227962.0, 1.726
0.10492909999447875, 205, 227962.0, 1.726
0.11946549999993294, 206, 227957.0, 1.724
0.097152999980608, 207, 227957.0, 1.724
0.0995206999941729, 208, 227957.0, 1.724
0.09019349998561665, 209, 227957.0, 1.724
0.11531280001509003, 210, 227957.0, 1.724
0.11383039999054745, 211, 227957.0, 1.724
0.13308020000113174, 212, 227957.0, 1.724
0.09260410000570118, 213, 227957.0, 1.724
0.09814350001397543, 214, 227957.0, 1.724
0.10708950000116602, 215, 227957.0, 1.724
0.11383570000180043, 216, 227957.0, 1.724
0.09721589999389835, 217, 227957.0, 1.724
0.09867120001581497, 218, 227957.0, 1.724
0.10019679999095388, 219, 227957.0, 1.724
0.09777249998296611, 220, 227957.0, 1.724
0.10004309998475946, 221, 227957.0, 1.724
0.1063414000091143, 222, 227957.0, 1.724
0.09977390000130981, 223, 227957.0, 1.724
0.1130696999898646, 224, 227957.0, 1.724
0.09237389999907464, 225, 227957.0, 1.724
0.09290489999693818, 226, 227957.0, 1.724
0.10940809999010526, 227, 227957.0, 1.724
0.08866179999313317, 228, 227957.0, 1.724
0.11573029999271967, 229, 227957.0, 1.724
0.0922351999906823, 230, 227957.0, 1.724
0.10311229998478666, 231, 227957.0, 1.724
0.0936130000045523, 232, 227957.0, 1.724
0.10106300000916235, 233, 227957.0, 1.724
0.12239030000637285, 234, 227957.0, 1.724
0.09830720000900328, 235, 227957.0, 1.724
0.09502199999406002, 236, 227957.0, 1.724
0.09729669999796897, 237, 227957.0, 1.724
0.10477929998887703, 238, 227957.0, 1.724
0.10360750000108965, 239, 227957.0, 1.724
0.09667479997733608, 240, 227957.0, 1.724
0.09782319999067113, 241, 227957.0, 1.724
0.12292200000956655, 242, 227957.0, 1.724
0.09897459999774583, 243, 227957.0, 1.724
0.0975668000173755, 244, 227957.0, 1.724
0.10604379998403601, 245, 227957.0, 1.724
0.10709180001867935, 246, 227957.0, 1.724
0.10474030001205392, 247, 227957.0, 1.724
0.08602700001210906, 248, 227957.0, 1.724
0.10122429998591542, 249, 227957.0, 1.724
0.10529050001059659, 250, 227957.0, 1.724
0.10319689998868853, 251, 227957.0, 1.724
0.09473839998827316, 252, 227841.0, 1.672
0.11056629999075085, 253, 227841.0, 1.672
0.14175500001874752, 254, 227841.0, 1.672
0.10269879997940734, 255, 227841.0, 1.672
0.12260229999083094, 256, 227841.0, 1.672
0.11415059998398647, 257, 227841.0, 1.672
0.12265799997840077, 258, 227841.0, 1.672
0.10298260001582094, 259, 227841.0, 1.672
0.09774870000546798, 260, 227841.0, 1.672
0.10311330002150498, 261, 227841.0, 1.672
0.09203339999658056, 262, 227841.0, 1.672
0.08902370001305826, 263, 227841.0, 1.672
0.09293270000489429, 264, 227841.0, 1.672
0.11050599999725819, 265, 227841.0, 1.672
0.10282540001207963, 266, 227841.0, 1.672
0.11226409999653697, 267, 227801.0, 1.654
0.08181680002599023, 268, 227801.0, 1.654
0.10692059999564663, 269, 227801.0, 1.654
0.10490080001181923, 270, 227801.0, 1.654
0.0937860999838449, 271, 227801.0, 1.654
0.11893769999733195, 272, 227801.0, 1.654
0.10813460001372732, 273, 227801.0, 1.654
0.09853869999642484, 274, 227801.0, 1.654
0.10596280000754632, 275, 227801.0, 1.654
0.10167620002175681, 276, 227801.0, 1.654
0.10994660001597367, 277, 227801.0, 1.654
0.10172860001330264, 278, 227801.0, 1.654
0.11445130000356585, 279, 227801.0, 1.654
0.10818199999630451, 280, 227801.0, 1.654
0.11106630001449957, 281, 227801.0, 1.654
0.09888209999189712, 282, 227801.0, 1.654
0.10241639998275787, 283, 227801.0, 1.654
0.11924830000498332, 284, 227801.0, 1.654
0.10172159998910502, 285, 227801.0, 1.654
0.10969189999741502, 286, 227801.0, 1.654
0.14414429999305867, 287, 227801.0, 1.654
0.11155860000872053, 288, 227801.0, 1.654
0.09294510001200251, 289, 227801.0, 1.654
0.09785210000700317, 290, 227801.0, 1.654
0.09808969998266548, 291, 227789.0, 1.649
0.09358079999219626, 292, 227789.0, 1.649
0.10079519997816533, 293, 227683.0, 1.602
0.1166817000193987, 294, 227683.0, 1.602
0.09833470001467504, 295, 227683.0, 1.602
0.10004900000058115, 296, 227683.0, 1.602
0.11380140000255778, 297, 227683.0, 1.602
0.10259629998472519, 298, 227683.0, 1.602
0.1065734000003431, 299, 227683.0, 1.602
0.10136319999583066, 300, 227683.0, 1.602
0.13636809997842647, 301, 227683.0, 1.602
0.12444280000636354, 302, 227683.0, 1.602
0.10431799999787472, 303, 227683.0, 1.602
0.11959760001627728, 304, 227683.0, 1.602
0.09588460001396015, 305, 227683.0, 1.602
0.12038209999445826, 306, 227683.0, 1.602
0.10824490000959486, 307, 227683.0, 1.602
0.08859350002603605, 308, 227683.0, 1.602
0.10017079999670386, 309, 227683.0, 1.602
0.09731560002546757, 310, 227683.0, 1.602
0.10784089998924173, 311, 227683.0, 1.602
0.10674370001652278, 312, 227683.0, 1.602
0.1093094999960158, 313, 227683.0, 1.602
0.08984349999809638, 314, 227683.0, 1.602
0.0954562000115402, 315, 227683.0, 1.602
0.11497480000252835, 316, 227683.0, 1.602
0.10800120001658797, 317, 227683.0, 1.602
0.09359969999059103, 318, 227683.0, 1.602
0.09555430000182241, 319, 227652.0, 1.588
0.1323512000089977, 320, 227652.0, 1.588
0.09362430000328459, 321, 227652.0, 1.588
0.11480829998617992, 322, 227652.0, 1.588
0.10141120001208037, 323, 227652.0, 1.588
0.09943790000397712, 324, 227652.0, 1.588
0.10574590001488104, 325, 227652.0, 1.588
0.09666400001151487, 326, 227652.0, 1.588
0.09849910001503304, 327, 227652.0, 1.588
0.09227179997833446, 328, 227652.0, 1.588
0.09947119999560528, 329, 227652.0, 1.588
0.11144589999457821, 330, 227652.0, 1.588
0.11018330001388676, 331, 227652.0, 1.588
0.1075313999899663, 332, 227652.0, 1.588
0.1073012999841012, 333, 227652.0, 1.588
0.105184600019129, 334, 227652.0, 1.588
0.104962199984584, 335, 227652.0, 1.588
0.1326843999850098, 336, 227652.0, 1.588
0.14106759999413043, 337, 227652.0, 1.588
0.10696860001189634, 338, 227652.0, 1.588
0.11705890001030639, 339, 227652.0, 1.588
0.13335459999507293, 340, 227652.0, 1.588
0.10532149998471141, 341, 227556.0, 1.545
0.09524429999873973, 342, 227556.0, 1.545
0.15131340001244098, 343, 227556.0, 1.545
0.11791570001514629, 344, 227556.0, 1.545
0.12625890001072548, 345, 227556.0, 1.545
0.10307379998266697, 346, 227556.0, 1.545
0.12203779999981634, 347, 227556.0, 1.545
0.09502330000395887, 348, 227556.0, 1.545
0.09956969998893328, 349, 227556.0, 1.545
0.10687640000833198, 350, 227556.0, 1.545
0.11543750000419095, 351, 227556.0, 1.545
0.12932730000466108, 352, 227556.0, 1.545
0.10895900000468828, 353, 227556.0, 1.545
0.12300330001744442, 354, 227556.0, 1.545
0.12282230000710115, 355, 227556.0, 1.545
0.12853889999678358, 356, 227556.0, 1.545
0.12164280001888983, 357, 227556.0, 1.545
0.10674320001271553, 358, 227556.0, 1.545
0.09659749999991618, 359, 227556.0, 1.545
0.12173109999275766, 360, 227556.0, 1.545
0.10055770000326447, 361, 227556.0, 1.545
0.10108060002676211, 362, 227556.0, 1.545
0.10810370001127012, 363, 227556.0, 1.545
0.1320588999951724, 364, 227556.0, 1.545
0.10472490001120605, 365, 227556.0, 1.545
0.10930800001369789, 366, 227556.0, 1.545
0.10549129999708384, 367, 227556.0, 1.545
0.11982569997780956, 368, 227556.0, 1.545
0.11159159999806434, 369, 227556.0, 1.545
0.10848699999041855, 370, 227556.0, 1.545
0.11692309999489225, 371, 227556.0, 1.545
0.11074070000904612, 372, 227556.0, 1.545
0.09029650001320988, 373, 227556.0, 1.545
0.12526339999749325, 374, 227556.0, 1.545
0.10469030000967905, 375, 227556.0, 1.545
0.10165269998833537, 376, 227556.0, 1.545
0.11024840001482517, 377, 227556.0, 1.545
0.11382239998783916, 378, 227556.0, 1.545
0.09433570000692271, 379, 227556.0, 1.545
0.11177840002346784, 380, 227556.0, 1.545
0.10253809997811913, 381, 227556.0, 1.545
0.12051830001291819, 382, 227556.0, 1.545
0.12518929998623207, 383, 227556.0, 1.545
0.10811929998453707, 384, 227556.0, 1.545
0.1165379999729339, 385, 227556.0, 1.545
0.11662949997116812, 386, 227556.0, 1.545
0.09700929999235086, 387, 227556.0, 1.545
0.10570580000057817, 388, 227556.0, 1.545
0.11616800000774674, 389, 227556.0, 1.545
0.12242539998260327, 390, 227556.0, 1.545
0.1204476999992039, 391, 227556.0, 1.545

tour:
[ 230  229  227  228  852  853  226  225  224  855  859  857  856  854
  851  846  847  848  849  850  922  923  924  926  925  917  916  915
  913  914  918  919  921  920  860  861  862  863  864  865  910  909
  908  907  911  912  906  904  903  905  902  901  899  900  894  896
  898  897  895  893  892  890  889  891   94   95   96  107  116  118
  117  120  119  115  114  112  111  108  110  109  888  882  887  113
  131  883  885  886  884  876  875  874  878  877  873  872  879  881
  880  871  870  869  868  867  866  214  215  213  212  211  210  209
  205  204  203  202  201  200  206  207  208  216  217  218  219  858
  221  220  222  223  232  231  233  260  259  258  261  262  257  256
  255  264  263  265  266  195  196  197  199  198  194  193  192  191
  190  189  188  187  186  185  184  183  182  181  180  179  178  177
  176  175  174  173  172  171  170  169  168  167  166  163  162  161
  160  159  158  157  165  164  155  156  154  153  152  151  150  149
  148  147  146  145  144  142  141  143  140  139  138  137  136  135
  132  134  133  130  129  127  128  123  124  125  126    7    6    5
    4    1    2    0    3 1059 1058 1057 1056 1055 1054 1051 1050 1053
 1052    9   10   30   29   11   12   13   19   18   16   17   15   14
    8  121  122  104  105  106  103  102  100  101   97   98   93   92
   89   90   91   88   81   77   78   79   80   76   75   74   73   72
   71   67   66   68   69   70   52   51   50   49   48   45   44   43
   42   41   39   40   34   35   33   32   24   23   46   47   82   87
   86   85   84   99   83   22   21   20   25   26   27   28   31 1049
 1042 1043 1041 1046 1048 1047 1045 1044 1040 1039 1038 1037 1036 1035
 1034 1033   36   37   38   53   54   58   57   55   56 1032 1031 1030
   60   59   61   62   65   64   63 1028 1029 1027 1017 1016 1015 1012
 1014 1013 1000  999  998  997 1001 1008 1007 1009 1020 1010 1011 1019
 1018 1026 1025 1021 1024 1022 1023 1005 1006 1002 1004 1003  996  995
  994  993  992  991  990  988  987  986  989  985  984  982  983  979
  978  977  980  981  973  972  971  969  970  976  975  974  964  962
  961  960  957  958  959  956  963  948  949  955  954  950  953  951
  952  927  929  930  928  931  932  933  946  947  965  968  967  966
  944  945  942  943  941  940  939  934  935  936  937  938  837  835
  836  834  821  822  823  833  832  827  828  826  831  829  830  825
  824  808  807  805  806  809  810  811  812  333  331  330  332  334
  335  336  337  340  339  338  341  342  804  803  802  801  800  799
  798  797  796  795  794  793  792  791  790  789  788  787  786  785
  784  783  782  781  780  779  778  774  773  772  771  770  775  777
  776  767  769  768  766  765  764  763  762  761  760  759  758  757
  756  754  753  755  752  751  750  749  748  747  746  745  744  743
  742  741  740  739  738  732  731  733  734  729  730  728  727  726
  725  724  723  722  699  698  700  697  581  582  580  579  584  583
  585  586  587  569  570  568  588  589  590  696  695  694  693  692
  691  690  703  704  702  701  705  706  707  721  720  719  708  709
  710  711  712  713  714  718  717  716  715  677  678  676  675  679
  680  681  689  688  687  686  685  684  683  682  674  673  671  672
  669  668  667  666  665  664  663  642  641  661  662  659  657  656
  655  654  658  653  652  651  650  649  648  660  646  647  645  644
  643  640  639  638  637  636  635  629  628  626  624  622  623  617
  616  615  614  613  611  612  618  619  620  621  625  627  631  630
  634  633  632  670  607  608  606  605  609  610  600  601  602  604
  603  598  599  444  445  450  451  597  596  595  593  592  591  594
  452  453  454  558  557  559  560  561  556  555  554  553  459  460
  463  462  461  458  455  456  457  449  448  446  447  441  440  443
  442  439  438  437  436  435  433  434  432  431  430  429  428  427
  401  400  402  399  398  397  396  403  404  395  394  393  392  391
  390  273  274  272  269  270  271  268  267  279  278  277  276  275
  388  389  384  385  386  387  382  383  375  376  377  378  379  380
  381  405  406  407  408  414  413  418  415  416  417  426  425  424
  423  422  421  420  419  412  409  410  411  483  484  485  486  487
  488  489  367  368  366  365  358  359  493  492  490  491  494  495
  496  482  481  480  479  474  475  471  473  472  470  469  465  464
  466  467  468  476  477  478  525  527  526  530  529  528  549  550
  551  552  564  563  562  565  566  567  571  572  573  578  576  577
  735  575  574  736  737  544  545  546  547  548  539  540  541  543
  542  537  536  535  538  533  534  532  531  524  523  522  521  520
  516  514  515  519  518  517  502  503  513  504  500  499  501  497
  498  506  507  508  509  510  505  511  512  347  345  346  343  344
  327  328  329  324  323  322  321  317  305  318  304  301  319  320
  325  326  350  349  351  352  353  348  354  355  356  357  360  361
  362  363  364  369  370  371  372  374  373  280  281  282  283  284
  285  253  254  252  251  249  234  235  250  248  247  309  310  311
  286  287  288  291  290  289  292  293  294  295  296  298  299  297
  300  302  303  308  312  313  314  307  306  315  316  815  816  814
  813  817  820  819  818  838  840  844  845  843  842  841  839  240
  241  242  243  245  244  246  239  238  237  236]

eliteFit: 227556.0
percentError: 1.5448874133176256
computationTime: 48.184s