instanceName: st70
n: 70
optFit: 675

genTime, gen, eliteFit, percentError:
0.00010240000847261399, 0, 3175.0, 370.370
0.002377700002398342, 1, 681.0, 0.889
0.0015721000090707093, 2, 681.0, 0.889
0.0012772999907610938, 3, 678.0, 0.444
0.0012532999971881509, 4, 677.0, 0.296
0.0016565999976592138, 5, 677.0, 0.296
0.001103200003853999, 6, 677.0, 0.296
0.0011214999976800755, 7, 677.0, 0.296
0.0006488000071840361, 8, 676.0, 0.148
0.0006015999970259145, 9, 675.0, 0.000

tour:
[38 24 44 45 26 67 43 29 19 13 27 48 54 25  7  2 31 41 17  3  1  6 18 23
 14 56 62 65 21 58 37 68 30 34 69 12 28 35  0 22 15 46 36 57 49 50 55 64
 63 10 47 66 53 61 32 20 33 11 59 51  9  4 52  5 40 42 16  8 39 60]

eliteFit: 675.0
percentError: 0.0
computationTime: 0.018s