instanceName: pr107
n: 107
optFit: 44303

genTime, gen, eliteFit, percentError:
0.0002499000111129135, 0, 507413.0, 1045.324
0.00973780000640545, 1, 45048.0, 1.682
0.004404899998917244, 2, 44977.0, 1.521
0.004828499993891455, 3, 44724.0, 0.950
0.0055739999952493235, 4, 44636.0, 0.752
0.0063519999966956675, 5, 44625.0, 0.727
0.00534489999699872, 6, 44581.0, 0.627
0.004435900002135895, 7, 44497.0, 0.438
0.00576050000381656, 8, 44442.0, 0.314
0.005374100001063198, 9, 44442.0, 0.314
0.002629399998113513, 10, 44442.0, 0.314
0.002028300004894845, 11, 44442.0, 0.314
0.0022041000047465786, 12, 44442.0, 0.314
0.0021640999912051484, 13, 44442.0, 0.314
0.0018261000077473, 14, 44442.0, 0.314
0.0011360999924363568, 15, 44442.0, 0.314
0.0010143999970750883, 16, 44442.0, 0.314
0.0010630999895511195, 17, 44442.0, 0.314
0.002158499992219731, 18, 44387.0, 0.190
0.0015047000051708892, 19, 44387.0, 0.190
0.0018691000004764646, 20, 44387.0, 0.190
0.001995400001760572, 21, 44387.0, 0.190
0.0014758000033907592, 22, 44387.0, 0.190
0.0016640999965602532, 23, 44387.0, 0.190
0.0016979000065475702, 24, 44387.0, 0.190
0.0014966000017011538, 25, 44387.0, 0.190
0.0017742000054568052, 26, 44387.0, 0.190
0.0014495000068563968, 27, 44387.0, 0.190
0.0014996000099927187, 28, 44387.0, 0.190
0.0015991000109352171, 29, 44387.0, 0.190
0.001745200002915226, 30, 44387.0, 0.190
0.0012146999943070114, 31, 44387.0, 0.190
0.001752900003339164, 32, 44387.0, 0.190
0.0011110999912489206, 33, 44387.0, 0.190
0.0018318999937037006, 34, 44387.0, 0.190
0.0017660000012256205, 35, 44387.0, 0.190
0.0015377000090666115, 36, 44387.0, 0.190
0.0014764999941689894, 37, 44387.0, 0.190
0.0015373000060208142, 38, 44387.0, 0.190
0.0015941000019665807, 39, 44387.0, 0.190
0.0028587000124389306, 40, 44387.0, 0.190
0.0018128000083379447, 41, 44387.0, 0.190
0.0017202000017277896, 42, 44387.0, 0.190
0.0023787999962223694, 43, 44387.0, 0.190
0.0016031999984988943, 44, 44387.0, 0.190
0.0017752999992808327, 45, 44387.0, 0.190
0.0016654999926686287, 46, 44387.0, 0.190
0.001597599999513477, 47, 44387.0, 0.190
0.002057400008197874, 48, 44387.0, 0.190
0.0016145999979926273, 49, 44387.0, 0.190
0.0016178000078070909, 50, 44387.0, 0.190
0.0015537999861408025, 51, 44387.0, 0.190
0.0017224000039277598, 52, 44387.0, 0.190
0.0014733999996678904, 53, 44387.0, 0.190
0.0017671000096015632, 54, 44387.0, 0.190
0.0013617999939015135, 55, 44387.0, 0.190
0.001647099998081103, 56, 44387.0, 0.190
0.001028499988024123, 57, 44387.0, 0.190
0.0014746000088052824, 58, 44387.0, 0.190
0.001662499998928979, 59, 44387.0, 0.190
0.001480699997046031, 60, 44387.0, 0.190
0.0020398999913595617, 61, 44387.0, 0.190
0.001571400003740564, 62, 44387.0, 0.190
0.001550800006953068, 63, 44387.0, 0.190
0.0017689999949652702, 64, 44387.0, 0.190
0.0015386999875772744, 65, 44387.0, 0.190
0.001625500008231029, 66, 44387.0, 0.190
0.0018851000058930367, 67, 44387.0, 0.190
0.0016382000030716881, 68, 44387.0, 0.190

tour:
[ 64  67  68  71  70  69  72  61  73  60  75  76  74  77  79  82  81  78
  80  59  83  58  85  86  84  87  89  92  91  88  90  57  93  56  95  96
  94  97  99 102 101  98 100  55 103 104 106 105  54  49  52  53  50  51
  48  45  44  42  47  46  43  40  37  41  38  39  36  33  32  35  34  31
  30  27  26  24  29  28  25  22  19  23  20  21  18  15  14  12  17  16
  13   8   6   9  10  11   7   3   0   2   5   4   1  62  63  65  66]

eliteFit: 44387.0
percentError: 0.1896034128614315
computationTime: 0.193s