instanceName: rd400
n: 400
optFit: 15281

genTime, gen, eliteFit, percentError:
0.0003525000065565109, 0, 198323.0, 1197.840
0.09132069999759551, 1, 16499.0, 7.971
0.057008500007214025, 2, 16085.0, 5.261
0.05111080000642687, 3, 16027.0, 4.882
0.05199259999790229, 4, 16027.0, 4.882
0.04820879999897443, 5, 15935.0, 4.280
0.04850389999046456, 6, 15935.0, 4.280
0.062007500004256144, 7, 15876.0, 3.894
0.048654600002919324, 8, 15804.0, 3.423
0.046830399995087646, 9, 15799.0, 3.390
0.04526610000175424, 10, 15786.0, 3.305
0.04653170000528917, 11, 15746.0, 3.043
0.04893119999906048, 12, 15742.0, 3.017
0.051902099992730655, 13, 15636.0, 2.323
0.04957970000396017, 14, 15595.0, 2.055
0.04458800000429619, 15, 15540.0, 1.695
0.04360479999741074, 16, 15540.0, 1.695
0.038693599999533035, 17, 15517.0, 1.544
0.032934800008661114, 18, 15517.0, 1.544
0.024485099987941794, 19, 15515.0, 1.531
0.015911000009509735, 20, 15493.0, 1.387
0.01583809999283403, 21, 15484.0, 1.328
0.014266400001361035, 22, 15479.0, 1.296
0.014478900004178286, 23, 15479.0, 1.296
0.01695849999669008, 24, 15479.0, 1.296
0.017267100003664382, 25, 15479.0, 1.296
0.014497099997242913, 26, 15479.0, 1.296
0.01475610000488814, 27, 15479.0, 1.296
0.016795099989394657, 28, 15479.0, 1.296
0.013662900004419498, 29, 15479.0, 1.296
0.01700160000473261, 30, 15477.0, 1.283
0.012751700007356703, 31, 15477.0, 1.283
0.013224099995568395, 32, 15477.0, 1.283
0.01460719999158755, 33, 15477.0, 1.283
0.013665199992829002, 34, 15477.0, 1.283
0.016917300003115088, 35, 15477.0, 1.283
0.01485829999728594, 36, 15477.0, 1.283
0.016301199997542426, 37, 15477.0, 1.283
0.015603100007865578, 38, 15477.0, 1.283
0.014714599994476885, 39, 15477.0, 1.283
0.01614079999853857, 40, 15477.0, 1.283
0.013809500000206754, 41, 15477.0, 1.283
0.015986900005373172, 42, 15477.0, 1.283
0.01587850000942126, 43, 15477.0, 1.283
0.01555029999872204, 44, 15477.0, 1.283
0.01509240000450518, 45, 15477.0, 1.283
0.014759700003196485, 46, 15453.0, 1.126
0.019708699997863732, 47, 15453.0, 1.126
0.014971299999160692, 48, 15453.0, 1.126
0.015845900008571334, 49, 15453.0, 1.126
0.0157440999901155, 50, 15453.0, 1.126
0.015468199999304488, 51, 15453.0, 1.126
0.015182300005108118, 52, 15453.0, 1.126
0.014017100009368733, 53, 15453.0, 1.126
0.015060800011269748, 54, 15453.0, 1.126
0.013688699997146614, 55, 15453.0, 1.126
0.017261500004678965, 56, 15453.0, 1.126
0.014151099996524863, 57, 15453.0, 1.126
0.015124800003832206, 58, 15453.0, 1.126
0.014876000001095235, 59, 15453.0, 1.126
0.014222600002540275, 60, 15453.0, 1.126
0.01449960000172723, 61, 15453.0, 1.126
0.014544899997417815, 62, 15453.0, 1.126
0.013881200007745065, 63, 15453.0, 1.126
0.01542419999896083, 64, 15453.0, 1.126
0.01345079999009613, 65, 15453.0, 1.126
0.01584000000730157, 66, 15453.0, 1.126
0.014462999999523163, 67, 15453.0, 1.126
0.018234000002848916, 68, 15453.0, 1.126
0.014547400001902133, 69, 15453.0, 1.126
0.01660190000256989, 70, 15453.0, 1.126
0.016916499997023493, 71, 15453.0, 1.126
0.014520500000799075, 72, 15453.0, 1.126
0.015484100003959611, 73, 15453.0, 1.126
0.01967740000691265, 74, 15453.0, 1.126
0.021576200000708923, 75, 15453.0, 1.126
0.015048400004161522, 76, 15453.0, 1.126
0.016738799997256137, 77, 15453.0, 1.126
0.016497699994943105, 78, 15453.0, 1.126
0.014760000005480833, 79, 15453.0, 1.126
0.02115790000243578, 80, 15453.0, 1.126
0.020022199998493306, 81, 15453.0, 1.126
0.015834799996810034, 82, 15453.0, 1.126
0.021887299997615628, 83, 15453.0, 1.126
0.015321099999709986, 84, 15453.0, 1.126
0.01619120000395924, 85, 15453.0, 1.126
0.020646300006774254, 86, 15453.0, 1.126
0.018608700003824197, 87, 15453.0, 1.126
0.013426799996523187, 88, 15453.0, 1.126
0.017762500006938353, 89, 15453.0, 1.126
0.013799799999105744, 90, 15453.0, 1.126
0.014976399994338863, 91, 15453.0, 1.126
0.01574600000458304, 92, 15453.0, 1.126
0.014006899989908561, 93, 15453.0, 1.126
0.014933800004655495, 94, 15453.0, 1.126
0.01666069999919273, 95, 15453.0, 1.126
0.01593439999851398, 96, 15453.0, 1.126

tour:
[204 154 235 210 356 233 394 198 283  76  53 399 288 347 277  86 311 186
 355 388 330 199  24 162  28 196 368  94  52 397 173 380  83  64 365 189
 307 158  84 358 155 391 113 342  40  70 339 242 152 126 184 251  87 243
 262 237  50 164  89 231 382 101 260 314 286 224 161 312 258 228 174 144
 180 348  78 374 120 236 257 308 177 346 285  33 160  44 255 168   3   0
 200   8 202 274  55 272 338 156  91 357 366  21 256  65 214 226  56 178
  95 102 107 353 359 298 384 138   1 121 208 264 381  72 211 280 225 227
  79 259 279   4 254 265 352  51  13 140 376 336 249 268  27 377  36  74
 219 230 290 369 142 309 333 302 193  32 323  60 240  93 234 332 218  73
  96 379  54 167  39 245 108 263 111 110 103  98 385 269  81 325 105 273
  19 367 165 370 146 289 351 132 248 238  37  43 127   7 334  90 148 192
 337 398 364 393  49  82 318 209 203 191 179 295 151 304  17 232 181 216
 139 187 266 171 133 363  69  80 176 143 197  77 207 276 321 350 373 291
 324 301  85 371 282 182  45 137 149 293 170 104 354 247 317 169 217  26
 125 130 375  42  11 320  62 296 175 220 222 387 261  30 241 124   9 188
 145 372 392  15 360 206   2  92 134 329 386 194 313 115 389 271 331 131
  10  99 362 244 223  58  31 361 253 344  59 147 109 343 326 292 328  61
 141 112 349 100 395 319  67  46 122 205 252  47 123  22 190  34 270  71
 322 278 153 183  35 118 378 345 229 212 341  48  57 135   5 150 287  97
 239  23 305  88 267 316 163 172  12  18 383 297  41 390 300  14  20  29
 117 195 106 159  63   6 340 315  68  75 396 275 250 310 129 157 306 299
 136 114 221 303  38 294 284 213 201 281 215 335 128 119 246  25 327 166
 116 185  16  66]

eliteFit: 15453.0
percentError: 1.1255807865977356
computationTime: 2.210s