instanceName: pr152
n: 152
optFit: 73682

genTime, gen, eliteFit, percentError:
0.00017910001042764634, 0, 966141.0, 1211.231
0.013800100001390092, 1, 74886.0, 1.634
0.008744099992327392, 2, 74438.0, 1.026
0.007463699992513284, 3, 74332.0, 0.882
0.008654499994008802, 4, 74078.0, 0.537
0.00800439999147784, 5, 73871.0, 0.257
0.00657830000272952, 6, 73871.0, 0.257
0.006616600003326312, 7, 73822.0, 0.190
0.008254400003352202, 8, 73818.0, 0.185
0.007531199997174554, 9, 73818.0, 0.185
0.004838100008782931, 10, 73818.0, 0.185
0.0026052000030176714, 11, 73818.0, 0.185
0.002588100003777072, 12, 73818.0, 0.185
0.0028765000024577603, 13, 73818.0, 0.185
0.0026120999973500147, 14, 73818.0, 0.185
0.003028099992661737, 15, 73818.0, 0.185
0.0032190000056289136, 16, 73818.0, 0.185
0.003129699995042756, 17, 73818.0, 0.185
0.0030325000116135925, 18, 73818.0, 0.185
0.0026187999901594594, 19, 73818.0, 0.185
0.0027431000053184107, 20, 73818.0, 0.185
0.002701699995668605, 21, 73818.0, 0.185
0.0025735000090207905, 22, 73818.0, 0.185
0.0030900999990990385, 23, 73818.0, 0.185
0.0027298999921185896, 24, 73818.0, 0.185
0.002537699998356402, 25, 73818.0, 0.185
0.0027359999949112535, 26, 73818.0, 0.185
0.0032796000014059246, 27, 73818.0, 0.185
0.002877000006265007, 28, 73818.0, 0.185
0.0030294000025605783, 29, 73818.0, 0.185
0.002303599991137162, 30, 73818.0, 0.185
0.002602900000056252, 31, 73818.0, 0.185
0.0027083000022685155, 32, 73818.0, 0.185
0.003212099996744655, 33, 73818.0, 0.185
0.0026802999927895144, 34, 73818.0, 0.185
0.003207100002327934, 35, 73818.0, 0.185
0.00278539999271743, 36, 73818.0, 0.185
0.0032269999937852845, 37, 73818.0, 0.185
0.002730000007431954, 38, 73818.0, 0.185
0.0035035999899264425, 39, 73818.0, 0.185
0.002890300005674362, 40, 73818.0, 0.185
0.003289399988716468, 41, 73818.0, 0.185
0.003203799991752021, 42, 73818.0, 0.185
0.003297500006738119, 43, 73818.0, 0.185
0.0034611000010045245, 44, 73818.0, 0.185
0.0030607999942731112, 45, 73818.0, 0.185
0.0023800999915692955, 46, 73818.0, 0.185
0.0031312000064644963, 47, 73818.0, 0.185
0.003166599999531172, 48, 73818.0, 0.185
0.0035497000062605366, 49, 73818.0, 0.185
0.0034717999951681122, 50, 73818.0, 0.185
0.003460899999481626, 51, 73818.0, 0.185
0.0033655000006547198, 52, 73818.0, 0.185
0.0034313999931328, 53, 73818.0, 0.185
0.0031710000039311126, 54, 73818.0, 0.185
0.0032620999991195276, 55, 73818.0, 0.185
0.0032107000006362796, 56, 73818.0, 0.185
0.0028181999950902537, 57, 73818.0, 0.185
0.003124399998341687, 58, 73818.0, 0.185

tour:
[ 77  46  50  72  74  47  48  49  75  73  76  91  94  93  92 123 124 125
 151 149 150 126 127 122 121 128 129 148 147 146 130 131 120 119 132 133
 145 144 143 134 135 118 117 136 137 142 141 140 138 139 116 109 108 107
  84  83  85 106 105 104  82  86 103 110 111  81  87 102 101 100  80  66
  67  55  54  43  65  64  56  42  41  57  58  63  62  61  60  59  40  39
  17  16   8   7   9  18  20  19   6  10  21  22  38   5  11  23  24  25
   4  12  26  27  37   3  13  28  29  30   2  14  31  32  36   1  15   0
  34  35  33  45  51  52  71  70  69  68  53  44  79  88  99 112 113  89
  98  97  96  78  90  95 114 115]

eliteFit: 73818.0
percentError: 0.18457696588040498
computationTime: 0.256s