instanceName: pr152
n: 152
optFit: 73682

genTime, gen, eliteFit, percentError:
0.00015669999993406236, 0, 965006.0, 1209.690
0.016728900009184144, 1, 74741.0, 1.437
0.006477199989603832, 2, 74074.0, 0.532
0.006601400004001334, 3, 74071.0, 0.528
0.005641600000672042, 4, 73880.0, 0.269
0.006176599999889731, 5, 73880.0, 0.269
0.0054927999881329015, 6, 73880.0, 0.269
0.006546399992657825, 7, 73877.0, 0.265
0.0058935999986715615, 8, 73877.0, 0.265
0.003624300006777048, 9, 73873.0, 0.259
0.0032423999946331605, 10, 73873.0, 0.259
0.0035638999979710206, 11, 73686.0, 0.005
0.0066547000024002045, 12, 73682.0, 0.000

tour:
[ 90  77  91  94  93  92  76  73  75  49  48  47  74  72  50  46  33  35
  34   0  15   1  36  32  31  14   2  30  29  28  13   3  37  27  26  12
   4  25  24  23  11   5  38  22  21  10   6  19  20  18   9   7   8  16
  17  39  40  59  60  61  62  63  58  57  41  42  56  64  65  66  67  55
  54  43  44  53  68  69  45  51  52  71  70  78  96  97  98  89  79 113
 112  99  88  80 100 101 102  87  81 111 110 103  86  82 104 105 106  85
  83  84 107 108 109 116 139 138 140 141 142 137 136 117 118 135 134 143
 144 145 133 132 119 120 131 130 146 147 148 129 128 121 122 127 126 150
 149 151 125 124 123 115 114  95]

eliteFit: 73682.0
percentError: 0.0
computationTime: 0.084s