instanceName: pr152
n: 152
optFit: 73682

genTime, gen, eliteFit, percentError:
0.00020059999951627105, 0, 920221.0, 1148.909
0.016242800003965385, 1, 74242.0, 0.760
0.009370600004331209, 2, 74242.0, 0.760
0.007820300001185387, 3, 73686.0, 0.005
0.006841399997938424, 4, 73686.0, 0.005
0.0072321000043302774, 5, 73682.0, 0.000

tour:
[129 128 121 122 127 126 150 149 151 125 124 123 115 114  95  90  77  91
  94  93  92  76  73  75  49  48  47  74  72  50  46  33  35  34   0  15
   1  36  32  31  14   2  30  29  28  13   3  37  27  26  12   4  25  24
  23  11   5  38  22  21  10   6  19  20  18   9   7   8  16  17  39  40
  59  60  61  62  63  58  57  41  42  56  64  65  66  67  55  54  43  44
  53  68  69  45  51  52  71  70  78  96  97  98  89  79 113 112  99  88
  80 100 101 102  87  81 111 110 103  86  82 104 105 106  85  83  84 107
 108 109 116 139 138 140 141 142 137 136 117 118 135 134 143 144 145 133
 132 119 120 131 130 146 147 148]

eliteFit: 73682.0
percentError: 0.0
computationTime: 0.052s