instanceName: d493
n: 493
optFit: 35002

genTime, gen, eliteFit, percentError:
0.0004335999983595684, 0, 429735.0, 1127.744
0.12920419999863952, 1, 37324.0, 6.634
0.08591119998891372, 2, 36992.0, 5.685
0.07421550000435673, 3, 36775.0, 5.065
0.07673570000042673, 4, 36670.0, 4.765
0.07642690000648145, 5, 36554.0, 4.434
0.07323949999408796, 6, 36543.0, 4.403
0.0751136999897426, 7, 36312.0, 3.743
0.0703015999897616, 8, 36249.0, 3.563
0.07596029998967424, 9, 36114.0, 3.177
0.07094489999872167, 10, 36114.0, 3.177
0.06721390000893734, 11, 36114.0, 3.177
0.06998670000757556, 12, 36039.0, 2.963
0.06059340000501834, 13, 36039.0, 2.963
0.059535399996093474, 14, 36039.0, 2.963
0.05422489999909885, 15, 35987.0, 2.814
0.047393700006068684, 16, 35950.0, 2.708
0.046987399997306056, 17, 35907.0, 2.586
0.03829390001192223, 18, 35894.0, 2.548
0.03704460000153631, 19, 35828.0, 2.360
0.03657060000114143, 20, 35803.0, 2.288
0.029280700007802807, 21, 35792.0, 2.257
0.0302576000103727, 22, 35779.0, 2.220
0.026469199990970083, 23, 35779.0, 2.220
0.030516099999658763, 24, 35759.0, 2.163
0.022402800008421764, 25, 35753.0, 2.146
0.03146150000975467, 26, 35753.0, 2.146
0.03124390001175925, 27, 35751.0, 2.140
0.02284910000162199, 28, 35751.0, 2.140
0.027057500003138557, 29, 35751.0, 2.140
0.02404640000895597, 30, 35751.0, 2.140
0.0219059999944875, 31, 35751.0, 2.140
0.020748199996887706, 32, 35751.0, 2.140
0.02744150000216905, 33, 35751.0, 2.140
0.020737700004247017, 34, 35751.0, 2.140
0.022732199999154545, 35, 35751.0, 2.140
0.022510199996759184, 36, 35751.0, 2.140
0.02030080000986345, 37, 35739.0, 2.106
0.026182000001426786, 38, 35739.0, 2.106
0.031262400007108226, 39, 35731.0, 2.083
0.03679310000734404, 40, 35720.0, 2.051
0.04257079999661073, 41, 35705.0, 2.008
0.03373529999225866, 42, 35705.0, 2.008
0.0310231999901589, 43, 35705.0, 2.008
0.021176499998546205, 44, 35705.0, 2.008
0.020625299992389046, 45, 35705.0, 2.008
0.020103299990296364, 46, 35705.0, 2.008
0.020873200002824888, 47, 35705.0, 2.008
0.022708000004058704, 48, 35594.0, 1.691
0.020840099998167716, 49, 35594.0, 1.691
0.023306699993554503, 50, 35594.0, 1.691
0.026196000006166287, 51, 35594.0, 1.691
0.022555999996257015, 52, 35588.0, 1.674
0.021379199999500997, 53, 35588.0, 1.674
0.02769810000609141, 54, 35588.0, 1.674
0.03448930000013206, 55, 35585.0, 1.666
0.026424499999848194, 56, 35585.0, 1.666
0.027374500001315027, 57, 35585.0, 1.666
0.03193860000465065, 58, 35585.0, 1.666
0.02525779999268707, 59, 35585.0, 1.666
0.022666700009722263, 60, 35585.0, 1.666
0.022472700002253987, 61, 35585.0, 1.666
0.020479800004977733, 62, 35582.0, 1.657
0.026522600004682317, 63, 35582.0, 1.657
0.02046489999338519, 64, 35582.0, 1.657
0.04590160000952892, 65, 35582.0, 1.657
0.026676699999370612, 66, 35582.0, 1.657
0.023518400004832074, 67, 35582.0, 1.657
0.02564509998774156, 68, 35582.0, 1.657
0.0249714999954449, 69, 35582.0, 1.657
0.02952979999827221, 70, 35582.0, 1.657
0.028965099991182797, 71, 35582.0, 1.657
0.03411789999518078, 72, 35582.0, 1.657
0.022463100001914427, 73, 35582.0, 1.657
0.028273699994315393, 74, 35582.0, 1.657
0.029226699989521876, 75, 35582.0, 1.657
0.027520599993295036, 76, 35582.0, 1.657
0.022751700002118014, 77, 35582.0, 1.657
0.022222200001124293, 78, 35569.0, 1.620
0.02455550000013318, 79, 35569.0, 1.620
0.024164500006008893, 80, 35569.0, 1.620
0.02151449999655597, 81, 35569.0, 1.620
0.024938700007623993, 82, 35569.0, 1.620
0.021282300003804266, 83, 35569.0, 1.620
0.0223002999991877, 84, 35569.0, 1.620
0.019321300002047792, 85, 35569.0, 1.620
0.024520499995560385, 86, 35569.0, 1.620
0.024014299997361377, 87, 35569.0, 1.620
0.020286400002078153, 88, 35569.0, 1.620
0.02201939999940805, 89, 35569.0, 1.620
0.024726499992539175, 90, 35569.0, 1.620
0.02015739999478683, 91, 35569.0, 1.620
0.02285470000060741, 92, 35569.0, 1.620
0.02429850000771694, 93, 35569.0, 1.620
0.023784499993780628, 94, 35569.0, 1.620
0.025631199998315424, 95, 35569.0, 1.620
0.024953600004664622, 96, 35569.0, 1.620
0.02845569999772124, 97, 35569.0, 1.620
0.027780400007031858, 98, 35569.0, 1.620
0.020850999993854202, 99, 35569.0, 1.620
0.022689800010994077, 100, 35569.0, 1.620
0.025068300004932098, 101, 35569.0, 1.620
0.020801799997570924, 102, 35569.0, 1.620
0.02230119999148883, 103, 35569.0, 1.620
0.024160800006939098, 104, 35569.0, 1.620
0.025398700003279373, 105, 35569.0, 1.620
0.02408639999339357, 106, 35569.0, 1.620
0.021016700004111044, 107, 35569.0, 1.620
0.0216227000055369, 108, 35569.0, 1.620
0.022406099989893846, 109, 35569.0, 1.620
0.021588499992503785, 110, 35569.0, 1.620
0.02674299999489449, 111, 35569.0, 1.620
0.024111799997626804, 112, 35569.0, 1.620
0.024586200001067482, 113, 35569.0, 1.620
0.02449680000427179, 114, 35569.0, 1.620
0.021917000005487353, 115, 35569.0, 1.620
0.021473899992997758, 116, 35569.0, 1.620
0.02015739999478683, 117, 35569.0, 1.620
0.023408200009725988, 118, 35569.0, 1.620
0.020685900002717972, 119, 35569.0, 1.620
0.022310900007141754, 120, 35569.0, 1.620
0.022071999992476776, 121, 35569.0, 1.620
0.027672299998812377, 122, 35569.0, 1.620
0.019717200004379265, 123, 35569.0, 1.620
0.02119929999753367, 124, 35569.0, 1.620
0.01938969999901019, 125, 35569.0, 1.620
0.022334099994623102, 126, 35569.0, 1.620
0.022366200006217696, 127, 35569.0, 1.620
0.020746399997733533, 128, 35569.0, 1.620

tour:
[ 25 422 421 428  24 456 461 463 465 462 464 466 467 468 469 470 471 472
 480 482 449 450 451 438 439 452 440 453 454 441 455 485 479 477 476 473
 474 475 478 481 487 486 484 483 492 491 490 361 334 371 347 394 427 426
 489 488 429 425 420 400 393 383 378 372 365 360 353 338 346 331 327 314
 319 315 306 287 274 269 273 301 299 286 285 295 307 302 310 318 330 323
 335 350 343 339 355 354 362 375 366 379 387 409 419 401 386 402 418 417
 403 404 405 406 413 414 415 416 437 436 448 447 435 434 433 446 445 444
 458 459 443 432 424 423 431 430 442 460 457 410 396 389 370 369 368 397
 390 381 333 341 344 325 275 271 296 316 324 340 351 357 348 349 336 322
 309 298 303 317 329 342 356 367 363 376 388 408 395 380 382 373 359 345
 332 337 352 364 377 392 399 411 412 407 385 374 358 328 321 312 311 294
 293 292 291 290 308 313 326 320 305 288 278 289 279 280 281 282 283 284
 262 261 260 259 258 245 246 247 248 249 231 236 250 263 251 252 264 253
 238 225 213 177 195 182 156 150 142 157 164 176 192 194 198 204 203 199
 191 187 190 186 167 163 152 168 171 181 183 201 202 206 219 220 218 212
 216 211 207 205 210 217 222 233 228 227 226 232 237 244 257 256 243 242
 241 255 272 277 270 266 240 230 235 229 221 214 196 197 178 184 188 185
 193 179 173 175 174 180 172 170 169 162 160 148 154 153 151 158 159 161
 166 165 155 146 147 149 143 139 141 137 129 140 123 117 110 108 102 103
  93  90  91  92  88  87  89  96  97 100  98 105 106 116 118 112 111 107
 104  99  94 101 109 113 114 119 122 126 130 132 133 134 136 135 145 144
 131 128 124 125 120 121 138 127 115  86  85  84  83  82  81  95  78  76
  75  74  73  70  71  72  77  79  80  69  67  68  66  65  19  60  61  62
  63  59  58  57  64  54  53  55  56  52  12  13  14  15  16  17  18  11
  10   9   8   6   7   5   4   3   1   0   2  51  50  47  48  49  43  42
  45  46  44  41  40  34  35  37  36  39  38  33  32  31  27  26  28  29
  30  23  22  21 300 268 265 234 223  20 189 200 208 215 209 224 239 254
 267 297 276 304 384 391 398]

eliteFit: 35569.0
percentError: 1.619907433860922
computationTime: 4.085s