instanceName: d493
n: 493
optFit: 35002

genTime, gen, eliteFit, percentError:
0.0004974000039510429, 0, 425435.0, 1115.459
0.11986200000683311, 1, 36943.0, 5.545
0.08751250000204891, 2, 36943.0, 5.545
0.07397059998766053, 3, 36770.0, 5.051
0.0760528999962844, 4, 36664.0, 4.748
0.07506230000581127, 5, 36337.0, 3.814
0.08298259999719448, 6, 36337.0, 3.814
0.07389989998773672, 7, 36207.0, 3.443
0.07515699999930803, 8, 36136.0, 3.240
0.07210679999843705, 9, 35973.0, 2.774
0.06964460000745021, 10, 35973.0, 2.774
0.06557079999765847, 11, 35889.0, 2.534
0.07420799999090377, 12, 35841.0, 2.397
0.06628210000053514, 13, 35803.0, 2.288
0.06033469999965746, 14, 35734.0, 2.091
0.04850770000484772, 15, 35709.0, 2.020
0.044290299993008375, 16, 35677.0, 1.928
0.062198700004955754, 17, 35509.0, 1.448
0.04958700000133831, 18, 35498.0, 1.417
0.048984099994413555, 19, 35459.0, 1.306
0.04331510000338312, 20, 35432.0, 1.229
0.03380969999125227, 21, 35432.0, 1.229
0.03568119999545161, 22, 35423.0, 1.203
0.027166300002136268, 23, 35423.0, 1.203
0.022914899993338622, 24, 35419.0, 1.191
0.02192990000185091, 25, 35408.0, 1.160
0.025609499993151985, 26, 35404.0, 1.149
0.02970689999347087, 27, 35402.0, 1.143
0.022245799991651438, 28, 35388.0, 1.103
0.026618200005032122, 29, 35378.0, 1.074
0.027904700007638894, 30, 35359.0, 1.020
0.027788699997472577, 31, 35347.0, 0.986
0.027186299994355068, 32, 35347.0, 0.986
0.0259216000122251, 33, 35347.0, 0.986
0.023212700005387887, 34, 35347.0, 0.986
0.023082300001988187, 35, 35347.0, 0.986
0.03596399999514688, 36, 35347.0, 0.986
0.028540700004668906, 37, 35347.0, 0.986
0.0240784000052372, 38, 35347.0, 0.986
0.025733700007549487, 39, 35347.0, 0.986
0.020908000005874783, 40, 35347.0, 0.986
0.0258478999894578, 41, 35304.0, 0.863
0.028200200002174824, 42, 35304.0, 0.863
0.02707540000847075, 43, 35304.0, 0.863
0.02464299999701325, 44, 35304.0, 0.863
0.043559199999435805, 45, 35304.0, 0.863
0.0502245999959996, 46, 35304.0, 0.863
0.04902810000930913, 47, 35304.0, 0.863
0.027195199989364482, 48, 35304.0, 0.863
0.02633110000169836, 49, 35304.0, 0.863
0.02024679999158252, 50, 35278.0, 0.789
0.01954519998980686, 51, 35278.0, 0.789
0.02865880000172183, 52, 35278.0, 0.789
0.02518650000274647, 53, 35260.0, 0.737
0.023271099998964928, 54, 35260.0, 0.737
0.024066800004220568, 55, 35260.0, 0.737
0.02147440001135692, 56, 35260.0, 0.737
0.02870549999352079, 57, 35260.0, 0.737
0.03493230001186021, 58, 35260.0, 0.737
0.031762699989485554, 59, 35260.0, 0.737
0.030915299998014234, 60, 35260.0, 0.737
0.03446049999911338, 61, 35260.0, 0.737
0.030723200005013496, 62, 35260.0, 0.737
0.031674300000304356, 63, 35260.0, 0.737
0.03313979999802541, 64, 35260.0, 0.737
0.028835299992351793, 65, 35260.0, 0.737
0.029847199999494478, 66, 35260.0, 0.737
0.029946900001959875, 67, 35260.0, 0.737
0.027280800000880845, 68, 35260.0, 0.737
0.034850100011681207, 69, 35260.0, 0.737
0.02300729999842588, 70, 35260.0, 0.737
0.019555899998522364, 71, 35260.0, 0.737
0.024688999998033978, 72, 35260.0, 0.737
0.02204689999052789, 73, 35260.0, 0.737
0.02053409999643918, 74, 35260.0, 0.737
0.025759399999515153, 75, 35260.0, 0.737
0.02142789999197703, 76, 35260.0, 0.737
0.02249300001130905, 77, 35260.0, 0.737
0.026993699997547083, 78, 35260.0, 0.737
0.022744100002455525, 79, 35260.0, 0.737
0.021013400008087046, 80, 35260.0, 0.737
0.022451700002420694, 81, 35260.0, 0.737
0.021868299998459406, 82, 35260.0, 0.737
0.022089199992478825, 83, 35260.0, 0.737
0.01935869999579154, 84, 35260.0, 0.737
0.024027199993724935, 85, 35260.0, 0.737
0.03546749999804888, 86, 35260.0, 0.737
0.029271300008986145, 87, 35257.0, 0.729
0.02276510000228882, 88, 35257.0, 0.729
0.019972499998402782, 89, 35257.0, 0.729
0.0228899000067031, 90, 35257.0, 0.729
0.02268249999906402, 91, 35257.0, 0.729
0.03107909999380354, 92, 35257.0, 0.729
0.02854819998901803, 93, 35257.0, 0.729
0.02827840000099968, 94, 35257.0, 0.729
0.024413599996478297, 95, 35257.0, 0.729
0.021775199988042004, 96, 35257.0, 0.729
0.02177640001173131, 97, 35257.0, 0.729
0.022265599996899255, 98, 35257.0, 0.729
0.01965550000022631, 99, 35257.0, 0.729
0.02302330000384245, 100, 35257.0, 0.729
0.02471680000599008, 101, 35257.0, 0.729
0.023478499992052093, 102, 35257.0, 0.729
0.019445800004177727, 103, 35257.0, 0.729
0.028197799998451956, 104, 35257.0, 0.729
0.021963499995763414, 105, 35257.0, 0.729
0.021982599995681085, 106, 35257.0, 0.729
0.0236389999918174, 107, 35257.0, 0.729
0.022595500005991198, 108, 35257.0, 0.729
0.019756699999561533, 109, 35257.0, 0.729
0.02290539999376051, 110, 35257.0, 0.729
0.023371200004476123, 111, 35257.0, 0.729
0.022405399999115616, 112, 35257.0, 0.729
0.02042299999448005, 113, 35257.0, 0.729
0.024305099999764934, 114, 35257.0, 0.729
0.0239791000058176, 115, 35257.0, 0.729
0.01967960000911262, 116, 35257.0, 0.729
0.022695599996950477, 117, 35257.0, 0.729
0.027212899993173778, 118, 35257.0, 0.729
0.021231099992292002, 119, 35257.0, 0.729
0.02844320000440348, 120, 35257.0, 0.729
0.021822700000484474, 121, 35257.0, 0.729
0.022830700007034466, 122, 35257.0, 0.729
0.02195390000997577, 123, 35257.0, 0.729
0.023231799990753643, 124, 35257.0, 0.729
0.021380199992563576, 125, 35257.0, 0.729
0.021939999991445802, 126, 35257.0, 0.729
0.02048760000616312, 127, 35257.0, 0.729
0.020868699997663498, 128, 35257.0, 0.729
0.02471519999380689, 129, 35257.0, 0.729
0.022177799997734837, 130, 35257.0, 0.729
0.02555090001260396, 131, 35244.0, 0.691
0.020999100001063198, 132, 35244.0, 0.691
0.02491809999628458, 133, 35234.0, 0.663
0.027171000008820556, 134, 35234.0, 0.663
0.021872600002097897, 135, 35234.0, 0.663
0.021732900000642985, 136, 35234.0, 0.663
0.022171699994942173, 137, 35234.0, 0.663
0.024000399993383326, 138, 35234.0, 0.663
0.021176300011575222, 139, 35234.0, 0.663
0.02362140000332147, 140, 35234.0, 0.663
0.02101070000207983, 141, 35234.0, 0.663
0.022091899998486042, 142, 35234.0, 0.663
0.022695100007695146, 143, 35234.0, 0.663
0.019025300003704615, 144, 35234.0, 0.663
0.019394299990381114, 145, 35234.0, 0.663
0.01979890000075102, 146, 35234.0, 0.663
0.0247932999918703, 147, 35230.0, 0.651
0.02296560000104364, 148, 35230.0, 0.651
0.034912000002805144, 149, 35230.0, 0.651
0.03783570000086911, 150, 35230.0, 0.651
0.022284699996816926, 151, 35230.0, 0.651
0.025294699997175485, 152, 35230.0, 0.651
0.024978100002044812, 153, 35230.0, 0.651
0.02175530001113657, 154, 35230.0, 0.651
0.023695199997746386, 155, 35230.0, 0.651
0.02310330000182148, 156, 35230.0, 0.651
0.019290800002636388, 157, 35230.0, 0.651
0.019241300004068762, 158, 35230.0, 0.651
0.022633400003542192, 159, 35230.0, 0.651
0.022705800001858734, 160, 35230.0, 0.651
0.02135229999839794, 161, 35230.0, 0.651
0.022172500001033768, 162, 35230.0, 0.651
0.02433230000315234, 163, 35230.0, 0.651
0.018999799998709932, 164, 35230.0, 0.651
0.021712499990826473, 165, 35230.0, 0.651
0.022934200009331107, 166, 35230.0, 0.651
0.024515400000382215, 167, 35230.0, 0.651
0.021711000008508563, 168, 35230.0, 0.651
0.01903320000565145, 169, 35230.0, 0.651
0.018069600002490915, 170, 35230.0, 0.651
0.021169200001168065, 171, 35230.0, 0.651
0.028221800006576814, 172, 35230.0, 0.651
0.024306999999680556, 173, 35230.0, 0.651
0.019947100008721463, 174, 35230.0, 0.651
0.021049399991170503, 175, 35230.0, 0.651
0.02168639999581501, 176, 35230.0, 0.651
0.021072600007755682, 177, 35230.0, 0.651
0.025576600004569627, 178, 35230.0, 0.651
0.022110100006102584, 179, 35230.0, 0.651
0.022952200000872836, 180, 35230.0, 0.651
0.020528999986709096, 181, 35230.0, 0.651
0.020096899999771267, 182, 35230.0, 0.651
0.019790699996519834, 183, 35230.0, 0.651
0.019852800003718585, 184, 35230.0, 0.651
0.021089500005473383, 185, 35230.0, 0.651
0.022035999994841404, 186, 35230.0, 0.651
0.02054100000532344, 187, 35230.0, 0.651
0.02263280001352541, 188, 35230.0, 0.651
0.019843200003379025, 189, 35230.0, 0.651
0.020273300004191697, 190, 35230.0, 0.651
0.02399659999355208, 191, 35230.0, 0.651
0.021045300003606826, 192, 35230.0, 0.651
0.02368189999833703, 193, 35230.0, 0.651
0.025511600004392676, 194, 35230.0, 0.651
0.024000699995667674, 195, 35230.0, 0.651
0.02169349999167025, 196, 35230.0, 0.651
0.04085859999759123, 197, 35230.0, 0.651

tour:
[ 33  34  35  37  36  39  38  31  30  29  28  27  26  25 398 391 384 422
 421 428  24 456 381 390 397 410 396 389 368 369 370 357 348 349 356 363
 376 367 380 388 395 408 423 424 431 430 442 457 460 461 463 465 462 464
 466 467 468 469 470 471 472 480 479 477 476 473 474 475 478 481 487 486
 484 483 492 491 490 361 334 371 347 394 427 489 426 420 425 429 488 485
 455 441 454 453 440 452 439 451 438 437 450 482 449 448 447 446 445 444
 458 459 443 432 433 434 435 436 415 404 416 417 403 402 418 419 401 386
 379 366 354 362 375 387 409 393 400 383 372 378 365 360 353 346 338 331
 327 314 319 315 306 301 287 274 269 273 299 286 285 284 295 307 302 310
 323 318 330 335 350 343 339 355 374 358 328 321 312 311 294 293 283 282
 292 281 291 280 290 308 289 279 278 288 305 313 326 337 352 364 377 392
 385 407 406 405 414 413 412 411 399 382 373 359 345 332 320 317 329 342
 336 322 309 303 298 277 272 270 266 240 230 222 233 228 227 226 232 237
 244 243 242 241 255 256 257 245 258 246 259 247 248 260 261 249 262 263
 250 236 231 251 252 264 253 238 225 213 177 195 182 176 164 156 150 142
 157 167 163 152 140 123 117 108 110 103 102  93  90  91  92  94 101 109
 113 114 119 122 126 118 112 111 107 104  99 100  97  96  88  87  89  98
 105 106 116 120 121 125 124 131 128 135 136 134 130 132 133 129 137 141
 139 143 149 147 146 145 144 151 153 158 155 159 161 166 165 178 184 197
 196 181 171 168 183 201 202 186 190 191 187 192 194 198 204 199 203 206
 219 220 218 212 216 211 207 205 210 217 214 221 229 235 271 275 296 316
 324 340 351 344 325 341 333 297 267 254 239 276 304 300 268 265 234  20
 223 224 209 215 208 193 188 185 179 173 175 200 189 180 174 170 172 169
 162 160 154 148 138 127 115  86  85  84  83  82  81  95  78  76  75  74
  70  71  72  73  77  79  80  69  67  68  66  65  19  60  61  62  63  59
  58  57  64  54  53  55  56  52  12  13  14  15  16  17  18  11  10   9
   8   6   7   5   4   3   1   0   2  51  50  47  48  49  43  42  45  46
  44  41  40  21  22  23  32]

eliteFit: 35230.0
percentError: 0.6513913490657677
computationTime: 5.852s