instanceName: d493
n: 493
optFit: 35002

genTime, gen, eliteFit, percentError:
0.0004199999966658652, 0, 421463.0, 1104.111
0.12341240000387188, 1, 37558.0, 7.302
0.07660550001310185, 2, 36946.0, 5.554
0.08559360000072047, 3, 36647.0, 4.700
0.08391600000322796, 4, 36605.0, 4.580
0.07186080000246875, 5, 36396.0, 3.983
0.07224480000149924, 6, 36261.0, 3.597
0.0689256000041496, 7, 36261.0, 3.597
0.07408219999342691, 8, 36235.0, 3.523
0.0770384999923408, 9, 36121.0, 3.197
0.06728050000674557, 10, 35959.0, 2.734
0.07436210000014398, 11, 35959.0, 2.734
0.07220049999887124, 12, 35959.0, 2.734
0.07164219999685884, 13, 35885.0, 2.523
0.07360000000335276, 14, 35855.0, 2.437
0.07860660000005737, 15, 35757.0, 2.157
0.06870469999557827, 16, 35757.0, 2.157
0.0670418000081554, 17, 35757.0, 2.157
0.07150629999523517, 18, 35757.0, 2.157
0.07523259999288712, 19, 35694.0, 1.977
0.06843980000121519, 20, 35689.0, 1.963
0.07165660000464413, 21, 35667.0, 1.900
0.06394359999103472, 22, 35636.0, 1.811
0.06323250000423286, 23, 35636.0, 1.811
0.06756780001160223, 24, 35636.0, 1.811
0.06067280001298059, 25, 35593.0, 1.688
0.050813199995900504, 26, 35593.0, 1.688
0.03510399999504443, 27, 35593.0, 1.688
0.049302500003250316, 28, 35593.0, 1.688
0.05390420000185259, 29, 35571.0, 1.626
0.05815620000066701, 30, 35556.0, 1.583
0.05534720000287052, 31, 35553.0, 1.574
0.058966399999917485, 32, 35541.0, 1.540
0.05545379999966826, 33, 35524.0, 1.491
0.05054999999993015, 34, 35524.0, 1.491
0.038233900006162, 35, 35524.0, 1.491
0.045949799998197705, 36, 35524.0, 1.491
0.041923299999325536, 37, 35524.0, 1.491
0.052028700010851026, 38, 35524.0, 1.491
0.05157389999658335, 39, 35524.0, 1.491
0.040060999992419966, 40, 35515.0, 1.466
0.028822499996749684, 41, 35515.0, 1.466
0.028406099998392165, 42, 35479.0, 1.363
0.038287699993816204, 43, 35479.0, 1.363
0.04445560000021942, 44, 35475.0, 1.351
0.04051399999298155, 45, 35475.0, 1.351
0.02262190000328701, 46, 35472.0, 1.343
0.027670299998135306, 47, 35468.0, 1.331
0.03126720000000205, 48, 35468.0, 1.331
0.04080059999250807, 49, 35468.0, 1.331
0.02358180000737775, 50, 35468.0, 1.331
0.024290499990456738, 51, 35468.0, 1.331
0.020722299988847226, 52, 35468.0, 1.331
0.020266899999114685, 53, 35468.0, 1.331
0.02820479999354575, 54, 35468.0, 1.331
0.020117199994274415, 55, 35468.0, 1.331
0.02333080000244081, 56, 35466.0, 1.326
0.02788600001076702, 57, 35466.0, 1.326
0.02874399999564048, 58, 35445.0, 1.266
0.02874290000181645, 59, 35436.0, 1.240
0.039528499997686595, 60, 35428.0, 1.217
0.041304099999251775, 61, 35425.0, 1.209
0.03226639999775216, 62, 35420.0, 1.194
0.04776639999181498, 63, 35420.0, 1.194
0.03688189999957103, 64, 35420.0, 1.194
0.03362570000172127, 65, 35420.0, 1.194
0.030091300010099076, 66, 35420.0, 1.194
0.03181610000319779, 67, 35420.0, 1.194
0.03457519999938086, 68, 35387.0, 1.100
0.03498409999883734, 69, 35387.0, 1.100
0.03425539999443572, 70, 35387.0, 1.100
0.04055950000474695, 71, 35387.0, 1.100
0.04696070001227781, 72, 35387.0, 1.100
0.03394510000362061, 73, 35387.0, 1.100
0.02362659999926109, 74, 35387.0, 1.100
0.024442999987513758, 75, 35387.0, 1.100
0.02303210001264233, 76, 35387.0, 1.100
0.021662900006049313, 77, 35387.0, 1.100
0.026645700010703877, 78, 35356.0, 1.011
0.023423699996783398, 79, 35294.0, 0.834
0.02287349999824073, 80, 35294.0, 0.834
0.023411600006511435, 81, 35278.0, 0.789
0.021831999998539686, 82, 35253.0, 0.717
0.020311700005549937, 83, 35253.0, 0.717
0.02363909999257885, 84, 35253.0, 0.717
0.022850800000014715, 85, 35253.0, 0.717
0.025137499993434176, 86, 35253.0, 0.717
0.020911700004944578, 87, 35253.0, 0.717
0.02059220000228379, 88, 35253.0, 0.717
0.0204682000039611, 89, 35253.0, 0.717
0.020840700002736412, 90, 35253.0, 0.717
0.020193899996229447, 91, 35253.0, 0.717
0.0203919999912614, 92, 35253.0, 0.717
0.01939620000484865, 93, 35253.0, 0.717
0.02387020000605844, 94, 35253.0, 0.717
0.020720699991215952, 95, 35253.0, 0.717
0.022639200004050508, 96, 35253.0, 0.717
0.024746099996264093, 97, 35253.0, 0.717
0.029379200001130812, 98, 35253.0, 0.717
0.02329670000472106, 99, 35253.0, 0.717
0.019638799989479594, 100, 35253.0, 0.717
0.02079809999850113, 101, 35253.0, 0.717
0.023712599999271333, 102, 35253.0, 0.717
0.022574799993890338, 103, 35253.0, 0.717
0.027661000000080094, 104, 35253.0, 0.717
0.02368399999977555, 105, 35253.0, 0.717
0.02565780001168605, 106, 35253.0, 0.717
0.02344689999881666, 107, 35253.0, 0.717
0.018175200006226078, 108, 35253.0, 0.717
0.018976699997438118, 109, 35253.0, 0.717
0.02108839999709744, 110, 35253.0, 0.717
0.018621000010170974, 111, 35253.0, 0.717
0.021290300006512552, 112, 35253.0, 0.717
0.025836699991486967, 113, 35253.0, 0.717
0.027152599999681115, 114, 35253.0, 0.717
0.021138299998710863, 115, 35253.0, 0.717
0.023284599999897182, 116, 35253.0, 0.717
0.022679000001517124, 117, 35253.0, 0.717
0.02045959999668412, 118, 35253.0, 0.717
0.02358989999629557, 119, 35253.0, 0.717
0.021958999990602024, 120, 35253.0, 0.717
0.022355500012054108, 121, 35249.0, 0.706
0.025573599996278062, 122, 35249.0, 0.706
0.02366500000061933, 123, 35240.0, 0.680
0.02939929999411106, 124, 35240.0, 0.680
0.03560200000356417, 125, 35239.0, 0.677
0.03284319999511354, 126, 35234.0, 0.663
0.04539089999161661, 127, 35234.0, 0.663
0.029954300000099465, 128, 35234.0, 0.663
0.024536600001738407, 129, 35234.0, 0.663
0.022184600005857646, 130, 35234.0, 0.663
0.019845899994834326, 131, 35234.0, 0.663
0.021616700003505684, 132, 35234.0, 0.663
0.0278585999913048, 133, 35234.0, 0.663
0.020441999993636273, 134, 35234.0, 0.663
0.021548000004258938, 135, 35234.0, 0.663
0.022798499994678423, 136, 35234.0, 0.663
0.02143900000373833, 137, 35234.0, 0.663
0.027116099998238496, 138, 35234.0, 0.663
0.021736000009696, 139, 35234.0, 0.663
0.025977099998272024, 140, 35234.0, 0.663
0.02109080000082031, 141, 35234.0, 0.663
0.022942700001294725, 142, 35234.0, 0.663
0.01857239998935256, 143, 35234.0, 0.663
0.02153159999579657, 144, 35234.0, 0.663
0.0230918000015663, 145, 35234.0, 0.663
0.022454599995398894, 146, 35234.0, 0.663
0.02336349998950027, 147, 35234.0, 0.663
0.019407199986744672, 148, 35234.0, 0.663
0.022044700002879836, 149, 35234.0, 0.663
0.02079109998885542, 150, 35234.0, 0.663
0.019289100004243664, 151, 35234.0, 0.663
0.020565799990436062, 152, 35234.0, 0.663
0.021961600010399707, 153, 35234.0, 0.663
0.024661699993885122, 154, 35234.0, 0.663
0.02018320000206586, 155, 35234.0, 0.663
0.02221070000086911, 156, 35234.0, 0.663
0.020042299991473556, 157, 35234.0, 0.663
0.024723299997276627, 158, 35234.0, 0.663
0.023733499998343177, 159, 35234.0, 0.663
0.021018500003265217, 160, 35234.0, 0.663
0.020451900010812096, 161, 35234.0, 0.663
0.02400050000869669, 162, 35234.0, 0.663
0.02334470000641886, 163, 35234.0, 0.663
0.02198119999957271, 164, 35234.0, 0.663
0.020470100003876723, 165, 35234.0, 0.663
0.023298799991607666, 166, 35234.0, 0.663
0.02301140000054147, 167, 35234.0, 0.663
0.021654099997249432, 168, 35234.0, 0.663
0.0231424999947194, 169, 35234.0, 0.663
0.02545079999254085, 170, 35234.0, 0.663
0.02357829999527894, 171, 35234.0, 0.663
0.023552999991807155, 172, 35234.0, 0.663
0.023010400007478893, 173, 35234.0, 0.663
0.02050959999905899, 174, 35234.0, 0.663
0.02224549998936709, 175, 35234.0, 0.663
0.020405700008268468, 176, 35234.0, 0.663

tour:
[389 396 430 442 457 460 461 463 465 462 464 466 467 468 469 470 471 472
 480 482 449 436 448 447 435 434 446 433 445 444 458 459 443 432 424 431
 423 408 395 388 376 363 357 348 349 336 322 309 316 324 340 351 370 369
 368 333 341 344 325 296 275 271 267 254 297 276 304 300 268 265 234 223
  20 209 224 239 215 208 221 229 235 214 197 196 181 171 168 183 201 202
 186 190 191 187 192 194 198 204 199 203 206 219 220 218 212 216 211 207
 205 210 217 222 230 240 266 270 272 277 298 303 317 329 342 356 367 380
 382 373 377 385 392 399 411 412 407 406 413 414 405 415 404 403 402 401
 386 379 387 409 419 418 417 416 437 450 438 451 439 452 440 453 454 441
 455 485 479 477 476 473 474 475 478 481 487 486 484 483 492 491 490 361
 334 371 347 394 427 426 489 488 429 425 420 400 393 383 372 378 365 353
 360 346 338 331 327 314 319 315 306 301 287 274 269 273 299 286 285 284
 295 307 302 310 323 318 330 335 350 362 375 366 354 343 339 355 374 358
 352 364 359 345 337 332 326 328 321 312 311 294 283 293 282 292 281 291
 280 290 279 289 308 313 320 305 288 278 256 257 244 243 242 255 241 233
 228 227 226 232 237 245 258 246 247 259 260 248 261 249 262 263 250 236
 231 251 252 264 253 238 225 213 177 195 182 176 164 156 150 142 157 167
 163 152 140 123 117 108 110 103 102  93  90  91  92  88  87  89  96  97
 100  98 105 106 116 118 112 111 107 104  99  94 101 109 113 114 119 122
 126 130 134 132 133 129 137 139 141 143 149 147 146 145 136 135 128 124
 120 121 125 131 144 151 153 158 155 159 161 166 165 178 184 188 185 193
 179 173 175 200 189 180 174 170 172 169 162 160 154 148 138 127 115  86
  85  84  83  82  81  95  78  76  75  74  70  71  72  73  77  79  80  69
  67  68  66  65  19  60  61  62  63  59  58  57  64  54  53  55  56  52
  12  13  14  15  16  17  18  11   7  10   9   8   6   5   4   3   1   0
   2  51  50  47  48  49  43  42  45  46  44  41  40  21  22  23  32  33
  34  35  37  36  39  38  31  30  29  28  27  26  25 398 391 384 421 422
  24 428 456 381 390 397 410]

eliteFit: 35234.0
percentError: 0.6628192674704303
computationTime: 6.140s