instanceName: u1817
n: 1817
optFit: 57201

genTime, gen, eliteFit, percentError:
0.002224299998488277, 0, 2066408.0, 3512.538
2.411944299994502, 1, 65328.0, 14.208
1.4428413000132423, 2, 64498.0, 12.757
1.3411773999978323, 3, 63969.0, 11.832
1.4510472000110894, 4, 63410.0, 10.855
1.4035410000069533, 5, 63065.0, 10.252
1.3399517000070773, 6, 62309.0, 8.930
1.2693910999805667, 7, 62309.0, 8.930
1.286811600002693, 8, 62309.0, 8.930
1.3319908999837935, 9, 62116.0, 8.593
1.1777432000089902, 10, 61896.0, 8.208
1.2958807999966666, 11, 61480.0, 7.481
1.257307599997148, 12, 61364.0, 7.278
1.3664506000059191, 13, 61234.0, 7.051
1.2780316999997012, 14, 60901.0, 6.468
1.3027218999923207, 15, 60871.0, 6.416
1.2780168000026606, 16, 60748.0, 6.201
1.2746992999745999, 17, 60748.0, 6.201
1.2477208000200335, 18, 60668.0, 6.061
1.2574449999956414, 19, 60511.0, 5.787
1.1549699000024702, 20, 60511.0, 5.787
1.0841859999927692, 21, 60396.0, 5.586
1.1868612999969628, 22, 60370.0, 5.540
1.086257300019497, 23, 60278.0, 5.379
0.9919656999991275, 24, 60239.0, 5.311
0.8949684000108391, 25, 60192.0, 5.229
0.8146052999945823, 26, 60147.0, 5.150
0.765868499991484, 27, 60004.0, 4.900
0.7769147999933921, 28, 59848.0, 4.628
0.7356270999880508, 29, 59848.0, 4.628
0.7541014999733306, 30, 59841.0, 4.615
0.785719200008316, 31, 59816.0, 4.572
0.7785874000110198, 32, 59793.0, 4.531
0.7677447000169195, 33, 59657.0, 4.294
0.8800234000082128, 34, 59652.0, 4.285
0.9194569000101183, 35, 59594.0, 4.183
0.7113441999827046, 36, 59584.0, 4.166
0.8964347000000998, 37, 59493.0, 4.007
0.7479846000205725, 38, 59454.0, 3.939
0.602187899989076, 39, 59454.0, 3.939
0.3661050999944564, 40, 59454.0, 3.939
0.306116000021575, 41, 59448.0, 3.928
0.36207869998179376, 42, 59441.0, 3.916
0.364279000001261, 43, 59441.0, 3.916
0.3393342999916058, 44, 59441.0, 3.916
0.31228250000276603, 45, 59441.0, 3.916
0.31325760000618175, 46, 59441.0, 3.916
0.30765790000441484, 47, 59441.0, 3.916
0.3600453999824822, 48, 59441.0, 3.916
0.35061409999616444, 49, 59441.0, 3.916
0.36039610000443645, 50, 59441.0, 3.916
0.3099272999970708, 51, 59441.0, 3.916
0.4137946999981068, 52, 59441.0, 3.916
0.32587290002265945, 53, 59441.0, 3.916
0.36384629999520257, 54, 59441.0, 3.916
0.3196349000209011, 55, 59426.0, 3.890
0.32782410000800155, 56, 59426.0, 3.890
0.33364029999938793, 57, 59426.0, 3.890
0.3459017999994103, 58, 59415.0, 3.871
0.33483890001662076, 59, 59415.0, 3.871
0.3302677999890875, 60, 59415.0, 3.871
0.29246759999659844, 61, 59415.0, 3.871
0.35196599998744205, 62, 59415.0, 3.871
0.3717513000010513, 63, 59415.0, 3.871
0.3382374000211712, 64, 59415.0, 3.871
0.3336336000065785, 65, 59415.0, 3.871
0.28142769998521544, 66, 59415.0, 3.871
0.3478852999978699, 67, 59415.0, 3.871
0.35647890000836924, 68, 59415.0, 3.871
0.3081436999782454, 69, 59415.0, 3.871
0.31577159999869764, 70, 59415.0, 3.871
0.35357450001174584, 71, 59415.0, 3.871
0.3178851999982726, 72, 59415.0, 3.871
0.3888599000056274, 73, 59415.0, 3.871
0.3337098000047263, 74, 59415.0, 3.871
0.31213830001070164, 75, 59415.0, 3.871
0.38049619999947026, 76, 59408.0, 3.858
0.34300620001158677, 77, 59408.0, 3.858
0.3238392999919597, 78, 59380.0, 3.809
0.37865460000466555, 79, 59380.0, 3.809
0.35794900002656505, 80, 59380.0, 3.809
0.3208036000141874, 81, 59380.0, 3.809
0.36594160000095144, 82, 59380.0, 3.809
0.37032600000384264, 83, 59380.0, 3.809
0.3588564999809023, 84, 59380.0, 3.809
0.35450380001566373, 85, 59380.0, 3.809
0.3669137000106275, 86, 59380.0, 3.809
0.3262003999843728, 87, 59380.0, 3.809
0.36749559998861514, 88, 59380.0, 3.809
0.3385505999904126, 89, 59380.0, 3.809
0.3381080999970436, 90, 59380.0, 3.809
0.31987509998725727, 91, 59380.0, 3.809
0.35678879998158664, 92, 59380.0, 3.809
0.3282333999814, 93, 59380.0, 3.809
0.37340160002349876, 94, 59380.0, 3.809
0.34243799999239855, 95, 59380.0, 3.809
0.3145577000104822, 96, 59380.0, 3.809
0.343223499978194, 97, 59380.0, 3.809
0.377069299982395, 98, 59380.0, 3.809
0.32417279999936, 99, 59380.0, 3.809
0.3648844999843277, 100, 59380.0, 3.809
0.3351062000147067, 101, 59380.0, 3.809
0.3067767000175081, 102, 59380.0, 3.809
0.3511712999898009, 103, 59380.0, 3.809
0.37923890000092797, 104, 59380.0, 3.809
0.3253166999784298, 105, 59380.0, 3.809
0.3502253000042401, 106, 59380.0, 3.809
0.309208699996816, 107, 59380.0, 3.809
0.29466700000921264, 108, 59380.0, 3.809
0.3168755999940913, 109, 59380.0, 3.809
0.3118624000053387, 110, 59380.0, 3.809
0.31567169999470934, 111, 59380.0, 3.809
0.31874850002350286, 112, 59380.0, 3.809
0.37115979997906834, 113, 59380.0, 3.809
0.35634449997451156, 114, 59380.0, 3.809
0.30349319998640567, 115, 59380.0, 3.809
0.3436395999742672, 116, 59380.0, 3.809
0.324071000010008, 117, 59380.0, 3.809
0.30599829999846406, 118, 59380.0, 3.809
0.3449069999915082, 119, 59380.0, 3.809
0.3531412000011187, 120, 59297.0, 3.664
0.3567621999827679, 121, 59297.0, 3.664
0.3593135999981314, 122, 59293.0, 3.657
0.38493719999678433, 123, 59293.0, 3.657
0.4067956999933813, 124, 59239.0, 3.563
0.4115569000132382, 125, 59239.0, 3.563
0.45093349998933263, 126, 59204.0, 3.502
0.5285081000183709, 127, 59197.0, 3.489
0.4437012999842409, 128, 59082.0, 3.288
0.4269771999970544, 129, 59066.0, 3.260
0.5153819999832194, 130, 59047.0, 3.227
0.43815629999153316, 131, 59031.0, 3.199
0.382291299989447, 132, 59031.0, 3.199
0.4348439000023063, 133, 59005.0, 3.154
0.3337780999718234, 134, 59005.0, 3.154
0.42445620000944473, 135, 59005.0, 3.154
0.373248899995815, 136, 59005.0, 3.154
0.36542059999192134, 137, 59005.0, 3.154
0.3793238000071142, 138, 59005.0, 3.154
0.3180139999894891, 139, 59005.0, 3.154
0.36162020001211204, 140, 59005.0, 3.154
0.3275730000168551, 141, 58991.0, 3.129
0.3401408000208903, 142, 58988.0, 3.124
0.36775820000912063, 143, 58988.0, 3.124
0.3599767000123393, 144, 58974.0, 3.100
0.33907250000629574, 145, 58974.0, 3.100
0.3489380000100937, 146, 58974.0, 3.100
0.3568851000163704, 147, 58974.0, 3.100
0.3590269999986049, 148, 58974.0, 3.100
0.35082029999466613, 149, 58974.0, 3.100
0.32482200002414174, 150, 58974.0, 3.100
0.34473810001509264, 151, 58974.0, 3.100
0.31923799999640323, 152, 58974.0, 3.100
0.31902809999883175, 153, 58974.0, 3.100
0.3823467000038363, 154, 58974.0, 3.100
0.3242329999920912, 155, 58974.0, 3.100
0.32971510000061244, 156, 58974.0, 3.100
0.31808669999009, 157, 58974.0, 3.100
0.35960230001364835, 158, 58974.0, 3.100
0.33437700002104975, 159, 58974.0, 3.100
0.3820726999838371, 160, 58974.0, 3.100
0.2880136999883689, 161, 58974.0, 3.100
0.37546199999633245, 162, 58974.0, 3.100
0.33203069999581203, 163, 58974.0, 3.100
0.3430444000114221, 164, 58974.0, 3.100
0.3072186000063084, 165, 58974.0, 3.100
0.369393900007708, 166, 58954.0, 3.065
0.3970987999928184, 167, 58954.0, 3.065
0.5536214000021573, 168, 58948.0, 3.054
0.5895526999956928, 169, 58939.0, 3.038
0.7300275000161491, 170, 58935.0, 3.031
0.6266145999834407, 171, 58909.0, 2.986
0.6419923999928869, 172, 58897.0, 2.965
0.6744433999992907, 173, 58820.0, 2.830
0.6826996000017971, 174, 58820.0, 2.830
0.7288001000124495, 175, 58777.0, 2.755
0.46946459999890067, 176, 58768.0, 2.739
0.3481214999919757, 177, 58760.0, 2.725
0.3331538999918848, 178, 58752.0, 2.711
0.3460639999830164, 179, 58744.0, 2.698
0.35529969999333844, 180, 58732.0, 2.677
0.3626460999948904, 181, 58716.0, 2.649
0.37178999997559004, 182, 58716.0, 2.649
0.3374476000026334, 183, 58716.0, 2.649
0.3076991999987513, 184, 58716.0, 2.649
0.33769939999911003, 185, 58716.0, 2.649
0.405814099998679, 186, 58716.0, 2.649
0.36376079998444766, 187, 58716.0, 2.649
0.3360728999832645, 188, 58716.0, 2.649
0.3675844999961555, 189, 58716.0, 2.649
0.3613292999798432, 190, 58700.0, 2.621
0.32897349999984726, 191, 58700.0, 2.621
0.343405099993106, 192, 58689.0, 2.601
0.314621099998476, 193, 58689.0, 2.601
0.30791689999750815, 194, 58689.0, 2.601
0.3720904000219889, 195, 58689.0, 2.601
0.337167399993632, 196, 58689.0, 2.601
0.3291767000046093, 197, 58689.0, 2.601
0.32300500001292676, 198, 58689.0, 2.601
0.3540171000058763, 199, 58689.0, 2.601
0.32768590000341646, 200, 58661.0, 2.552
0.3526443000009749, 201, 58661.0, 2.552
0.32452629998442717, 202, 58661.0, 2.552
0.3230455000011716, 203, 58661.0, 2.552
0.2928574999968987, 204, 58661.0, 2.552
0.3829117999994196, 205, 58661.0, 2.552
0.35188509998261, 206, 58661.0, 2.552
0.3746552999946289, 207, 58661.0, 2.552
0.33157859998755157, 208, 58661.0, 2.552
0.36634150001918897, 209, 58653.0, 2.538
0.30630070000188425, 210, 58653.0, 2.538
0.3073052999970969, 211, 58634.0, 2.505
0.37925329999416135, 212, 58634.0, 2.505
0.3175098999927286, 213, 58634.0, 2.505
0.4047994000138715, 214, 58634.0, 2.505
0.35142910000286065, 215, 58634.0, 2.505
0.34521609998773783, 216, 58630.0, 2.498
0.3503175999794621, 217, 58612.0, 2.467
0.3415856000210624, 218, 58612.0, 2.467
0.3948081999842543, 219, 58612.0, 2.467
0.3516306999954395, 220, 58612.0, 2.467
0.3298608999757562, 221, 58612.0, 2.467
0.3220729000167921, 222, 58612.0, 2.467
0.3077486999973189, 223, 58612.0, 2.467
0.33393289998639375, 224, 58612.0, 2.467
0.37939829999231733, 225, 58612.0, 2.467
0.3687175000086427, 226, 58612.0, 2.467
0.37510410000686534, 227, 58612.0, 2.467
0.30445270001655445, 228, 58612.0, 2.467
0.33217599999625236, 229, 58612.0, 2.467
0.35918639998999424, 230, 58612.0, 2.467
0.3955234000168275, 231, 58612.0, 2.467
0.3146329000010155, 232, 58612.0, 2.467
0.2882851999893319, 233, 58612.0, 2.467
0.3500200000125915, 234, 58612.0, 2.467
0.32540939998580143, 235, 58612.0, 2.467
0.35991130000911653, 236, 58612.0, 2.467
0.2964139000105206, 237, 58612.0, 2.467
0.3469360000162851, 238, 58612.0, 2.467
0.38792219999595545, 239, 58612.0, 2.467
0.3379906000045594, 240, 58612.0, 2.467
0.35251299999072216, 241, 58612.0, 2.467
0.3369397000060417, 242, 58612.0, 2.467
0.32003650002297945, 243, 58612.0, 2.467
0.31744630000321195, 244, 58612.0, 2.467
0.31844610002008267, 245, 58612.0, 2.467
0.37550520000513643, 246, 58612.0, 2.467
0.37176650000037625, 247, 58612.0, 2.467
0.3202092999999877, 248, 58612.0, 2.467
0.3549996000074316, 249, 58612.0, 2.467
0.3666621999873314, 250, 58612.0, 2.467
0.3707428999769036, 251, 58612.0, 2.467
0.3595078999933321, 252, 58612.0, 2.467
0.36749209999106824, 253, 58612.0, 2.467
0.41466539999237284, 254, 58612.0, 2.467
0.3693708000064362, 255, 58612.0, 2.467
0.44114640000043437, 256, 58612.0, 2.467
0.39418560001649894, 257, 58612.0, 2.467
0.31358809999073856, 258, 58612.0, 2.467
0.34672249999130145, 259, 58612.0, 2.467
0.3788572000048589, 260, 58612.0, 2.467
0.3280726000084542, 261, 58612.0, 2.467
0.3597765999729745, 262, 58612.0, 2.467
0.39085009999689646, 263, 58612.0, 2.467
0.3774138000153471, 264, 58608.0, 2.460
0.34796660000574775, 265, 58608.0, 2.460
0.42894199999864213, 266, 58604.0, 2.453
0.4168358000169974, 267, 58595.0, 2.437
0.39812880000681616, 268, 58549.0, 2.357
0.40792440000222996, 269, 58549.0, 2.357
0.3698094999999739, 270, 58549.0, 2.357
0.38787150001735426, 271, 58549.0, 2.357
0.29284859998733737, 272, 58549.0, 2.357
0.3301598999823909, 273, 58549.0, 2.357
0.36932689999230206, 274, 58549.0, 2.357
0.3799144999939017, 275, 58549.0, 2.357
0.3829690999991726, 276, 58549.0, 2.357
0.3574372000002768, 277, 58549.0, 2.357
0.2957661999971606, 278, 58549.0, 2.357
0.30929820000892505, 279, 58549.0, 2.357
0.3451952000032179, 280, 58549.0, 2.357
0.3301672999805305, 281, 58549.0, 2.357
0.33451420001802035, 282, 58549.0, 2.357
0.3816897999786306, 283, 58549.0, 2.357
0.3535149000235833, 284, 58549.0, 2.357
0.3987462999939453, 285, 58549.0, 2.357
0.3149775000056252, 286, 58549.0, 2.357
0.3103916000109166, 287, 58549.0, 2.357
0.3332795000169426, 288, 58549.0, 2.357
0.3610865999944508, 289, 58549.0, 2.357
0.3594865000050049, 290, 58549.0, 2.357
0.3667122999904677, 291, 58549.0, 2.357
0.33344089999445714, 292, 58549.0, 2.357
0.331175200000871, 293, 58549.0, 2.357
0.3485930000024382, 294, 58549.0, 2.357
0.3747987000097055, 295, 58549.0, 2.357
0.3247063000162598, 296, 58549.0, 2.357
0.3329282999911811, 297, 58549.0, 2.357
0.33141620000242256, 298, 58549.0, 2.357
0.35531909999554045, 299, 58549.0, 2.357
0.2959683000226505, 300, 58549.0, 2.357
0.30911750000086613, 301, 58549.0, 2.357
0.3150842000031844, 302, 58549.0, 2.357
0.28923689998919144, 303, 58549.0, 2.357
0.3901258999831043, 304, 58549.0, 2.357
0.3173275000008289, 305, 58549.0, 2.357
0.29297300000325777, 306, 58549.0, 2.357
0.3540921999956481, 307, 58549.0, 2.357
0.3016051000158768, 308, 58549.0, 2.357
0.32650640001520514, 309, 58549.0, 2.357
0.33095949998823926, 310, 58549.0, 2.357
0.32566729999962263, 311, 58549.0, 2.357
0.38216300000203773, 312, 58549.0, 2.357
0.37352319998899475, 313, 58549.0, 2.357
0.3561393000127282, 314, 58549.0, 2.357
0.35283580000395887, 315, 58549.0, 2.357
0.3626405000104569, 316, 58549.0, 2.357
0.3383371000236366, 317, 58549.0, 2.357
0.34294560001580976, 318, 58549.0, 2.357

tour:
[1599 1600 1601 1611 1610 1609 1612 1614 1615 1613 1616 1617 1618 1186
 1187 1188 1183 1189 1190 1182 1184 1619 1620 1185 1622 1621 1628 1623
 1624 1627 1625 1626 1629 1632 1630 1631 1633 1636 1634 1637 1635 1638
 1639 1643 1640 1641 1642 1171 1170 1172 1175 1176 1179 1181 1180 1178
 1177 1174 1173 1168 1169 1167 1164 1166 1649 1165 1650 1648 1647 1651
 1652 1653 1654 1656 1657 1655 1659 1660 1658 1661 1663 1662 1670 1668
 1669 1664 1667 1666 1665 1150 1149 1148 1146 1151 1147 1145 1144 1152
 1154 1153 1155 1156 1157 1158 1163 1162 1161 1160 1159 1137 1138 1139
 1140 1298 1299 1300 1301 1302 1304 1303 1127 1128 1134 1135 1136 1141
 1142 1143 1132 1133 1131 1130 1129 1123 1124 1125 1126 1122 1121 1120
 1116 1115 1114 1113 1112 1111 1110 1109 1117 1099 1100 1101 1102 1103
 1104 1105 1106 1107 1108  312  311  310  309  308  307  306  305  304
  293  291  290  288  289  292  294  295  296  297  298  299  301  300
  302  303  313  314  315  316  318  317  320  322  324  325  323  321
  319 1076 1077 1078 1079 1080 1086 1085 1087 1088 1095 1096 1097 1098
 1118 1119 1092 1093 1094 1091 1090 1089 1321 1322 1323 1324 1325 1326
 1327 1328 1320 1319 1318 1317 1310 1309 1308 1307 1306 1305 1311 1312
 1313 1314 1315 1316 1333 1334 1335 1329 1330 1331 1332 1370 1371 1372
 1373 1374 1375 1376 1377 1378 1379 1297 1296 1295 1294 1293 1292 1291
 1290 1289 1288 1287 1278 1279 1280 1281 1380 1381 1382 1361 1362 1363
 1364 1365 1366 1367 1368 1369 1343 1344 1345 1346 1347 1357 1356 1355
 1401 1400 1399 1398 1397 1260 1261 1259 1387 1386 1396 1395 1394 1393
 1392 1358 1359 1360 1391 1390 1389 1388 1385 1384 1383 1282 1283 1284
 1285 1286 1277 1276 1275 1274 1273 1272 1271 1270 1269 1263 1262 1264
 1265 1266 1267 1268 1192 1191 1193 1194 1195 1196 1254 1255 1256 1257
 1258 1253 1252 1251 1203 1202 1201 1200 1199 1198 1197 1208 1207 1206
 1205 1204 1250 1249 1218 1217 1216 1209 1210 1211 1212 1213 1598 1597
 1596 1595 1214 1215 1593 1592 1591 1590 1582 1583 1584 1585 1589 1588
 1594 1586 1587 1574 1573 1572 1571 1570 1569 1492 1493 1565 1566 1567
 1568 1561 1562 1563 1564 1494 1495 1496 1491 1575 1576 1577 1578 1579
 1580 1581 1460 1461 1459 1458 1457 1446 1445 1444 1443 1442 1441 1440
 1439 1438 1437 1436 1435  469 1423 1424 1425  468 1421 1422 1426 1427
 1428 1416 1417 1418 1419 1420 1408 1409 1410 1411 1412 1413 1414 1415
 1430 1429 1434 1433 1432 1431 1226 1227 1225 1224 1223 1221 1222 1220
 1219 1245 1244 1231 1230 1229 1228 1240 1241 1242 1243 1232 1246 1247
 1248 1233 1234 1235 1236 1237 1238 1239 1402 1403 1404 1405 1406 1407
  447  448  449  450  451  455  456  454  453  452  444  445  446  443
  442  441  440  439  438  437  431  432  433  434  435  436  422  421
  420  419  409  410  411  396  397  398  400  402  404  408  407  406
  405  403  401  399  394  395  388  389  390  393  392  391 1354 1353
 1352 1351 1350 1349 1348  387  386  360  361  362 1342 1341 1340 1339
 1338 1337 1336  363  359  358  357  356  332  333  334  331 1084 1083
 1082 1081 1075 1074 1073  330  329  328 1072  327  326 1070 1071 1068
 1067 1065 1066 1064 1063 1061 1062 1059 1060 1058 1057  969  968  966
  967  965  964  962  963  961  960  958  959  957  956  955  954  953
  952  951  950  905  906  904  903  901  902  900  899  898  897  896
  895  894  893  892  876  877  878  879  880  881  882  883  884  849
  850  885  886  887  888  889  890  891  861  862  863  864  866  867
  868  909  910  911  912  913  914  915  916  917  853  854  855  856
  857  858  865  871  870  869  860  859  875  874  872  852  873  851
  844  845  843  842  846  841  848  847  840  839  838  837  836  825
  826  827  828  829  830  831  823  824  832  833  834  835  814  815
  816  817  818  819  820  821  822  772  771  768  762  763  764  765
  766  759  760  761  767  751  752  753  750  754  755  756  757  758
  744  743  734  742  745  746  747  748  749  739  740  741  738  737
  736  735  733  723  724  725  732  728  729  730  731  727  726  722
  719  718  720  721  717  716  715  714  713  712  711  601  600  599
  598  597  596  595  604  605  610  609  608  607  603  602  710  709
  708  707  606  706  705  704  703  702  701  689  690  691  692  700
  699  698  697  696  694  695  693  684  685  688  686  687  683  782
  781  780  779  778  777  776  789  788  787  786  785  784  783  769
  770  773  774  775  790  791  792  793  794  813  812  811  810  809
  808  805  806  807  798  797  796  795  799  800  801  802  803  804
  918  919  920  921  926  927  928  929  930  931  908  907  932  933
  934  925  924  923  922  943  935  944  945  946  947  948  949  936
  937  938  939  940  941  942  979  980  981  978  977  976  975  974
  972  973  982  983  984  985  988  989  990  991  996 1006  998  999
 1017 1016 1011 1012 1010 1015 1018 1007  997  995 1020 1019 1008 1009
 1014 1013 1027 1026 1025 1024 1023 1022 1021  994  993  992  987  986
 1039 1040 1041 1042 1043 1044  971  970 1045 1046 1047 1048 1038 1037
 1036 1050 1049  349  348  347 1051 1052 1053 1054 1055 1056  343  344
  345  346  342  340  338  337 1069  336  335  339  341  351  350  353
  352  355  354  365  366  364  369  367  368  370  380  371  379  381
  384  382  385  383  378  377  376  375  374  373  372 1035 1034 1033
 1032 1031 1030 1029 1028  412  413  414  415  416  417  418  423  430
  429  428  427  426  425  424  648  646  647  645  649  650  651  652
 1000 1001 1002 1003 1004 1005  657  656  655  654  653  673  674  672
  671  670  662  661  660  659  658  663  664  665  666  667  668  669
  675  676  677  678  679  680  681  682  630  631  632  633  636  635
  634  644  643  642  641  640  639  638  637  629  628  627  626  625
  624  623  622  621  620  619  618  617  611  612  616  615  614  613
  457  458  589  590  591  592  593  594  585  586  587  588  459  460
  461  462  467  466  465  464  463  575  578  579  584  582  583  581
  580  577  576  574  573  572  571  553  554  570  569  568  555  556
  557  559  560  558  561  564  567  566  565  562  563  547  550  548
  530  534  546  545  544  543  537  538  539  540  542  541  535  536
  533  532  531  528  529  549  551  552  520  521  519  518  517  516
  526  522  527  523  524  525  515  512  514  513  510  511  508  509
  507  504  505  503  506  502  472  501  473  471  470  474  477  475
  476  478  479  481  482  480  483  484  485  489  490  493  494  497
  498  500  499  496  495  492  491  488  487  486 1451 1450 1452 1453
 1449 1454 1448 1467 1468 1471 1472 1475 1476 1474 1473 1470 1469 1455
 1456 1447 1466 1465 1464 1463 1462 1480 1478 1477 1479 1482 1481 1483
 1484 1485 1487 1486 1489 1488 1490 1501 1502 1503 1514 1515 1516 1518
 1517 1512 1513 1506 1505 1504 1500 1499 1498 1497 1507 1508 1509 1510
 1511 1519 1520 1521 1522 1526 1525 1523 1524 1532 1533 1530 1527 1528
 1529 1545 1531 1544 1546 1547 1543 1537 1542 1541 1538 1540 1539 1535
 1534 1536 1776 1774 1775 1777 1778 1780 1779 1784 1781 1783 1782 1809
 1810 1811 1812 1813 1814 1815 1816    0   11   10    9    8    7    1
    2    6    5    3    4 1808 1807 1806 1805 1804 1803 1802 1787 1786
 1785 1771 1764 1770 1772 1773 1768 1553 1554 1552 1551 1548 1549 1550
 1557 1556 1555 1769 1767 1766 1763 1765 1788 1789 1790 1791 1792 1793
 1794 1795 1801 1800 1799 1796 1797 1798   17   16   15   14   13   12
   24   23   22   21   20   19   18   30   29   28   27   26   25   37
   36   35   34   33   32   31   40   39   38   46   47   48   49   50
   45   44   43   41   42   53   52   51   60   61   62   63   59   58
   57   56   55   54   68   69   67   66   65   64   70   71   72   73
   74   75   76   77   78   79   85   86   87   88   89   84   83   82
   80   81   90   93   94   95   96   97   98   99  100  101  102  103
   91   92  104  105  106  107  108  109  110  111  112  132  133  228
  229  230  231  232  240  233  234  235  236  237  238  239  256  265
  264  263  255  254  253  252  251  250  249  242  243  241  131  130
  129  128  127  114  115  113  116  117  118  119  120  122  121  123
  124  125  126  244  245  246  247  248  257  258  259  260  261  262
  268  269  270  271  272  281  282  283  284  285  286  287  279  280
  278  277  276  275  274  273  267  266 1671 1672 1673 1674 1646 1645
 1644 1694 1693 1695 1696 1697 1698 1699 1700 1688 1689 1690 1691 1692
 1685 1686 1687 1676 1677 1678 1675 1679 1680 1681 1682 1683 1684  226
  227  225  224  134  135  136  137  138  139  223  222  221  220  219
  218  217  140  141  142  143  144  145  213  214  215  216  209  210
  211  212  146  147  148  149  150  204  205  206  207  208 1710 1709
 1708 1707 1706 1705 1704 1703 1702 1701 1713 1712 1711 1714 1715 1716
 1717 1718 1723 1722 1721 1720 1719 1724 1725 1726  199  200  201  202
  203  153  152  151  154  155  156  198  197  196  195  194  193  160
  159  158  157  163  162  161  190  191  192 1727 1728 1729 1730 1731
 1732 1733 1734 1735 1736 1737 1738 1739 1746 1747 1748 1749  186  187
  188  189  164  165  166  168  167  185  184  183  182  178  179  180
  181  171  170  169  172  173  174  175  176  177 1762 1761 1760 1558
 1559 1560 1758 1759 1757 1756 1755 1754 1753 1750 1751 1752 1740 1741
 1742 1745 1744 1743 1608 1607 1606 1605 1604 1603 1602]

eliteFit: 58549.0
percentError: 2.3566021573049425
computationTime: 143.619s