instanceName: u1817
n: 1817
optFit: 57201

genTime, gen, eliteFit, percentError:
0.0018718999926932156, 0, 2070149.0, 3519.078
2.3860387999739032, 1, 64943.0, 13.535
1.4341689000139013, 2, 64680.0, 13.075
1.3586841000069398, 3, 63875.0, 11.668
1.3298434000171255, 4, 63293.0, 10.650
1.32387110000127, 5, 63293.0, 10.650
1.3138602999970317, 6, 62834.0, 9.848
1.3067572999862023, 7, 62541.0, 9.336
1.3599647000082768, 8, 62434.0, 9.148
1.3167500999988988, 9, 62287.0, 8.891
1.2290959999954794, 10, 61937.0, 8.280
1.2034206000098493, 11, 61937.0, 8.280
1.1636661000084132, 12, 61581.0, 7.657
1.0676011000177823, 13, 61581.0, 7.657
1.0233351000060793, 14, 61262.0, 7.100
1.1186460000171792, 15, 61262.0, 7.100
1.1215553000220098, 16, 61106.0, 6.827
1.089101199992001, 17, 61056.0, 6.739
1.0667358000064269, 18, 60998.0, 6.638
1.0391099999833386, 19, 60925.0, 6.510
1.1034638000128325, 20, 60925.0, 6.510
1.1520523999934085, 21, 60729.0, 6.168
1.1551325999898836, 22, 60729.0, 6.168
1.0558375999971759, 23, 60442.0, 5.666
1.1786624999949709, 24, 60370.0, 5.540
1.0750251000281423, 25, 60370.0, 5.540
1.0227858000143897, 26, 60328.0, 5.467
0.9276634999841917, 27, 60328.0, 5.467
0.6487865000090096, 28, 60280.0, 5.383
0.5100005999847781, 29, 60248.0, 5.327
0.5122302999952808, 30, 60138.0, 5.135
0.4419126000138931, 31, 60138.0, 5.135
0.3990553000185173, 32, 60138.0, 5.135
0.3818256999948062, 33, 60055.0, 4.989
0.330562999995891, 34, 60047.0, 4.975
0.33244689999264665, 35, 60003.0, 4.899
0.4149428000091575, 36, 59996.0, 4.886
0.29824159998679534, 37, 59996.0, 4.886
0.3351877999957651, 38, 59981.0, 4.860
0.31412019999697804, 39, 59981.0, 4.860
0.33974080000189133, 40, 59981.0, 4.860
0.3627169000101276, 41, 59981.0, 4.860
0.32413910000468604, 42, 59981.0, 4.860
0.3436478999792598, 43, 59981.0, 4.860
0.33929549998720177, 44, 59981.0, 4.860
0.36119299998972565, 45, 59978.0, 4.855
0.33442640001885593, 46, 59942.0, 4.792
0.3493011000100523, 47, 59942.0, 4.792
0.44565249999868684, 48, 59899.0, 4.717
0.4229093999892939, 49, 59899.0, 4.717
0.41329830000177026, 50, 59899.0, 4.717
0.4941392999899108, 51, 59818.0, 4.575
0.5429039000009652, 52, 59796.0, 4.537
0.6407251000055112, 53, 59796.0, 4.537
0.7676786000083666, 54, 59742.0, 4.442
0.67315139999846, 55, 59742.0, 4.442
0.4885008999845013, 56, 59657.0, 4.294
0.56013540001004, 57, 59588.0, 4.173
0.5375980000244454, 58, 59586.0, 4.170
0.5169229000166524, 59, 59529.0, 4.070
0.38438370000221767, 60, 59522.0, 4.058
0.32539310000720434, 61, 59508.0, 4.033
0.3592447999981232, 62, 59473.0, 3.972
0.37000300001818687, 63, 59473.0, 3.972
0.3953624999849126, 64, 59456.0, 3.942
0.4053970999957528, 65, 59456.0, 3.942
0.2766948000062257, 66, 59456.0, 3.942
0.3617632999958005, 67, 59456.0, 3.942
0.31542759999865666, 68, 59456.0, 3.942
0.3384665999910794, 69, 59456.0, 3.942
0.3657511999772396, 70, 59456.0, 3.942
0.34899649998988025, 71, 59456.0, 3.942
0.35614649998024106, 72, 59456.0, 3.942
0.2967919999791775, 73, 59456.0, 3.942
0.34472740002092905, 74, 59456.0, 3.942
0.3114013000158593, 75, 59442.0, 3.918
0.3802861000003759, 76, 59442.0, 3.918
0.3156414999975823, 77, 59442.0, 3.918
0.34929990000091493, 78, 59442.0, 3.918
0.3170518000260927, 79, 59442.0, 3.918
0.356231600017054, 80, 59442.0, 3.918
0.3744386000034865, 81, 59364.0, 3.781
0.3963913000188768, 82, 59343.0, 3.745
0.5036889000039082, 83, 59343.0, 3.745
0.5627482999989297, 84, 59343.0, 3.745
0.7160214000032283, 85, 59329.0, 3.720
0.45651509999879636, 86, 59303.0, 3.675
0.40535929999896325, 87, 59297.0, 3.664
0.36020819999976084, 88, 59291.0, 3.654
0.3864977000048384, 89, 59279.0, 3.633
0.3825684000039473, 90, 59265.0, 3.608
0.3054885000165086, 91, 59253.0, 3.587
0.3571300999901723, 92, 59253.0, 3.587
0.4158074999868404, 93, 59253.0, 3.587
0.355496599979233, 94, 59253.0, 3.587
0.31682869998621754, 95, 59253.0, 3.587
0.35577110000303946, 96, 59253.0, 3.587
0.3155741000082344, 97, 59247.0, 3.577
0.3221679000125732, 98, 59247.0, 3.577
0.389656700019259, 99, 59247.0, 3.577
0.39887659999658354, 100, 59247.0, 3.577
0.34358879999490455, 101, 59247.0, 3.577
0.3277379000210203, 102, 59247.0, 3.577
0.3522409000142943, 103, 59247.0, 3.577
0.3447487000084948, 104, 59247.0, 3.577
0.36219360001268797, 105, 59247.0, 3.577
0.3774789999879431, 106, 59241.0, 3.566
0.37914240002282895, 107, 59241.0, 3.566
0.3348110000079032, 108, 59241.0, 3.566
0.49223559998790734, 109, 59241.0, 3.566
0.30742679999093525, 110, 59241.0, 3.566
0.3085393999936059, 111, 59241.0, 3.566
0.35675869998522103, 112, 59241.0, 3.566
0.3516765999956988, 113, 59241.0, 3.566
0.34371630000532605, 114, 59241.0, 3.566
0.37853139999788254, 115, 59241.0, 3.566
0.31714759999886155, 116, 59241.0, 3.566
0.3773221999872476, 117, 59241.0, 3.566
0.3253139999869745, 118, 59241.0, 3.566
0.3555431000131648, 119, 59241.0, 3.566
0.385234000015771, 120, 59241.0, 3.566
0.2969740999978967, 121, 59241.0, 3.566
0.3171372000069823, 122, 59241.0, 3.566
0.3534016000048723, 123, 59241.0, 3.566
0.37667520000832155, 124, 59241.0, 3.566
0.3223693000036292, 125, 59241.0, 3.566
0.3617997999826912, 126, 59241.0, 3.566
0.38744710001628846, 127, 59241.0, 3.566
0.3515575999917928, 128, 59241.0, 3.566
0.36045130001730286, 129, 59241.0, 3.566
0.32916049999766983, 130, 59241.0, 3.566
0.3192669999843929, 131, 59190.0, 3.477
0.310748899995815, 132, 59190.0, 3.477
0.36399230000097305, 133, 59190.0, 3.477
0.35478550000698306, 134, 59190.0, 3.477
0.40480420002131723, 135, 59190.0, 3.477
0.29481760002090596, 136, 59190.0, 3.477
0.3439412000006996, 137, 59182.0, 3.463
0.31831319999764673, 138, 59182.0, 3.463
0.3578708999848459, 139, 59182.0, 3.463
0.3105599000118673, 140, 59168.0, 3.439
0.31179780000820756, 141, 59168.0, 3.439
0.36052610000479035, 142, 59168.0, 3.439
0.33994089998304844, 143, 59168.0, 3.439
0.33915559999877587, 144, 59168.0, 3.439
0.4359664000221528, 145, 59168.0, 3.439
0.3855549000145402, 146, 59168.0, 3.439
0.35443389997817576, 147, 59168.0, 3.439
0.303106100007426, 148, 59168.0, 3.439
0.3660096999956295, 149, 59168.0, 3.439
0.312896700022975, 150, 59146.0, 3.400
0.29963530000532046, 151, 59146.0, 3.400
0.3453043999907095, 152, 59146.0, 3.400
0.30565380002371967, 153, 59146.0, 3.400
0.38594389997888356, 154, 59146.0, 3.400
0.35934259998612106, 155, 59146.0, 3.400
0.3596761000226252, 156, 59146.0, 3.400
0.3192218999902252, 157, 59114.0, 3.344
0.35083290000329725, 158, 59114.0, 3.344
0.37604669999564067, 159, 59114.0, 3.344
0.3705102999811061, 160, 59114.0, 3.344
0.35969549999572337, 161, 59114.0, 3.344
0.3361470000236295, 162, 59114.0, 3.344
0.33553630000096746, 163, 59114.0, 3.344
0.34531269999570213, 164, 59114.0, 3.344
0.3336469999921974, 165, 59114.0, 3.344
0.3416717999789398, 166, 59114.0, 3.344
0.2975624999962747, 167, 59114.0, 3.344
0.38956619999953546, 168, 59114.0, 3.344
0.31500219998997636, 169, 59114.0, 3.344
0.3657928000029642, 170, 59114.0, 3.344
0.39024189999327064, 171, 59114.0, 3.344
0.3752182000025641, 172, 59114.0, 3.344
0.35071460000472143, 173, 59114.0, 3.344
0.36259020000579767, 174, 59114.0, 3.344
0.29362189999665134, 175, 59114.0, 3.344
0.3192247000115458, 176, 59114.0, 3.344
0.3685047999897506, 177, 59114.0, 3.344
0.3522732999990694, 178, 59114.0, 3.344
0.35095669998554513, 179, 59114.0, 3.344
0.38779079998494126, 180, 59114.0, 3.344
0.33411689999047667, 181, 59114.0, 3.344
0.3478248000028543, 182, 59114.0, 3.344
0.3532845999870915, 183, 59114.0, 3.344
0.33039459999417886, 184, 59114.0, 3.344
0.33090669999364763, 185, 59114.0, 3.344
0.34520889999112114, 186, 59114.0, 3.344
0.30060089999460615, 187, 59114.0, 3.344
0.34749520002515055, 188, 59114.0, 3.344
0.35675579999224283, 189, 59114.0, 3.344
0.3186950999952387, 190, 59114.0, 3.344
0.33652129999245517, 191, 59114.0, 3.344
0.4058896999922581, 192, 59114.0, 3.344
0.2972425000043586, 193, 59114.0, 3.344
0.35742290000780486, 194, 59114.0, 3.344
0.30082110001239926, 195, 59114.0, 3.344
0.3268621000170242, 196, 59114.0, 3.344
0.33065100002568215, 197, 59114.0, 3.344
0.4034737999900244, 198, 59114.0, 3.344
0.3509536999918055, 199, 59114.0, 3.344
0.3110764999873936, 200, 59114.0, 3.344
0.3631098000041675, 201, 59114.0, 3.344
0.36328590000630356, 202, 59114.0, 3.344
0.33520150001277216, 203, 59114.0, 3.344
0.31962240001303144, 204, 59114.0, 3.344
0.325067300000228, 205, 59114.0, 3.344
0.32296590000623837, 206, 59041.0, 3.217
0.34320000000298023, 207, 59041.0, 3.217
0.3397597000002861, 208, 59041.0, 3.217
0.34031700002378784, 209, 59041.0, 3.217
0.3467926000012085, 210, 59041.0, 3.217
0.3313713999814354, 211, 59041.0, 3.217
0.33751850001863204, 212, 59041.0, 3.217
0.3589687999919988, 213, 59041.0, 3.217
0.32845539998379536, 214, 59041.0, 3.217
0.3564654999936465, 215, 59041.0, 3.217
0.379950500006089, 216, 59011.0, 3.164
0.3456090999825392, 217, 59011.0, 3.164
0.3538968999928329, 218, 59011.0, 3.164
0.3880304000049364, 219, 59011.0, 3.164
0.3338058999797795, 220, 59011.0, 3.164
0.3812881999765523, 221, 59011.0, 3.164
0.36532829998759553, 222, 59011.0, 3.164
0.33808369998587295, 223, 59011.0, 3.164
0.36287219999940135, 224, 58982.0, 3.114
0.363482999993721, 225, 58982.0, 3.114
0.34369360000710003, 226, 58982.0, 3.114
0.3403293000010308, 227, 58982.0, 3.114
0.38651879999088123, 228, 58982.0, 3.114
0.31750879998435266, 229, 58982.0, 3.114
0.3715059999958612, 230, 58982.0, 3.114
0.35352139998576604, 231, 58934.0, 3.030
0.36620819999370724, 232, 58934.0, 3.030
0.3524759000283666, 233, 58934.0, 3.030
0.3868650000076741, 234, 58934.0, 3.030
0.328394499985734, 235, 58934.0, 3.030
0.3712363000086043, 236, 58934.0, 3.030
0.3940663000103086, 237, 58927.0, 3.017
0.460138199996436, 238, 58927.0, 3.017
0.5623370000103023, 239, 58910.0, 2.988
0.6459017999877688, 240, 58910.0, 2.988
0.6100319999968633, 241, 58888.0, 2.949
0.5930712999834213, 242, 58888.0, 2.949
0.6037953000050038, 243, 58888.0, 2.949
0.6060972000123002, 244, 58888.0, 2.949
0.385397500009276, 245, 58888.0, 2.949
0.370703799999319, 246, 58869.0, 2.916
0.37210249999770895, 247, 58869.0, 2.916
0.36195049999514595, 248, 58869.0, 2.916
0.30554190001566894, 249, 58869.0, 2.916
0.34987370000453666, 250, 58803.0, 2.801
0.3501325999968685, 251, 58803.0, 2.801
0.32920460001332685, 252, 58803.0, 2.801
0.3357675000152085, 253, 58803.0, 2.801
0.4044096999859903, 254, 58803.0, 2.801
0.35155700001632795, 255, 58803.0, 2.801
0.3548284000135027, 256, 58803.0, 2.801
0.3374584999983199, 257, 58803.0, 2.801
0.35942990001058206, 258, 58803.0, 2.801
0.33681710000382736, 259, 58803.0, 2.801
0.3507607000065036, 260, 58803.0, 2.801
0.3727503000118304, 261, 58803.0, 2.801
0.32686619999003597, 262, 58803.0, 2.801
0.3637760999845341, 263, 58803.0, 2.801
0.31717580000986345, 264, 58800.0, 2.795
0.3835888000030536, 265, 58800.0, 2.795
0.37236840001423843, 266, 58800.0, 2.795
0.361372500017751, 267, 58800.0, 2.795
0.32806180001352914, 268, 58800.0, 2.795
0.34102200000779703, 269, 58800.0, 2.795
0.38194859999930486, 270, 58800.0, 2.795
0.30858720000833273, 271, 58800.0, 2.795
0.37248260001069866, 272, 58800.0, 2.795
0.3622386000060942, 273, 58798.0, 2.792
0.32531420001760125, 274, 58798.0, 2.792
0.31903900002362207, 275, 58798.0, 2.792
0.329014199989615, 276, 58798.0, 2.792
0.3332947999879252, 277, 58798.0, 2.792
0.3758043000125326, 278, 58798.0, 2.792
0.3446035000088159, 279, 58798.0, 2.792
0.36477949999971315, 280, 58780.0, 2.760
0.3698646000120789, 281, 58780.0, 2.760
0.35855280002579093, 282, 58780.0, 2.760
0.4590516999887768, 283, 58780.0, 2.760
0.30755719999433495, 284, 58780.0, 2.760
0.36745150000206195, 285, 58780.0, 2.760
0.40280120001989417, 286, 58780.0, 2.760
0.3114660000137519, 287, 58780.0, 2.760
0.4026443000184372, 288, 58780.0, 2.760
0.3396325999929104, 289, 58780.0, 2.760
0.3912078999856021, 290, 58780.0, 2.760
0.2960743999865372, 291, 58780.0, 2.760
0.32671920000575483, 292, 58780.0, 2.760
0.3195646000094712, 293, 58780.0, 2.760
0.39591059999656864, 294, 58780.0, 2.760
0.354513099999167, 295, 58780.0, 2.760
0.3321593999862671, 296, 58780.0, 2.760
0.3520565000071656, 297, 58780.0, 2.760
0.3927006999729201, 298, 58780.0, 2.760
0.31020469998475164, 299, 58780.0, 2.760
0.3440011000202503, 300, 58780.0, 2.760
0.3517530999961309, 301, 58780.0, 2.760
0.3437677000183612, 302, 58780.0, 2.760
0.32763620000332594, 303, 58780.0, 2.760
0.3480799999961164, 304, 58780.0, 2.760
0.3025234999950044, 305, 58780.0, 2.760
0.3829795999918133, 306, 58780.0, 2.760
0.371162399998866, 307, 58780.0, 2.760
0.4433535000134725, 308, 58780.0, 2.760
0.3161303999950178, 309, 58780.0, 2.760
0.35822429999825545, 310, 58780.0, 2.760
0.31841129998792894, 311, 58780.0, 2.760
0.3543843000079505, 312, 58780.0, 2.760
0.34188259998336434, 313, 58780.0, 2.760
0.3639676999882795, 314, 58775.0, 2.752
0.3348847000161186, 315, 58775.0, 2.752
0.30959550000261515, 316, 58775.0, 2.752
0.3255576999799814, 317, 58775.0, 2.752
0.30391750001581386, 318, 58775.0, 2.752
0.36765150001156144, 319, 58775.0, 2.752
0.3181347000063397, 320, 58775.0, 2.752
0.32948660000693053, 321, 58775.0, 2.752
0.3635712999966927, 322, 58775.0, 2.752
0.33383190000313334, 323, 58775.0, 2.752
0.35211240002536215, 324, 58775.0, 2.752
0.3819452000025194, 325, 58775.0, 2.752
0.3514360000262968, 326, 58775.0, 2.752
0.34192400000756606, 327, 58775.0, 2.752
0.33295060001546517, 328, 58681.0, 2.587
0.3506338000006508, 329, 58681.0, 2.587
0.3618700999941211, 330, 58681.0, 2.587
0.30780609999783337, 331, 58680.0, 2.586
0.332990199996857, 332, 58680.0, 2.586
0.32509270001901314, 333, 58680.0, 2.586
0.33500769999227487, 334, 58680.0, 2.586
0.33022660002461635, 335, 58680.0, 2.586
0.36639959999592975, 336, 58680.0, 2.586
0.3594341999851167, 337, 58680.0, 2.586
0.31460800001514144, 338, 58680.0, 2.586
0.31516629998805, 339, 58680.0, 2.586
0.3696866999962367, 340, 58680.0, 2.586
0.41903849999653175, 341, 58680.0, 2.586
0.3578513000102248, 342, 58680.0, 2.586
0.33159439999144524, 343, 58680.0, 2.586
0.3632084999990184, 344, 58680.0, 2.586
0.34841510001569986, 345, 58680.0, 2.586
0.3336842999851797, 346, 58680.0, 2.586
0.3628774000098929, 347, 58680.0, 2.586
0.4034954000089783, 348, 58680.0, 2.586
0.3362634000077378, 349, 58680.0, 2.586
0.41585409999242984, 350, 58680.0, 2.586
0.3643591000000015, 351, 58680.0, 2.586
0.36744120001094416, 352, 58680.0, 2.586
0.3305085000174586, 353, 58680.0, 2.586
0.3760785000049509, 354, 58680.0, 2.586
0.32756530001643114, 355, 58680.0, 2.586
0.32671309998841025, 356, 58680.0, 2.586
0.3408321999886539, 357, 58680.0, 2.586
0.38199200000963174, 358, 58680.0, 2.586
0.3385347000148613, 359, 58680.0, 2.586
0.3200379000045359, 360, 58680.0, 2.586
0.32623390000662766, 361, 58680.0, 2.586
0.38532430000486784, 362, 58657.0, 2.545
0.3609025999903679, 363, 58657.0, 2.545
0.4065353999903891, 364, 58657.0, 2.545
0.3095284999872092, 365, 58657.0, 2.545
0.29648989997804165, 366, 58657.0, 2.545
0.3361826000036672, 367, 58657.0, 2.545
0.30497420000028796, 368, 58657.0, 2.545
0.3613699999987148, 369, 58657.0, 2.545
0.3234348999976646, 370, 58657.0, 2.545
0.35332570000900887, 371, 58657.0, 2.545
0.3052767000044696, 372, 58657.0, 2.545
0.36574979999568313, 373, 58657.0, 2.545
0.32491620001383126, 374, 58657.0, 2.545
0.37487070000497624, 375, 58657.0, 2.545
0.346279899997171, 376, 58657.0, 2.545
0.2970363999775145, 377, 58657.0, 2.545
0.3538548000215087, 378, 58657.0, 2.545
0.3582668000017293, 379, 58657.0, 2.545
0.3078811999876052, 380, 58657.0, 2.545
0.3091056999983266, 381, 58657.0, 2.545
0.3950846000225283, 382, 58657.0, 2.545
0.3316874000011012, 383, 58657.0, 2.545
0.3655795999802649, 384, 58657.0, 2.545
0.33003549999557436, 385, 58657.0, 2.545
0.370888700010255, 386, 58657.0, 2.545
0.3684734999842476, 387, 58657.0, 2.545
0.3224768999789376, 388, 58657.0, 2.545
0.35826589999487624, 389, 58657.0, 2.545
0.3401416000269819, 390, 58657.0, 2.545
0.357468100002734, 391, 58657.0, 2.545
0.33596850000321865, 392, 58657.0, 2.545
0.36830729999928735, 393, 58657.0, 2.545
0.32808369997655973, 394, 58657.0, 2.545
0.31135449997964315, 395, 58657.0, 2.545
0.31665910000447184, 396, 58657.0, 2.545
0.34494120001909323, 397, 58657.0, 2.545
0.35056099999928847, 398, 58657.0, 2.545
0.33233839998138137, 399, 58657.0, 2.545
0.3066922000143677, 400, 58657.0, 2.545
0.4239472999761347, 401, 58657.0, 2.545
0.3659427000093274, 402, 58657.0, 2.545
0.31402809999417514, 403, 58657.0, 2.545
0.3483968999935314, 404, 58657.0, 2.545
0.36051270001917146, 405, 58657.0, 2.545
0.3638578999962192, 406, 58657.0, 2.545
0.3338260000164155, 407, 58657.0, 2.545
0.4224491000059061, 408, 58657.0, 2.545
0.31474729999899864, 409, 58657.0, 2.545
0.3440997999859974, 410, 58657.0, 2.545
0.3617288999957964, 411, 58642.0, 2.519
0.37930950001464225, 412, 58642.0, 2.519
0.3291738000116311, 413, 58642.0, 2.519
0.37551900002290495, 414, 58642.0, 2.519
0.3687404000083916, 415, 58642.0, 2.519
0.34124680000240915, 416, 58642.0, 2.519
0.3422077000141144, 417, 58640.0, 2.516
0.34426000001258217, 418, 58640.0, 2.516
0.3416068000078667, 419, 58640.0, 2.516
0.31695060001220554, 420, 58640.0, 2.516
0.3643325000011828, 421, 58640.0, 2.516
0.3306371999788098, 422, 58640.0, 2.516
0.317892600025516, 423, 58640.0, 2.516
0.322297200007597, 424, 58640.0, 2.516
0.35231149999890476, 425, 58640.0, 2.516
0.33194520001416095, 426, 58640.0, 2.516
0.33375260001048446, 427, 58640.0, 2.516
0.3901907000108622, 428, 58640.0, 2.516
0.3492213999852538, 429, 58640.0, 2.516
0.3756275000050664, 430, 58640.0, 2.516
0.3339887999754865, 431, 58640.0, 2.516
0.3733189000049606, 432, 58640.0, 2.516
0.31707449999521486, 433, 58640.0, 2.516
0.30798819998744875, 434, 58640.0, 2.516
0.2983345999964513, 435, 58640.0, 2.516
0.3378491000039503, 436, 58640.0, 2.516
0.29811159998644143, 437, 58640.0, 2.516
0.32626829997752793, 438, 58640.0, 2.516
0.3816901999816764, 439, 58640.0, 2.516
0.3182987999753095, 440, 58640.0, 2.516
0.4016412000055425, 441, 58640.0, 2.516
0.3512979999941308, 442, 58640.0, 2.516
0.29089259999454953, 443, 58640.0, 2.516
0.362915100005921, 444, 58640.0, 2.516
0.35332669998751953, 445, 58640.0, 2.516
0.37649019999662414, 446, 58640.0, 2.516
0.35556649998761714, 447, 58640.0, 2.516
0.331304999999702, 448, 58640.0, 2.516
0.3571869000152219, 449, 58640.0, 2.516
0.3512528999999631, 450, 58640.0, 2.516
0.34158300000126474, 451, 58640.0, 2.516
0.3034926999825984, 452, 58640.0, 2.516
0.36613580002449453, 453, 58640.0, 2.516
0.2979277999838814, 454, 58640.0, 2.516
0.3589653999952134, 455, 58640.0, 2.516
0.35551379999378696, 456, 58640.0, 2.516
0.3534384000231512, 457, 58640.0, 2.516
0.3414960000081919, 458, 58640.0, 2.516
0.35302900001988746, 459, 58640.0, 2.516
0.3776184000016656, 460, 58640.0, 2.516
0.3564988000143785, 461, 58640.0, 2.516
0.3626462999964133, 462, 58640.0, 2.516
0.3002231999998912, 463, 58640.0, 2.516
0.3620574999949895, 464, 58640.0, 2.516
0.3139571000065189, 465, 58640.0, 2.516
0.3400793999899179, 466, 58640.0, 2.516
0.3549903999955859, 467, 58640.0, 2.516

tour:
[1188 1187 1184 1619 1620 1621 1628 1627 1629 1632 1633 1636 1637 1640
 1641 1171 1642 1643 1639 1638 1635 1634 1631 1630 1626 1625 1624 1623
 1622 1185 1186 1618 1617 1616 1613 1615 1614 1612 1609 1610 1611 1601
 1600 1599 1602 1603 1604 1605 1606 1607 1608 1758 1759 1757 1560 1559
 1558 1760 1761 1762 1753 1754 1755 1756 1750 1751 1752 1740 1741 1742
 1743 1744 1745 1746 1747 1748 1749 1739 1738 1737 1736 1735 1734 1733
 1732 1731 1730 1729 1728 1727 1726 1725 1724 1719 1720 1721 1722 1723
 1718 1717 1716 1715 1714  199  200  201  202  203  153  152  151  154
  155  156  198  197  196  195  194  193  160  159  158  157  163  162
  161  190  191  192  186  187  188  189  164  165  166  168  167  185
  184  183  182  178  179  180  181  171  170  169  172  173  174  175
  176  177 1792 1793 1794 1795 1796 1797 1798 1799 1800 1801 1791 1790
 1789 1788 1765 1763 1766 1764 1771 1772 1770 1767 1769 1555 1556 1557
 1550 1552 1554 1768 1773 1553 1551 1548 1549 1561 1568 1569 1570 1571
 1572 1573 1574 1492 1493 1565 1566 1567 1562 1563 1564 1494 1495 1496
 1491 1575 1576 1577 1578 1579 1580 1581 1583 1584 1585 1589 1588 1587
 1586 1594 1593 1592 1591 1590 1582 1460 1221 1219 1220 1222 1223 1224
 1225 1227 1228 1229 1230 1231 1244 1245 1248 1247 1246 1232 1243 1242
 1241 1240 1239 1238 1237 1236 1235 1234 1233 1253 1252 1251 1203 1202
 1204 1250 1249 1218 1217 1216 1215 1214 1595 1596 1597 1598 1213 1212
 1211 1210 1209 1205 1206 1207 1208 1197 1198 1199 1200 1201 1254 1196
 1195 1194 1193 1191 1192 1268 1267 1266 1265 1264 1255 1256 1257 1258
 1259 1261 1260 1397 1398 1399 1400 1401 1392 1393 1394 1395 1396 1386
 1387 1383 1384 1385 1388 1389 1390 1391 1360 1359 1358 1346 1347 1357
 1356 1355 1354 1353 1352 1351 1350 1349 1348 1345 1344 1343 1369 1368
 1367 1366 1365 1364 1363 1362 1361 1378 1377 1376 1375 1374 1373 1372
 1371 1370 1332 1335 1334 1333 1316 1315 1314 1313 1312 1311 1306 1307
 1308 1309 1310 1317 1318 1319 1320 1323 1322 1321 1089 1090 1091 1094
 1093 1092 1305 1304 1303 1127 1128 1134 1135 1136 1141 1132 1133 1131
 1130 1129 1123 1124 1125 1126 1122 1121 1120 1119 1118 1098 1097 1096
 1095 1088 1104 1103 1102 1101 1100 1099 1117 1116 1115 1114 1113 1112
 1111 1110 1109 1108 1107 1106 1105  312  311  310  309  308  307  306
  305  304  295  293  291  290  288  289  292  294  297  296  299  298
  300  301  302  303  313  314  315  316  318  317  320  321  323  322
  324  325  327  326 1070 1071 1068 1067 1065 1066 1064 1063 1061 1062
 1059 1060 1058 1057  969  968  966  967  965  964  962  963  972  973
  982  983  984  985  988  989  990  979  980  981  978  977  976  975
  974  961  960  958  959  957  956  955  954  952  951  950  953  949
  948  947  936  937  938  939  940  941  942  943  935  944  945  946
  933  934  925  924  923  922  920  921  926  927  928  929  930  931
  908  932  907  906  905  903  904  902  901  899  900  897  898  895
  896  894  893  862  861  863  864  869  860  859  870  871  875  874
  887  888  889  890  891  892  876  877  878  879  880  881  882  883
  884  849  850  885  886  873  852  872  856  857  858  865  866  867
  868  909  910  911  912  913  914  915  916  917  853  854  855  845
  844  851  843  842  846  841  848  847  840  839  838  837  836  835
  825  826  827  828  829  830  831  823  824  832  833  834  814  815
  816  817  818  819  820  821  822  772  771  773  774  775  790  791
  792  793  794  813  812  811  810  809  808  795  796  797  798  807
  806  805  919  918  804  803  802  801  800  799  669  668  667  666
  665  664  663  658  659  660  661  662  670  671  672  674  673  653
  654  655  656  657 1005 1004 1003 1002 1001 1000  652  651  650  649
  648  646  647  645  644  643  642  641  640  639  638  637  630  631
  632  633  636  635  634  675  676  677  678  679  680  681  682  686
  688  685  687  683  684  693  695  697  696  694  782  781  780  779
  778  777  776  789  788  787  786  785  784  783  770  769  768  762
  763  764  765  766  759  760  761  767  751  752  753  750  754  755
  756  757  758  743  734  735  733  736  742  744  745  746  747  748
  749  739  740  741  738  737  732  728  729  712  711  713  730  731
  727  726  725  724  723  722  719  718  720  721  717  716  715  714
  601  600  599  598  597  596  595  565  566  567  568  569  570  573
  572  571  554  555  559  560  564  562  563  561  558  557  556  553
  517  518  519  552  551  550  547  546  545  544  543  537  538  539
  540  542  541  536  533  535  534  532  531  530  548  549  529  528
  523  524  522  527  520  521  526  525  515  516  514  512  511  513
  510  508  507  509  506  504  503  505  499  500  498  496  495  492
  491  488  487  486 1451  485  489  490  493  494  497  477  478  479
  480  484  483  482  481  476  475  470  474  473  501  502  472  471
  467  466  465  464  574  576  463  575  578  577  580  579  584  581
  583  582  594  585  586  587  588  459  460  461  462  457  458  589
  590  591  592  593  610  609  605  604  603  602  710  709  708  707
  606  607  608  701  702  703  704  705  706  698  699  700  692  691
  690  689  611  612  616  615  614  613  623  622  621  620  619  618
  617  629  628  627  626  625  624  430  429  428  427  426  425  424
 1013 1014 1010 1012 1011 1016 1017  999  998 1006  996  991  992  995
  994 1020  997 1007 1019 1008 1018 1015 1009 1027 1026 1025 1024 1023
 1022 1021  993  987  986 1039 1040 1041 1042 1043 1044  971  970 1045
 1046 1047 1048 1038 1037 1036 1049 1050 1051 1052 1053 1054 1055 1056
  343  344  345  346  347  348  349  354  355  353  352  351  350  342
  341  339  335  340  338  337 1069  336 1072  328  329  330  331  334
  333  332 1084 1083 1082 1081 1075 1074 1073  319 1076 1077 1078 1079
 1080 1086 1085 1087 1324 1325 1326 1327 1328 1329 1330 1331 1342 1341
 1340 1339 1338 1337 1336  356  357  358  359  363  362  361  360  386
  387  388  389  390  393  392  391  406  405  403  401  399  394  395
  397  396  385  384  381  380  370  369  364  365  366  367  368  371
  379  382  383  378  377  376  375  374  373  372 1035 1034 1033 1032
 1031 1030 1029 1028  412  413  414  415  416  417  418  423  422  421
  420  419  409  410  411  398  400  402  404  408  407  436  435  434
  433  432  431  437  438  439  440  441  442  443  446  445  444  452
  453  454  456  455  451  450  449  448  447 1407 1406 1405 1404 1403
 1402 1414 1413 1412 1411 1410 1409 1408 1420 1419 1418 1417 1416 1415
 1429 1430 1226 1431 1432 1433 1428 1427 1426 1422 1421  468 1425 1424
 1423 1434  469 1435 1436 1437 1438 1439 1440 1441 1442 1443 1444 1445
 1446 1457 1458 1459 1461 1462 1463 1464 1465 1466 1447 1456 1455 1450
 1452 1453 1449 1454 1448 1467 1468 1471 1469 1470 1472 1475 1473 1474
 1476 1477 1479 1478 1480 1482 1481 1483 1484 1485 1487 1486 1489 1488
 1490 1500 1501 1502 1503 1504 1499 1498 1497 1507 1508 1509 1510 1511
 1512 1513 1506 1505 1514 1515 1516 1518 1517 1519 1520 1521 1522 1526
 1525 1523 1524 1532 1533 1531 1530 1527 1528 1529 1545 1546 1544 1543
 1547 1537 1542 1541 1540 1539 1538 1535 1534 1536 1776 1774 1775 1778
 1780 1781 1783 1782 1784 1779 1777 1785 1786 1787 1802 1803 1804 1805
 1806 1809 1810 1807 1808    4 1811 1812 1813 1814 1815 1816    0    1
    2    3    5    6    7    8    9   10   11   12   13   14   15   16
   17   18   19   20   21   22   23   24   26   25   37   36   35   34
   33   27   28   29   30   31   32   48   47   46   38   39   40   42
   41   43   44   45   50   49   62   61   60   51   52   53   54   55
   56   57   58   59   63   68   69   67   66   65   64   70   71   72
   73   74   75   76   77   78   79   85   86   87   88   89   84   83
   82   80   81   90   93   94   95   96   97   98   99  100  101  102
  103   91   92  104  105  106  107  108  109  110  111  112  132  133
  228  229  230  231  232  240  233  234  235  236  237  238 1675 1679
 1680 1681 1682 1683 1684  226  227  225  224  134  135  136  137  138
  139  223  222  221  220  219  218  217  140  141  142  143  144  145
  213  214  215  216  209  210  211  212  146  147  148  149  150  204
  205  206  207  208 1711 1712 1713 1701 1702 1703 1704 1705 1706 1707
 1708 1709 1710 1700 1699 1698 1697 1696 1695 1694 1693 1692 1691 1690
 1689 1688 1685 1686 1687 1676 1677 1678 1644 1645 1646 1674 1673  239
  256  255  254  253  252  251  250  249  242  243  241  131  130  129
  128  127  114  115  113  116  117  118  119  120  122  121  123  124
  125  126  244  245  246  247  248  257  258  259  260  261  262  268
  269  270  271  272  281  282  283  284  285  286  287  279  280  278
  277  276  275  274  273  267  266  265  264  263 1671 1672 1670 1662
 1660 1659 1655 1654 1653 1656 1657 1658 1661 1663 1668 1669 1667 1664
 1665 1666 1150 1149 1151 1148 1146 1147 1145 1144 1152 1154 1153 1155
 1156 1157 1158 1163 1164 1166 1649 1651 1652 1647 1648 1650 1165 1167
 1162 1161 1160 1159 1143 1142 1137 1138 1139 1140 1298 1299 1300 1301
 1302 1379 1297 1296 1295 1294 1293 1292 1291 1290 1289 1288 1287 1278
 1279 1280 1281 1380 1381 1382 1282 1283 1284 1285 1262 1263 1269 1270
 1271 1272 1286 1277 1276 1275 1274 1273 1180 1178 1177 1174 1168 1169
 1170 1172 1173 1175 1176 1179 1181 1190 1189 1182 1183]

eliteFit: 58640.0
percentError: 2.5156902851348755
computationTime: 192.135s