instanceName: u1817
n: 1817
optFit: 57201

genTime, gen, eliteFit, percentError:
0.004865200025960803, 0, 2058349.0, 3498.449
2.4652572000049986, 1, 65273.0, 14.112
1.4432472999906167, 2, 64485.0, 12.734
1.383482000004733, 3, 63874.0, 11.666
1.362380199978361, 4, 63552.0, 11.103
1.3755568999913521, 5, 63023.0, 10.178
1.3354973000241444, 6, 62420.0, 9.124
1.3703635999991093, 7, 62320.0, 8.949
1.2719821999780834, 8, 62106.0, 8.575
1.2852964000194333, 9, 62024.0, 8.432
1.2671095000114292, 10, 61708.0, 7.879
1.2431011000007857, 11, 61708.0, 7.879
1.3584847999736667, 12, 61579.0, 7.654
1.3955289000004996, 13, 61579.0, 7.654
1.2840470999944955, 14, 61347.0, 7.248
1.229326900007436, 15, 61347.0, 7.248
1.2038418000156526, 16, 61258.0, 7.093
1.1523799000133295, 17, 61258.0, 7.093
1.3025591000041459, 18, 61113.0, 6.839
1.0722869000164792, 19, 60925.0, 6.510
1.1566634000046179, 20, 60882.0, 6.435
1.1979707999853417, 21, 60855.0, 6.388
1.18258630001219, 22, 60543.0, 5.843
1.2204799999890383, 23, 60519.0, 5.801
1.1690475999785122, 24, 60519.0, 5.801
1.1215318000176921, 25, 60483.0, 5.738
1.1146787000179756, 26, 60418.0, 5.624
0.9616976999968756, 27, 60383.0, 5.563
0.7603344999952242, 28, 60383.0, 5.563
0.6638366999977734, 29, 60211.0, 5.262
0.5649368999875151, 30, 60211.0, 5.262
0.5053699999989476, 31, 60187.0, 5.220
0.5305195999972057, 32, 60088.0, 5.047
0.4538704000005964, 33, 60028.0, 4.942
0.495000800001435, 34, 59964.0, 4.830
0.5585798999818508, 35, 59964.0, 4.830
0.47874590000719763, 36, 59938.0, 4.785
0.46802169998409227, 37, 59900.0, 4.718
0.4180452000000514, 38, 59900.0, 4.718
0.4659267000097316, 39, 59823.0, 4.584
0.4024772999982815, 40, 59813.0, 4.566
0.4209835999936331, 41, 59773.0, 4.496
0.4480003999779001, 42, 59773.0, 4.496
0.39556330000050366, 43, 59710.0, 4.386
0.32291089999489486, 44, 59710.0, 4.386
0.3468029999930877, 45, 59710.0, 4.386
0.34525730001041666, 46, 59710.0, 4.386
0.38024540001060814, 47, 59710.0, 4.386
0.40543360001174733, 48, 59710.0, 4.386
0.3817671000142582, 49, 59710.0, 4.386
0.32773160000215285, 50, 59710.0, 4.386
0.35650739999255165, 51, 59710.0, 4.386
0.3494334999995772, 52, 59638.0, 4.260
0.32529569999314845, 53, 59638.0, 4.260
0.3627536999993026, 54, 59638.0, 4.260
0.34828720000223257, 55, 59638.0, 4.260
0.3354921000136528, 56, 59638.0, 4.260
0.3476563000003807, 57, 59638.0, 4.260
0.3617074999783654, 58, 59638.0, 4.260
0.41016749999835156, 59, 59638.0, 4.260
0.32093420001911, 60, 59638.0, 4.260
0.32209219998912886, 61, 59638.0, 4.260
0.38412659999448806, 62, 59638.0, 4.260
0.31072440001298673, 63, 59638.0, 4.260
0.3378337000031024, 64, 59638.0, 4.260
0.35294749998138286, 65, 59545.0, 4.098
0.3704342999844812, 66, 59545.0, 4.098
0.41310320000047795, 67, 59545.0, 4.098
0.5436175999930128, 68, 59475.0, 3.975
0.7325303999823518, 69, 59475.0, 3.975
0.6921127999958117, 70, 59423.0, 3.885
0.6069696000195108, 71, 59387.0, 3.822
0.5364054999954533, 72, 59347.0, 3.752
0.4289287999854423, 73, 59291.0, 3.654
0.3833599000063259, 74, 59259.0, 3.598
0.32514449997688644, 75, 59258.0, 3.596
0.40351380000356585, 76, 59254.0, 3.589
0.3353328999946825, 77, 59254.0, 3.589
0.3884261999919545, 78, 59237.0, 3.559
0.36531120000290684, 79, 59236.0, 3.558
0.3997129999916069, 80, 59236.0, 3.558
0.31061469999258406, 81, 59236.0, 3.558
0.40108200002578087, 82, 59236.0, 3.558
0.333006300003035, 83, 59236.0, 3.558
0.377520000009099, 84, 59236.0, 3.558
0.37972609998541884, 85, 59236.0, 3.558
0.2993776999937836, 86, 59236.0, 3.558
0.36514129998977296, 87, 59236.0, 3.558
0.3307840999914333, 88, 59236.0, 3.558
0.3179822999809403, 89, 59236.0, 3.558
0.34793550000176765, 90, 59236.0, 3.558
0.31034399999771267, 91, 59236.0, 3.558
0.35351640000590123, 92, 59236.0, 3.558
0.3692169999994803, 93, 59190.0, 3.477
0.4939066999941133, 94, 59190.0, 3.477
0.6835745999997016, 95, 59190.0, 3.477
0.7445466000062879, 96, 59158.0, 3.421
0.44951760000549257, 97, 59155.0, 3.416
0.38467659999150783, 98, 59148.0, 3.404
0.3744901000172831, 99, 59127.0, 3.367
0.3708908000262454, 100, 59123.0, 3.360
0.3758183000027202, 101, 59097.0, 3.315
0.4013867999892682, 102, 59097.0, 3.315
0.4126968000200577, 103, 59097.0, 3.315
0.31249229999957606, 104, 59097.0, 3.315
0.34194769998430274, 105, 59097.0, 3.315
0.3712505000003148, 106, 59097.0, 3.315
0.34428360001766123, 107, 59097.0, 3.315
0.39113909998559393, 108, 59097.0, 3.315
0.30937500001164153, 109, 59097.0, 3.315
0.3699313999968581, 110, 59097.0, 3.315
0.3546298000146635, 111, 59097.0, 3.315
0.325164500012761, 112, 59097.0, 3.315
0.3718663000036031, 113, 59097.0, 3.315
0.3741102000058163, 114, 59097.0, 3.315
0.3340215000207536, 115, 59097.0, 3.315
0.3657283000065945, 116, 59097.0, 3.315
0.3937246999994386, 117, 59097.0, 3.315
0.30816220000269823, 118, 59097.0, 3.315
0.3518727000046056, 119, 59097.0, 3.315
0.35098430002108216, 120, 59097.0, 3.315
0.3584872999927029, 121, 59097.0, 3.315
0.33048649999545887, 122, 59083.0, 3.290
0.3530341000005137, 123, 59083.0, 3.290
0.32183010000153445, 124, 59083.0, 3.290
0.3314327000116464, 125, 59083.0, 3.290
0.36213550000684336, 126, 59083.0, 3.290
0.323100700014038, 127, 59083.0, 3.290
0.3462803000002168, 128, 59083.0, 3.290
0.36595910001778975, 129, 59083.0, 3.290
0.3086374999838881, 130, 59083.0, 3.290
0.33194340000045486, 131, 59083.0, 3.290
0.356988099985756, 132, 59083.0, 3.290
0.34056059998692945, 133, 59083.0, 3.290
0.39551380000193603, 134, 59083.0, 3.290
0.3318104000063613, 135, 59083.0, 3.290
0.4116234999964945, 136, 59083.0, 3.290
0.3476805000100285, 137, 59083.0, 3.290
0.3571920999966096, 138, 59083.0, 3.290
0.36500329998671077, 139, 59083.0, 3.290
0.36493790001259185, 140, 59083.0, 3.290
0.3452603000041563, 141, 59083.0, 3.290
0.36343250001664273, 142, 59077.0, 3.280
0.3490060000040103, 143, 59077.0, 3.280
0.35606550000375137, 144, 59061.0, 3.252
0.35589219999383204, 145, 59061.0, 3.252
0.3903897999844048, 146, 59061.0, 3.252
0.3873202999820933, 147, 59061.0, 3.252
0.3270046000252478, 148, 59061.0, 3.252
0.3478866000077687, 149, 59061.0, 3.252
0.31094940000912175, 150, 59061.0, 3.252
0.3874950000026729, 151, 59061.0, 3.252
0.35911650001071393, 152, 59061.0, 3.252
0.3185739000036847, 153, 59061.0, 3.252
0.36135369999101385, 154, 59061.0, 3.252
0.38077289998182096, 155, 59061.0, 3.252
0.3736845999956131, 156, 59061.0, 3.252
0.3245374000107404, 157, 59061.0, 3.252
0.3357205000065733, 158, 59061.0, 3.252
0.3774913999950513, 159, 59048.0, 3.229
0.3443346999993082, 160, 59048.0, 3.229
0.3892475999891758, 161, 59048.0, 3.229
0.4099988999951165, 162, 59048.0, 3.229
0.31099129997892305, 163, 59048.0, 3.229
0.341663500003051, 164, 59048.0, 3.229
0.3430641999875661, 165, 59048.0, 3.229
0.3587608000088949, 166, 59048.0, 3.229
0.3871954000205733, 167, 59048.0, 3.229
0.3518865999940317, 168, 59048.0, 3.229
0.3488452000019606, 169, 59048.0, 3.229
0.35976220000884496, 170, 59048.0, 3.229
0.2988645000150427, 171, 59048.0, 3.229
0.3916775999823585, 172, 58980.0, 3.110
0.4041076999856159, 173, 58980.0, 3.110
0.4948713000048883, 174, 58980.0, 3.110
0.6830085999972653, 175, 58957.0, 3.070
0.6761131000239402, 176, 58957.0, 3.070
0.37879260000772774, 177, 58957.0, 3.070
0.38245889998506755, 178, 58957.0, 3.070
0.33318729998427443, 179, 58957.0, 3.070
0.3710127999947872, 180, 58957.0, 3.070
0.2948261999990791, 181, 58957.0, 3.070
0.35865300000295974, 182, 58957.0, 3.070
0.3304894999891985, 183, 58957.0, 3.070
0.38576209999155253, 184, 58957.0, 3.070
0.3447718000097666, 185, 58957.0, 3.070
0.36298549998900853, 186, 58957.0, 3.070
0.33714240000699647, 187, 58942.0, 3.044
0.3918380000104662, 188, 58942.0, 3.044
0.38043150000157766, 189, 58942.0, 3.044
0.38300689999596216, 190, 58937.0, 3.035
0.33816710000974126, 191, 58937.0, 3.035
0.34364669999922626, 192, 58925.0, 3.014
0.27850190000026487, 193, 58920.0, 3.005
0.43633470000349917, 194, 58920.0, 3.005
0.3130546000029426, 195, 58918.0, 3.002
0.3921408999885898, 196, 58918.0, 3.002
0.31606399998418055, 197, 58918.0, 3.002
0.3666104999720119, 198, 58918.0, 3.002
0.32721369998762384, 199, 58918.0, 3.002
0.31464920000871643, 200, 58918.0, 3.002
0.37179330000071786, 201, 58918.0, 3.002
0.3720854999846779, 202, 58918.0, 3.002
0.358551700017415, 203, 58918.0, 3.002
0.28805619999184273, 204, 58918.0, 3.002
0.3420512000157032, 205, 58918.0, 3.002
0.3342664999945555, 206, 58918.0, 3.002
0.30960639999830164, 207, 58918.0, 3.002
0.33574419998330995, 208, 58918.0, 3.002
0.34613469999749213, 209, 58918.0, 3.002
0.31567829998675734, 210, 58901.0, 2.972
0.3248602999956347, 211, 58901.0, 2.972
0.31150899999192916, 212, 58901.0, 2.972
0.3116446000058204, 213, 58901.0, 2.972
0.31514059999608435, 214, 58901.0, 2.972
0.37937239999882877, 215, 58901.0, 2.972
0.3821789999783505, 216, 58901.0, 2.972
0.34493779999320395, 217, 58901.0, 2.972
0.3999265999882482, 218, 58901.0, 2.972
0.3374990999873262, 219, 58901.0, 2.972
0.32568609999725595, 220, 58901.0, 2.972
0.3320780000067316, 221, 58901.0, 2.972
0.3876835999835748, 222, 58901.0, 2.972
0.3129102000093553, 223, 58901.0, 2.972
0.3202039999887347, 224, 58901.0, 2.972
0.3196192999894265, 225, 58884.0, 2.942
0.31123809999553487, 226, 58884.0, 2.942
0.4080355000041891, 227, 58884.0, 2.942
0.39782079998985864, 228, 58884.0, 2.942
0.40762240000185557, 229, 58884.0, 2.942
0.34515989999636076, 230, 58884.0, 2.942
0.36371919998782687, 231, 58884.0, 2.942
0.3876542000216432, 232, 58884.0, 2.942
0.359904099983396, 233, 58884.0, 2.942
0.37043049998464994, 234, 58879.0, 2.934
0.4326748999883421, 235, 58879.0, 2.934
0.45071309999912046, 236, 58879.0, 2.934
0.40135600001667626, 237, 58865.0, 2.909
0.3700417999934871, 238, 58865.0, 2.909
0.3524409999954514, 239, 58865.0, 2.909
0.3175919000059366, 240, 58865.0, 2.909
0.3640118000039365, 241, 58865.0, 2.909
0.34319900002446957, 242, 58865.0, 2.909
0.3597194000030868, 243, 58857.0, 2.895
0.32980550001957454, 244, 58857.0, 2.895
0.41014299998641945, 245, 58857.0, 2.895
0.30090829997789115, 246, 58857.0, 2.895
0.32137370001873933, 247, 58857.0, 2.895
0.41072470002109185, 248, 58857.0, 2.895
0.3267453000007663, 249, 58857.0, 2.895
0.31830579999950714, 250, 58857.0, 2.895
0.3287582999910228, 251, 58857.0, 2.895
0.3829247000103351, 252, 58857.0, 2.895
0.3961315000196919, 253, 58857.0, 2.895
0.3324379999830853, 254, 58857.0, 2.895
0.32075780001468956, 255, 58857.0, 2.895
0.32248480000998825, 256, 58857.0, 2.895
0.3526123999909032, 257, 58857.0, 2.895
0.3624176999728661, 258, 58851.0, 2.885
0.42079800000647083, 259, 58851.0, 2.885
0.35844330000691116, 260, 58789.0, 2.776
0.3341671999951359, 261, 58789.0, 2.776
0.38410719999228604, 262, 58789.0, 2.776
0.40924969999468885, 263, 58789.0, 2.776
0.34734460001345724, 264, 58789.0, 2.776
0.4255575000133831, 265, 58789.0, 2.776
0.3619005000218749, 266, 58789.0, 2.776
0.32954430000972934, 267, 58772.0, 2.746
0.3896845999988727, 268, 58757.0, 2.720
0.3771742999961134, 269, 58757.0, 2.720
0.3797770999954082, 270, 58757.0, 2.720
0.33066649999818765, 271, 58757.0, 2.720
0.3400948999915272, 272, 58757.0, 2.720
0.355779600009555, 273, 58757.0, 2.720
0.31145310000283644, 274, 58757.0, 2.720
0.3596735000028275, 275, 58757.0, 2.720
0.35868289999780245, 276, 58757.0, 2.720
0.3296969000075478, 277, 58757.0, 2.720
0.39344340001116507, 278, 58757.0, 2.720
0.34161740000126883, 279, 58719.0, 2.654
0.36117460002424195, 280, 58719.0, 2.654
0.38717450000694953, 281, 58665.0, 2.559
0.3198436000093352, 282, 58665.0, 2.559
0.38055180001538247, 283, 58665.0, 2.559
0.3060159000160638, 284, 58665.0, 2.559
0.3564284000021871, 285, 58665.0, 2.559
0.3404852000239771, 286, 58665.0, 2.559
0.37245170000824146, 287, 58665.0, 2.559
0.34147309997933917, 288, 58665.0, 2.559
0.41707129997666925, 289, 58665.0, 2.559
0.35888509999495, 290, 58665.0, 2.559
0.3377244000148494, 291, 58665.0, 2.559
0.347783300006995, 292, 58665.0, 2.559
0.3797951999877114, 293, 58665.0, 2.559
0.36093980001169257, 294, 58665.0, 2.559
0.27689020000980236, 295, 58665.0, 2.559
0.3111182000138797, 296, 58665.0, 2.559
0.39276100002462044, 297, 58665.0, 2.559
0.35236379998968914, 298, 58665.0, 2.559
0.3022943999967538, 299, 58654.0, 2.540
0.3090134000231046, 300, 58654.0, 2.540
0.3106473000079859, 301, 58654.0, 2.540
0.39220360000035726, 302, 58654.0, 2.540
0.3899680000031367, 303, 58654.0, 2.540
0.3444337999972049, 304, 58654.0, 2.540
0.33441020001191646, 305, 58654.0, 2.540
0.3740245000226423, 306, 58654.0, 2.540
0.3733747999940533, 307, 58654.0, 2.540
0.3644446000107564, 308, 58654.0, 2.540
0.31894339999416843, 309, 58654.0, 2.540
0.34394089999841526, 310, 58654.0, 2.540
0.27677870000479743, 311, 58654.0, 2.540
0.3428013000229839, 312, 58654.0, 2.540
0.333347900013905, 313, 58654.0, 2.540
0.26829540001926944, 314, 58654.0, 2.540
0.3573605999990832, 315, 58654.0, 2.540
0.3636965000187047, 316, 58654.0, 2.540
0.3665159000083804, 317, 58654.0, 2.540
0.35454359999857843, 318, 58654.0, 2.540
0.33367990000988357, 319, 58654.0, 2.540
0.3212657000112813, 320, 58654.0, 2.540
0.2990812999778427, 321, 58654.0, 2.540
0.3783727000118233, 322, 58654.0, 2.540
0.3766168000001926, 323, 58654.0, 2.540
0.3877134000067599, 324, 58654.0, 2.540
0.34800100000575185, 325, 58654.0, 2.540
0.346235400007572, 326, 58654.0, 2.540
0.39876570002525114, 327, 58654.0, 2.540
0.3512300000002142, 328, 58654.0, 2.540
0.36926440001116134, 329, 58654.0, 2.540
0.35271810000995174, 330, 58654.0, 2.540
0.3811938999861013, 331, 58654.0, 2.540
0.33144420001190156, 332, 58654.0, 2.540
0.3688615999999456, 333, 58654.0, 2.540
0.3214882999891415, 334, 58654.0, 2.540
0.3790482000040356, 335, 58654.0, 2.540
0.3336694999889005, 336, 58654.0, 2.540
0.33922190000885166, 337, 58654.0, 2.540
0.32798440000624396, 338, 58654.0, 2.540
0.3601820000039879, 339, 58654.0, 2.540
0.3597185999969952, 340, 58654.0, 2.540
0.34572160002426244, 341, 58654.0, 2.540
0.3330351000186056, 342, 58654.0, 2.540
0.3596959999995306, 343, 58654.0, 2.540
0.3857187999819871, 344, 58654.0, 2.540
0.3659339000005275, 345, 58654.0, 2.540
0.3744355000089854, 346, 58654.0, 2.540
0.34073769999668, 347, 58654.0, 2.540
0.3221878999902401, 348, 58654.0, 2.540
0.35557390001486056, 349, 58654.0, 2.540

tour:
[1134 1135 1136 1141 1142 1143 1132 1133 1131 1130 1129 1123 1124 1125
 1126 1122 1121 1120 1115 1116 1117 1099 1100 1101 1102 1103 1104 1105
 1106 1107 1108 1109 1110 1111 1112 1113 1114  304  305  306  307  308
  309  310  311  312  319 1076 1077 1078 1079 1080 1086 1085 1087 1088
 1095 1096 1097 1098 1118 1119 1092 1093 1094 1091 1090 1089 1321 1322
 1323 1324 1325 1326 1327 1328 1329 1330 1331 1332 1370 1371 1372 1373
 1374 1375 1376 1377 1378 1361 1362 1363 1364 1365 1366 1367 1368 1369
 1358 1359 1360 1391 1390 1389 1392 1393 1394 1395 1396 1386 1388 1385
 1384 1383 1387 1259 1261 1260 1397 1398 1399 1400 1401 1355 1356 1357
 1347 1346 1345 1344 1343 1348 1349 1350 1351 1352 1353 1354  391  392
  393  390  389  388  387  386  395  394  399  401  403  405  406  407
  408  404  402  400  398  397  396  383  385  384  382  379  381  380
  371  368  370  369  367  366  365  364  358  359  363  362  361  360
 1342 1341 1340 1339 1338 1337 1336  357  356 1084 1083 1082 1081 1075
 1074 1073 1072  328  329  330  331  334  333  332  355  352  351  341
  339  335  336 1069  337  338  340  342  350  353  354  349  348  347
  346  345  344  343 1056 1055 1054 1053 1052 1051 1050 1049 1035  372
  373  374  375  376  377  378 1028 1029 1030 1031 1032 1033 1034 1021
 1022 1023 1024 1025 1026 1027 1013 1014 1009 1008 1018 1015 1010 1012
  648  649  650 1011 1016 1017  999  998 1007 1019 1020  997 1006  996
  991  992  995  994  993  987  986 1036 1037 1038 1048 1047 1046 1045
  970  971 1044 1043 1042 1041 1040 1039  988  985  984  983  982  973
  972  974  975  976  977  978  981  980  979  989  990 1005 1004 1003
 1002 1001 1000  652  651  674  673  653  654  655  656  657  658  659
  660  661  662  670  671  672  669  668  667  666  665  664  663  922
  923  924  925  934  933  932  907  908  931  930  929  928  927  926
  921  920  919  918  804  803  802  801  800  799  795  796  797  798
  807  806  805  808  809  810  811  812  813  794  793  792  791  790
  775  774  773  770  771  772  822  821  820  819  818  817  816  815
  814  837  836  835  834  833  832  824  823  831  830  829  828  827
  826  825  884  883  882  881  880  879  878  877  876  891  890  889
  888  887  886  885  850  849  848  847  838  839  840  841  846  842
  843  845  851  844  852  873  874  875  859  860  861  864  869  870
  871  872  858  857  856  855  854  853  917  916  915  914  913  912
  911  910  909  865  866  867  868  863  862  892  893  894  895  896
  897  898  899  900  902  901  903  904  906  905  950  951  952  953
  949  948  947  946  945  944  935  943  942  941  940  939  938  937
  936  959  957  954  955  956  958  960  961  963  962  964  965  967
  966  968  969 1057 1058 1060 1059 1062 1061 1063 1064 1066 1065 1067
 1068 1071 1070  326  327  325  324  322  323  320  321  318  317  315
  316  314  313  303  302  300  301  299  298  297  296  294  295  293
  292  289  291  290  288  287  286  285  284  283  282  281  272  271
  270  269  268  262  261  260  259  258  257  248  247  246  245  244
  126  125  124  123  121  122  120  119  118  117  116  113  115  114
  127  128  129  130  131  241  243  242  249  250  251  252  253  254
  256  255  263  264  265  266  267  273  274  275  276  277  278  280
  279 1146 1148 1149 1151 1147 1145 1144 1152 1154 1153 1155 1156 1157
 1158 1159 1160 1161 1162 1163 1164 1167 1165 1650 1166 1649 1651 1652
 1653 1647 1648 1639 1638 1635 1634 1631 1630 1626 1625 1624 1623 1622
 1185 1620 1621 1628 1627 1629 1632 1633 1636 1637 1640 1643 1642 1641
 1171 1170 1169 1172 1173 1168 1174 1177 1175 1176 1178 1180 1179 1181
 1190 1189 1182 1183 1188 1187 1184 1619 1186 1618 1617 1616 1613 1615
 1614 1612 1609 1610 1611 1601 1600 1599 1602 1603 1604 1605 1606 1607
 1608 1569 1570 1571 1572 1573 1574 1492 1493 1565 1566 1567 1568 1561
 1562 1563 1564 1494 1495 1496 1491 1499 1498 1497 1507 1508 1509 1510
 1511 1549 1548 1551 1552 1550 1557 1556 1555 1554 1553 1773 1772 1771
 1788 1789 1790 1791 1801 1800 1799 1798 1797 1796 1795 1794 1793 1792
 1763 1765 1764 1770 1768 1769 1767 1766 1762 1761 1760 1558 1559 1560
 1758 1759 1757 1756 1755 1754 1753  177  176  175  174  173  172  169
  170  171  181  180  179  178  182  183  184  185  167  168  166  165
  164  189  188  187  186 1749 1750 1751 1752 1740 1741 1742 1743 1744
 1745 1746 1747 1748 1739 1738 1737 1736 1735 1734 1733 1732 1731 1730
 1729 1728 1727 1726 1725 1724 1719 1720 1721 1722 1723 1718 1717 1716
 1715 1714  199  200  196  197  198  156  155  159  160  193  194  195
  192  191  190  161  162  163  158  157  154  151  152  153  203  202
  201  206  205  204  150  149  148  147  146  212  211  210  209  207
  208 1711 1712 1713 1701 1702 1703 1704 1705 1706 1707 1708 1709 1710
  216  215  214  213  145  144  143  142  141  140  217  218  219  220
  221  222  223  139  138  137  136  135  134  224  225  227  226 1684
 1683 1682 1681 1680 1679 1675 1678 1677 1676 1687 1686 1685 1692 1691
 1690 1689 1688 1700 1699 1698 1697 1696 1695 1693 1694 1644 1645 1646
 1674 1673 1659 1655 1654 1656 1657 1658 1661 1660 1662 1663 1664 1665
 1150 1666 1667 1669 1668 1670 1672 1671  239  238  237  236  235  234
  233  240  232  231  230  229  228  133  132  112  111  104  105  106
  107  108  109  110   98   99  100  101  102  103   91   92   90   93
   94   95   96   97   88   89   84   83   82   80   81   77   78   79
   85   86   87   70   71   72   73   74   75   76   68   69   67   66
   65   64   63   59   58   57   56   55   54   53   52   51   60   61
   62   49   50   45   44   43   41   42   40   39   38   46   47   48
   31   32   33   34   35   36   37   25   26   27   28   29   30   18
   19   20   21   22   23   24   12   13   14   15   16   17    6    2
    1    7    8    9   10   11    0 1816 1815 1814 1813 1812 1811    3
    5    4 1808 1807 1810 1809 1806 1805 1804 1803 1802 1787 1786 1785
 1777 1779 1784 1782 1783 1781 1780 1778 1775 1774 1776 1536 1534 1535
 1538 1539 1540 1541 1542 1537 1543 1547 1546 1545 1529 1528 1527 1530
 1531 1544 1533 1532 1524 1523 1525 1522 1526 1521 1520 1519 1517 1512
 1518 1516 1513 1506 1515 1514 1505 1504 1503 1502 1501 1500 1490 1488
 1489 1486 1487 1485 1484 1483 1481 1482 1480 1478 1479 1477 1476 1474
 1473 1475 1472 1470 1469 1471 1468 1467 1448 1454 1449 1453 1452 1450
 1451  485  486  487  489  484  483  482  480  479  481  476  478  477
  475  470  474  473  471  472  501  502  506  503  500  498  497  494
  493  490  488  491  492  495  496  499  505  504  507  509  510  508
  511  513  514  512  515  525  524  526  516  517  518  519  552  520
  521  522  523  528  529  527  549  551  550  548  530  531  532  534
  546  547  545  544  543  537  542  541  535  533  536  540  539  538
  718  719  720  721  717  716  715  714  713  711  712  730  729  728
  731  727  732  725  726  722  724  723  733  735  734  736  737  738
  741  740  739  749  748  747  746  745  744  742  743  758  757  756
  755  754  750  753  752  751  767  761  760  759  766  765  764  763
  762  768  769  783  784  785  786  787  788  789  776  777  778  779
  780  781  782  682  681  680  679  678  677  676  675  634  635  636
  633  632  631  630  686  688  685  687  683  684  693  694  696  697
  695  698  699  700  692  691  690  689  701  702  703  704  705  706
  708  707  606  607  608  609  610  605  604  603  602  710  709  601
  600  599  598  597  596  595  583  582  584  581  580  579  578  577
  568  567  566  565  562  563  561  564  560  558  557  559  555  556
  553  554  571  572  573  570  569  574  576  575  463  464  465  466
  467  462  461  460  459  588  587  586  585  594  593  592  591  590
  589  458  457  613  614  615  616  612  611  617  618  619  620  621
  622  623  624  625  626  627  628  629  637  638  639  640  641  642
  643  644  645  647  646  424  425  426  427  428  429  430  423  418
  417  416  415  414  413  412  411  410  409  419  420  421  422  436
  435  434  433  432  431  437  438  439  440  441  442  443  446  445
  444  452  453  454  456  455  451  450  449  448  447 1407 1406 1405
 1404 1403 1402 1239 1238 1237 1236 1235 1234 1233 1246 1247 1248 1245
 1219 1220 1221 1222 1223 1224 1225 1227 1228 1229 1230 1231 1244 1232
 1243 1242 1241 1240 1414 1413 1412 1411 1410 1409 1408 1420 1419 1418
 1417 1416 1415 1426 1427 1428 1429 1430 1226 1431 1432 1433 1434 1423
 1424 1425 1422 1421  468  469 1435 1436 1437 1438 1439 1440 1441 1442
 1443 1444 1445 1455 1456 1447 1466 1465 1464 1463 1462 1446 1457 1458
 1459 1461 1460 1581 1580 1579 1578 1577 1576 1575 1588 1589 1585 1584
 1583 1582 1590 1591 1592 1593 1594 1586 1587 1598 1597 1596 1595 1214
 1215 1213 1212 1211 1210 1209 1216 1217 1218 1249 1250 1204 1205 1206
 1207 1208 1197 1198 1199 1200 1201 1202 1203 1251 1252 1253 1258 1257
 1256 1255 1254 1196 1195 1194 1193 1191 1192 1268 1267 1266 1265 1264
 1262 1263 1269 1270 1271 1272 1273 1274 1275 1276 1277 1286 1285 1284
 1283 1282 1281 1380 1381 1382 1379 1297 1296 1295 1294 1293 1280 1279
 1278 1287 1288 1289 1290 1291 1292 1137 1138 1139 1140 1298 1299 1300
 1301 1302 1311 1312 1313 1314 1315 1316 1333 1334 1335 1320 1319 1318
 1317 1310 1309 1308 1307 1306 1305 1304 1303 1127 1128]

eliteFit: 58654.0
percentError: 2.540165381724096
computationTime: 154.694s