instanceName: d1655
n: 1655
optFit: 62128

genTime, gen, eliteFit, percentError:
0.001869200001237914, 0, 2099897.0, 3279.953
1.9482606999954442, 1, 69238.0, 11.444
1.1972283000068273, 2, 69046.0, 11.135
1.0465216000011424, 3, 68192.0, 9.760
1.0899177999963285, 4, 67829.0, 9.176
1.126621300005354, 5, 67062.0, 7.942
1.0801458999922033, 6, 66675.0, 7.319
1.088125399997807, 7, 66675.0, 7.319
1.058842200000072, 8, 66341.0, 6.781
1.010415099997772, 9, 66341.0, 6.781
1.0209433999989415, 10, 66341.0, 6.781
0.9561524000018835, 11, 66036.0, 6.290
0.731660000004922, 12, 65875.0, 6.031
0.8574136999959592, 13, 65777.0, 5.873
0.9924057999887737, 14, 65565.0, 5.532
1.0706586000014795, 15, 65434.0, 5.321
0.8789594999980181, 16, 65247.0, 5.020
0.9512801000091713, 17, 65247.0, 5.020
0.8985428000014508, 18, 65247.0, 5.020
0.8138842999906046, 19, 65078.0, 4.748
0.6554067999968538, 20, 65078.0, 4.748
0.4820283000008203, 21, 65078.0, 4.748
0.3781738000106998, 22, 64847.0, 4.376
0.4110956999938935, 23, 64847.0, 4.376
0.4131945999979507, 24, 64826.0, 4.343
0.3233741000003647, 25, 64774.0, 4.259
0.35684500000206754, 26, 64644.0, 4.050
0.3962598999933107, 27, 64644.0, 4.050
0.40053500000794884, 28, 64580.0, 3.947
0.37477249999938067, 29, 64533.0, 3.871
0.4071884000004502, 30, 64487.0, 3.797
0.36192470000241883, 31, 64487.0, 3.797
0.3774490999931004, 32, 64466.0, 3.763
0.2766988999937894, 33, 64442.0, 3.725
0.3306273000052897, 34, 64422.0, 3.692
0.37110639999445993, 35, 64388.0, 3.638
0.3625727000035113, 36, 64379.0, 3.623
0.3179726000089431, 37, 64356.0, 3.586
0.35755680000875145, 38, 64354.0, 3.583
0.35972079999919515, 39, 64354.0, 3.583
0.3384742000052938, 40, 64316.0, 3.522
0.3842473999975482, 41, 64302.0, 3.499
0.3636121000017738, 42, 64302.0, 3.499
0.31175120000261813, 43, 64255.0, 3.424
0.3285875000001397, 44, 64241.0, 3.401
0.3110416000126861, 45, 64241.0, 3.401
0.34971159999258816, 46, 64205.0, 3.343
0.28863489998911973, 47, 64200.0, 3.335
0.30639540000993293, 48, 64164.0, 3.277
0.24935320000804495, 49, 64157.0, 3.266
0.2669573000021046, 50, 64119.0, 3.205
0.344083199990564, 51, 64071.0, 3.127
0.33030000000144355, 52, 64071.0, 3.127
0.3218410999979824, 53, 64063.0, 3.115
0.2665008000039961, 54, 64063.0, 3.115
0.2900854000035906, 55, 64063.0, 3.115
0.2548108000046341, 56, 64063.0, 3.115
0.2521013999939896, 57, 64063.0, 3.115
0.2780692999949679, 58, 64063.0, 3.115
0.24998900000355206, 59, 64063.0, 3.115
0.29778880000230856, 60, 64063.0, 3.115
0.28920490000746213, 61, 64057.0, 3.105
0.2709852999978466, 62, 64053.0, 3.098
0.24351150001166388, 63, 64039.0, 3.076
0.32005389999540057, 64, 64039.0, 3.076
0.24480559999938123, 65, 64039.0, 3.076
0.2876257999887457, 66, 64039.0, 3.076
0.269456000009086, 67, 64039.0, 3.076
0.29323870000371244, 68, 64039.0, 3.076
0.2648964999971213, 69, 64039.0, 3.076
0.35382029999163933, 70, 64039.0, 3.076
0.2785546999948565, 71, 64039.0, 3.076
0.28418660000897944, 72, 64038.0, 3.074
0.27549299999373034, 73, 64027.0, 3.057
0.297437400004128, 74, 64012.0, 3.032
0.30611530000169296, 75, 64001.0, 3.015
0.312522699998226, 76, 64001.0, 3.015
0.30947849999938626, 77, 63987.0, 2.992
0.3133308999967994, 78, 63987.0, 2.992
0.2564711000013631, 79, 63987.0, 2.992
0.31886849999136757, 80, 63987.0, 2.992
0.33132840000325814, 81, 63980.0, 2.981
0.28260510000109207, 82, 63980.0, 2.981
0.27286710000771564, 83, 63972.0, 2.968
0.29122060000372585, 84, 63964.0, 2.955
0.30351040000095963, 85, 63964.0, 2.955
0.29875700001139194, 86, 63948.0, 2.929
0.24756040000647772, 87, 63940.0, 2.917
0.3117701000010129, 88, 63938.0, 2.913
0.2708922000019811, 89, 63915.0, 2.876
0.322910500006401, 90, 63913.0, 2.873
0.35593570000492036, 91, 63889.0, 2.834
0.316941000011866, 92, 63889.0, 2.834
0.28091879999556113, 93, 63889.0, 2.834
0.32972999999765307, 94, 63889.0, 2.834
0.2921031000005314, 95, 63889.0, 2.834
0.25900890000048093, 96, 63889.0, 2.834
0.25958430000173394, 97, 63889.0, 2.834
0.30657390000123996, 98, 63853.0, 2.777
0.27777939999941736, 99, 63853.0, 2.777
0.2819837999995798, 100, 63851.0, 2.773
0.29453929999726824, 101, 63851.0, 2.773
0.30800839999574237, 102, 63851.0, 2.773
0.29648059999453835, 103, 63851.0, 2.773
0.2545265999942785, 104, 63851.0, 2.773
0.2499584000033792, 105, 63851.0, 2.773
0.2399176000035368, 106, 63851.0, 2.773
0.26455400000850204, 107, 63851.0, 2.773
0.27117080001335125, 108, 63851.0, 2.773
0.3100942000019131, 109, 63851.0, 2.773
0.2441573999967659, 110, 63851.0, 2.773
0.3036190999991959, 111, 63851.0, 2.773
0.278098199996748, 112, 63851.0, 2.773
0.2548355999897467, 113, 63851.0, 2.773
0.25786800000059884, 114, 63851.0, 2.773
0.2720755000045756, 115, 63851.0, 2.773
0.26357399999687914, 116, 63846.0, 2.765
0.2755491999996593, 117, 63813.0, 2.712
0.3154784000071231, 118, 63813.0, 2.712
0.27646350000577513, 119, 63808.0, 2.704
0.3516946000017924, 120, 63808.0, 2.704
0.2932471000094665, 121, 63808.0, 2.704
0.29719379999733064, 122, 63808.0, 2.704
0.2837832000077469, 123, 63808.0, 2.704
0.2673453999886988, 124, 63808.0, 2.704
0.29481099999975413, 125, 63808.0, 2.704
0.28563740001118276, 126, 63792.0, 2.678
0.28760339999280404, 127, 63792.0, 2.678
0.28972430000430904, 128, 63792.0, 2.678
0.2832120999955805, 129, 63792.0, 2.678
0.2690615999890724, 130, 63792.0, 2.678
0.30791809999209363, 131, 63792.0, 2.678
0.25806459999876097, 132, 63792.0, 2.678
0.2620087999966927, 133, 63792.0, 2.678
0.2688005000090925, 134, 63792.0, 2.678
0.28547259999322705, 135, 63747.0, 2.606
0.2672856999997748, 136, 63747.0, 2.606
0.25819149999006186, 137, 63747.0, 2.606
0.31125210000027437, 138, 63747.0, 2.606
0.28865220000443514, 139, 63747.0, 2.606
0.29573709999385756, 140, 63747.0, 2.606
0.25726930001110304, 141, 63747.0, 2.606
0.26816999999573454, 142, 63747.0, 2.606
0.2643277000024682, 143, 63747.0, 2.606
0.30922159999317955, 144, 63747.0, 2.606
0.28381390000868123, 145, 63747.0, 2.606
0.2913319000072079, 146, 63747.0, 2.606
0.2643546999897808, 147, 63747.0, 2.606
0.2877827000047546, 148, 63747.0, 2.606
0.2639622999995481, 149, 63747.0, 2.606
0.26905980000447016, 150, 63747.0, 2.606
0.31415340000239667, 151, 63747.0, 2.606
0.25126669999735896, 152, 63747.0, 2.606
0.2588365999981761, 153, 63747.0, 2.606
0.2473016000003554, 154, 63747.0, 2.606
0.2525776999973459, 155, 63747.0, 2.606
0.2671291000006022, 156, 63747.0, 2.606
0.2546102000051178, 157, 63747.0, 2.606
0.3269358999968972, 158, 63747.0, 2.606
0.3058764000015799, 159, 63747.0, 2.606
0.24247289999038912, 160, 63747.0, 2.606
0.31944730000395793, 161, 63747.0, 2.606
0.29329699999652803, 162, 63735.0, 2.587
0.28593879999243654, 163, 63735.0, 2.587
0.2648325000045588, 164, 63711.0, 2.548
0.2789522999955807, 165, 63711.0, 2.548
0.2926467999932356, 166, 63711.0, 2.548
0.280504899987136, 167, 63696.0, 2.524
0.31166180000582244, 168, 63696.0, 2.524
0.35425640000903513, 169, 63650.0, 2.450
0.2684148999978788, 170, 63650.0, 2.450
0.3306043999909889, 171, 63645.0, 2.442
0.2837435999972513, 172, 63645.0, 2.442
0.24781919999804813, 173, 63645.0, 2.442
0.28892479999922216, 174, 63645.0, 2.442
0.2828428999928292, 175, 63631.0, 2.419
0.27457149999099784, 176, 63631.0, 2.419
0.284960900011356, 177, 63631.0, 2.419
0.2593368000088958, 178, 63631.0, 2.419
0.25970299998880364, 179, 63631.0, 2.419
0.28627790001337416, 180, 63631.0, 2.419
0.2628732999874046, 181, 63631.0, 2.419
0.2942641999979969, 182, 63631.0, 2.419
0.3172022999933688, 183, 63631.0, 2.419
0.2913014000077965, 184, 63631.0, 2.419
0.26701099998899736, 185, 63631.0, 2.419
0.25234760000603274, 186, 63631.0, 2.419
0.2859879000025103, 187, 63631.0, 2.419
0.24713150000025053, 188, 63631.0, 2.419
0.3198999000014737, 189, 63631.0, 2.419
0.2368543999909889, 190, 63628.0, 2.414
0.32095910000498407, 191, 63628.0, 2.414
0.29684149999229703, 192, 63611.0, 2.387
0.3513182000024244, 193, 63611.0, 2.387
0.3278970999963349, 194, 63571.0, 2.323
0.3279959999927087, 195, 63571.0, 2.323
0.2771322000044165, 196, 63571.0, 2.323
0.27841060000355355, 197, 63571.0, 2.323
0.26002990000415593, 198, 63558.0, 2.302
0.2954734999948414, 199, 63558.0, 2.302
0.2887094000034267, 200, 63536.0, 2.266
0.30304650000471156, 201, 63536.0, 2.266
0.26534800000081304, 202, 63536.0, 2.266
0.29282069999317173, 203, 63536.0, 2.266
0.27161110000452027, 204, 63536.0, 2.266
0.3480759000085527, 205, 63536.0, 2.266
0.2534536000021035, 206, 63536.0, 2.266
0.267127499988419, 207, 63536.0, 2.266
0.2567855000088457, 208, 63536.0, 2.266
0.2954228000016883, 209, 63536.0, 2.266
0.2446261000004597, 210, 63536.0, 2.266
0.2682414000009885, 211, 63536.0, 2.266
0.2805738000024576, 212, 63536.0, 2.266
0.2833031000045594, 213, 63536.0, 2.266
0.2678345000022091, 214, 63536.0, 2.266
0.27420929999789223, 215, 63536.0, 2.266
0.29781760000332724, 216, 63536.0, 2.266
0.2810816999990493, 217, 63536.0, 2.266
0.3382562000042526, 218, 63536.0, 2.266
0.2667766000085976, 219, 63536.0, 2.266
0.28743260000192095, 220, 63536.0, 2.266
0.2571881000039866, 221, 63536.0, 2.266
0.29195009999966715, 222, 63536.0, 2.266
0.2687415999971563, 223, 63536.0, 2.266
0.2851998999976786, 224, 63536.0, 2.266
0.28215880000789184, 225, 63536.0, 2.266
0.33565269999962766, 226, 63536.0, 2.266
0.23112229999969713, 227, 63536.0, 2.266
0.27869010000722483, 228, 63536.0, 2.266
0.2665779999952065, 229, 63536.0, 2.266
0.2945103000092786, 230, 63536.0, 2.266
0.27715449999959674, 231, 63536.0, 2.266
0.2859181000094395, 232, 63536.0, 2.266
0.29327559999364894, 233, 63536.0, 2.266
0.3136101999989478, 234, 63536.0, 2.266
0.2518732999888016, 235, 63536.0, 2.266
0.28486590000102296, 236, 63536.0, 2.266
0.3432916000019759, 237, 63536.0, 2.266
0.25409180000133347, 238, 63536.0, 2.266
0.30602259999432135, 239, 63536.0, 2.266
0.32370259999879636, 240, 63536.0, 2.266
0.25287959999695886, 241, 63536.0, 2.266
0.2859753999946406, 242, 63536.0, 2.266
0.2660598999937065, 243, 63536.0, 2.266
0.2573511999944458, 244, 63536.0, 2.266
0.27978160000930075, 245, 63536.0, 2.266
0.2681793999945512, 246, 63536.0, 2.266
0.2687352000066312, 247, 63513.0, 2.229
0.3024950999970315, 248, 63513.0, 2.229
0.27961330000835005, 249, 63513.0, 2.229
0.289238800003659, 250, 63513.0, 2.229
0.3111693999962881, 251, 63513.0, 2.229
0.33068320000893436, 252, 63513.0, 2.229
0.3309222999960184, 253, 63513.0, 2.229
0.26030950000858866, 254, 63513.0, 2.229
0.25655589999223594, 255, 63513.0, 2.229
0.24722159998782445, 256, 63513.0, 2.229
0.3013883999956306, 257, 63513.0, 2.229
0.2854215999977896, 258, 63513.0, 2.229
0.27568419999442995, 259, 63513.0, 2.229
0.3002280999935465, 260, 63513.0, 2.229
0.3069385999988299, 261, 63513.0, 2.229
0.2765456000051927, 262, 63513.0, 2.229
0.26327860000310466, 263, 63513.0, 2.229
0.25598400000308175, 264, 63513.0, 2.229
0.27513720000570174, 265, 63513.0, 2.229
0.2673219999996945, 266, 63513.0, 2.229
0.283393600009731, 267, 63513.0, 2.229
0.3003045000077691, 268, 63513.0, 2.229
0.28473850000591483, 269, 63513.0, 2.229
0.3027347000024747, 270, 63424.0, 2.086
0.31386759999440983, 271, 63271.0, 1.840
0.26932079999824055, 272, 63271.0, 1.840
0.31001699999615084, 273, 63271.0, 1.840
0.33426390000386164, 274, 63271.0, 1.840
0.24990990001242608, 275, 63271.0, 1.840
0.25157799999578856, 276, 63271.0, 1.840
0.3101609000004828, 277, 63271.0, 1.840
0.25346530000388157, 278, 63271.0, 1.840
0.3173209000087809, 279, 63271.0, 1.840
0.2599904999951832, 280, 63271.0, 1.840
0.2761504999944009, 281, 63271.0, 1.840
0.26396810000005644, 282, 63271.0, 1.840
0.27545719999761786, 283, 63271.0, 1.840
0.27373650000663474, 284, 63271.0, 1.840
0.31555679999291897, 285, 63271.0, 1.840
0.3080779000010807, 286, 63271.0, 1.840
0.3212273999961326, 287, 63271.0, 1.840
0.2947323999978835, 288, 63271.0, 1.840
0.2765631000074791, 289, 63271.0, 1.840
0.27035660001274664, 290, 63271.0, 1.840
0.2659526000061305, 291, 63271.0, 1.840
0.3019395000010263, 292, 63271.0, 1.840
0.25130519999947865, 293, 63271.0, 1.840
0.26341659999161493, 294, 63271.0, 1.840
0.299780200002715, 295, 63271.0, 1.840
0.2677038999972865, 296, 63271.0, 1.840
0.24692309999954887, 297, 63271.0, 1.840
0.2540359999984503, 298, 63271.0, 1.840
0.26191539999854285, 299, 63271.0, 1.840
0.27950910000072327, 300, 63271.0, 1.840
0.2739368999900762, 301, 63271.0, 1.840
0.2668596000003163, 302, 63271.0, 1.840
0.33143909998761956, 303, 63271.0, 1.840
0.2480807999963872, 304, 63271.0, 1.840
0.33363269999972545, 305, 63271.0, 1.840
0.2912838000047486, 306, 63271.0, 1.840
0.2633633999939775, 307, 63271.0, 1.840
0.25907649999135174, 308, 63271.0, 1.840
0.26183920000039507, 309, 63271.0, 1.840
0.2933486999972956, 310, 63271.0, 1.840
0.2820418999908725, 311, 63271.0, 1.840
0.3263364000013098, 312, 63271.0, 1.840
0.30437779999920167, 313, 63271.0, 1.840
0.2826838000037242, 314, 63271.0, 1.840
0.29439239999919664, 315, 63271.0, 1.840
0.2572992999921553, 316, 63271.0, 1.840
0.2660256999952253, 317, 63271.0, 1.840
0.24490720000176225, 318, 63271.0, 1.840
0.251331499996013, 319, 63271.0, 1.840
0.28215410000120755, 320, 63271.0, 1.840
0.25357919999805745, 321, 63271.0, 1.840

tour:
[ 134  137  138  141  142  145  146  149  150  153  154  157  159  158
  161  162  168  171  174  164  165  166  167  170  186  185  175  178
  179  182  184  187  190  191  194  193  192  189  188  183  181  180
  177  176  173  172  169  163  160  156  155  152  151  148  147  144
  143  140  139  136  135  132  131  457  458  451  450  445  444  422
  414  409  397  386  379  367  352  357  353  358  368  378  385  387
  398  408  410  415  423  443  442  441  440  452  459  460  453  446
  438  425  439  424  416  411  407  399  388  384  377  369  359  354
  355  351  335  336  322  315  337  338  339  340  341  342  343  344
  320  321  314  313  308  285  277  278  286  307  306  305  304  303
  302  287  279  274  270  262  251  247  240  232  222  217  216  220
  221  231  241  248  250  261  271  273  272  260  249  242  230  215
  195  196  197  198  199  200  201  202  203  204  205  206  207  208
  209  210  211  212  225  235  234  224  223  233  228  219  213  214
  218  229  243  252  253  254  244  255  256  257  267  268  269  290
  291  292  297  298  299  325  326  327  328  318  311  296  293  283
  275  266  263  258  246  239  236  226  227  237  238  245  259  264
  265  276  284  294  295  312  319  329  349  348  347  346  345  330
  324  317  310  300  289  282  281  280  288  301  309  316  323  334
  333  332  331  350  356  360  361  362  372  371  370  365  366  380
  389  390  391  381  392  393  394  404  405  406  428  429  434  435
  436  427  419  418  417  426  437  447  454  461  462  463  464  465
  455  448  433  430  420  412  403  400  395  383  376  373  363  364
  374  375  382  396  401  402  413  421  431  432  449  456  466  787
  786  785  784  783  806  808  812  807  823  852  870  875  899  912
  927  949  972  963  968  962  948  933  926  911  898  890  874  869
  851  840  839  838  837  836  835  850  868  873  889  897  910  925
  932  947  961  969  967  978 1001 1000  999  998  997  996  995  994
  993  992 1030 1029 1038 1039 1054 1085 1097 1104 1126 1145 1154 1180
 1190 1189 1179 1162 1153 1144 1125 1121 1103 1096 1084 1060 1061 1062
 1059 1058 1057 1083 1095 1102 1120 1124 1143 1152 1161 1178 1188 1194
 1213 1196 1195 1205 1221 1222 1223 1224 1225 1226 1227 1228 1229 1230
 1231 1232 1233 1234 1235 1220 1219 1218 1245 1244 1243 1242 1241 1201
 1170 1171 1200 1199 1172 1173 1198 1197 1174 1175 1185 1186 1176 1177
 1187 1182 1193 1212 1181 1155 1142 1141 1140 1156 1139 1138 1137 1136
 1116 1117 1118 1119 1080 1065 1066 1067 1079 1078 1077 1051 1016  979
  989  990  991 1023 1024 1025 1026 1035 1052 1064 1081 1092 1093 1094
 1082 1063 1053 1036 1037 1028 1027 1002 1003 1004 1005 1006  977  966
  950  928  909  908  907  929  951  946  960  959  945  944  958  943
  924  904  905  906  888  887  886  885  864  845  830  831  846  847
  832  803  811  814  833  848  865  866  867  849  834  813  810  804
  809  805  782  781  780  779  778  777  776  775  774  773  772  802
  801  800  799  815  816  798  797  817  818  796  795  819  860  861
  862  863  884  883  882  881  920  939  921  940  941  922  923  942
  980 1015 1014  981  982 1013 1012  983  984  985 1010 1011 1045 1071
 1110 1111 1072 1046 1047 1073 1074 1048 1049 1050 1076 1075 1114 1115
 1135 1134 1133 1113 1112 1132 1131 1130 1168 1169 1202 1203 1240 1239
 1238 1236 1206 1204 1167 1163 1146 1129 1109 1105 1086 1070 1044 1040
 1017 1009  986  973  952  936  937  938  919  918  917  913  891  878
  879  880  859  858  857  853  824  822  821  820  794  793  792  791
  765  764 1253 1254  763  762 1255 1256  761  760  759  758 1259 1258
 1257 1262 1263 1264 1265 1266 1267 1268 1269 1252 1251  766  767  788
  790  825  826  844  854  892  893  903  914  953  954  970  974 1018
 1019 1034 1041 1087 1088 1101 1106 1147 1148 1160 1164 1207 1208 1217
 1237 1246 1247 1248 1216 1209 1159 1149 1100 1089 1033 1020  971  955
  902  894  843  827  828  841  855  871  876  895  900  915  930  934
  956  964  975  987 1007 1021 1031 1042 1055 1068 1090 1098 1107 1122
 1127 1150 1157 1165 1183 1191 1210 1214 1215 1211 1192 1184 1166 1158
 1151 1128 1123 1108 1099 1091 1069 1056 1043 1032 1022 1008  988  976
  965  957  935  931  916  901  896  877  872  856  842  829  771  770
  769  789  768 1249 1250 1272 1271 1270 1273 1274 1275 1299 1309 1319
 1322 1330 1331 1321 1320 1310 1300 1650 1651 1654 1653 1652 1649 1648
 1645 1640 1639 1634 1633 1632 1631 1626 1625 1620 1619 1614 1615 1618
 1621 1624 1627 1630 1635 1638 1641 1644 1647 1646 1643 1642 1637 1636
 1629 1628 1623 1622 1617 1616 1611 1610 1605 1604 1597 1596 1591 1590
 1585 1580 1579 1574 1573 1568 1567 1562 1561 1556 1555 1550 1549 1548
 1551 1554 1557 1560 1563 1566 1569 1572 1575 1578 1581 1584 1589 1592
 1588 1593 1594 1595 1598 1603 1606 1609 1612 1613 1608 1607 1602 1599
 1600 1601 1587 1586 1583 1582 1577 1576 1571 1570 1565 1564 1559 1558
 1553 1552 1547 1546 1545 1544 1532 1533 1534 1535 1536 1543 1537 1538
 1539 1542 1540 1541 1522 1523 1524 1525 1526 1527 1528 1529 1530 1531
 1478 1469 1458 1457 1468 1477 1476 1467 1456 1455 1466 1475 1486 1474
 1465 1454 1453 1449 1448 1447 1461 1460 1459 1464 1473 1485 1494 1495
 1493 1492 1497 1496 1521 1520 1519 1518 1513 1508 1498 1491 1484 1483
 1482 1490 1499 1507 1512 1517 1516 1511 1515 1510 1509 1514 1506 1487
 1479 1470 1450 1441 1436 1428 1415 1420 1416 1421 1429 1435 1440 1442
 1451 1463 1471 1480 1488 1505 1504 1503 1502 1501 1500 1489 1481 1472
 1462 1452 1443 1439 1434 1430 1422 1417 1414 1418 1427 1437 1444 1445
 1446 1438 1431 1432 1433 1425 1424 1423 1426 1419 1413 1410 1411 1412
 1392 1393 1394 1381 1367 1368 1369 1364 1365 1366 1352 1348 1347 1346
 1358 1357 1356 1363 1370 1380 1386 1391 1395 1396 1397 1398 1399 1400
 1401 1402 1403 1404 1405 1406 1407 1408 1409 1387 1378 1382 1388 1383
 1375 1374 1373 1361 1372 1384 1389 1390 1385 1379 1371 1362 1355 1351
 1345 1343 1334 1329 1323 1315 1305 1298 1297 1304 1314 1324 1328 1333
 1342 1344 1350 1354 1360 1376 1377 1359 1353 1349 1341 1332 1325 1313
 1303 1296 1290 1289 1288 1287 1286 1285 1284 1283 1282 1281 1280 1295
 1302 1312 1326 1335 1336 1337 1327 1338 1339 1340 1317 1318 1308 1307
 1306 1316 1311 1301 1294 1279 1278 1277 1276 1291 1292 1293 1261 1260
  757  756  755  754  753  752  751  750  749  748  747  746  745  744
  743  742  741  468  467  488  489  497  507  517  518  525  539  544
  545  556  564  574  575  597  596  625  626  634  644  654  655  662
  676  681  682  693  701  711  712  713  710  700  692  683  680  675
  663  656  653  643  633  627  624  623  622  621  640  641  642  652
  651  650  645  635  628  606  607  608  609  610  611  612  613  614
  615  631  638  648  658  665  667  678  688  690  695  703  724  723
  722  721  720  719  704  696  691  687  679  668  664  657  649  639
  632  629  636  646  660  669  670  671  661  672  673  674  684  685
  686  707  716  708  709  714  715  740  739  738  737  732  727  717
  706  699  698  697  705  718  726  731  736  735  730  729  734  733
  728  725  702  694  689  677  666  659  647  637  630  620  619  598
  618  617  616  599  592  591  588  565  557  552  540  529  522  510
  493  500  494  501  511  521  528  530  541  551  553  558  566  587
  586  585  584  583  582  593  600  601  594  589  581  568  567  559
  554  550  542  531  527  520  512  502  495  499  509  523  532  533
  534  524  535  536  537  547  548  549  571  572  577  578  579  570
  562  561  560  569  580  590  595  602  603  604  605  576  573  563
  555  546  543  538  526  519  516  506  496  490  487  486  485  484
  504  505  515  514  513  503  508  498  491  469  470  471  472  473
  492  474  475  476  477  478  479  480  481  482  483  127  124  123
  120  119  116  115  112  111  108  102   99   98   92  100   97   91
   93   87   86   79   76   69   63   67   78   77   68   62   56   50
   44   38   32   26   20   14    7    6    3    2    1    4    5    8
   13   19   25   31   37   43   49   55   61   57   51   45   39   33
   27   21   15    9   10   16   22   28   34   40   46   52   58   64
   65   59   53   47   41   35   29   23   17   11   12    0   18   24
   30   36   42   48   54   60   66   72   73   82   83   90   96   95
   89   84   81   74   71   70   75   80   85   88   94  105  106  109
  104  103  101  107  110  113  114  117  118  121  122  125  126  129
  128  130  133]

eliteFit: 63271.0
percentError: 1.8397501931496265
computationTime: 108.251s