instanceName: d1655
n: 1655
optFit: 62128

genTime, gen, eliteFit, percentError:
0.001862499993876554, 0, 2109858.0, 3295.986
1.9487538000103086, 1, 69624.0, 12.065
1.2063040000066394, 2, 68853.0, 10.824
1.1488556999975117, 3, 68365.0, 10.039
1.031569099999615, 4, 67996.0, 9.445
1.071375999992597, 5, 67661.0, 8.906
1.0657205000024987, 6, 67523.0, 8.684
1.1186610000004293, 7, 66916.0, 7.707
1.022167699993588, 8, 66916.0, 7.707
1.0410572000109823, 9, 66649.0, 7.277
1.0550949000025867, 10, 66387.0, 6.855
1.1019921000115573, 11, 65980.0, 6.200
1.0319558999908622, 12, 65980.0, 6.200
0.9934796000015922, 13, 65915.0, 6.095
0.9512683000066318, 14, 65631.0, 5.638
0.9016983999899821, 15, 65631.0, 5.638
0.9925984000001336, 16, 65394.0, 5.257
1.0736541000078432, 17, 65394.0, 5.257
1.0882091999956174, 18, 65291.0, 5.091
0.9984373000042979, 19, 65291.0, 5.091
0.9692758000019239, 20, 65291.0, 5.091
0.9606204000010621, 21, 65211.0, 4.962
1.029739100005827, 22, 65150.0, 4.864
0.9821551000059117, 23, 65056.0, 4.713
0.9254480999952648, 24, 64988.0, 4.603
0.9365721999929519, 25, 64773.0, 4.257
0.8723381999880075, 26, 64689.0, 4.122
0.8743757999909576, 27, 64563.0, 3.919
0.832765200000722, 28, 64519.0, 3.849
0.8088005000026897, 29, 64479.0, 3.784
0.789338399990811, 30, 64435.0, 3.713
0.8262477000098443, 31, 64394.0, 3.647
0.8221118000074057, 32, 64339.0, 3.559
0.7191920000041137, 33, 64296.0, 3.490
0.557563400012441, 34, 64226.0, 3.377
0.6877477999951225, 35, 64051.0, 3.095
0.6063023000024259, 36, 63968.0, 2.962
0.6915882000030251, 37, 63968.0, 2.962
0.7195821000059368, 38, 63959.0, 2.947
0.6151222000044072, 39, 63902.0, 2.855
0.4423832000029506, 40, 63902.0, 2.855
0.33961540000746027, 41, 63865.0, 2.796
0.35769750000326894, 42, 63815.0, 2.715
0.36498960001335945, 43, 63802.0, 2.694
0.3374413999990793, 44, 63792.0, 2.678
0.35311450000153854, 45, 63750.0, 2.611
0.38497180001286324, 46, 63701.0, 2.532
0.3249004000099376, 47, 63672.0, 2.485
0.30493399999977555, 48, 63667.0, 2.477
0.2721823000028962, 49, 63649.0, 2.448
0.25678350000816863, 50, 63647.0, 2.445
0.28439820000494365, 51, 63647.0, 2.445
0.2748137000016868, 52, 63647.0, 2.445
0.2467605999991065, 53, 63647.0, 2.445
0.2694629000034183, 54, 63647.0, 2.445
0.26120320000336505, 55, 63647.0, 2.445
0.28063039999688044, 56, 63647.0, 2.445
0.2674968000064837, 57, 63647.0, 2.445
0.28013699999428354, 58, 63647.0, 2.445
0.2940948999894317, 59, 63647.0, 2.445
0.2637564000033308, 60, 63647.0, 2.445
0.30203700000129174, 61, 63647.0, 2.445
0.2803727999998955, 62, 63647.0, 2.445
0.26017330000468064, 63, 63647.0, 2.445
0.26195719999668654, 64, 63647.0, 2.445
0.3078730999986874, 65, 63647.0, 2.445
0.2857134999940172, 66, 63647.0, 2.445
0.23297099999035709, 67, 63647.0, 2.445
0.280610899993917, 68, 63647.0, 2.445
0.3114305999915814, 69, 63642.0, 2.437
0.300700699997833, 70, 63642.0, 2.437
0.2772518999991007, 71, 63642.0, 2.437
0.28548820001014974, 72, 63642.0, 2.437
0.27005979999375995, 73, 63642.0, 2.437
0.31282359999022447, 74, 63642.0, 2.437
0.2595212000014726, 75, 63627.0, 2.413
0.2549410000065109, 76, 63627.0, 2.413
0.28079889999935403, 77, 63627.0, 2.413
0.2677846000005957, 78, 63619.0, 2.400
0.29611779999686405, 79, 63619.0, 2.400
0.2747199000004912, 80, 63619.0, 2.400
0.27853320000576787, 81, 63619.0, 2.400
0.28406610000820365, 82, 63619.0, 2.400
0.32819329999620095, 83, 63619.0, 2.400
0.2601679000072181, 84, 63619.0, 2.400
0.25158459998783655, 85, 63619.0, 2.400
0.29850550000264775, 86, 63619.0, 2.400
0.2551359999924898, 87, 63619.0, 2.400
0.27884990000166, 88, 63619.0, 2.400
0.2596649999904912, 89, 63619.0, 2.400
0.27565680000407156, 90, 63619.0, 2.400
0.254164000012679, 91, 63619.0, 2.400
0.24508259999856818, 92, 63619.0, 2.400
0.2647145999944769, 93, 63598.0, 2.366
0.37531570000282954, 94, 63598.0, 2.366
0.3306432999961544, 95, 63598.0, 2.366
0.339466799996444, 96, 63598.0, 2.366
0.46082330000353977, 97, 63598.0, 2.366
0.5978169000009075, 98, 63598.0, 2.366
0.6688949000090361, 99, 63598.0, 2.366
0.47595090001414064, 100, 63598.0, 2.366
0.2816791000077501, 101, 63598.0, 2.366
0.2669363000022713, 102, 63598.0, 2.366
0.3000075000018114, 103, 63598.0, 2.366
0.2942270999919856, 104, 63598.0, 2.366
0.25043030000233557, 105, 63598.0, 2.366
0.2613131000107387, 106, 63598.0, 2.366
0.24948860000586137, 107, 63598.0, 2.366
0.3094285000115633, 108, 63598.0, 2.366
0.30098650000581983, 109, 63598.0, 2.366
0.2703034000005573, 110, 63598.0, 2.366
0.27032909999252297, 111, 63598.0, 2.366
0.2919047000032151, 112, 63598.0, 2.366
0.31859219999751076, 113, 63598.0, 2.366
0.3136009000008926, 114, 63598.0, 2.366
0.24576819999492727, 115, 63598.0, 2.366
0.3158704000088619, 116, 63598.0, 2.366
0.2602084999962244, 117, 63598.0, 2.366
0.2658808999985922, 118, 63598.0, 2.366
0.2716801999922609, 119, 63598.0, 2.366
0.2721999000059441, 120, 63598.0, 2.366
0.31834450000314973, 121, 63598.0, 2.366
0.30438699999649543, 122, 63598.0, 2.366
0.2967309999949066, 123, 63598.0, 2.366
0.2539087999903131, 124, 63598.0, 2.366
0.26088719999825116, 125, 63598.0, 2.366
0.2959483000013279, 126, 63598.0, 2.366
0.3115834999916842, 127, 63598.0, 2.366
0.24864039999374654, 128, 63598.0, 2.366
0.2445993000001181, 129, 63598.0, 2.366
0.3762519999872893, 130, 63598.0, 2.366
0.31196859999909066, 131, 63598.0, 2.366
0.31377700000302866, 132, 63598.0, 2.366
0.3003766000038013, 133, 63598.0, 2.366
0.31126279999443796, 134, 63598.0, 2.366
0.3121036000084132, 135, 63598.0, 2.366
0.32267439999850467, 136, 63598.0, 2.366
0.2658450000017183, 137, 63598.0, 2.366
0.3071777999866754, 138, 63598.0, 2.366
0.301808299991535, 139, 63598.0, 2.366
0.24388860000181012, 140, 63598.0, 2.366
0.2747092999925371, 141, 63584.0, 2.344
0.24303800000052433, 142, 63584.0, 2.344
0.2709060000051977, 143, 63584.0, 2.344
0.289177099999506, 144, 63584.0, 2.344
0.25919640000211075, 145, 63584.0, 2.344
0.2575719000014942, 146, 63537.0, 2.268
0.3361251999886008, 147, 63481.0, 2.178
0.3672212999954354, 148, 63481.0, 2.178
0.5305501999973785, 149, 63429.0, 2.094
0.471721100009745, 150, 63429.0, 2.094
0.2452534000040032, 151, 63429.0, 2.094
0.28139550000196323, 152, 63429.0, 2.094
0.3114434000017354, 153, 63429.0, 2.094
0.28869269999268, 154, 63429.0, 2.094
0.285577500006184, 155, 63429.0, 2.094
0.3167489000043133, 156, 63429.0, 2.094
0.3205478000018047, 157, 63429.0, 2.094
0.24560930000734515, 158, 63429.0, 2.094
0.28614910000760574, 159, 63429.0, 2.094
0.29244390000530984, 160, 63429.0, 2.094
0.30195090000052005, 161, 63429.0, 2.094
0.28261329999077134, 162, 63429.0, 2.094
0.29176200000802055, 163, 63429.0, 2.094
0.28628200000093784, 164, 63429.0, 2.094
0.30358439999690745, 165, 63420.0, 2.080
0.2990789000032237, 166, 63420.0, 2.080
0.2982076999905985, 167, 63391.0, 2.033
0.2979475000029197, 168, 63391.0, 2.033
0.2751089000084903, 169, 63391.0, 2.033
0.28970349999144673, 170, 63391.0, 2.033
0.26527709999936633, 171, 63391.0, 2.033
0.25498850000440143, 172, 63391.0, 2.033
0.2580484000063734, 173, 63391.0, 2.033
0.3078416000062134, 174, 63391.0, 2.033
0.3081757000036305, 175, 63391.0, 2.033
0.2508854000043357, 176, 63391.0, 2.033
0.25660290000087116, 177, 63391.0, 2.033
0.2730306000012206, 178, 63391.0, 2.033
0.2926547999959439, 179, 63391.0, 2.033
0.251306599995587, 180, 63391.0, 2.033
0.2635098999890033, 181, 63391.0, 2.033
0.2518244000093546, 182, 63391.0, 2.033
0.2708139000023948, 183, 63391.0, 2.033
0.25975529999413993, 184, 63391.0, 2.033
0.28359829999681097, 185, 63390.0, 2.031
0.2870206999941729, 186, 63390.0, 2.031
0.2968786999990698, 187, 63390.0, 2.031
0.27963390000513755, 188, 63390.0, 2.031
0.2828414000105113, 189, 63390.0, 2.031
0.23706439998932183, 190, 63390.0, 2.031
0.27201919999788515, 191, 63390.0, 2.031
0.31491299999470357, 192, 63390.0, 2.031
0.2820252999954391, 193, 63390.0, 2.031
0.2730731000046944, 194, 63390.0, 2.031
0.245260399999097, 195, 63390.0, 2.031
0.26141910000296775, 196, 63390.0, 2.031
0.24942220000957604, 197, 63390.0, 2.031
0.24814329999207985, 198, 63390.0, 2.031
0.3025919000065187, 199, 63390.0, 2.031
0.26218779999180697, 200, 63390.0, 2.031
0.3193821000022581, 201, 63390.0, 2.031
0.2626481000042986, 202, 63390.0, 2.031
0.26773720000346657, 203, 63390.0, 2.031
0.30021519999718294, 204, 63390.0, 2.031
0.2888280999904964, 205, 63390.0, 2.031
0.3240739000029862, 206, 63390.0, 2.031
0.25183939999260474, 207, 63390.0, 2.031
0.284690699991188, 208, 63390.0, 2.031
0.2853142000094522, 209, 63390.0, 2.031
0.2954336999973748, 210, 63390.0, 2.031
0.30692970000382047, 211, 63390.0, 2.031
0.2765671000088332, 212, 63390.0, 2.031
0.2899650000035763, 213, 63390.0, 2.031
0.297577099991031, 214, 63390.0, 2.031
0.3054993999976432, 215, 63390.0, 2.031
0.2767620000086026, 216, 63390.0, 2.031
0.3139553000073647, 217, 63390.0, 2.031
0.3008566999924369, 218, 63309.0, 1.901
0.33125920000020415, 219, 63309.0, 1.901
0.2967631999927107, 220, 63302.0, 1.890
0.2940002999966964, 221, 63302.0, 1.890
0.2969501999905333, 222, 63271.0, 1.840
0.2659968000079971, 223, 63262.0, 1.825
0.2653947000071639, 224, 63231.0, 1.775
0.25125840000691824, 225, 63210.0, 1.742
0.3151477000064915, 226, 63210.0, 1.742
0.24440550000872463, 227, 63203.0, 1.730
0.2462980999989668, 228, 63203.0, 1.730
0.2809099000005517, 229, 63203.0, 1.730
0.2436936999874888, 230, 63203.0, 1.730
0.2790225999924587, 231, 63203.0, 1.730
0.33240730001125485, 232, 63203.0, 1.730
0.26493679999839514, 233, 63203.0, 1.730
0.3235278000065591, 234, 63203.0, 1.730
0.2531293999927584, 235, 63203.0, 1.730
0.2812377999944147, 236, 63203.0, 1.730
0.32380929999635555, 237, 63203.0, 1.730
0.27618869999423623, 238, 63198.0, 1.722
0.25364830000035, 239, 63181.0, 1.695
0.3109346999990521, 240, 63169.0, 1.676
0.31420389999402687, 241, 63160.0, 1.661
0.2988888000109, 242, 63160.0, 1.661
0.31319620000431314, 243, 63160.0, 1.661
0.29867069999454543, 244, 63160.0, 1.661
0.2449304000037955, 245, 63160.0, 1.661
0.28381459999945946, 246, 63160.0, 1.661
0.2651010999979917, 247, 63160.0, 1.661
0.3093166000035126, 248, 63160.0, 1.661
0.26587499999732245, 249, 63160.0, 1.661
0.3038554000086151, 250, 63160.0, 1.661
0.26551199999812525, 251, 63160.0, 1.661
0.3158266999962507, 252, 63160.0, 1.661
0.3166328000079375, 253, 63160.0, 1.661
0.2780685000034282, 254, 63160.0, 1.661
0.25180620000173803, 255, 63160.0, 1.661
0.26709520000440534, 256, 63160.0, 1.661
0.2803721999953268, 257, 63160.0, 1.661
0.2941231000004336, 258, 63160.0, 1.661
0.2557868000003509, 259, 63160.0, 1.661
0.25947509999969043, 260, 63160.0, 1.661
0.24599349999334663, 261, 63160.0, 1.661
0.25319540000054985, 262, 63160.0, 1.661
0.2929371999925934, 263, 63160.0, 1.661
0.25779759998840746, 264, 63160.0, 1.661
0.2897586000035517, 265, 63160.0, 1.661
0.24481989999185316, 266, 63160.0, 1.661
0.3025256000109948, 267, 63160.0, 1.661
0.27585149998776615, 268, 63160.0, 1.661
0.27100619999691844, 269, 63160.0, 1.661
0.2714424000005238, 270, 63160.0, 1.661
0.2751168999966467, 271, 63160.0, 1.661
0.2452391999977408, 272, 63160.0, 1.661
0.344713700003922, 273, 63160.0, 1.661
0.26030639999953564, 274, 63160.0, 1.661
0.2869688000064343, 275, 63160.0, 1.661
0.2718538999906741, 276, 63160.0, 1.661
0.262557599999127, 277, 63160.0, 1.661
0.274948599995696, 278, 63160.0, 1.661
0.28550759999779984, 279, 63160.0, 1.661
0.26781279999704566, 280, 63160.0, 1.661
0.25434739999764133, 281, 63160.0, 1.661
0.31102090000058524, 282, 63160.0, 1.661
0.3418833000032464, 283, 63160.0, 1.661
0.25368469998647925, 284, 63160.0, 1.661
0.3018000000010943, 285, 63158.0, 1.658
0.28618479998840485, 286, 63158.0, 1.658
0.3023526999895694, 287, 63158.0, 1.658
0.3107140999927651, 288, 63158.0, 1.658
0.29854980000527576, 289, 63158.0, 1.658
0.26290159999916796, 290, 63158.0, 1.658
0.3252737000002526, 291, 63158.0, 1.658
0.27807580000080634, 292, 63158.0, 1.658
0.2800015999964671, 293, 63158.0, 1.658
0.25307059999613557, 294, 63158.0, 1.658
0.26845000000321306, 295, 63158.0, 1.658
0.2740496000042185, 296, 63158.0, 1.658
0.27057710000372026, 297, 63158.0, 1.658
0.2882454999926267, 298, 63158.0, 1.658
0.23209590000624303, 299, 63158.0, 1.658
0.2542589000076987, 300, 63158.0, 1.658
0.2778136000124505, 301, 63158.0, 1.658
0.2612349999981234, 302, 63158.0, 1.658
0.2913087000051746, 303, 63158.0, 1.658
0.28076949999376666, 304, 63158.0, 1.658
0.2450295000016922, 305, 63158.0, 1.658
0.24676689998887014, 306, 63158.0, 1.658
0.27976390000549145, 307, 63158.0, 1.658
0.29823749999923166, 308, 63158.0, 1.658
0.25812430000223685, 309, 63158.0, 1.658
0.2646983000013279, 310, 63158.0, 1.658
0.2429915999964578, 311, 63158.0, 1.658
0.26928499998757616, 312, 63158.0, 1.658
0.3111406999960309, 313, 63158.0, 1.658
0.2600198000000091, 314, 63158.0, 1.658
0.26982240000506863, 315, 63158.0, 1.658
0.29604749999998603, 316, 63158.0, 1.658
0.3156459000019822, 317, 63158.0, 1.658
0.28450330000487156, 318, 63158.0, 1.658
0.2609584000019822, 319, 63158.0, 1.658
0.289359999995213, 320, 63158.0, 1.658
0.2555759999959264, 321, 63158.0, 1.658
0.24892899999395013, 322, 63158.0, 1.658
0.25494860000617336, 323, 63158.0, 1.658
0.277010199992219, 324, 63158.0, 1.658
0.25624170000082813, 325, 63158.0, 1.658
0.3060457999963546, 326, 63158.0, 1.658
0.24756089999573305, 327, 63158.0, 1.658
0.24973660000250675, 328, 63158.0, 1.658
0.2670083999983035, 329, 63158.0, 1.658
0.27791509999951813, 330, 63158.0, 1.658
0.2754018999985419, 331, 63158.0, 1.658
0.2907160000031581, 332, 63158.0, 1.658
0.3013402000069618, 333, 63158.0, 1.658
0.28716069999791216, 334, 63158.0, 1.658
0.3201824999996461, 335, 63158.0, 1.658

tour:
[1269 1270 1271 1272 1250 1249  771  770  769  768  789  827  843  894
  902  955  971  975  964  956  934  930  915  900  895  876  871  855
  841  828  829  842  856  872  877  896  901  916  931  935  957  965
  976  988 1008 1022 1032 1043 1056 1069 1091 1099 1108 1123 1128 1151
 1158 1166 1184 1192 1211 1215 1214 1210 1191 1183 1165 1157 1150 1127
 1122 1107 1098 1090 1068 1055 1042 1031 1021 1007  987 1020 1033 1089
 1100 1149 1159 1209 1216 1248 1247 1246 1237 1217 1208 1207 1164 1160
 1148 1147 1106 1101 1088 1087 1041 1034 1019 1018  974  970  954  953
  914  903  893  892  854  844  826  825  790  788  767  766 1251 1252
 1253 1254 1255  762  763  764  765  791  792  793  794  820  821  822
  824  853  857  858  859  880  879  878  891  913  917  918  919  938
  937  936  952  973  986  985  984 1011 1010 1009 1017 1040 1044 1045
 1046 1072 1073 1047 1048 1074 1075 1049 1050 1076 1077 1051 1067 1078
 1079 1066 1065 1080 1092 1093 1094 1081 1064 1052 1035 1026 1025 1024
 1023  989  990  991 1006 1005 1004 1003  977  966  960  959  958  944
  945  946  951  950  928  909  908  907  929  906  905  904  886  887
  888  847  832  831  830  846  845  864  885  884  863  862  861  882
  883  922  921  940  941  942  923  924  943  979 1016 1015  980  981
  982 1014 1013 1012  983  939  920  881  860  819  795  796  818  817
  816  798  797  759  758 1259 1258 1257  760  761 1256 1265 1264 1263
 1262 1261 1260  757  799  815  800  801  802  803  811  814  833  848
  865  866  867  849  834  813  810  804  779  778  777  776  775  774
  773  772  756  755  754  753  752  751  750  749  748  747  746  745
  744  743  742  741  787  786  785  784  783  782  781  780  805  809
  808  806  807  812  823  852  870  875  899  912  927  949  972  963
  968  962  948  933  926  911  898  890  874  869  851  840  839  838
  837  836  835  850  868  873  889  897  910  925  932  947  961  969
  967  978 1002 1001 1000  999  998  997  996  995  994  993  992 1030
 1054 1039 1029 1038 1061 1060 1085 1097 1104 1126 1145 1154 1180 1205
 1190 1195 1189 1179 1162 1153 1144 1125 1121 1103 1096 1084 1062 1059
 1058 1057 1037 1028 1027 1036 1053 1063 1082 1083 1095 1102 1120 1124
 1143 1152 1161 1178 1188 1196 1213 1194 1181 1155 1142 1141 1140 1119
 1118 1117 1116 1136 1137 1138 1139 1156 1177 1182 1193 1212 1187 1186
 1176 1175 1185 1174 1197 1198 1199 1200 1201 1170 1171 1172 1173 1135
 1115 1114 1134 1133 1113 1112 1132 1131 1130 1110 1111 1071 1070 1086
 1105 1109 1129 1146 1163 1167 1168 1169 1202 1203 1204 1206 1236 1238
 1239 1240 1241 1242 1243 1244 1245 1218 1219 1220 1235 1234 1233 1232
 1231 1230 1229 1228 1227 1226 1225 1224 1223 1222 1221  227  237  238
  245  259  264  265  276  284  294  295  312  319  329  348  349  364
  374  375  382  396  401  402  413  421  431  432  449  456  466  468
  467  465  455  464  463  462  461  454  447  437  426  417  418  419
  427  428  436  435  429  434  448  433  430  420  412  403  400  395
  383  376  373  363  372  362  361  371  370  360  365  381  392  393
  394  404  405  406  391  390  389  380  366  356  350  345  330  331
  332  333  334  323  322  315  316  309  301  288  280  281  282  289
  300  310  317  324  325  326  346  347  327  328  318  311  296  293
  283  275  266  263  258  246  239  236  226  212  211  210  209  208
  207  206  213  219  228  223  224  225  235  234  233  244  255  256
  257  267  268  292  297  298  291  299  290  269  254  253  252  243
  229  218  214  205  204  203  202  201  200  199  198  197  196  195
  215  220  230  242  249  260  272  277  285  308  307  306  286  278
  273  271  261  250  248  241  231  221  216  217  222  232  240  247
  251  262  270  274  279  287  302  303  304  305  314  321  313  320
  344  343  342  341  340  339  338  337  336  335  351  355  354  359
  369  377  384  388  399  407  411  416  424  425  438  446  453  460
  459  452  439  440  441  442  443  423  415  410  408  398  387  385
  378  368  358  353  357  352  367  379  386  397  409  414  422  444
  445  450  451  458  457  131  132  135  136  139  140  143  144  147
  148  151  152  155  156  160  163  169  172  173  176  177  180  181
  183  188  189  192  193  194  191  190  187  184  185  186  182  179
  178  175  174  171  168  170  167  166  165  164  162  161  158  159
  157  154  153  150  149  146  145  142  141  138  137  134  133  130
  129  128  126  125  122  121  118  117  114  113  110  107  103  104
  105  109  106   96   90   83   82   73   72   66   65   71   74   81
   84   89   95   94   88   85   80   75   70   64   58   52   46   40
   34   28   35   41   47   53   59   60   54   48   42   36   30   29
   23   17   24   18    0   12   11   10   16   22   21   27   33   39
   45   51   57   63   69   67   61   55   49   43   37   31   25   19
   15    9   13    8    5    4    1    2    3    6    7   14   20   26
   32   38   44   50   56   62   68   77   78   76   79   86   87   93
   91   97  100  101   92   98   99  102  108  111  112  115  116  119
  120  123  124  127  483  482  481  480  479  478  477  476  475  474
  473  472  471  470  469  491  498  508  524  513  503  514  515  505
  504  484  485  486  487  490  496  506  516  519  526  538  543  546
  555  563  573  576  577  572  571  578  579  570  549  548  547  537
  536  535  534  533  532  523  509  499  492  495  502  512  520  527
  531  542  550  554  559  567  582  583  584  585  566  558  553  551
  541  530  528  521  511  501  494  500  493  510  522  529  540  552
  557  565  588  587  586  592  599  591  598  620  619  618  617  616
  615  614  613  612  600  593  601  594  589  581  568  560  561  562
  569  580  590  595  602  607  608  609  610  611  629  636  632  639
  649  657  664  668  679  687  691  696  690  688  678  667  665  658
  648  638  631  637  630  647  659  666  677  689  702  694  695  703
  723  724  725  728  733  734  729  722  721  720  704  719  730  735
  736  731  726  718  705  697  698  699  706  717  727  732  737  738
  739  740  715  714  709  708  716  707  686  685  684  674  673  672
  661  671  670  669  660  646  645  650  651  652  642  641  640  635
  628  606  603  604  605  621  622  623  624  627  633  643  653  656
  663  675  680  683  692  700  710  713  712  711  701  693  682  681
  676  662  655  654  644  634  626  625  596  597  575  574  564  556
  545  544  539  525  518  517  507  497  489  488 1290 1289 1288 1287
 1286 1285 1284 1283 1282 1281 1280 1279 1278 1277 1276 1291 1292 1293
 1294 1301 1306 1307 1308 1318 1317 1316 1311 1327 1337 1338 1339 1340
 1346 1347 1348 1352 1381 1366 1367 1368 1365 1364 1369 1386 1380 1370
 1363 1358 1357 1356 1336 1335 1326 1312 1302 1295 1298 1305 1315 1323
 1329 1334 1343 1345 1351 1355 1361 1362 1371 1379 1385 1390 1389 1384
 1372 1373 1374 1375 1376 1377 1360 1354 1350 1344 1342 1333 1328 1324
 1314 1304 1297 1303 1296 1313 1325 1332 1341 1349 1353 1359 1378 1382
 1383 1388 1387 1409 1408 1407 1406 1405 1404 1403 1402 1401 1400 1399
 1398 1397 1396 1395 1391 1392 1393 1394 1412 1411 1410 1413 1419 1426
 1423 1424 1425 1433 1432 1431 1438 1446 1445 1444 1437 1427 1418 1414
 1417 1422 1430 1434 1439 1443 1452 1462 1472 1481 1489 1500 1501 1502
 1503 1504 1505 1488 1480 1471 1463 1451 1442 1440 1435 1429 1421 1416
 1420 1415 1428 1436 1441 1450 1470 1479 1487 1506 1514 1509 1510 1515
 1511 1516 1517 1512 1507 1499 1490 1482 1483 1484 1491 1498 1508 1513
 1518 1519 1520 1521 1496 1497 1492 1493 1495 1494 1485 1473 1459 1460
 1461 1447 1448 1449 1453 1464 1454 1465 1474 1486 1475 1466 1455 1456
 1467 1476 1477 1468 1457 1458 1469 1478 1531 1530 1529 1528 1527 1526
 1525 1524 1523 1522 1541 1542 1540 1539 1538 1537 1536 1543 1535 1534
 1533 1532 1544 1545 1546 1547 1552 1553 1558 1559 1564 1565 1570 1571
 1576 1577 1578 1575 1572 1569 1566 1563 1560 1557 1554 1551 1548 1549
 1550 1555 1556 1561 1562 1567 1568 1573 1574 1579 1580 1585 1590 1591
 1596 1597 1604 1605 1610 1611 1616 1617 1622 1623 1628 1629 1636 1637
 1642 1643 1646 1647 1644 1641 1638 1635 1630 1627 1624 1621 1618 1615
 1612 1609 1606 1603 1602 1598 1595 1599 1594 1593 1592 1589 1584 1581
 1582 1583 1588 1586 1587 1601 1600 1607 1608 1613 1614 1619 1620 1625
 1626 1631 1634 1639 1640 1645 1648 1653 1652 1649 1632 1633 1650 1651
 1654 1273 1274 1275 1300 1310 1320 1321 1331 1330 1322 1319 1309 1299
 1266 1267 1268]

eliteFit: 63158.0
percentError: 1.6578676281225855
computationTime: 122.836s