instanceName: d1655
n: 1655
optFit: 62128

genTime, gen, eliteFit, percentError:
0.0018400999979348853, 0, 2108254.0, 3293.404
1.960330599991721, 1, 69738.0, 12.249
1.1973941999895032, 2, 69048.0, 11.138
1.1068529000040144, 3, 68519.0, 10.287
1.0912202000035904, 4, 67706.0, 8.978
1.2026525999972364, 5, 67353.0, 8.410
1.1526908999949228, 6, 66948.0, 7.758
0.9869327999913367, 7, 66467.0, 6.984
1.1511822999891592, 8, 66370.0, 6.828
1.1029904000024544, 9, 66255.0, 6.643
1.0322372999944491, 10, 65909.0, 6.086
1.0399228000023868, 11, 65733.0, 5.803
1.0905918999924324, 12, 65436.0, 5.324
1.0101342999987537, 13, 65325.0, 5.146
1.0014144000015222, 14, 65229.0, 4.991
1.0741226999962237, 15, 65109.0, 4.798
0.9692289000086021, 16, 65067.0, 4.731
0.9691390999942087, 17, 64921.0, 4.496
0.9377323999942746, 18, 64921.0, 4.496
0.917694699994172, 19, 64845.0, 4.373
0.8514016999979503, 20, 64827.0, 4.344
0.6583411000028718, 21, 64813.0, 4.322
0.5788892999989912, 22, 64657.0, 4.071
0.7464390999957686, 23, 64652.0, 4.063
0.7246503999922425, 24, 64506.0, 3.828
0.6531032999919262, 25, 64462.0, 3.757
0.5748007000074722, 26, 64410.0, 3.673
0.37273290001030546, 27, 64335.0, 3.552
0.3864696999953594, 28, 64237.0, 3.395
0.42817319999448955, 29, 64217.0, 3.362
0.40695219999179244, 30, 64137.0, 3.234
0.421217200011597, 31, 63936.0, 2.910
0.4718142000056105, 32, 63936.0, 2.910
0.45159419999981765, 33, 63887.0, 2.831
0.3075046000012662, 34, 63817.0, 2.719
0.3235935000120662, 35, 63817.0, 2.719
0.3037631000042893, 36, 63792.0, 2.678
0.3154610000055982, 37, 63763.0, 2.632
0.35599460000230465, 38, 63718.0, 2.559
0.29868409999471623, 39, 63711.0, 2.548
0.3184188000013819, 40, 63677.0, 2.493
0.309401299993624, 41, 63631.0, 2.419
0.30424839998886455, 42, 63625.0, 2.410
0.3457112999894889, 43, 63560.0, 2.305
0.31263749999925494, 44, 63558.0, 2.302
0.2830993999959901, 45, 63546.0, 2.282
0.2682931000017561, 46, 63520.0, 2.241
0.2966180999937933, 47, 63520.0, 2.241
0.32863190000352915, 48, 63520.0, 2.241
0.2962373999907868, 49, 63520.0, 2.241
0.29139199999917764, 50, 63520.0, 2.241
0.2864525000040885, 51, 63520.0, 2.241
0.3162235000054352, 52, 63511.0, 2.226
0.26227099999960046, 53, 63511.0, 2.226
0.3770537999953376, 54, 63443.0, 2.117
0.2966372999944724, 55, 63443.0, 2.117
0.3376564999925904, 56, 63443.0, 2.117
0.2475224999943748, 57, 63443.0, 2.117
0.2726322000089567, 58, 63443.0, 2.117
0.2735015000071144, 59, 63443.0, 2.117
0.29044890000659507, 60, 63443.0, 2.117
0.2740963999967789, 61, 63443.0, 2.117
0.2825890999956755, 62, 63443.0, 2.117
0.26615350000793114, 63, 63443.0, 2.117
0.2551395000045886, 64, 63443.0, 2.117
0.2685471000004327, 65, 63443.0, 2.117
0.25162719999207184, 66, 63427.0, 2.091
0.26759279999532737, 67, 63427.0, 2.091
0.3189105000055861, 68, 63427.0, 2.091
0.3013174999941839, 69, 63427.0, 2.091
0.2650322999979835, 70, 63427.0, 2.091
0.2972727999876952, 71, 63427.0, 2.091
0.23283269999956246, 72, 63427.0, 2.091
0.27075160000822507, 73, 63427.0, 2.091
0.2736947999947006, 74, 63427.0, 2.091
0.3073796999960905, 75, 63427.0, 2.091
0.3163213999941945, 76, 63427.0, 2.091
0.29459289999795146, 77, 63427.0, 2.091
0.2992923999991035, 78, 63427.0, 2.091
0.30584539999836124, 79, 63427.0, 2.091
0.29648530000122264, 80, 63427.0, 2.091
0.28277649999654386, 81, 63427.0, 2.091
0.307226000004448, 82, 63427.0, 2.091
0.273816100001568, 83, 63427.0, 2.091
0.2773371000075713, 84, 63427.0, 2.091
0.2755732999939937, 85, 63427.0, 2.091
0.2959402999986196, 86, 63427.0, 2.091
0.3123558000079356, 87, 63427.0, 2.091
0.31676070000685286, 88, 63416.0, 2.073
0.2595188999985112, 89, 63416.0, 2.073
0.29730609999387525, 90, 63416.0, 2.073
0.3222864999988815, 91, 63416.0, 2.073
0.2719879999931436, 92, 63416.0, 2.073
0.268887199999881, 93, 63416.0, 2.073
0.3035342000075616, 94, 63416.0, 2.073
0.2687856999982614, 95, 63416.0, 2.073
0.24966040000435896, 96, 63416.0, 2.073
0.28172060000360943, 97, 63416.0, 2.073
0.30872260000614915, 98, 63416.0, 2.073
0.2780237999977544, 99, 63416.0, 2.073
0.2571017000009306, 100, 63416.0, 2.073
0.31027139999787323, 101, 63416.0, 2.073
0.30379409999295603, 102, 63416.0, 2.073
0.2755790000082925, 103, 63416.0, 2.073
0.2896366000059061, 104, 63416.0, 2.073
0.2590020000061486, 105, 63408.0, 2.060
0.27797180000925437, 106, 63408.0, 2.060
0.29957760000252165, 107, 63408.0, 2.060
0.27518709999276325, 108, 63408.0, 2.060
0.30393239999830257, 109, 63408.0, 2.060
0.2928220999892801, 110, 63408.0, 2.060
0.30337759999383707, 111, 63408.0, 2.060
0.2866515000059735, 112, 63408.0, 2.060
0.29002060000493657, 113, 63408.0, 2.060
0.28498510000645183, 114, 63408.0, 2.060
0.2769456999958493, 115, 63408.0, 2.060
0.3063862999988487, 116, 63408.0, 2.060
0.2737639999977546, 117, 63408.0, 2.060
0.25581550000060815, 118, 63408.0, 2.060
0.29927890001272317, 119, 63379.0, 2.014
0.30656399999861605, 120, 63379.0, 2.014
0.33356160001130775, 121, 63368.0, 1.996
0.28913330000068527, 122, 63368.0, 1.996
0.3458175000123447, 123, 63352.0, 1.970
0.27876760000071954, 124, 63348.0, 1.964
0.2659863000008045, 125, 63332.0, 1.938
0.2679024999961257, 126, 63332.0, 1.938
0.28419030000804923, 127, 63332.0, 1.938
0.2777821000054246, 128, 63332.0, 1.938
0.2809586999937892, 129, 63332.0, 1.938
0.29449319999548607, 130, 63332.0, 1.938
0.2585770000005141, 131, 63332.0, 1.938
0.2739570999983698, 132, 63332.0, 1.938
0.286084799998207, 133, 63332.0, 1.938
0.2370148999907542, 134, 63332.0, 1.938
0.3448752999975113, 135, 63332.0, 1.938
0.29434589999436866, 136, 63332.0, 1.938
0.3013031000009505, 137, 63332.0, 1.938
0.23200619999261107, 138, 63332.0, 1.938
0.26198339999245945, 139, 63332.0, 1.938
0.31745479999517556, 140, 63332.0, 1.938
0.2619119999872055, 141, 63332.0, 1.938
0.27800700000079814, 142, 63332.0, 1.938
0.25630809999711346, 143, 63332.0, 1.938
0.3392055000003893, 144, 63332.0, 1.938
0.29934979999961797, 145, 63332.0, 1.938
0.26178270000673365, 146, 63332.0, 1.938
0.2948359000001801, 147, 63332.0, 1.938
0.2981670999870403, 148, 63332.0, 1.938
0.28890559999854304, 149, 63332.0, 1.938
0.29753019999770913, 150, 63332.0, 1.938
0.3337457000016002, 151, 63332.0, 1.938
0.25967020000098273, 152, 63332.0, 1.938
0.2657673000067007, 153, 63332.0, 1.938
0.2822952999995323, 154, 63332.0, 1.938
0.2562143999966793, 155, 63332.0, 1.938
0.2480922999966424, 156, 63332.0, 1.938
0.31813749999855645, 157, 63332.0, 1.938
0.2560049000021536, 158, 63332.0, 1.938
0.3387589000049047, 159, 63332.0, 1.938
0.2939417000015965, 160, 63332.0, 1.938
0.2710910000023432, 161, 63332.0, 1.938
0.28414790000533685, 162, 63332.0, 1.938
0.2932744999998249, 163, 63332.0, 1.938
0.3108002000080887, 164, 63332.0, 1.938
0.2939378000010038, 165, 63332.0, 1.938
0.27625650000118185, 166, 63332.0, 1.938
0.2985214999935124, 167, 63329.0, 1.933
0.2990700999944238, 168, 63329.0, 1.933
0.38475719999405555, 169, 63323.0, 1.923
0.39523510000435635, 170, 63323.0, 1.923
0.39732779999030754, 171, 63323.0, 1.923
0.29414050000195857, 172, 63323.0, 1.923
0.2817138999962481, 173, 63323.0, 1.923
0.25490269999136217, 174, 63323.0, 1.923
0.3314689999970142, 175, 63323.0, 1.923
0.26160369999706745, 176, 63323.0, 1.923
0.26598129999183584, 177, 63323.0, 1.923
0.2951991000009002, 178, 63323.0, 1.923
0.2526986000011675, 179, 63323.0, 1.923
0.2592237000062596, 180, 63323.0, 1.923
0.29853949999960605, 181, 63281.0, 1.856
0.27890499999921303, 182, 63281.0, 1.856
0.2834361999994144, 183, 63281.0, 1.856
0.2594107000040822, 184, 63281.0, 1.856
0.270996399995056, 185, 63276.0, 1.848
0.32288490000064485, 186, 63276.0, 1.848
0.32530109999061096, 187, 63271.0, 1.840
0.2541613000066718, 188, 63271.0, 1.840
0.3147132000012789, 189, 63269.0, 1.837
0.25454600001103245, 190, 63269.0, 1.837
0.21805969999695662, 191, 63269.0, 1.837
0.3047552999923937, 192, 63269.0, 1.837
0.2346930999920005, 193, 63269.0, 1.837
0.29570020000392105, 194, 63269.0, 1.837
0.34073359999456443, 195, 63269.0, 1.837
0.2543915999995079, 196, 63269.0, 1.837
0.2404543000011472, 197, 63269.0, 1.837
0.2718267000018386, 198, 63269.0, 1.837
0.29258139999001287, 199, 63269.0, 1.837
0.28506690000358503, 200, 63269.0, 1.837
0.28090500000689644, 201, 63269.0, 1.837
0.30897399999958, 202, 63269.0, 1.837
0.3000486999953864, 203, 63260.0, 1.822
0.3059210999927018, 204, 63260.0, 1.822
0.2609609999926761, 205, 63260.0, 1.822
0.2894743000069866, 206, 63260.0, 1.822
0.2600111000065226, 207, 63223.0, 1.762
0.3166726000054041, 208, 63223.0, 1.762
0.33441080000193324, 209, 63223.0, 1.762
0.323973799997475, 210, 63223.0, 1.762
0.3212153000058606, 211, 63220.0, 1.758
0.2703754999965895, 212, 63220.0, 1.758
0.27202479999687057, 213, 63220.0, 1.758
0.2835068999993382, 214, 63220.0, 1.758
0.28448889999708626, 215, 63220.0, 1.758
0.27710369999113027, 216, 63220.0, 1.758
0.2614905000082217, 217, 63220.0, 1.758
0.2571784000028856, 218, 63220.0, 1.758
0.2740478999912739, 219, 63220.0, 1.758
0.28385000000707805, 220, 63220.0, 1.758
0.2548132999945665, 221, 63220.0, 1.758
0.28593759999785107, 222, 63220.0, 1.758
0.2554195999982767, 223, 63190.0, 1.709
0.30675829999381676, 224, 63190.0, 1.709
0.25799679999181535, 225, 63190.0, 1.709
0.34694269999454264, 226, 63190.0, 1.709
0.2551429000013741, 227, 63190.0, 1.709
0.25676589999056887, 228, 63190.0, 1.709
0.268296599999303, 229, 63190.0, 1.709
0.32130890000553336, 230, 63190.0, 1.709
0.3359174999932293, 231, 63190.0, 1.709
0.2549245999980485, 232, 63190.0, 1.709
0.24547989999700803, 233, 63190.0, 1.709
0.2636938000068767, 234, 63190.0, 1.709
0.3304825999948662, 235, 63190.0, 1.709
0.2993568999954732, 236, 63180.0, 1.693
0.25514470000052825, 237, 63180.0, 1.693
0.31703920000290964, 238, 63180.0, 1.693
0.24420220000320114, 239, 63180.0, 1.693
0.30646549999073613, 240, 63180.0, 1.693
0.24076669999340083, 241, 63180.0, 1.693
0.3178977999923518, 242, 63180.0, 1.693
0.25313810000079684, 243, 63180.0, 1.693
0.27530140000453684, 244, 63180.0, 1.693
0.279631800003699, 245, 63180.0, 1.693
0.2886183999944478, 246, 63180.0, 1.693
0.28597709999303333, 247, 63180.0, 1.693
0.2502654999989318, 248, 63180.0, 1.693
0.2924117000075057, 249, 63180.0, 1.693
0.2709791000088444, 250, 63180.0, 1.693
0.2591946000029566, 251, 63180.0, 1.693
0.2934098000114318, 252, 63180.0, 1.693
0.29408960000728257, 253, 63180.0, 1.693
0.272033500004909, 254, 63180.0, 1.693
0.268528000000515, 255, 63180.0, 1.693
0.27559770000516437, 256, 63180.0, 1.693
0.2784671999979764, 257, 63180.0, 1.693
0.25378870000713505, 258, 63180.0, 1.693
0.27172970000538044, 259, 63180.0, 1.693
0.30951059999642894, 260, 63180.0, 1.693
0.30606629999238066, 261, 63180.0, 1.693
0.29202380000788253, 262, 63180.0, 1.693
0.3155202000052668, 263, 63180.0, 1.693
0.3236194000055548, 264, 63180.0, 1.693
0.2899111000006087, 265, 63179.0, 1.692
0.2895882000011625, 266, 63179.0, 1.692
0.27603399999497924, 267, 63179.0, 1.692
0.2931140000000596, 268, 63179.0, 1.692
0.2692475000076229, 269, 63179.0, 1.692
0.3529008000041358, 270, 63179.0, 1.692
0.3001293999986956, 271, 63179.0, 1.692
0.2651534999895375, 272, 63179.0, 1.692
0.2504856000014115, 273, 63179.0, 1.692
0.2535020999930566, 274, 63179.0, 1.692
0.26393970000208355, 275, 63179.0, 1.692
0.2790482999989763, 276, 63179.0, 1.692
0.24940889999561477, 277, 63179.0, 1.692
0.32644109999819193, 278, 63179.0, 1.692
0.29833060000964906, 279, 63179.0, 1.692
0.2764203999977326, 280, 63179.0, 1.692
0.28079299999808427, 281, 63179.0, 1.692
0.3106893000076525, 282, 63179.0, 1.692
0.29202899998927023, 283, 63179.0, 1.692
0.2655615000112448, 284, 63179.0, 1.692
0.27034370000183117, 285, 63179.0, 1.692
0.23997640000015963, 286, 63179.0, 1.692
0.27025799998955335, 287, 63179.0, 1.692
0.2875225000025239, 288, 63179.0, 1.692
0.3301344000065001, 289, 63179.0, 1.692
0.27346850000321865, 290, 63179.0, 1.692
0.2781400000094436, 291, 63179.0, 1.692
0.28610259998822585, 292, 63179.0, 1.692
0.30227680000825785, 293, 63179.0, 1.692
0.25696240000252146, 294, 63179.0, 1.692
0.2730274999921676, 295, 63175.0, 1.685
0.2933530000009341, 296, 63175.0, 1.685
0.3449432000052184, 297, 63175.0, 1.685
0.3214315000077477, 298, 63175.0, 1.685
0.26486880000447854, 299, 63175.0, 1.685
0.3124431000032928, 300, 63175.0, 1.685
0.30123129999265075, 301, 63175.0, 1.685
0.2935416000109399, 302, 63175.0, 1.685
0.2843611999996938, 303, 63175.0, 1.685
0.2974663000059081, 304, 63175.0, 1.685
0.3096816999895964, 305, 63175.0, 1.685
0.26144529999874067, 306, 63175.0, 1.685
0.2378139999927953, 307, 63175.0, 1.685
0.3338852000015322, 308, 63175.0, 1.685
0.2696074999985285, 309, 63175.0, 1.685
0.2440000000060536, 310, 63175.0, 1.685
0.27735309999843594, 311, 63175.0, 1.685
0.24396559999149758, 312, 63175.0, 1.685
0.2699603999935789, 313, 63175.0, 1.685
0.2621860000072047, 314, 63175.0, 1.685
0.35974939999869093, 315, 63175.0, 1.685
0.26615930000843946, 316, 63175.0, 1.685
0.30352529999800026, 317, 63175.0, 1.685
0.33565100000123493, 318, 63175.0, 1.685
0.29600509999727365, 319, 63175.0, 1.685
0.28795380001247395, 320, 63175.0, 1.685
0.27897119999397546, 321, 63175.0, 1.685
0.27241600000706967, 322, 63175.0, 1.685
0.27501360001042485, 323, 63175.0, 1.685
0.2555892000091262, 324, 63175.0, 1.685
0.2737926999980118, 325, 63175.0, 1.685
0.3208922000048915, 326, 63175.0, 1.685
0.2657135999907041, 327, 63175.0, 1.685
0.27501690000644885, 328, 63175.0, 1.685
0.30852730000333395, 329, 63175.0, 1.685
0.2859409999946365, 330, 63175.0, 1.685
0.31640219999826513, 331, 63175.0, 1.685
0.2591928000038024, 332, 63175.0, 1.685
0.2945627000008244, 333, 63175.0, 1.685
0.3335155999957351, 334, 63175.0, 1.685
0.3001889000006486, 335, 63175.0, 1.685
0.27727420000883285, 336, 63175.0, 1.685
0.300115599995479, 337, 63175.0, 1.685
0.30110149999381974, 338, 63175.0, 1.685
0.272010800006683, 339, 63175.0, 1.685
0.30476460000500083, 340, 63175.0, 1.685
0.2603882999974303, 341, 63164.0, 1.668
0.24401989999751095, 342, 63144.0, 1.635
0.2971230999974068, 343, 63144.0, 1.635
0.2905581999948481, 344, 63144.0, 1.635
0.25769600000057835, 345, 63144.0, 1.635
0.2565704000007827, 346, 63144.0, 1.635
0.27304860000731423, 347, 63144.0, 1.635
0.2619335999916075, 348, 63144.0, 1.635
0.3089110000000801, 349, 63135.0, 1.621
0.2672383000026457, 350, 63135.0, 1.621
0.30227660000673495, 351, 63124.0, 1.603
0.31275450000248384, 352, 63110.0, 1.581
0.2623592000018107, 353, 63099.0, 1.563
0.2921211999928346, 354, 63099.0, 1.563
0.2712948999978835, 355, 63099.0, 1.563
0.2542531999933999, 356, 63099.0, 1.563
0.26211690000491217, 357, 63099.0, 1.563
0.2911269999895012, 358, 63099.0, 1.563
0.29025089999777265, 359, 63099.0, 1.563
0.24688310000055935, 360, 63099.0, 1.563
0.2944355999934487, 361, 63099.0, 1.563
0.263060500001302, 362, 63066.0, 1.510
0.2824320999934571, 363, 63066.0, 1.510
0.26873530000739265, 364, 63064.0, 1.507
0.34945939999306574, 365, 63056.0, 1.494
0.2988732999947388, 366, 63056.0, 1.494
0.2575267999927746, 367, 63054.0, 1.490
0.2875567000010051, 368, 63054.0, 1.490
0.30429780000122264, 369, 63054.0, 1.490
0.27043140000023413, 370, 63054.0, 1.490
0.2913111000088975, 371, 63054.0, 1.490
0.2599115999910282, 372, 63054.0, 1.490
0.2806378999957815, 373, 63054.0, 1.490
0.267755799999577, 374, 63054.0, 1.490
0.3042025999893667, 375, 63054.0, 1.490
0.2891983000008622, 376, 63054.0, 1.490
0.290285800001584, 377, 63054.0, 1.490
0.3103648999967845, 378, 63054.0, 1.490
0.3049326000036672, 379, 63054.0, 1.490
0.2571362000016961, 380, 63054.0, 1.490
0.24369329999899492, 381, 63054.0, 1.490
0.24407569998584222, 382, 63054.0, 1.490
0.3080747999920277, 383, 63054.0, 1.490
0.31630209999275394, 384, 63054.0, 1.490
0.2861391000042204, 385, 63054.0, 1.490
0.2645858000032604, 386, 63054.0, 1.490
0.2855567000078736, 387, 63054.0, 1.490
0.27209399999992456, 388, 63054.0, 1.490
0.2915586000017356, 389, 63054.0, 1.490
0.24133960000472143, 390, 63054.0, 1.490
0.30541650000668596, 391, 63054.0, 1.490
0.28827340000134427, 392, 63054.0, 1.490
0.26357260000077076, 393, 63054.0, 1.490
0.2757389000034891, 394, 63054.0, 1.490
0.32739029999356717, 395, 63054.0, 1.490
0.31698859999596607, 396, 63054.0, 1.490
0.22717670000565704, 397, 63038.0, 1.465
0.27316029999929015, 398, 63038.0, 1.465
0.2918906999984756, 399, 63038.0, 1.465
0.3419302999973297, 400, 63038.0, 1.465
0.2630020000069635, 401, 63038.0, 1.465
0.2817963999987114, 402, 63038.0, 1.465
0.3072810000012396, 403, 63038.0, 1.465
0.2512449999921955, 404, 63038.0, 1.465
0.37743559999216814, 405, 63038.0, 1.465
0.27705259999493137, 406, 63038.0, 1.465
0.28358489999664016, 407, 63038.0, 1.465
0.3038513000064995, 408, 63038.0, 1.465
0.2944539000018267, 409, 63038.0, 1.465
0.2628699000051711, 410, 63038.0, 1.465
0.27124479999474715, 411, 63038.0, 1.465
0.29339839999738615, 412, 63038.0, 1.465
0.2731675999966683, 413, 63038.0, 1.465
0.29289920000883285, 414, 63038.0, 1.465
0.30849080000189133, 415, 63033.0, 1.457
0.24853820000134874, 416, 63033.0, 1.457
0.2900258000008762, 417, 63033.0, 1.457
0.2903267999936361, 418, 63033.0, 1.457
0.3472553000028711, 419, 63033.0, 1.457
0.2544343000045046, 420, 63033.0, 1.457
0.2848958999966271, 421, 63033.0, 1.457
0.2712954000016907, 422, 63033.0, 1.457
0.3342807000008179, 423, 63033.0, 1.457
0.2792387000081362, 424, 63033.0, 1.457
0.2245182000042405, 425, 63033.0, 1.457
0.2977199000015389, 426, 63033.0, 1.457
0.3740572999959113, 427, 63033.0, 1.457
0.279771499990602, 428, 63033.0, 1.457
0.27811250000377186, 429, 63033.0, 1.457
0.30956419999711215, 430, 63022.0, 1.439
0.33558300000731833, 431, 63022.0, 1.439
0.2621857999911299, 432, 63022.0, 1.439
0.2547846999950707, 433, 63012.0, 1.423
0.3064660000090953, 434, 63012.0, 1.423
0.29112339999119285, 435, 63012.0, 1.423
0.24101470000459813, 436, 63012.0, 1.423
0.26793920001364313, 437, 63012.0, 1.423
0.29813819999981206, 438, 63012.0, 1.423
0.2599547999998322, 439, 63012.0, 1.423
0.2650002000009408, 440, 63012.0, 1.423
0.27702660000068136, 441, 63012.0, 1.423
0.3039610999985598, 442, 63012.0, 1.423
0.28697590000228956, 443, 63012.0, 1.423
0.27500969999528024, 444, 63012.0, 1.423
0.32085179998830426, 445, 63012.0, 1.423
0.3111378999892622, 446, 63012.0, 1.423
0.30087259999709204, 447, 63012.0, 1.423
0.2983564999885857, 448, 63012.0, 1.423
0.3065908999997191, 449, 63012.0, 1.423
0.28984420000051614, 450, 63012.0, 1.423
0.3222720999910962, 451, 63012.0, 1.423
0.314121300005354, 452, 63012.0, 1.423
0.2511993999942206, 453, 63012.0, 1.423
0.2965851000044495, 454, 63012.0, 1.423
0.29948719999811146, 455, 63012.0, 1.423
0.3029982000007294, 456, 63012.0, 1.423
0.27822560000640806, 457, 63012.0, 1.423
0.28525299999455456, 458, 63012.0, 1.423
0.25258210000174586, 459, 63012.0, 1.423
0.28768500000296626, 460, 63012.0, 1.423
0.24812799999199342, 461, 63012.0, 1.423
0.25938449999375734, 462, 63012.0, 1.423
0.24370289999933448, 463, 63012.0, 1.423
0.27079690000391565, 464, 63012.0, 1.423
0.2623765000025742, 465, 63012.0, 1.423
0.27749300000141375, 466, 63012.0, 1.423
0.2851095000078203, 467, 63012.0, 1.423
0.2607673999882536, 468, 63012.0, 1.423
0.30977510000229813, 469, 62995.0, 1.396
0.26967200000945013, 470, 62995.0, 1.396
0.2507698999979766, 471, 62995.0, 1.396
0.26613350000116043, 472, 62995.0, 1.396
0.2891949999902863, 473, 62995.0, 1.396
0.26571409999451134, 474, 62995.0, 1.396
0.3156001000024844, 475, 62995.0, 1.396
0.2788172000000486, 476, 62995.0, 1.396
0.2853583999967668, 477, 62995.0, 1.396
0.2717516999982763, 478, 62995.0, 1.396
0.30908969999291, 479, 62995.0, 1.396
0.2753950000042096, 480, 62995.0, 1.396
0.2693626999971457, 481, 62993.0, 1.392
0.27887449999980163, 482, 62993.0, 1.392
0.27853999999933876, 483, 62993.0, 1.392
0.2850149000005331, 484, 62993.0, 1.392
0.27137210000364576, 485, 62993.0, 1.392
0.2545842999970773, 486, 62993.0, 1.392
0.32274399999005254, 487, 62993.0, 1.392
0.27421099999628495, 488, 62993.0, 1.392
0.29960030000074767, 489, 62993.0, 1.392
0.27479460000176914, 490, 62993.0, 1.392
0.266380900007789, 491, 62984.0, 1.378
0.2514465999993263, 492, 62984.0, 1.378
0.2937756999890553, 493, 62984.0, 1.378
0.25734820000070613, 494, 62984.0, 1.378
0.3337981999939075, 495, 62984.0, 1.378
0.27823470000294037, 496, 62984.0, 1.378
0.30368599999928847, 497, 62984.0, 1.378
0.2809676000033505, 498, 62984.0, 1.378
0.31003610001062043, 499, 62984.0, 1.378
0.2685170999902766, 500, 62984.0, 1.378
0.27873530000215396, 501, 62984.0, 1.378
0.27412940000067465, 502, 62984.0, 1.378
0.2685697999986587, 503, 62984.0, 1.378
0.28830489999381825, 504, 62984.0, 1.378
0.29254120000405237, 505, 62984.0, 1.378
0.27027899998938665, 506, 62984.0, 1.378
0.24928209999052342, 507, 62984.0, 1.378
0.26128560000506695, 508, 62984.0, 1.378
0.28771180000330787, 509, 62984.0, 1.378
0.2860157999966759, 510, 62984.0, 1.378
0.2851941999979317, 511, 62984.0, 1.378
0.2597661000036169, 512, 62984.0, 1.378
0.31995479999750387, 513, 62984.0, 1.378
0.2786673999944469, 514, 62984.0, 1.378
0.29580770000757184, 515, 62984.0, 1.378
0.2930237999971723, 516, 62984.0, 1.378
0.28745380000327714, 517, 62984.0, 1.378
0.27324249999946915, 518, 62984.0, 1.378
0.28506119998928625, 519, 62984.0, 1.378
0.3336787000007462, 520, 62984.0, 1.378
0.2610445000027539, 521, 62984.0, 1.378
0.27711850000196137, 522, 62984.0, 1.378
0.283895600005053, 523, 62984.0, 1.378
0.26355570000305306, 524, 62984.0, 1.378
0.26226439999300055, 525, 62984.0, 1.378
0.24983480000810232, 526, 62984.0, 1.378
0.30514329999277834, 527, 62984.0, 1.378
0.2622706999973161, 528, 62984.0, 1.378
0.2733966999949189, 529, 62984.0, 1.378
0.3254804000025615, 530, 62984.0, 1.378
0.3078638000006322, 531, 62984.0, 1.378
0.29348619999655057, 532, 62984.0, 1.378
0.29038049999508075, 533, 62984.0, 1.378
0.29844949999824166, 534, 62984.0, 1.378
0.330863600000157, 535, 62984.0, 1.378
0.2625895999954082, 536, 62984.0, 1.378
0.2819776000105776, 537, 62984.0, 1.378
0.2611332999949809, 538, 62984.0, 1.378
0.29920839999977034, 539, 62984.0, 1.378
0.2657465999945998, 540, 62984.0, 1.378
0.30633780000789557, 541, 62984.0, 1.378

tour:
[1266 1267 1268 1269 1270 1271 1272 1250 1249  768  789  769  770  771
  829  842  856  872  877  896  901  916  931  935  957  965  976  988
 1008 1022 1032 1043 1056 1069 1091 1099 1108 1123 1128 1151 1158 1166
 1184 1192 1211 1215 1214 1210 1191 1183 1165 1157 1150 1127 1122 1107
 1098 1090 1068 1055 1042 1031 1021 1007  987  975  964  956  934  930
  915  900  895  876  871  855  841  828  827  843  894  902  955  971
 1020 1033 1089 1100 1149 1159 1209 1216 1248 1247 1246 1237 1217 1208
 1207 1164 1160 1148 1147 1106 1101 1088 1087 1041 1034 1019 1018  974
  970  954  953  914  903  893  892  854  844  826  825  790  788  767
  766 1251 1252 1253 1254 1255  762  763  764  765  791  792  793  794
  820  821  822  824  853  857  858  859  880  879  878  891  913  917
  936  952  973  986  937  918  919  938  939  983 1012 1013  982  981
 1014 1015  980  942  923  922  941  940  921  920  881  860  819  795
  796  818  861  882  883  862  863  884  864  885  886  887  888  847
  832  831  846  845  830  815  799  798  816  817  797  759  758 1259
 1258 1257  760  761 1256 1265 1264 1263 1262 1261 1260  757  800  801
  802  803  811  814  833  848  865  866  867  849  834  813  810  804
  809  805  781  780  779  778  777  776  775  774  773  772  756  755
  754  753  752  751  750  749  748  747  746  745  744  743  742  741
  787  786  785  784  783  782  806  808  812  807  823  852  870  875
  899  912  927  949  972  963  968  962  948  933  926  911  898  890
  874  869  851  840  839  838  837  836  835  850  868  873  889  897
  910  925  932  947  961  969  978  967  950  928  909  908  907  929
  906  905  904  924  943  958  944  945  959  960  946  951  966  977
 1004 1005 1006  991  990  989  979 1016 1023 1024 1025 1026 1035 1052
 1064 1081 1092 1093 1094 1082 1063 1053 1036 1037 1028 1027 1003 1002
 1001 1000  999  998  997  996  995  994  993  992 1030 1029 1038 1039
 1054 1085 1097 1104 1126 1145 1154 1180 1205 1190 1195 1189 1179 1162
 1153 1144 1125 1121 1103 1096 1084 1060 1061 1062 1059 1058 1057 1083
 1095 1102 1120 1124 1143 1152 1161 1178 1188 1196 1213 1194 1181 1155
 1142 1141 1140 1156 1139 1138 1137 1176 1177 1182 1193 1212 1187 1186
 1185 1175 1174 1197 1198 1199 1173 1172 1171 1200 1201 1170 1133 1134
 1135 1136 1116 1117 1118 1119 1080 1065 1066 1079 1078 1067 1077 1051
 1050 1049 1048 1047 1073 1074 1075 1076 1115 1114 1113 1112 1132 1131
 1130 1110 1111 1072 1046 1011  984  985 1010 1009 1017 1040 1044 1045
 1071 1070 1086 1105 1109 1129 1146 1163 1167 1168 1169 1202 1203 1204
 1206 1236 1238 1239 1240 1241 1242 1243 1244 1245 1218 1219 1220 1235
 1234 1233 1232 1231 1230 1229 1228 1227 1226 1225 1224 1223 1222 1221
  227  237  238  245  259  264  265  276  284  294  295  312  319  329
  348  349  364  374  375  382  396  401  402  413  421  431  432  449
  456  466  468  467  465  455  464  463  462  461  454  447  437  426
  417  418  419  427  436  435  428  429  434  448  433  430  420  412
  403  404  405  406  392  393  394  400  395  383  376  373  363  372
  362  361  371  370  360  365  381  391  390  389  380  366  356  350
  345  346  347  325  326  327  328  318  311  296  293  283  275  266
  263  258  246  239  236  226  212  211  210  223  224  225  235  234
  233  228  219  213  209  208  207  206  205  204  203  202  201  200
  199  198  197  196  195  215  230  220  216  221  231  241  248  242
  260  249  250  261  271  273  278  277  272  285  308  313  320  344
  343  342  341  340  339  321  314  307  286  306  305  304  303  287
  302  315  322  338  337  336  335  323  316  309  301  288  279  274
  270  262  251  247  240  232  222  217  214  218  229  243  252  253
  254  244  255  256  257  267  268  269  291  292  297  298  299  290
  282  281  280  289  300  310  317  324  330  331  332  333  334  351
  355  354  359  369  377  384  388  399  407  411  416  425  438  446
  453  460  459  452  439  424  440  441  442  443  423  415  410  408
  398  387  385  378  368  358  353  357  352  367  379  386  397  409
  414  422  444  445  450  451  458  457  131  132  135  136  139  140
  143  144  147  148  151  152  155  156  159  160  163  169  172  173
  176  177  180  181  183  188  189  192  193  194  191  190  187  184
  185  186  182  179  178  175  174  171  170  167  166  165  164  168
  162  161  158  157  154  153  150  149  146  145  142  141  138  137
  134  133  130  129  128  126  125  122  121  118  117  114  113  110
  107  101  103  104  109  106  105   96   90   83   82   73   72   66
   60   54   53   59   65   71   74   81   84   89   95   94   88   85
   80   75   70   64   58   52   46   40   34   28   22   23   29   35
   41   47   48   42   36   30   24   18   12    0   11   17   16   10
    9   15   21   27   33   39   45   49   43   37   31   25   19   13
    8    5    4    1    2    3    6    7   14   20   26   32   38   44
   50   56   62   68   67   61   55   51   57   63   69   76   79   86
   87   93  100   97   91   78   77   92   98   99  102  108  111  112
  115  116  119  120  123  124  127  483  482  481  480  479  478  477
  476  475  474  473  472  471  470  469  491  498  508  513  514  515
  505  504  503  484  485  486  487  490  496  506  516  519  526  538
  543  546  555  563  573  576  572  571  570  579  578  577  605  604
  603  602  595  590  580  569  560  561  562  549  548  547  537  536
  535  524  534  533  532  523  509  499  492  495  502  512  520  527
  531  542  550  554  559  567  568  581  589  594  601  600  593  582
  583  584  585  586  587  566  558  553  551  541  530  528  521  511
  501  494  500  493  510  522  529  540  552  557  565  588  591  598
  620  619  618  617  616  599  592  615  614  613  612  611  610  609
  608  607  606  628  635  645  650  640  641  651  652  642  621  622
  623  624  627  633  643  653  656  663  675  680  683  692  700  710
  713  714  709  708  715  716  707  686  685  684  674  673  672  661
  671  670  669  660  646  636  629  632  639  649  657  664  668  679
  687  691  696  704  719  720  721  722  723  703  695  690  688  678
  667  665  658  648  638  631  637  630  647  659  666  677  689  694
  702  724  725  728  733  734  729  730  735  736  731  726  718  705
  697  698  699  706  717  727  732  737  738  739  740  712  711  701
  693  682  681  676  662  655  654  644  634  626  625  596  597  575
  574  564  556  545  544  539  525  518  517  507  497  489  488 1290
 1289 1288 1287 1286 1285 1284 1283 1282 1281 1280 1279 1278 1277 1276
 1291 1292 1293 1294 1301 1311 1306 1307 1308 1318 1317 1316 1327 1338
 1339 1340 1346 1347 1348 1352 1381 1367 1366 1365 1364 1369 1368 1392
 1393 1394 1412 1411 1410 1413 1419 1426 1423 1424 1425 1433 1432 1431
 1438 1447 1448 1449 1459 1460 1461 1446 1445 1444 1437 1427 1418 1414
 1417 1422 1430 1434 1439 1443 1452 1462 1472 1481 1489 1500 1501 1502
 1503 1504 1505 1488 1480 1471 1463 1451 1442 1440 1435 1429 1421 1416
 1404 1403 1402 1401 1400 1399 1398 1397 1396 1395 1391 1386 1380 1370
 1363 1358 1357 1356 1337 1336 1335 1326 1312 1302 1295 1298 1305 1315
 1323 1329 1334 1343 1345 1351 1355 1361 1362 1371 1379 1385 1390 1389
 1384 1372 1373 1374 1375 1376 1360 1354 1350 1344 1342 1333 1328 1324
 1314 1304 1297 1303 1296 1313 1325 1332 1341 1349 1353 1359 1377 1378
 1387 1382 1383 1388 1405 1406 1407 1408 1409 1415 1420 1428 1436 1441
 1450 1470 1479 1487 1506 1509 1514 1515 1510 1511 1516 1517 1512 1507
 1499 1490 1482 1483 1484 1491 1498 1508 1513 1518 1519 1520 1521 1495
 1496 1497 1492 1493 1494 1485 1473 1464 1453 1486 1474 1465 1454 1455
 1466 1475 1476 1467 1456 1457 1468 1477 1458 1469 1478 1531 1530 1529
 1528 1527 1526 1525 1524 1523 1522 1541 1542 1540 1539 1538 1537 1543
 1536 1535 1534 1533 1532 1544 1545 1546 1547 1552 1553 1558 1559 1564
 1565 1570 1571 1576 1577 1582 1583 1584 1581 1578 1575 1572 1569 1566
 1563 1560 1557 1554 1551 1548 1549 1550 1555 1556 1561 1562 1567 1568
 1573 1574 1579 1580 1585 1590 1591 1596 1597 1604 1605 1610 1611 1616
 1617 1622 1623 1628 1629 1636 1637 1642 1643 1646 1647 1644 1641 1638
 1635 1630 1627 1624 1621 1618 1615 1612 1609 1606 1603 1598 1595 1592
 1589 1588 1593 1586 1587 1601 1600 1594 1599 1602 1607 1608 1613 1614
 1619 1620 1625 1626 1631 1632 1633 1634 1639 1640 1645 1648 1649 1652
 1653 1650 1651 1654 1273 1274 1275 1300 1310 1320 1321 1331 1330 1322
 1319 1309 1299]

eliteFit: 62984.0
percentError: 1.3778006695853722
computationTime: 174.555s