instanceName: u1060
n: 1060
optFit: 224094

genTime, gen, eliteFit, percentError:
0.0013334000250324607, 0, 6473148.0, 2788.586
0.6052421999920625, 1, 245431.0, 9.521
0.40937550002126954, 2, 243299.0, 8.570
0.4057582999812439, 3, 241761.0, 7.884
0.40588219999335706, 4, 239680.0, 6.955
0.3796507999941241, 5, 238535.0, 6.444
0.3871123999997508, 6, 238219.0, 6.303
0.3828749999811407, 7, 237388.0, 5.932
0.37453820000519045, 8, 236045.0, 5.333
0.393630700011272, 9, 236045.0, 5.333
0.410283300006995, 10, 236045.0, 5.333
0.36022000000230037, 11, 235367.0, 5.030
0.3742084999976214, 12, 234656.0, 4.713
0.3234993000223767, 13, 234429.0, 4.612
0.32454349999898113, 14, 233595.0, 4.240
0.36535429998184554, 15, 233595.0, 4.240
0.4089300000050571, 16, 232784.0, 3.878
0.3288511999999173, 17, 232784.0, 3.878
0.29692019999492913, 18, 232366.0, 3.691
0.3112509999773465, 19, 232345.0, 3.682
0.28345550000085495, 20, 231959.0, 3.510
0.24828209998668171, 21, 231926.0, 3.495
0.25938040000619367, 22, 231525.0, 3.316
0.2534540999913588, 23, 231055.0, 3.106
0.21148090000497177, 24, 230732.0, 2.962
0.20339579999563284, 25, 230732.0, 2.962
0.23281159999896772, 26, 230337.0, 2.786
0.1715035000233911, 27, 230337.0, 2.786
0.20825799999875017, 28, 230310.0, 2.774
0.1922142999828793, 29, 230013.0, 2.641
0.16831639999873005, 30, 229863.0, 2.574
0.1747155000048224, 31, 229743.0, 2.521
0.1353516999806743, 32, 229693.0, 2.499
0.1564430000144057, 33, 229581.0, 2.449
0.16759140000795014, 34, 229470.0, 2.399
0.16110440000193194, 35, 229422.0, 2.378
0.19053219998022541, 36, 229366.0, 2.353
0.13886639999691397, 37, 229249.0, 2.300
0.14802729999064468, 38, 229157.0, 2.259
0.16567139999824576, 39, 229078.0, 2.224
0.1394942000042647, 40, 229031.0, 2.203
0.09458580001955852, 41, 229021.0, 2.199
0.10888569999951869, 42, 228942.0, 2.163
0.09380820000660606, 43, 228942.0, 2.163
0.1073766999761574, 44, 228942.0, 2.163
0.1214975000184495, 45, 228942.0, 2.163
0.09949749999213964, 46, 228942.0, 2.163
0.10216330000548624, 47, 228942.0, 2.163
0.11563489999389276, 48, 228942.0, 2.163
0.10704239999176934, 49, 228942.0, 2.163
0.11219419998815283, 50, 228942.0, 2.163
0.09135659999446943, 51, 228942.0, 2.163
0.10791880000033416, 52, 228942.0, 2.163
0.10400079999817535, 53, 228942.0, 2.163
0.09096939998562448, 54, 228942.0, 2.163
0.11646869999822229, 55, 228942.0, 2.163
0.10321520001161844, 56, 228942.0, 2.163
0.09851539999363013, 57, 228942.0, 2.163
0.11813540000002831, 58, 228900.0, 2.145
0.10725080000702292, 59, 228900.0, 2.145
0.10300860001007095, 60, 228900.0, 2.145
0.0949747999839019, 61, 228900.0, 2.145
0.10350820000167005, 62, 228900.0, 2.145
0.09610620001330972, 63, 228900.0, 2.145
0.11661399999866262, 64, 228900.0, 2.145
0.11278769999626093, 65, 228900.0, 2.145
0.09708050001063384, 66, 228900.0, 2.145
0.12279250001301989, 67, 228900.0, 2.145
0.09877080001751892, 68, 228900.0, 2.145
0.10626319999573752, 69, 228900.0, 2.145
0.10158139999839477, 70, 228884.0, 2.137
0.13757809999515302, 71, 228858.0, 2.126
0.10780179998255335, 72, 228858.0, 2.126
0.13068750000093132, 73, 228858.0, 2.126
0.12089530000230297, 74, 228851.0, 2.123
0.11902209999971092, 75, 228851.0, 2.123
0.12470810001832433, 76, 228739.0, 2.073
0.10454540001228452, 77, 228739.0, 2.073
0.11783679999643937, 78, 228608.0, 2.014
0.10362790001090616, 79, 228496.0, 1.964
0.11905020000995137, 80, 228489.0, 1.961
0.12610180000774562, 81, 228313.0, 1.883
0.11141009998391382, 82, 228306.0, 1.880
0.11526379999122582, 83, 228282.0, 1.869
0.10051620000740513, 84, 228273.0, 1.865
0.08948769999551587, 85, 228187.0, 1.826
0.09789439997985028, 86, 228187.0, 1.826
0.10175519998301752, 87, 228187.0, 1.826
0.10740879998775199, 88, 228187.0, 1.826
0.13043660001130775, 89, 228187.0, 1.826
0.09882049998850562, 90, 228187.0, 1.826
0.11502140000811778, 91, 228187.0, 1.826
0.09233720001066104, 92, 228187.0, 1.826
0.09291039998061024, 93, 228187.0, 1.826
0.1110286999901291, 94, 228187.0, 1.826
0.1099578000139445, 95, 228187.0, 1.826
0.11763229998177849, 96, 228187.0, 1.826
0.0950963000068441, 97, 228187.0, 1.826
0.10603110000374727, 98, 228187.0, 1.826
0.10372020001523197, 99, 228187.0, 1.826
0.10216840001521632, 100, 228187.0, 1.826
0.09806319998460822, 101, 228187.0, 1.826
0.10924960000556894, 102, 228187.0, 1.826
0.10713550000218675, 103, 228187.0, 1.826
0.099681599996984, 104, 228187.0, 1.826
0.09712510000099428, 105, 228187.0, 1.826
0.09151480000582524, 106, 228187.0, 1.826
0.09710429998813197, 107, 228187.0, 1.826
0.10458179999841377, 108, 228187.0, 1.826
0.10965510000823997, 109, 228187.0, 1.826
0.10911950000445358, 110, 228187.0, 1.826
0.08945150001090951, 111, 228187.0, 1.826
0.10479189999750815, 112, 228187.0, 1.826
0.11182660001213662, 113, 228187.0, 1.826
0.10399410000536591, 114, 228187.0, 1.826
0.0901163000089582, 115, 228187.0, 1.826
0.08875970001099631, 116, 228187.0, 1.826
0.09650330001022667, 117, 228187.0, 1.826
0.09753369999816641, 118, 228187.0, 1.826
0.11340400000335649, 119, 228187.0, 1.826
0.09462449999409728, 120, 228187.0, 1.826
0.11166660001617856, 121, 228187.0, 1.826
0.10281319997739047, 122, 228187.0, 1.826
0.10883610000018962, 123, 228187.0, 1.826
0.12030519999098033, 124, 228187.0, 1.826
0.10096980002708733, 125, 228187.0, 1.826
0.0992297999910079, 126, 228187.0, 1.826
0.11636889999499545, 127, 228187.0, 1.826
0.08648640001774766, 128, 228187.0, 1.826
0.1084555999841541, 129, 228187.0, 1.826
0.11442080000415444, 130, 228187.0, 1.826
0.09192489998531528, 131, 228187.0, 1.826
0.11161429999629036, 132, 228187.0, 1.826
0.10684590000892058, 133, 228187.0, 1.826
0.09788009998737834, 134, 228187.0, 1.826
0.1296606999821961, 135, 228187.0, 1.826

tour:
[ 892  893  895  897  898  896  894  900  899  901  902  903  905  904
  906  912  911  907  908  909  910  865  864  863  862  861  860  914
  913  915  916  925  926  924  923  917  918  920  921  919  922  850
  849  848  847  846  851  854  855  224  225  226  853  852  228  227
  229  230  236  237  238  239  246  244  245  243  241  240  242  839
  841  842  843  845  844  840  838  818  819  820  817  813  814  816
  815  316  315  306  307  314  313  312  308  303  302  300  297  299
  298  296  295  294  293  292  289  290  291  288  287  286  284  285
  310  309  311  247  248  250  235  234  249  251  252  254  253  255
  256  257  262  261  258  259  260  233  231  232  223  222  221  858
  859  856  857  219  220  218  217  216  208  207  206  200  201  202
  203  204  193  194  198  199  197  196  195  266  263  264  265  267
  271  270  269  272  268  276  277  278  279  282  283  281  280  373
  389  388  275  274  273  390  391  392  393  394  395  396  397  398
  399  402  400  401  427  428  429  430  431  432  434  433  435  436
  610  609  611  612  613  614  615  616  617  623  618  619  620  621
  622  624  625  627  626  628  629  631  630  635  636  637  638  640
  639  644  643  641  642  661  660  646  645  647  650  649  648  651
  652  653  654  655  656  665  664  657  658  659  662  663  666  669
  667  668  634  633  632  672  671  673  674  681  680  679  675  676
  678  677  715  716  717  718  714  713  712  711  710  709  708  719
  720  721  707  706  705  701  702  704  703  689  688  687  686  685
  684  683  682  670  607  608  606  605  603  604  602  601  600  437
  438  439  442  443  444  599  598  445  450  451  597  596  595  593
  592  591  594  452  453  454  455  456  458  457  449  448  446  447
  441  440  426  425  423  424  417  416  415  418  413  414  412  419
  420  421  422  463  462  461  460  459  555  554  553  552  551  550
  549  528  529  530  526  527  525  478  480  479  477  476  468  467
  466  464  465  469  470  472  473  471  475  474  481  482  496  495
  494  497  501  500  499  498  506  507  508  509  510  505  512  511
  513  504  503  502  517  518  519  515  514  516  520  521  522  523
  524  531  532  534  533  538  535  536  537  542  543  541  540  539
  548  547  546  545  544  739  738  737  736  574  575  735  577  576
  578  573  572  571  567  566  565  564  563  562  561  556  560  559
  557  558  570  569  568  588  586  587  585  583  584  579  580  582
  581  697  695  696  590  589  693  694  692  691  690  700  698  699
  722  723  724  725  726  727  728  730  729  734  733  731  732  741
  742  743  740  744  745  746  747  748  749  750  751  752  753  759
  754  755  756  757  758  760  761  762  763  764  765  766  767  768
  769  770  771  772  774  773  775  776  777  778  779  780  783  781
  782  784  785  786  787  788  789  790  791  792  793  794  795  797
  796  798  799  800  801  802  803  804  342  341  340  339  338  329
  328  327  344  343  346  345  347  356  355  348  354  357  361  360
  358  359  493  492  491  490  488  489  487  486  485  484  483  411
  410  409  408  407  406  403  404  405  387  386  385  384  383  382
  381  380  379  378  377  376  375  374  372  371  370  369  368  367
  366  365  364  363  362  352  353  351  349  350  326  325  320  319
  301  304  318  305  317  321  322  323  324  331  330  337  336  335
  334  332  333  805  806  812  811  810  809  807  808  824  825  830
  829  831  826  828  827  832  833  823  822  821  834  836  835  837
  938  937  936  935  934  939  940  941  933  932  931  928  930  929
  927  952  951  953  950  954  955  949  948  965  947  946  945  944
  942  943  966  967  968  964  963  956  962  961  960  959  958  957
   79   78   77   81   80   76   75   74   73   72   71   70   69   68
   67   66  992  991  990  989  985  983  979  978  977  976  975  974
  970  969  971  972  973  981  980  982  984  986  987  988  993  994
  995  996  998  999 1013 1014 1012 1015 1016 1017 1018 1027 1026 1019
 1010 1011 1000 1008 1001 1002 1006 1022 1004  997 1003 1005 1023 1024
 1021 1007 1009 1020 1025 1029 1028   63   64   65   62   61   59   60
   54   58   57   55   56 1032 1031 1030 1033 1034 1035 1036 1037 1038
   36 1039 1040 1044 1045 1046 1047 1048 1049 1042 1043 1041   33   32
   35   34   40   41   39   37   38   53   52   51   50   42   43   44
   49   48   45   47   46   82   87   86   85   84   83   99   20   21
   22   23   24   25   26   27   28   31   30   29   11   10    9 1052
 1053 1050 1051 1054 1055 1056 1057 1058 1059    0    1    2    3    4
    5    6    7    8  121  122   14   15   13   12   19   16   17   18
  100  101   97   98   90   91   88   89   93   92  891   94   95   96
  107  102  103  106  105  104  118  117  120  119  115  116  110  109
  108  114  112  111  887  113  131  130  129  127  128  123  124  125
  126  136  135  134  133  132  137  138  139  140  143  141  142  144
  145  146  147  148  149  150  151  152  153  154  155  156  157  164
  165  159  158  160  161  162  163  166  167  168  171  170  169  175
  172  173  174  176  177  178  179  180  181  182  183  185  184  186
  187  191  192  190  189  188  205  209  210  211  212  213  215  214
  866  867  868  869  870  871  880  881  879  872  873  877  878  874
  875  876  884  886  885  883  882  888  889  890]

eliteFit: 228187.0
percentError: 1.8264656795808902
computationTime: 21.437s