instanceName: rl1323
n: 1323
optFit: 270199

genTime, gen, eliteFit, percentError:
0.0017327999958069995, 0, 9502589.0, 3416.885
1.173286499993992, 1, 298622.0, 10.519
0.7007840000005672, 2, 290286.0, 7.434
0.7412664000003133, 3, 289453.0, 7.126
0.7185691999911796, 4, 286863.0, 6.167
0.6661115000024438, 5, 286301.0, 5.959
0.668773900004453, 6, 283780.0, 5.026
0.653714600004605, 7, 283655.0, 4.980
0.6559011999925133, 8, 282296.0, 4.477
0.6620660000044154, 9, 282296.0, 4.477
0.637053400001605, 10, 280606.0, 3.852
0.6240691999992123, 11, 280026.0, 3.637
0.6293361999996705, 12, 279738.0, 3.530
0.5624020999966888, 13, 279710.0, 3.520
0.5244020999962231, 14, 278969.0, 3.246
0.5086927000083961, 15, 278271.0, 2.987
0.5972868999961065, 16, 277646.0, 2.756
0.5665413999959128, 17, 276656.0, 2.390
0.5320443000091473, 18, 276656.0, 2.390
0.509743200003868, 19, 275324.0, 1.897
0.42756300000473857, 20, 275302.0, 1.889
0.47333560000697616, 21, 274962.0, 1.763
0.31185199999890756, 22, 274962.0, 1.763
0.3257029000087641, 23, 274796.0, 1.701
0.31589769999845885, 24, 274579.0, 1.621
0.31719230000453535, 25, 274449.0, 1.573
0.2788739999959944, 26, 274005.0, 1.409
0.2605817999865394, 27, 273946.0, 1.387
0.29114479999407195, 28, 273858.0, 1.354
0.29046910000033677, 29, 273501.0, 1.222
0.284234299993841, 30, 273376.0, 1.176
0.3429500999918673, 31, 273000.0, 1.037
0.27042359999904875, 32, 272921.0, 1.007
0.27456309999979567, 33, 272448.0, 0.832
0.20304409999516793, 34, 272448.0, 0.832
0.2142076000018278, 35, 272386.0, 0.809
0.2074562999914633, 36, 272386.0, 0.809
0.20605739999155048, 37, 272386.0, 0.809
0.18693239999993239, 38, 272263.0, 0.764
0.15644930000416934, 39, 272122.0, 0.712
0.17134359999909066, 40, 271999.0, 0.666
0.2119583000021521, 41, 271999.0, 0.666
0.17871639999793842, 42, 271999.0, 0.666
0.17274219999671914, 43, 271999.0, 0.666
0.15834460000041872, 44, 271999.0, 0.666
0.19012139999540523, 45, 271999.0, 0.666
0.1815255999972578, 46, 271999.0, 0.666
0.21584750000329223, 47, 271999.0, 0.666
0.2101842999982182, 48, 271999.0, 0.666
0.23662100000365172, 49, 271894.0, 0.627
0.21194809999724384, 50, 271894.0, 0.627
0.17314850000548176, 51, 271894.0, 0.627
0.20669229999475647, 52, 271885.0, 0.624
0.21914939999987837, 53, 271885.0, 0.624
0.1934905000089202, 54, 271885.0, 0.624
0.16656839998904616, 55, 271885.0, 0.624
0.19186269999772776, 56, 271885.0, 0.624
0.198863400000846, 57, 271885.0, 0.624
0.22526989999460056, 58, 271885.0, 0.624
0.18915350000315811, 59, 271885.0, 0.624
0.2062994999869261, 60, 271885.0, 0.624
0.15445960000215564, 61, 271885.0, 0.624
0.17712269999901764, 62, 271885.0, 0.624
0.16893139999592677, 63, 271885.0, 0.624
0.1808205999986967, 64, 271885.0, 0.624
0.1530862000072375, 65, 271885.0, 0.624
0.18569399999978486, 66, 271885.0, 0.624
0.18654669998795725, 67, 271885.0, 0.624
0.18343849999655504, 68, 271885.0, 0.624
0.20294129999820143, 69, 271885.0, 0.624
0.19384290000016335, 70, 271885.0, 0.624
0.17005490000883583, 71, 271885.0, 0.624
0.15336180001031607, 72, 271885.0, 0.624
0.16664630000013858, 73, 271885.0, 0.624
0.16769729999941774, 74, 271885.0, 0.624
0.16021400000317954, 75, 271885.0, 0.624
0.16748540000116918, 76, 271885.0, 0.624
0.16524990000471007, 77, 271885.0, 0.624
0.1613898999930825, 78, 271885.0, 0.624
0.1649877000018023, 79, 271885.0, 0.624
0.16433200000028592, 80, 271885.0, 0.624
0.1678951999929268, 81, 271885.0, 0.624
0.1523285000002943, 82, 271885.0, 0.624
0.17206260000239126, 83, 271885.0, 0.624
0.17580939999606926, 84, 271885.0, 0.624
0.19835539998894092, 85, 271885.0, 0.624
0.19708680000621825, 86, 271885.0, 0.624
0.19691559999773744, 87, 271885.0, 0.624
0.16492399999697227, 88, 271885.0, 0.624
0.1762452000111807, 89, 271885.0, 0.624
0.15782279999984894, 90, 271885.0, 0.624
0.18599769999855198, 91, 271885.0, 0.624
0.18075269999098964, 92, 271885.0, 0.624
0.15620379999745637, 93, 271885.0, 0.624
0.19688099999621045, 94, 271885.0, 0.624
0.16454389999853447, 95, 271885.0, 0.624
0.19065460001002066, 96, 271885.0, 0.624
0.18207019999681506, 97, 271885.0, 0.624
0.2450416000065161, 98, 271885.0, 0.624
0.16579270000511315, 99, 271885.0, 0.624
0.1722734000068158, 100, 271885.0, 0.624
0.19576480000978336, 101, 271885.0, 0.624
0.18577890000597108, 102, 271885.0, 0.624

tour:
[1319 1041   26 1005 1196  883 1188 1171  344  828  533  513  956  957
  958  959  960  512  532  827 1304 1077  826  531  511 1062 1061 1060
 1032  552  553  784  804  803  802  801  800  799  253  665  664  663
  662  278  661 1245 1280 1276  798  797  796  795  277  794  793  792
  660  659  658  657  656  655  654  653  365  364  417 1179 1149 1308
  704  483  491  950  739  158 1279  837  949  173  232  644  626  505
  948  947  940  207   56  136  187  460 1137 1192 1193 1194 1226 1200
  459  186  135   55 1286  202  203  204  205  206  939  946 1011  845
  504  625  643  231  401  402  403  404  405   20  406  407  408  409
  410  411  412  413  414  415  362  716  847  846  361  996 1013  714
 1014  715 1016 1139 1212 1213  711 1000  274  978  914  909  892  982
 1125 1214  915  669  250  607  922 1083 1222  902  550  782  903  925
  924  923 1298 1296  597  596  595  594  593 1272 1297  592  591  275
  590  589  588  587  586  708  707  706  705  620  416  363  578  579
  580  581  582  583  584  585 1317  995  717 1162 1159 1017 1219 1114
 1001 1002  276 1126  979  944  905 1271 1284 1020 1115  670  252 1273
  598  599  600  251  601 1130 1085 1210 1220  904  783  551 1076 1031
 1166  926  927  928  929  930  510  530  825  931  341  840  310  311
  312  313  314  315  316   38  144 1288  932  165   64  109  267  268
  212  269  270  219  218  217  561   63  549  143  548   37  547  546
  545  544  543  542  541  309  540  340 1178  880  964  308  839  339
  824 1079  508 1065 1078 1030  509  539  538  537 1260  560  559  558
  557  781  901 1129 1082  921  606  249 1128 1124  981  891  908  913
  977  668 1295  789  791  247  248  605  920 1081 1116  900  780 1075
 1029 1101 1064  507 1117  823 1118  338  838  307  963  879 1119 1120
  871  872   36  873  142  874   62  108  875  876  877  747  221 1127
   11 1180  107   61 1084  141  886   35 1086 1039  870 1175 1215  306
  337  520  521  522  523  524  525  526  527   34  528  220   10  974
  975 1278  746  973  972  106   60  971  140  529   33  970  969  869
  968  967  878  966 1277 1262  617  336  616  519  518  517 1063 1100
 1028 1074  506  615  614  613  612  611  610  609  608 1261  602  244
  695 1123  696  666  756  694 1122  822  890  907  912  976  271  999
  709 1223 1228 1138 1015  712 1229  994  618  910 1230 1131  421  428
 1231  492  889 1018 1257  479  478  477  476  475  474  473  472  471
  470   15  469  152  468  467  466  177  394  224  465  464  463 1256
 1306  935 1305 1240 1244 1233   51   50   49   48   47   46 1232   44
   45 1241  198  385  289  322  386  387  388  389  390  391  392  225
  393  740  743  805   16  677  153  989 1183  832  178  395  226  638
  500 1111  842  936 1008  621  639  227  396  179  833 1184  990  154
  678   17  806  744  741  738  986  951  997  481  998  683  423  494
  685 1019  480  808  809  810  493  811  429  422  812  813  814  619
  815  816  817  713  818  819  820  821  710  272  686  687  688  689
  690  691  692  693  757  667  245  603  918 1080  919  604  246  790
  758  755  754  753  752  751  750  749  273  382  381  380  379  378
  377  376  375  374  373  372  371  370  495  684  482  737  736  735
  734  733  732  731   18  679  155  730  729  728  180  397  228  640
  622  501  727  726  725  724  723  323  290  722  199   52  721  457
  184  133   53  200 1106  291  324 1109 1009  937  843 1112  502  623
  641  229  398  181  834 1185  991  156  680   19  807  745  742  987
  952 1195  993  988  945  681  157  985  984  835  182  399  992 1186
  836  183  400  230  642  624  503 1113  844  938 1010 1110  325  292
 1107  201   54  134  185  458 1199 1204 1203 1202 1136 1225 1224 1189
 1176  122 1289 1251 1301 1309 1252 1253 1088  358   77  259  234  296
 1089 1090 1091 1092 1093   85   86   87   88   89   90 1290   91   92
   93   94   95   96   97   98   99  100 1227 1201  461  188  137   57
 1238  699  698  697  189 1313  462 1099 1098  101 1094 1097 1096 1095
  676  123  190 1250 1153 1307  671 1073 1146 1140 1152 1151 1150 1242
  297  235  260   78  359    6  357   40 1132  119  171  383 1303 1302
 1310 1311 1038 1218  355  169  170  172  356  120   41    7 1066  360
   79  255 1067 1243 1312 1246  236 1068  298 1069 1070 1071 1072 1287
  672  673  674  675  348  486  487  488  191  192  124  125  126  127
  102  128  129  130 1291 1104  720  131  574  647  453  304  303  193
  302  646  632  562  568  349 1021 1053 1160 1143 1314  237 1154 1234
   74  256  299 1156 1141 1147 1144 1161 1054 1022  350  648  563  569
  564  570  194  571  572  573  103 1285 1037  454  916  455  104 1036
 1035  195 1034  633  305 1058 1057  196 1056  634  566 1024  650  352
  565 1023  649  351 1274  933 1055 1052 1316 1051 1050 1049  300  238
 1048  257   75    8   42 1012  354  168  384  121   43    9   76  258
 1155  239  301 1157 1142 1148 1145 1158 1315  934  353  651 1025  567
  635 1163  197 1105  105  456  917   80 1235   81   82 1236   83   84
 1237   59 1190 1191 1108  262  293  211  294  295  631  223  888  490
  894   73   25  941  577  485  420  369  942  911  943 1275 1282 1283
  442  443  444  445  446  447  448  449  450  451  452 1255 1254 1267
 1268  849  850  851  852  853  854  855  856  857 1322  556  858  859
  860  861  516  536  831  862  347  863  864  865  866   29  867  162
  868 1270 1269 1249  328   69  266  329  216  330  118  331    2  332
  333  334  335  288  287  286  285  284  283    1  282  117  281  215
 1047  265   68 1046 1045  139 1044  161 1043   28 1007 1217  885 1173
  346  830  535  515 1207 1103 1168 1027  555  779  778  777  776  775
  774  240  773  772  771  770  280  769  768  767  719  766  765  764
  368  441  440  439   24   72  438  437  436  435  434  433  148  176
 1294  432  431  222  630  499  427  210  327  321  320  319  318  317
  430  132   58  261  326  636 1248 1247 1292  209  426  637  628  497
  498  629  953  175  147  954  887  489  893   71   23  955  576 1318
 1258 1281 1265  174  701  146  233  627  496  700  208  424  425 1293
 1259  645  149  150  151   21   22   70  682 1263  702  703  652  575
  484  418  366 1264  419  367  983  848  718 1133 1026  279  980  906
 1299 1321  241  242  243  254  895  896  897  898  899 1300 1059 1221
  785  554 1033 1167 1102 1206  514  534  829  345 1172  884 1216 1006
   27 1042 1165  160 1182   67  264 1134  214 1135 1197  116   14    0
  763 1205 1211    3 1198    5  762    4 1177 1209  788   13  787   12
  786  759  748  213 1170 1181  110   65  166 1187  145   39 1087 1040
 1121 1003 1208  881  965  841  342 1004 1174  882 1266  343  961  962
   30   31   32 1239  111  112  113  114  760  761  115 1320 1169  263
   66  167  164  163  138  159 1164]

eliteFit: 271885.0
percentError: 0.6239845447244439
computationTime: 29.574s