instanceName: pr76
n: 76
optFit: 108159

genTime, gen, eliteFit, percentError:
0.00019249999604653567, 0, 491867.0, 354.763
0.0034429999941494316, 1, 110043.0, 1.742
0.0019056999881286174, 2, 108992.0, 0.770
0.0023330000112764537, 3, 108680.0, 0.482
0.0015542999899480492, 4, 108308.0, 0.138
0.0015782999980729073, 5, 108308.0, 0.138
0.0016943999944487587, 6, 108274.0, 0.106
0.001644699994358234, 7, 108202.0, 0.040
0.0015682999946875498, 8, 108202.0, 0.040
0.0015395999944303185, 9, 108159.0, 0.000

tour:
[34 33 39 38 37 35 36 17 16 15 14 73 13 12 11 10  9  8  7  6  5  4  3  2
  1 74 75  0 22 21 20 24 23 45 44 43 47 46 68 67 69 66 49 48 50 65 64 70
 71 72 63 62 61 60 40 59 58 57 56 55 54 51 52 53 41 42 27 26 25 19 18 30
 29 28 31 32]

eliteFit: 108159.0
percentError: 0.0
computationTime: 0.024s