instanceName: pr76
n: 76
optFit: 108159

genTime, gen, eliteFit, percentError:
0.00012150000839028507, 0, 516524.0, 377.560
0.0032347000087611377, 1, 109643.0, 1.372
0.0017833999881986529, 2, 109043.0, 0.817
0.0021498999994946644, 3, 108379.0, 0.203
0.0015273000026354566, 4, 108309.0, 0.139
0.0018072000093525276, 5, 108309.0, 0.139
0.0018636000022524968, 6, 108266.0, 0.099
0.0013624999992316589, 7, 108202.0, 0.040
0.0017580999992787838, 8, 108159.0, 0.000

tour:
[53 52 51 54 55 56 57 58 59 40 60 61 62 63 72 71 70 64 65 50 48 49 66 69
 67 68 46 47 43 44 45 23 24 20 21 22  0 75 74  1  2  3  4  5  6  7  8  9
 10 11 12 13 73 14 15 16 17 36 35 37 38 39 33 34 32 31 28 29 30 18 19 25
 26 27 42 41]

eliteFit: 108159.0
percentError: 0.0
computationTime: 0.021s