instanceName: pr76
n: 76
optFit: 108159

genTime, gen, eliteFit, percentError:
0.00014800000644754618, 0, 507022.0, 368.775
0.003531399997882545, 1, 109762.0, 1.482
0.0018756000063149258, 2, 108415.0, 0.237
0.0014764000079594553, 3, 108415.0, 0.237
0.001346500008367002, 4, 108351.0, 0.178
0.002297700004419312, 5, 108308.0, 0.138
0.0015702999953646213, 6, 108308.0, 0.138
0.0012780999968526885, 7, 108308.0, 0.138
0.0018081000016536564, 8, 108308.0, 0.138
0.0018419999978505075, 9, 108274.0, 0.106
0.001179800005047582, 10, 108274.0, 0.106
0.0015074999973876402, 11, 108159.0, 0.000

tour:
[24 20 21 22  0 75 74  1  2  3  4  5  6  7  8  9 10 11 12 13 73 14 15 16
 17 36 35 37 38 39 33 34 32 31 28 29 30 18 19 25 26 27 42 41 53 52 51 54
 55 56 57 58 59 40 60 61 62 63 72 71 70 64 65 50 48 49 66 69 67 68 46 47
 43 44 45 23]

eliteFit: 108159.0
percentError: 0.0
computationTime: 0.028s