instanceName: pr76
n: 76
optFit: 108159

genTime, gen, eliteFit, percentError:
0.00010389999079052359, 0, 493142.0, 355.942
0.0028011999966111034, 1, 109589.0, 1.322
0.0020207999914418906, 2, 109186.0, 0.950
0.0015401999989990145, 3, 108676.0, 0.478
0.0017288000090047717, 4, 108633.0, 0.438
0.0018952999962493777, 5, 108379.0, 0.203
0.0012755999923683703, 6, 108277.0, 0.109
0.001145000001997687, 7, 108277.0, 0.109
0.0014401000080397353, 8, 108277.0, 0.109
0.0014348999975482002, 9, 108159.0, 0.000

tour:
[51 54 55 56 57 58 59 40 60 61 62 63 72 71 70 64 65 50 48 49 66 69 67 68
 46 47 43 44 45 23 24 20 21 22  0 75 74  1  2  3  4  5  6  7  8  9 10 11
 12 13 73 14 15 16 17 36 35 37 38 39 33 34 32 31 28 29 30 18 19 25 26 27
 42 41 53 52]

eliteFit: 108159.0
percentError: 0.0
computationTime: 0.021s