instanceName: lin105
n: 105
optFit: 14379

genTime, gen, eliteFit, percentError:
0.00011950000771321356, 0, 110461.0, 668.211
0.005810300004668534, 1, 14605.0, 1.572
0.003253300004871562, 2, 14452.0, 0.508
0.003086500000790693, 3, 14412.0, 0.230
0.0031604999967385083, 4, 14401.0, 0.153
0.002290399992489256, 5, 14379.0, 0.000

tour:
[ 64  65  86  87  93  94  99  98  97  89  88  92 101 100  96  95  91  90
  84  83  82  81  77  70  67  66  63  71  76  78  85  79  75  72  80  74
  73  68  69  62  61 104  58  55  54  49  47  44  48  39 103  43  46  50
  53  56  57  52  51  45  42  40  41  36  35  25  24  17  16  15  26  23
  18  11  19  22  27  32  31  30  29  28  21  20 102  14  10   9   6   5
   1   0   2   7   8   4   3  12  13  33  34  37  38  59  60]

eliteFit: 14379.0
percentError: 0.0
computationTime: 0.021s