instanceName: rl5934
n: 5934
optFit: 556045

genTime, gen, eliteFit, percentError:
0.0069293000269681215, 0, 41608875.0, 7383.005
75.46445799991488, 1, 636881.0, 14.538
45.74001559999306, 2, 623371.0, 12.108
45.33950340002775, 3, 620009.0, 11.503
44.30912710004486, 4, 614485.0, 10.510
43.2360456000315, 5, 608449.0, 9.424
43.777246100013144, 6, 605844.0, 8.956
45.07671009993646, 7, 604247.0, 8.669
42.78140989993699, 8, 602238.0, 8.307
40.50392080005258, 9, 601440.0, 8.164
42.27979770000093, 10, 598842.0, 7.697
43.35385280009359, 11, 598818.0, 7.692
41.79754749999847, 12, 596427.0, 7.262
43.22040360001847, 13, 594560.0, 6.927
41.86854329996277, 14, 593826.0, 6.795
42.4571305999998, 15, 593826.0, 6.795
41.412163299974054, 16, 591634.0, 6.400
44.8903183999937, 17, 591623.0, 6.398
41.395040600094944, 18, 590169.0, 6.137
41.40419939998537, 19, 590169.0, 6.137
41.45517109998036, 20, 589556.0, 6.027
38.19468940002844, 21, 588984.0, 5.924
39.48819730000105, 22, 588984.0, 5.924
37.64763459993992, 23, 588709.0, 5.874
38.241447899956256, 24, 587721.0, 5.697
41.64335249993019, 25, 586783.0, 5.528
36.81381159997545, 26, 586778.0, 5.527
37.06993869994767, 27, 586093.0, 5.404
38.59437479998451, 28, 585764.0, 5.345
32.73083839996252, 29, 585764.0, 5.345
31.93311499990523, 30, 585569.0, 5.310
25.50548189994879, 31, 585502.0, 5.298
25.728548699989915, 32, 585332.0, 5.267
24.759611999965273, 33, 585102.0, 5.226
23.13830950006377, 34, 585030.0, 5.213
28.308602900011465, 35, 584590.0, 5.134
27.32985980005469, 36, 584543.0, 5.125
27.244229800067842, 37, 584081.0, 5.042
28.6141709999647, 38, 583619.0, 4.959
23.618585200048983, 39, 583602.0, 4.956
26.450169899966568, 40, 582630.0, 4.781
27.32808660005685, 41, 582630.0, 4.781
26.702940999995917, 42, 582143.0, 4.694
25.953100500046276, 43, 581500.0, 4.578
24.957694900105707, 44, 581500.0, 4.578
20.24529650004115, 45, 581473.0, 4.573
18.47998050006572, 46, 581123.0, 4.510
17.186326600029133, 47, 580737.0, 4.441
14.85249949991703, 48, 580489.0, 4.396
12.480398599989712, 49, 580489.0, 4.396
11.077098999987356, 50, 580290.0, 4.360
13.284264899906702, 51, 580284.0, 4.359
15.118475100025535, 52, 580284.0, 4.359
11.187180300010368, 53, 580250.0, 4.353
8.503561799996532, 54, 580250.0, 4.353
10.071861800039187, 55, 579979.0, 4.304
9.735889500007033, 56, 579548.0, 4.227
9.499265799997374, 57, 579548.0, 4.227
8.50213480007369, 58, 579548.0, 4.227
8.136640100041404, 59, 578997.0, 4.128
12.43664039997384, 60, 578997.0, 4.128
11.420090000028722, 61, 578236.0, 3.991
19.377348400070332, 62, 578236.0, 3.991
20.541114300023764, 63, 578236.0, 3.991
24.36949419998564, 64, 578236.0, 3.991
25.936133999959566, 65, 577875.0, 3.926
14.381307699950412, 66, 577875.0, 3.926
17.396274699945934, 67, 577875.0, 3.926
17.514212499954738, 68, 577875.0, 3.926
18.153101100004278, 69, 577875.0, 3.926
24.9539224000182, 70, 577875.0, 3.926
18.267960700090043, 71, 577875.0, 3.926
7.204755099955946, 72, 577875.0, 3.926
9.030276500037871, 73, 577875.0, 3.926
8.510405499953777, 74, 577471.0, 3.853
8.860103099956177, 75, 577471.0, 3.853
12.356129899970256, 76, 577471.0, 3.853
11.895597900031134, 77, 577429.0, 3.846
11.004157799994573, 78, 577429.0, 3.846
11.243458000011742, 79, 577404.0, 3.841
12.84279950009659, 80, 577373.0, 3.836
9.762501499964856, 81, 577352.0, 3.832
14.752431800006889, 82, 577182.0, 3.801
14.64334670000244, 83, 576965.0, 3.762
12.551788400043733, 84, 576965.0, 3.762
12.519581299973652, 85, 576965.0, 3.762
10.533611699938774, 86, 576787.0, 3.730
8.983347599976696, 87, 576787.0, 3.730
8.761487099924125, 88, 576787.0, 3.730
10.396051299991086, 89, 576787.0, 3.730
10.139642900088802, 90, 576787.0, 3.730
8.202948099933565, 91, 576787.0, 3.730
8.902707500034012, 92, 576787.0, 3.730
8.1061399000464, 93, 576787.0, 3.730
7.096604399965145, 94, 576787.0, 3.730
9.66129510011524, 95, 576787.0, 3.730
8.404975099954754, 96, 576785.0, 3.730
12.112438900046982, 97, 576785.0, 3.730
16.780426900018938, 98, 576785.0, 3.730
20.04993160010781, 99, 576785.0, 3.730
20.017917499993928, 100, 576643.0, 3.704
27.44471730000805, 101, 576643.0, 3.704
10.958995299995877, 102, 576643.0, 3.704
10.412436799961142, 103, 576612.0, 3.699
9.893957499996759, 104, 576612.0, 3.699
10.988420699955896, 105, 576612.0, 3.699
9.181305500096641, 106, 576383.0, 3.658
7.0779279000125825, 107, 576200.0, 3.625
11.043995899963193, 108, 576200.0, 3.625
8.203558700042777, 109, 576200.0, 3.625
8.428223600029014, 110, 576200.0, 3.625
7.552683599991724, 111, 576200.0, 3.625
7.737885299953632, 112, 576200.0, 3.625
8.044665699941106, 113, 576200.0, 3.625
8.68343780003488, 114, 576200.0, 3.625
7.797280099941418, 115, 576200.0, 3.625
8.235758299939334, 116, 576200.0, 3.625
8.15211550006643, 117, 576200.0, 3.625
8.923156500095502, 118, 576156.0, 3.617
9.927307300036773, 119, 576156.0, 3.617
12.616681799991056, 120, 576156.0, 3.617
9.156730700051412, 121, 576145.0, 3.615
9.957885900046676, 122, 576101.0, 3.607
9.634209199924953, 123, 576101.0, 3.607
9.077586999977939, 124, 576101.0, 3.607
7.732098300009966, 125, 576101.0, 3.607
8.291455199941993, 126, 576101.0, 3.607
6.568718199967407, 127, 576101.0, 3.607
7.069918200024404, 128, 576101.0, 3.607
8.94507000001613, 129, 576053.0, 3.598
8.972795899957418, 130, 576053.0, 3.598
9.203755999915302, 131, 576053.0, 3.598
8.752733999979682, 132, 575969.0, 3.583
8.075286400038749, 133, 575969.0, 3.583
7.838559399941005, 134, 575969.0, 3.583
8.958202900015749, 135, 575969.0, 3.583
8.471996199921705, 136, 575729.0, 3.540
9.616774099995382, 137, 575729.0, 3.540
8.434741700068116, 138, 575208.0, 3.446
8.73184149991721, 139, 575189.0, 3.443
9.247047199984081, 140, 575058.0, 3.419
8.719239400001243, 141, 575040.0, 3.416
9.254466600017622, 142, 575040.0, 3.416
9.380682199960575, 143, 575036.0, 3.415
7.687427600030787, 144, 574971.0, 3.404
8.49223859992344, 145, 574971.0, 3.404
8.150431400048546, 146, 574971.0, 3.404
7.895388299948536, 147, 574971.0, 3.404
7.994804700021632, 148, 574453.0, 3.311
8.580954100005329, 149, 574334.0, 3.289
16.048311699996702, 150, 574328.0, 3.288
24.253511600079946, 151, 574173.0, 3.260
25.398373099975288, 152, 574173.0, 3.260
25.871724599972367, 153, 574140.0, 3.254
22.377594199962914, 154, 574016.0, 3.232
17.15156490006484, 155, 574016.0, 3.232
17.614781100070104, 156, 573925.0, 3.216
18.916789899929427, 157, 573763.0, 3.186
20.750471399980597, 158, 573690.0, 3.173
20.18077550001908, 159, 573483.0, 3.136
23.438177400035784, 160, 573428.0, 3.126
22.92398899991531, 161, 573205.0, 3.086
17.005733900004998, 162, 573205.0, 3.086
15.44240279996302, 163, 572928.0, 3.036
20.890833399957046, 164, 572928.0, 3.036
22.06553999998141, 165, 572835.0, 3.020
18.297216399922036, 166, 572730.0, 3.001
9.254138999967836, 167, 572730.0, 3.001
8.786815700004809, 168, 572675.0, 2.991
8.477582399966195, 169, 572675.0, 2.991
7.726005399948917, 170, 572670.0, 2.990
7.022544499952346, 171, 572643.0, 2.985
9.905353299924172, 172, 572576.0, 2.973
8.058839600067586, 173, 572550.0, 2.968
7.508897199993953, 174, 572478.0, 2.955
7.688225299934857, 175, 572336.0, 2.930
9.201025200076401, 176, 572205.0, 2.906
10.461618400062434, 177, 572101.0, 2.888
12.790256599895656, 178, 572003.0, 2.870
9.111566200037487, 179, 571934.0, 2.858
9.129268100019544, 180, 571879.0, 2.848
9.9735706000356, 181, 571791.0, 2.832
9.951121299993247, 182, 571774.0, 2.829
10.051562099950388, 183, 571581.0, 2.794
10.611303099896759, 184, 571581.0, 2.794
12.702321799937636, 185, 571581.0, 2.794
10.283161900006235, 186, 571581.0, 2.794
7.678839300060645, 187, 571581.0, 2.794
9.577042400022037, 188, 571581.0, 2.794
8.52240040001925, 189, 571581.0, 2.794
8.001186500070617, 190, 571581.0, 2.794
8.19738679996226, 191, 571581.0, 2.794
9.000661499914713, 192, 571558.0, 2.790
8.2911260999972, 193, 571558.0, 2.790
11.688929499941878, 194, 571558.0, 2.790
18.754951999988407, 195, 571421.0, 2.765
24.7664924999699, 196, 571421.0, 2.765
28.68196020007599, 197, 571421.0, 2.765
24.920735099934973, 198, 571421.0, 2.765
29.552769200061448, 199, 571273.0, 2.739
17.678049600101076, 200, 571273.0, 2.739
10.002772800042294, 201, 571273.0, 2.739
9.955912300036289, 202, 571267.0, 2.738
7.324965699925087, 203, 571267.0, 2.738
8.717423800029792, 204, 571267.0, 2.738
9.140394099988043, 205, 571267.0, 2.738
8.502320000086911, 206, 571267.0, 2.738
7.484753699973226, 207, 571267.0, 2.738
9.838029599981382, 208, 571267.0, 2.738
7.217596799950115, 209, 571267.0, 2.738
6.95775279996451, 210, 571267.0, 2.738
8.84394350007642, 211, 571212.0, 2.728
8.375054399948567, 212, 571212.0, 2.728
7.4898944000015035, 213, 571168.0, 2.720
8.488511000061408, 214, 571168.0, 2.720
7.844267799984664, 215, 571168.0, 2.720
8.150997000047937, 216, 571168.0, 2.720
7.909708600025624, 217, 571168.0, 2.720
8.749078799970448, 218, 571168.0, 2.720
7.60664320003707, 219, 571168.0, 2.720
8.427529999986291, 220, 571168.0, 2.720
7.012279399903491, 221, 571168.0, 2.720
7.121048100059852, 222, 571168.0, 2.720
8.221242400002666, 223, 571168.0, 2.720
8.27348760003224, 224, 571168.0, 2.720
7.99546410003677, 225, 571168.0, 2.720
8.71117869997397, 226, 571168.0, 2.720
8.968101299949922, 227, 571168.0, 2.720
7.923953999998048, 228, 571168.0, 2.720
6.980341000016779, 229, 571168.0, 2.720
9.432900800020434, 230, 571168.0, 2.720
7.264361099922098, 231, 571168.0, 2.720
7.957390800002031, 232, 571168.0, 2.720
7.077332599903457, 233, 571168.0, 2.720
8.93026130006183, 234, 571168.0, 2.720
8.47641190001741, 235, 571168.0, 2.720
10.346252499963157, 236, 571168.0, 2.720
8.016810700064525, 237, 571168.0, 2.720
7.351781499921344, 238, 571168.0, 2.720
8.94055479997769, 239, 571168.0, 2.720
8.68669810006395, 240, 571168.0, 2.720
8.142079600016586, 241, 571168.0, 2.720
7.816547900089063, 242, 571168.0, 2.720
8.515160299954005, 243, 571168.0, 2.720
7.696788300061598, 244, 571168.0, 2.720
7.06017419998534, 245, 571168.0, 2.720
8.259742000023834, 246, 571168.0, 2.720
8.408828499959782, 247, 571168.0, 2.720
8.358281100052409, 248, 571168.0, 2.720
9.16978829994332, 249, 571168.0, 2.720
8.765492699923925, 250, 571168.0, 2.720
7.533689800067805, 251, 571168.0, 2.720
7.48272149998229, 252, 571168.0, 2.720
7.901695600012317, 253, 571168.0, 2.720
7.568521099979989, 254, 571168.0, 2.720
9.260239100083709, 255, 571168.0, 2.720
7.764178399927914, 256, 571168.0, 2.720
7.871628800057806, 257, 571168.0, 2.720
10.946574199944735, 258, 571168.0, 2.720
8.793612000066787, 259, 571168.0, 2.720
8.414634399930947, 260, 571127.0, 2.712
9.047556600067765, 261, 571127.0, 2.712
8.380748800002038, 262, 571127.0, 2.712
8.140025300090201, 263, 571127.0, 2.712
9.169532499974594, 264, 571127.0, 2.712
9.213570599909872, 265, 571127.0, 2.712
8.501674799947068, 266, 571127.0, 2.712
8.336626400006935, 267, 571127.0, 2.712
8.539845800027251, 268, 571127.0, 2.712
6.751271300017834, 269, 571127.0, 2.712
8.600055600050837, 270, 571127.0, 2.712
6.454271800001152, 271, 571127.0, 2.712
8.248758399975486, 272, 571127.0, 2.712
9.033489599940367, 273, 571127.0, 2.712
7.135443800012581, 274, 571127.0, 2.712
7.080626700073481, 275, 571127.0, 2.712
7.4372805000748485, 276, 571127.0, 2.712
8.044495600042865, 277, 571127.0, 2.712
7.988383600022644, 278, 571116.0, 2.710
9.109965999959968, 279, 571116.0, 2.710
7.677901300019585, 280, 570949.0, 2.680
7.50334189995192, 281, 570949.0, 2.680
8.969085299992003, 282, 570930.0, 2.677
9.22792540001683, 283, 570930.0, 2.677
8.52429500001017, 284, 570930.0, 2.677
8.103113799938, 285, 570930.0, 2.677
8.143159199971706, 286, 570930.0, 2.677
8.826939299935475, 287, 570930.0, 2.677
7.205365900066681, 288, 570930.0, 2.677
7.964026200002991, 289, 570930.0, 2.677
7.7162661999464035, 290, 570930.0, 2.677
8.195920899976045, 291, 570930.0, 2.677
7.929330299957655, 292, 570930.0, 2.677
8.43411529995501, 293, 570930.0, 2.677
12.353270700084977, 294, 570727.0, 2.640
10.899785000015981, 295, 570727.0, 2.640
12.606380599900149, 296, 570564.0, 2.611
13.527945899986662, 297, 570564.0, 2.611
10.475881999940611, 298, 570564.0, 2.611
8.055548200034536, 299, 570564.0, 2.611
6.785558800096624, 300, 570564.0, 2.611
7.376689600059763, 301, 570564.0, 2.611
7.660757099976763, 302, 570564.0, 2.611
7.987225100048818, 303, 570564.0, 2.611
7.974724100087769, 304, 570564.0, 2.611
7.794103799969889, 305, 570564.0, 2.611
8.657019200036302, 306, 570564.0, 2.611
6.935360100003891, 307, 570564.0, 2.611
7.04040680010803, 308, 570461.0, 2.593
9.023668300011195, 309, 570461.0, 2.593
10.373253599973395, 310, 570461.0, 2.593
9.434920700034127, 311, 570461.0, 2.593
8.959989199996926, 312, 570461.0, 2.593
8.792407399974763, 313, 570461.0, 2.593
8.416587100015022, 314, 570461.0, 2.593
8.199892599950545, 315, 570461.0, 2.593
7.939239699975587, 316, 570461.0, 2.593
7.853665699949488, 317, 570461.0, 2.593
8.413901299936697, 318, 570461.0, 2.593
7.33392190001905, 319, 570461.0, 2.593
10.383346900111064, 320, 570312.0, 2.566
10.057495700079016, 321, 570312.0, 2.566
10.142885900102556, 322, 570137.0, 2.534
8.446685799979605, 323, 570126.0, 2.532
9.270383899915032, 324, 570068.0, 2.522
9.63266839995049, 325, 570068.0, 2.522
7.007038000039756, 326, 570068.0, 2.522
8.845967300003394, 327, 570068.0, 2.522
7.4728148999856785, 328, 570068.0, 2.522
8.916779099963605, 329, 570068.0, 2.522
7.3197668000357226, 330, 570068.0, 2.522
7.796652800054289, 331, 570068.0, 2.522
9.45143969997298, 332, 570068.0, 2.522
9.429498799960129, 333, 570068.0, 2.522
7.151211499935016, 334, 570068.0, 2.522
8.539320399984717, 335, 570068.0, 2.522
7.287909499951638, 336, 570068.0, 2.522
8.635185900027864, 337, 570068.0, 2.522
8.93648390006274, 338, 570068.0, 2.522
7.931180199957453, 339, 570068.0, 2.522
8.149520199978724, 340, 570068.0, 2.522
7.7998024999396876, 341, 570068.0, 2.522
9.155963399913162, 342, 570068.0, 2.522
6.99856970005203, 343, 570068.0, 2.522
8.84464690007735, 344, 570068.0, 2.522
8.264852299937047, 345, 570068.0, 2.522
7.702923299977556, 346, 570068.0, 2.522
7.622823600075208, 347, 570068.0, 2.522
9.166361700044945, 348, 570068.0, 2.522
8.215287599945441, 349, 570068.0, 2.522
8.673003199975938, 350, 570068.0, 2.522
8.219478000071831, 351, 570068.0, 2.522
8.781104699941352, 352, 570068.0, 2.522
8.470099399914034, 353, 570068.0, 2.522
8.000735300011002, 354, 570068.0, 2.522
7.000990099972114, 355, 570068.0, 2.522
8.023523999960162, 356, 570068.0, 2.522
7.6701404000632465, 357, 570068.0, 2.522
8.552943799993955, 358, 570068.0, 2.522
7.5405555999604985, 359, 570068.0, 2.522
9.598574299947359, 360, 570068.0, 2.522
8.171148799941875, 361, 570068.0, 2.522
6.999612299958244, 362, 570068.0, 2.522
7.641149500035681, 363, 570068.0, 2.522
7.116655700025149, 364, 570068.0, 2.522
7.49125780002214, 365, 570068.0, 2.522
8.764721399988048, 366, 570068.0, 2.522
7.517147700069472, 367, 570068.0, 2.522
8.35779849998653, 368, 570068.0, 2.522
7.996988200000487, 369, 570068.0, 2.522
8.63569139991887, 370, 570068.0, 2.522
6.984658499946818, 371, 570068.0, 2.522
7.640278700040653, 372, 570068.0, 2.522
7.943354199989699, 373, 570068.0, 2.522
7.826389100053348, 374, 570049.0, 2.519
8.948031799984165, 375, 570049.0, 2.519
8.200971300015226, 376, 570049.0, 2.519
9.365306399995461, 377, 570049.0, 2.519
8.21332890004851, 378, 570049.0, 2.519
8.198549199965782, 379, 570049.0, 2.519
8.867825099965557, 380, 570049.0, 2.519
8.288582700071856, 381, 570049.0, 2.519
7.067678100080229, 382, 570028.0, 2.515
7.745146699948236, 383, 570028.0, 2.515
7.479687599930912, 384, 570028.0, 2.515
9.206698899972253, 385, 570028.0, 2.515
7.450285300030373, 386, 570028.0, 2.515
7.131050999974832, 387, 570028.0, 2.515
7.372865900048055, 388, 570028.0, 2.515
8.038693500100635, 389, 570028.0, 2.515
7.55471410008613, 390, 570028.0, 2.515
6.992192000034265, 391, 570028.0, 2.515
8.68791809992399, 392, 570028.0, 2.515
8.42709669994656, 393, 570028.0, 2.515
8.054172699921764, 394, 570028.0, 2.515
10.20854049990885, 395, 569991.0, 2.508
8.118263299926184, 396, 569991.0, 2.508
9.032981300028041, 397, 569991.0, 2.508
8.296718499972485, 398, 569991.0, 2.508
9.55987220001407, 399, 569991.0, 2.508
7.561992199975066, 400, 569991.0, 2.508
7.850222799926996, 401, 569991.0, 2.508
8.027231899905019, 402, 569991.0, 2.508
7.7626166000263765, 403, 569991.0, 2.508
7.332419699989259, 404, 569991.0, 2.508
7.729045000043698, 405, 569991.0, 2.508
8.332954399986193, 406, 569991.0, 2.508
7.587624800042249, 407, 569991.0, 2.508
7.058512000017799, 408, 569991.0, 2.508
7.941569500020705, 409, 569991.0, 2.508
7.455882300040685, 410, 569991.0, 2.508
7.682684400002472, 411, 569991.0, 2.508
7.79784239991568, 412, 569991.0, 2.508
7.338832900044508, 413, 569991.0, 2.508
7.332686900044791, 414, 569991.0, 2.508
8.230812299996614, 415, 569991.0, 2.508
8.840576100046746, 416, 569991.0, 2.508
7.509407899924554, 417, 569991.0, 2.508
6.885883099981584, 418, 569991.0, 2.508
7.042355599929579, 419, 569991.0, 2.508
8.036146000027657, 420, 569974.0, 2.505
6.976319900015369, 421, 569974.0, 2.505
9.111168200033717, 422, 569974.0, 2.505
8.518692799960263, 423, 569974.0, 2.505
7.747879499918781, 424, 569974.0, 2.505
7.830442900070921, 425, 569974.0, 2.505
8.57410699990578, 426, 569974.0, 2.505
7.784046899992973, 427, 569974.0, 2.505
10.375873199896887, 428, 569974.0, 2.505
9.084006499964744, 429, 569974.0, 2.505
8.734126599971205, 430, 569974.0, 2.505
8.283740799990483, 431, 569974.0, 2.505
8.677341499947943, 432, 569974.0, 2.505
7.889917199965566, 433, 569974.0, 2.505
8.414532700087875, 434, 569974.0, 2.505
8.349397300044075, 435, 569974.0, 2.505
8.778841299936175, 436, 569974.0, 2.505
8.044199000112712, 437, 569974.0, 2.505
8.609340299968608, 438, 569974.0, 2.505
9.919528900063597, 439, 569974.0, 2.505
8.096518800011836, 440, 569974.0, 2.505
8.695609699934721, 441, 569974.0, 2.505
8.375182899995707, 442, 569974.0, 2.505
6.280282799969427, 443, 569974.0, 2.505
7.570854299934581, 444, 569974.0, 2.505
12.94510180002544, 445, 569974.0, 2.505
8.055321900057606, 446, 569974.0, 2.505
7.383024000097066, 447, 569974.0, 2.505
8.378932400024496, 448, 569974.0, 2.505
8.122477800003253, 449, 569866.0, 2.486
11.649848600034602, 450, 569712.0, 2.458
11.404358199913986, 451, 569609.0, 2.439
15.63930519996211, 452, 569609.0, 2.439
7.595274000079371, 453, 569609.0, 2.439
10.655789999989793, 454, 569609.0, 2.439
7.796403700020164, 455, 569609.0, 2.439
6.991411000024527, 456, 569609.0, 2.439
8.353147999965586, 457, 569609.0, 2.439
7.593795799999498, 458, 569609.0, 2.439
7.28968469996471, 459, 569609.0, 2.439
7.72493869997561, 460, 569609.0, 2.439
8.424217500025406, 461, 569609.0, 2.439
8.65437819994986, 462, 569609.0, 2.439
8.479354600072838, 463, 569609.0, 2.439
6.864590000011958, 464, 569609.0, 2.439
9.163882000022568, 465, 569609.0, 2.439
7.794645800022408, 466, 569609.0, 2.439
7.473393900087103, 467, 569609.0, 2.439
8.680778500041924, 468, 569609.0, 2.439
8.425878400099464, 469, 569609.0, 2.439
8.551275600097142, 470, 569609.0, 2.439
7.338598700007424, 471, 569609.0, 2.439
6.878971599973738, 472, 569609.0, 2.439
7.545791600015946, 473, 569609.0, 2.439
7.951452300068922, 474, 569609.0, 2.439
7.376441200030968, 475, 569609.0, 2.439
7.088990599964745, 476, 569609.0, 2.439
7.530143699957989, 477, 569607.0, 2.439
7.048216699971817, 478, 569607.0, 2.439
8.13200650003273, 479, 569607.0, 2.439
9.09412899997551, 480, 569579.0, 2.434
9.065674599958584, 481, 569579.0, 2.434
10.726029800018296, 482, 569579.0, 2.434
9.784184699994512, 483, 569579.0, 2.434
8.580583200091496, 484, 569579.0, 2.434
7.489402800099924, 485, 569578.0, 2.434
8.539123700000346, 486, 569489.0, 2.418
8.146720199962147, 487, 569489.0, 2.418
7.0901470999233425, 488, 569489.0, 2.418
7.535024699987844, 489, 569489.0, 2.418
8.387718499987386, 490, 569489.0, 2.418
8.339981799945235, 491, 569489.0, 2.418
8.48013650008943, 492, 569489.0, 2.418
9.691577499965206, 493, 569489.0, 2.418
9.845538399997167, 494, 569489.0, 2.418
8.932866899995133, 495, 569489.0, 2.418
7.329977100016549, 496, 569489.0, 2.418
7.77483500004746, 497, 569489.0, 2.418
8.176527200033888, 498, 569489.0, 2.418
8.135515799978748, 499, 569489.0, 2.418
7.7821127999341115, 500, 569489.0, 2.418
10.14482919999864, 501, 569489.0, 2.418
8.52488020004239, 502, 569489.0, 2.418
8.016206100001, 503, 569489.0, 2.418
8.589482799987309, 504, 569489.0, 2.418
8.898567000054754, 505, 569489.0, 2.418
8.575975599931553, 506, 569489.0, 2.418
8.633037699968554, 507, 569489.0, 2.418
7.972189199994318, 508, 569489.0, 2.418
7.202838599914685, 509, 569489.0, 2.418
7.807901499909349, 510, 569489.0, 2.418
7.831054299953394, 511, 569489.0, 2.418
8.89004530000966, 512, 569489.0, 2.418
8.921289399964735, 513, 569489.0, 2.418
9.747320599970408, 514, 569489.0, 2.418
11.080084199900739, 515, 569489.0, 2.418
10.416336599970236, 516, 569489.0, 2.418
8.773412500042468, 517, 569489.0, 2.418
9.54291059996467, 518, 569489.0, 2.418
10.168979900074191, 519, 569440.0, 2.409
9.534531299956143, 520, 569440.0, 2.409
9.481718699913472, 521, 569440.0, 2.409
13.627193100051954, 522, 569440.0, 2.409
11.172387800063007, 523, 569440.0, 2.409
8.886065799975768, 524, 569440.0, 2.409
6.952020899974741, 525, 569440.0, 2.409
8.260917700012214, 526, 569440.0, 2.409
7.999342399998568, 527, 569440.0, 2.409
8.734418499981984, 528, 569440.0, 2.409
8.225206900038756, 529, 569440.0, 2.409
7.838136599981226, 530, 569357.0, 2.394
8.998200799920596, 531, 569357.0, 2.394
11.065646900096908, 532, 569357.0, 2.394
7.621408799896017, 533, 569357.0, 2.394
8.095155599992722, 534, 569357.0, 2.394
8.057734700036235, 535, 569357.0, 2.394
7.985222400049679, 536, 569357.0, 2.394
8.660506899934262, 537, 569357.0, 2.394
8.48254670004826, 538, 569357.0, 2.394
8.109192100004293, 539, 569357.0, 2.394
8.688557600020431, 540, 569357.0, 2.394
9.089864499983378, 541, 569357.0, 2.394
8.2338546999963, 542, 569357.0, 2.394
9.527387599926442, 543, 569357.0, 2.394
9.012893500039354, 544, 569357.0, 2.394
8.863360100076534, 545, 569357.0, 2.394
7.002176900045015, 546, 569357.0, 2.394
7.978092500008643, 547, 569357.0, 2.394
7.408779999939725, 548, 569357.0, 2.394
6.907220400054939, 549, 569357.0, 2.394
9.12105319998227, 550, 569341.0, 2.391
8.489950600080192, 551, 569341.0, 2.391
8.210827499977313, 552, 569251.0, 2.375
8.0816724000033, 553, 569251.0, 2.375
9.336560599971563, 554, 569153.0, 2.357
8.619048099964857, 555, 569153.0, 2.357
8.335078799980693, 556, 569153.0, 2.357
9.749315400025807, 557, 569153.0, 2.357
8.298405699897557, 558, 569153.0, 2.357
8.856588599970564, 559, 569153.0, 2.357
7.782165399985388, 560, 569153.0, 2.357
10.380159999942407, 561, 569153.0, 2.357
8.55427530000452, 562, 569153.0, 2.357
8.989051399985328, 563, 569153.0, 2.357
8.751916100038216, 564, 569153.0, 2.357
8.12334579997696, 565, 569153.0, 2.357
7.914880899945274, 566, 569153.0, 2.357
8.424824299989268, 567, 569153.0, 2.357
8.29926030000206, 568, 569153.0, 2.357
7.946712299948558, 569, 569153.0, 2.357
7.91041689994745, 570, 569153.0, 2.357
7.243549700011499, 571, 569153.0, 2.357
7.596801099949516, 572, 569153.0, 2.357
7.013669800013304, 573, 569153.0, 2.357
8.496644599945284, 574, 569153.0, 2.357
10.142822099965997, 575, 569153.0, 2.357
7.612800300004892, 576, 569153.0, 2.357
7.35369380004704, 577, 569147.0, 2.356
8.594170700060204, 578, 569147.0, 2.356
8.264071500045247, 579, 569039.0, 2.337
8.38738640001975, 580, 569039.0, 2.337
8.675922199967317, 581, 569034.0, 2.336
7.235320999985561, 582, 569034.0, 2.336
7.432790499995463, 583, 569034.0, 2.336
7.747794300084934, 584, 569034.0, 2.336
7.565929199918173, 585, 569034.0, 2.336
8.516122700064443, 586, 569034.0, 2.336
7.936085799941793, 587, 569034.0, 2.336
8.653414700063877, 588, 569034.0, 2.336
7.649310799897648, 589, 569034.0, 2.336
9.267979100113735, 590, 569034.0, 2.336
8.630286999978125, 591, 569034.0, 2.336
8.417637699982151, 592, 569034.0, 2.336
7.234091300051659, 593, 569034.0, 2.336
7.646446299972013, 594, 569034.0, 2.336
7.087604600004852, 595, 569034.0, 2.336
8.999500500038266, 596, 568902.0, 2.312
8.372258300078101, 597, 568902.0, 2.312
8.26873130002059, 598, 568902.0, 2.312
7.315955399884842, 599, 568902.0, 2.312
8.013496099971235, 600, 568902.0, 2.312
8.459909199969843, 601, 568902.0, 2.312
9.290013500023633, 602, 568902.0, 2.312
7.30668819998391, 603, 568902.0, 2.312
8.02702329994645, 604, 568902.0, 2.312
8.360548399970867, 605, 568902.0, 2.312
9.051342000020668, 606, 568902.0, 2.312
8.21040440001525, 607, 568902.0, 2.312
8.378628099919297, 608, 568902.0, 2.312
8.596817399957217, 609, 568902.0, 2.312
8.059141899924725, 610, 568902.0, 2.312
8.112205000012182, 611, 568902.0, 2.312
10.865949400002137, 612, 568902.0, 2.312
7.801064500003122, 613, 568902.0, 2.312
9.938724100007676, 614, 568902.0, 2.312
7.853953999932855, 615, 568902.0, 2.312
9.457661799970083, 616, 568902.0, 2.312
8.117099099908955, 617, 568902.0, 2.312
6.977149500045925, 618, 568902.0, 2.312
8.757275199983269, 619, 568902.0, 2.312
6.982082300004549, 620, 568902.0, 2.312
8.488756299950182, 621, 568902.0, 2.312
7.781239700037986, 622, 568902.0, 2.312
8.298095200094394, 623, 568902.0, 2.312
9.027067599934526, 624, 568902.0, 2.312
7.700544400024228, 625, 568902.0, 2.312
7.785749700036831, 626, 568902.0, 2.312
9.360100999940187, 627, 568902.0, 2.312
7.358648499939591, 628, 568902.0, 2.312
7.007379800081253, 629, 568902.0, 2.312
7.289097200031392, 630, 568902.0, 2.312
7.818290999974124, 631, 568902.0, 2.312
7.95676159998402, 632, 568902.0, 2.312
7.081643100013025, 633, 568902.0, 2.312
7.010345399961807, 634, 568902.0, 2.312
8.654257499962114, 635, 568902.0, 2.312
7.733753200038336, 636, 568902.0, 2.312
8.101743000093848, 637, 568902.0, 2.312
8.128506099921651, 638, 568902.0, 2.312
7.803301000036299, 639, 568902.0, 2.312
7.398864200105891, 640, 568902.0, 2.312
9.790655300021172, 641, 568902.0, 2.312
8.85467739996966, 642, 568902.0, 2.312
7.393154199933633, 643, 568902.0, 2.312
9.478041899972595, 644, 568902.0, 2.312
8.395938799949363, 645, 568902.0, 2.312
7.856326500070281, 646, 568902.0, 2.312

tour:
[5602 5657 5658 5659 5660 5661 5662 5611 3318 3471 2468 4538 5579 5580
 5578  879 5577  971  937 5576 5575  966 5574 3959 3960 3961 3962 3963
  760 3964  916 3965  897 3966  857 3967  979 3968 3921 3838 3536 1667
 3828 5816 5046 4637 2917 4287 2415 4491 3288 5738 5794 4461 3802 5055
 5721 1191 3881 1575 3972 5684 5531 4265 1173 3404 1655 3389 5515 5474
 4166 2497 4720 4018 4727 1512 4867 5396 3612 3623 5867 5927 3526 4065
 3301 3328 3436 3483 5848 4852 1102 3711 3369 3579 2551 2076 2237 3688
 2720 3175 4020 4875 4596 5897 5702 1121 4576 5877 2255 3853 1112 2380
 5861 2365 2265 3594 1345 3822 5403 5459 3896 1424 4644 4583 4264 4263
 4262 4261 4260 4259 4258 1014 4257 1013 4256 5675 5676 5677  743 5678
 5679 5680 5681 5682 5683  377  116 5507 5508 5509 5510 5511 5512 5513
 5514   97  415 2492  776 2491 2490  775 2489 2488 2487 2486  774 2485
 2484  773 2483  772 2482 5506 5505 5504 2481  771 2480 3831 3830  423
 2479  770 2478  769 2477  768 2476  767 2475  766 2474  765 2473  764
 2472  763 2471 2467 3470 3317 3917 5645 3496 3597 3062 3869 4232 5670
 5671  976 5672  928 5673 1012 5674  424 4255 3920  978 3919  856 4233
 3870 3063 3598 3497 5646 3918 4291 5548 5610  896 5609  915 5608  759
 5607 5606 5605 5604 5603 5594 5593 5559 5560  965 5561 5562 5564 5563
 5879  970 4683  936 4679 4682 3781 5900 3708 3703  948 3702  804 5558
 5557 5556 3682  921 3701  947 3700 3699 3698 3697  944 5620 5621 5622
 5623 5624 5625  950 5626 5627 5628 4688 4684 5132 3199 3383 4537 2466
 3469 3316 5547 4290 5707 5708 5709 5710 5711 5712 5713 5714  973 5715
 1051 5716  742 5717 1026 5718  967 5720 5719 1190 3880 1574 3975 3971
 3976 3980 1172 3403 1654 2494 4165 5473 1658 1659 2071  252 3622 3394
 3395 3396 2072  642 2073  643 2074   33 2075 3397  710 3398 3402 2236
 2550 3578 3368 3710 1101 4851 5847 3482 3435 3327 3525 5926 5866 4869
 4866 4868 1511 4726 4017 4719 1344 3821 5402 5458 3895 1423 4643 2496
 2495 2493 4164 5472 5471 5470 5469   95 5468  375 5467  981 5466  114
 5465  969 5464 4459 5463 5054 3809 1189 3879 1573 2066 3978 1170 1176
 1177 3409 1661 4014 4015  251 4062  347 4016 4728 4729 5395 3611 4873
 4064 3300 3438  907 3439 5693 5692 5691 5690 2548 3481 3485 3306 3303
 3302 4063 5394 5393 5457 5456 5401 1343 4718 4721 1039 4722 4731 3610
 4872 5865 5925 3524 1098   32 1099 1100 1104 1105 1110   38 3486 2549
 5694 3440   39 3441 3442 5695 5696  910 5697   46 5698  945 5699  827
 5700 5701 2724  829 2723 2722 3492 3491 3490 3489 3488 3856 3855 3487
 1111 1114   41 1115 1118   44 1119   45 1120 1123   48 1124 2726 5896
 4595 4874 3494 4019 3174 1126 3687 4022 4023 4024  872 3178  871 3177
 4877 4878 3179  830 3180 3182 4879 4881 4599 4598 3692 3691 3690 4578
 2253 2383 2382 2368  729 2367 3718 1108 5854 4858 4855 4854 2546 3333
 3305  900 2231 3590 3591   36 3592 5887 1064 5888  715 5889   43 5890
  909 5891 1065 5892 1032 5893 5894   49  918 5895 4601 3181 4025 2725
 4880 4600 3693 3493 1125 4579 5875 3443 1116 3857 2252 2384 2369 2270
 2268 2267 2263 5857 5859  717 5858 3400 3717 1107 3589 3363 4857 5853
 5930   35 5931 5933 5886 2269 5874  908 5873   42 5872  714 5870 5871
 5932 5856 3399 3716 1106 5852 4856 3362 3588 2230 2545 3332 3304 3616
 5687 1095 5869 5868  923 3904 3906 3903  983 3902  254 3901 3900 4648
 4588 4586  777 4587 1430 4649 4647 3905 3826 5390 4723 1350 4870 5863
 3520 3521 3522 5929 5928  924   30 3615 3614 3613 1347  253 1346 3899
  306 3898 1194 2062 2063  640 2061  119 2060  639 2059  638 2058  637
 2057  636 2056  635 2055  634 2054  633 2053  418 2052  632 2051  631
 2050  511 2049  630 2048  629 4581 4580 2047  628 2046  627 2045  626
 2043 2044 2042  541 5797 5798 4685 5883 4531 2400 3465 4474 5779 5724
 3324 2590 4296 1793 5704 3914 1835 3502 2354 4275 4228 3875 5666 4251
 1662 3540 3843 5518 3832 4148 5050 3607 4632 4640 4641 2920 5499 2912
 2919 2418 2417 2410  737 2409  736 2408  419 2407  735 2406  725 2405
  512 2404  734 2403  733 2402  732 2401 4530 1030 4529 1029 4528  542
 4527  949 4526  984 4525 1010 4524 1018 4523  906 4522  990 4521 1028
 4520  993 4519  920 4518  943 4517  790 4516  891 4515  831 4514  899
 4513 3560  929 3561  280 3562  895 3563 3564 3360 2727 5584 3282 5615
 2536 3683 5552 3504 5649 4033 5567 4004 5597 3423 4299 5534 4225 5631
 3911 3704 5796 2041  625 2040  624 2039  623 2038  622 2037  621 2036
  620 2035  619 2034  618 2033  617 2032  616 2031  615 2030  614 2029
  613 2028  279 2027  612 2026  611 2025  610 2024 5350 5351  836 3559
  782 3558 3557  343 3556 5438  213 2023 2022  609 2021 2020 2019 5433
   72 5434  414 5435 5436  309 5437 3555 3554 3553 3545 3544 3543 3542
 1247  169 1246  168 1245  167 1244 5430 5431 5432 2018 2017 2016  608
 2015  607 2014  573 2013  606 2012  560 2011  605 2010  604 2009  477
 2008  603 2007  559 2006  602 2005 2004 2003 2002 2001 2000 1999 1998
 1997  148 1996 1995 1994 1993 1992 1991 1990 1989 1988 1987 1986 1985
 1984 1983 1982 2848 2849 2850 2851 2852 2853 2854 2855 2856 2857 2858
 2859 2860 2861 2862 2863 2864 2865 2866 2867 2868 2869 2870 2871  153
 1230  152 1229  151 1228  150 1227  149 1226 1225 1224  147 1223  146
 1222  145 1221  144 1220  143 1219  142 1218  141 1217  140 1216  139
 1215  138 1214  137 1213  136 1212    5 1211  135 1210  134 1209 2847
 2846   63  128 1981 1980 1979 2845 2844 5153 1094   29 1093   28 1092
   27 1091 1978 1977 1976   26 1975  358 1974  170 1973  567 1972  601
 1971  544 1970  600 1969  599 1968 1966 5385 5384 5225 1047 5224 4272
 1015 4271  349 4270  255 4269 5223 5222 1516 5439 1351 5214 4268 2101
    1 2100 2099 1061  380  745  911   50  354  842 1006 1195 1673 2944
  429  120 2945 1674 1196 4176 5268 3334 2908 3121 1523 1127 3445 5243
 2419 1587 2370 5250 5256 3108 1389 3764 5273 2102 3203 1068 5215 1352
 5440 1517 5264 4273 5296 4965 5907 5226 5414 5141 4904 5205 5386 4589
 5145 5348 5377 5300 4650 5307 2553 5413 3098 1711 1669 1967 4979 5488
 5428 3034 1863 5129 5487 1898 3753 1249 3851 2087 5326 4960 3981 4236
 1529 3214 4307 5122 3743 4764 4206 3728 1872 4568 4468 3099 2538 3158
 4363 1021 4364 1022 4365  666 4067 3149 2122 5155 5293 4765 1009 4766
  953 4767  553 4768  792 4769 1040 4770 1041 4771  667 4772 1027 4773
   67 4774  132 4775  688 4776  679 4777  586 4778 1003 4779    8 4780
 1038 4781  883 4782  286 4783  379 4784  392 4785  589 4786  176 4787
  869 4788  313 4789  482 4790  565 4791  180 4792  852 4793 3514  888
 4794  819 4795  728 4796 4797  991 4798 3230 2215 3479 2092 4799 4006
 1186 2357 2679 3265 3515 3024 1263 1891 3582 2228 1746 3250 2922 1445
 3137 1252 3237 1938 1612 3939 1584 1398 3218 4690 4603 1072 2430 4199
 4170 1931 4556 4804 2145 2153 1207 1142 5063 4496 4068 3150 2123 5156
 5294 2539 3100 4469 3159 4569 1873 3729 4207 4308 4309 4310 4311  554
 4312  793 4313 1019 4314 1020 4315  668 4316 4317 4318 4319 4320 4321
 4322 4323 4324 4325 4326 4327 4328 4329 4330 4331 4332 4333 4334 4335
 4336 4337 4338 4339 4340 4341 4342 4343 4344 4345 4346 4347 4348 4349
 4350 4351 4352 4353 1732  467 1733  468 1734  469 1735 1888 3263 4865
 4863 4862 2112 3651 3165 2129 2249 2313 2262 1739 2284 4567 3243 2277
 2137  466 1731  465 1730  464 1729  463 1728  462 1727  461 1726  460
 1725  459 1724 3629 1723 3667 2501 2085 2385 2285 2205 2191 2222 5241
 2767 3774 1875 3235 2625 2297 2301 2302  673 5021  719 2303 1742  476
 1743 3656 2602 2603  815 2604 2605  562 5027 5026 5025 5024  479 5023
 5022 3247 3246 4400 4399  718 4401  478 4943 4942 4941 4940 4939  833
 4938  697 4937 4936  648  779 4935 4934  941  457 4933 4932  933  651
  704 4931 4930 4388 4389 4390 4391 4392 4393 4394 4395 4396 4397 4398
 1878 1879  558 1880 5020 5019  555 5018  698 5017  649 5016  780 5015
  942 5014  458 5013  934 5012  652 5011  705 5010 2363  110 2362 5009
  818 5008  887 5007 3264  851 5006  179 5005  564 5004  481 5003  312
 5002  868 5001  175 5000  588 4999  391 4998  986 4997 1583  285 4996
  882 4995 1037 4994    7 4993 1002 4992  585 4991  678 4990  687 4989
  131 4988   66 4987 5062 4495 4986 4494 4366   65 4367  130 4368  686
 4369  677 4370 4371 4372 1001  584 4912 4913 4914    6 4373 1023 4374
 4375 4376 4377 4378 4379 4380 4381  867  311  480 4382 4383 4384 4385
 4386 4387  109 4929  817 4928 4927  850  178 4926  563 4925 4924 4923
 4922 4921  174  587  390  985  284  881 4915 4916 4917 4918 4919 4920
 1937 3236 1251 3136 1444 2921 3249 1745 2227 3581 1890 1261 1264 1262
  181 1265  182 1266  108 1267  183 1268  184 1269  185 1270  186 1271
  187 1272  188 1273  189 1274  190 1275  191 1276  192 1277  193 1278
  194 1279  195 1280  196 1281  197 1282  198 1283  199 1284  200 1285
  201 1286  202 1287  203 1288  204 1289  205 1290  206 1291  207 1292
 1293   73 1294  208 1295  209 1296  210 1297  211 1298  212 1299 4746
 4747 4748 4749 4750 4751 4752 4753 4754 4755 4756 4757 4758 1387  278
 1386  277 1385  276 1384  275 1383  274 1382  273 1381 1380 1379 1378
 1377 1376 1375 1652 1651 1650  373 1649  413 1648  412 1647  411 1646
  410 1645  409 1644  408 1643  407 1642  406 1641  405 1640  404 1639
  403 1638  402 1637  401 1636  400 1635  399 1634  398 1633  397 1632
  396 1631  395 1630  394 1629  393 1628 1627 1626 1625 1624 1623 1622
 1621 1620 1619 1618 1617 1616 1615 1610 1611 3938 1582 1397 3217 4689
 4602 1071 2429 4198 4169 1930 4555 4803 4911 2144 2152 1206 1141 4985
 5061 4493 4066 3148 2121 5154 5292 4362 3157 3156 4467 5498 5497 5496
  172 5495  569 5494 1053 5493  546 5492 1862 3033 3032 3031 3030 3720
 3719 3721  545 3722  951 3723  568 3724  171 5128 1897 5486 3752 1248
 3850 2086 5325 4959 3211 3212 3213  359 3725 3726  952 3727 2785 2786
  552 2787  791 2788  834 2789  835 2790  665 2791   64 2792  129 2793
 2950 2951 2794 2795 2796 2797 2798 2799 2800 2801 2802 2803 2804 2805
 2806 2807 2808  107 2809 2810 2811 2812 1231  154 1232  155 1233  156
 1234  157 1235  158 1236  159 1237  160 1238  161 1239  162 1240  163
 1241  164 1242  165 1243  166 3164 2128 2248 2312 2261 1744 3014 2283
 3248 2304 4566 2276 2136 1881 2624 2977 2976 2975 2974 2973 2972 2971
 2970 2969 2968 2967 2966 2965 2964 2963 2962 2961 2960 2959 2958 2957
 2956 2955 2954 2953 2952 2986 2987 2988 2989 2990 2991 2992 2993 2994
 2995 2996 2997 2998 2999 3000 3001 3002 3003 3004 3005 3006 3007 3008
 3009 3010 3011 3012 3013 3657 2111 2601 3893 4864 3262 1887 3141 2650
 3131 2146 1903 4732 3116 3433 2881 5845 2520 2822 2766 2557 3533 3929
 3937 1566 3275 1147 2776 5819 3546 1653 2984 2906 2444 3088 5234 1440
 2877 2896 1300 3066 3943 1486 3311 2716 2599 2528 4143 2513 2676 2813
 2933 3664 3371 3859 3015 1388 3296 4511 3361 2728 5585 3283 5616 2537
 3684 5553 3505 5650 4034 5568 4005 5598 3424 4300 5535 4226 5632 3912
 3705 3778 5905 3049 3635 1860 5799 4686 5884 4532 3197 3381 3818 5139
 3466 4475 5780 5725 3325 2591 4297 1794 5705 3915 1836 3503 2355 4276
 4229 3876 5667 4252 1663 3541 3844 5519 3833 4149 5051 3608 4633 5500
 2913 2411 3291 4049 5461 3807 5060 1187 3885 2064 1580 5449 3977 3565
 3617 1178 3408 1660 4013 5397 4582 2500 4642 4730 1515 3894 1431 1342
 3827 5391 4724 3609 4871 5864 5924 3523 1096 5688 4849 3364 3709 3713
 3714 3715   37 2264 3593 2234 2233 2232 3401 2364 2254 3858 3444 4575
 5876 1117 2379 5860 2235 5851 5855 5850 3574   31 3575 3576 1109 3577
 3366 3367 3365 4850 5846 2547 3331 3330 3326 5689 1097 1514  348 1513
 3825 5392 1510 4725 3820 5400 1426 1427 3824  250 3573 3572 3571  778
 3570  416  903  100 3569 3568 3567 3566 4457 4050 3292 2412 2914 5501
 4634 5052 4150  847 4153  739 4154  893 4155  999 4156 1000 4157  112
 4158  378 4159 4160 4161 4162 4163 5398 5399 5455 5454 5453 5452 5451
 1581 5450 2065 3884 5059 5058 3290 4458 5462 5053 3808 1188 3878 1578
 1579  987  904  417 4061 4060 4059 4058 4057  374 4056  980 4055  113
 4054  968 4053  996 4052 3286 4051 2413 2915 5502 4635 5044 5049 4152
  998 4151 3834 5520 1664 4253 3534 3836 5668 3877 4231 4277 2356 3596
 3495 1837 3916 5706 4295 5545 4289 5546 5726 3315 5781 4476 3467 4536
 5140 3819 3382 3198 5885 4687 5800 1861 3636 3050 5906 3779 3706 3913
 5633 4227 4301 3425 5599 2573 5570 2737 3998 4035 5651 4002  803 4003
 5536 5537 5538 5539 5540 5541 5542 5543 5544 2588 3322 3323 2592 2589
 4298 3500  919 3501 4230 3601 3602  930 3603 3538 3840  925 3841 3842
 3845 3539  420 3604  931 3605 3606 4456  892 4455  738 4454  846 4453
 4452 4451 4450  726 4449  539 4448 4447 4446 4445 1792  510 1791  509
 1790  508 1789  507 1788  506 1787  505 1786  504 1785  503 1784  502
 1783  501 1782  500 1781  499 1780  498 1779  497 1778  496 1777  495
 1776  494 1775  493 1774  492 1773  491 1772  490 1771  489 1770  488
 1769  487 1768  486 1767  485 1766  484 1765  483 1764  344 1763 1762
 1761 1760 1759 4745 4744 4743 4742 4741 4740 4739 4738 4737 4736 4735
 4734 4733 4952 4951 4950 4949 4948 4947  561 4946 4945 4944  661 4402
 4403 1024 4404 4405  681  574 4406 4407 4408 4409 4410 4411 4412 4953
 4954 4955 1756 1757 1758 4413 4414 4415 4416 4417 4418 4419 4420 4421
 2526 2527 4422 4423 4424 4425 4426 4427 4428 4429 4430 4431 4432 4433
 4434 4435 4436 4437 4438 4439 4440 4441 4442 4443 4444 4535 4534 4533
 2587 2586  814 2585  813 2584  543 2583  812 2582  811 2581  810 2580
  809 2579  808 2578  807 2577 5569 2736 2735 2734 2733 2732 2535 2534
 2731 2730 2729 3359 3358 3357 3351 3860 3372 3665 2934 2936  848 2935
 2814 2677 2514 4144 2600 2521 2717 3312 1487 3944 3067 1301 2897 2878
 1441 5235 3089 2445 2907 3547 5038 5037 5036 5035 5034 3936 3935 3934
 5033 5032 5031 5030 5029 5028  575  682 2606 2607 2608 2609 2610 2611
 2612 2613 2614 2615 2616 2617 2618 2619 1915 1914 1913 1912 1911 1910
 1909 1908 1907  578 1906  577 1905  576 1904 2147 3142 2651 3132 2148
 3431 3432 3434 2823 2824 2825 2826 2827 2828 2829 2830 2831  345 2832
 1916 1917 3666 3373 3861 3352 3016 3297 4512 2937 2938 2939 5586 3284
 2529 5617 4759 3685 5554 3506 2839 2838 2837 2836 2835 2834 2833 1812
  518 1813  519 1814  520 1815  521 1816  522 1817  523 1818  524 1819
  525 1820  526 1821  527 1822 1823  528 1824  529 1825  530 1826  531
 1827  532 1828  533 1829  534 1830  535 1831  536 1832  537 1833  538
 1834 5643 5644 4479  727 4480 4481 4482 4483 4484 4485 4486 4487  740
 4488 4489 4285 4284 1017 4283 4282 1016 4281 4280 4279  926  974 5785
 5786  421 5787 5788  972 5789 5790 5791 5792 5736  741 5735 5734 5733
 5732 5731 5730 5729 5784 4278 2353 2352 4478 4477 2351  724 2350  723
 2349 2348 2347 2346 2345 2344 2343 2457 2458 2459 2460 2461 2462 2463
 2464 5782 5783 5728 5727 3468 2465 5138 5137 5136 5882 1859 1858 1857
  540 1856 3046 3047 3048 3051 3052  853 3053 3054 3055 3056  854 3057
  855 3058 3059 3060 3061 3868 3873 3874 5669 3837 3535 4254 1665 1666
 5521 5522 5523 5524 1025 5525 5526  115 5527  982 5528  376 5529 5530
 3979 1171 3619 3618  905 3620 3621 3393 3392 3407 2070  641 2069   96
 2068 2067 3806 3805 3801 4460 5793 5737 3287 4490 2414 4286 2916 5503
 4636 5045 3835 5815 5814 5813  422 1011  927  975 5812 5811 5810 5809
 5808 5807 5806  758 5805 5804 5803 5801 5802 3810 3637 3780 5899 3707
 3907 4304 5600 4219 4136 2574 5571 2738 3999 4036 5652 3507 5555 3686
 4760 2840 5618 3285 2530 5619 3281  837 3280 3276 3298 3017 3353 3377
 3376 3375 3374 3410 3862 3863 3864 2818 3037 5587 2940 2817 2816 4509
 4510 3041 3042 3043 3044 3045 1855 1854 1853 1852 1851 1850 1849 1848
 4508 2815 2512 2511 4507 1847 4506 4500 2879 1442 2898 2780 2779 2778
 1838 1148 2777 5820 2899 2904 2905 5228 5233 5236 3087 3086   75 3085
 3084 3083 3082 2883 2884 3078 3531 2433 3527 3532 3930 3928  756 3927
  784 3926 2515 5844 5843 2882 3117 3144 3143 3261 3260 3892 3891 3890
 2758 2757 2756 2755 2754 2753 2752 2751 2750  708 4832 4833 4834 4835
 4836 4837 4838 4839 4840 4841 2318 2319 2320  470 2321 4842 2759 2760
 2761 2762 2763  783  755 2764 2765 3273 3274 1843 1844 1845 1846 2447
 2446 2443 2442 2441 2440 2439 2438 2437 2519 4845 4844 4843  683 2322
  722 2323  513 2324 2325 2326 2327 2328 2329 2330 2331 2332 2333 5117
 5116 5115 5114 5113 5112 5111 5110 5109 5108 5107 5106 5105 4111 4112
 4113 4114 4115 4116 4117  270 4118 4119 4120 4121  310 4122 4123  214
 2597 2598 2334 2448 2449 2335 3662 3663 3414 3415 3416 3417 3418 3419
 3420 3421 2341 2340 2339 2338 2337 2336 2450 2451 2452 2453 2454 2455
 2456 2342 3422 3426 4302 4303 3910 5903 5904 3813 3814 3815 3816 3817
 5642 5641 5640 5639 5638 5637 5636 5635 5634 4224 4223 4222 4218 4135
 4134 4133 4132 4131 4130 4129 4128 4127 4126 4125 4124 1811 1810 1809
 1808 1807 1806   74 1805 1804 1803 1802  517 1801  516 1800 1799 1795
 3427 4358 4357 4356 4355 4354 4107 4108 4109 4110 5104 5103 5102 5101
 2317 2282 2281 4565 4564 2135 2134 3773 3772 2190 2189 2188 2187 2186
 2185 2184  696 2183  695 2182 2181 2180  694 2179  693 2178  692 2177
 2176 2175 2174 2173 2172 2171 2170 2169 2168 2167 2166 2165 2164  691
 2163 2162 2143  676 2142 1208 1205 1201 1204   68 4497 3153 5064 5065
 5066 5067 5068 5069 5070    9 5071 5072 5073 5074 5075 5076 5077 5078
 5079 5080 5081 5082 5083 5084 5085 5086 5087  111 5088 5089 5090  653
 5091 5092 5093 5094 5095 5096 5097 5098 5099 5100 4106 4105 4104 4103
 4102 4101 4100 4099 4098 4097 4096 4095 4094 4093 4092 4091 4090 4089
 4088 4087 4086 4085 4084 4083 4082 4081 4080 4079 4078 4077 4076 4075
 4074  680 4073 4072  133 4071 4070  997 4069 3151 3152 2124 5157 5295
 5291 5290 5289 5288 5287 3758 3759 3760 4571 3160 4470 3101 2541 2540
 4570 1874 1871  551 1870  550 1869 1868 3757  962 3756  961 3755  173
 3754 1250 5284 5285 5286  360 4239 4240 4241 4242 4243 4244  669 4245
 4246 4247 2154 2138 2158 4805 4806 4807 4808 4809 4810 4811 4812 4813
 4814 4815 4816 4817 4818 4819 4820 4821 4822 4823 4824 4825 4826 4827
 4828 4829 4830 4831 2749 2748 2747 2746 2745 3229 3228 3227 3222 1185
 1184 1179 2681 2680 3266 3516 3026 3025 1086   21 1085   20 1084   19
 1083   18 1082   17 1081   16 1080   15 1079   14 1078   13 1077   12
 1076   11 1075   10 1074 1073 2431 4200 1932 1929  583 1928  582 1927
  581 1926 1925 1140   62 1139   61 1138   60 1137   59 1136 1924 2120
 2119 2118  664 2117 5124 5123 3982 4238 4237 5280 4961 5327 2088 3852
 5485  570 5484 1054 5483  547 5482 5481 5480 4981 4980 4978 4977  426
 4976 4975 5302 5148 4590 5146 5147 5301 2554 5479 1709 1710 1719  449
 1708  448 1707  447 1706  446 1705  445 1704  444 1703  443 1702  442
 1701  441 1700  440 1699 5415 5266 5265 5219 5218  283 5217 5216 3348
 1698 5444 5445 5446 5206 4908 4907 1044 4906 4905 4903 4902 4901 4900
 4899 4898 4897  281 4896    2 4895  864 4894 1043 4893 1042 4892  381
 4891  746 4890  912 4889   51 4888  355 4887 4886 1007 4885  121 4884
 4882 1197 4177 5269 5270 5271 1524 1128 3446 5244 2420 1588 2371 5251
 5257 3109 3204 1069 2103 1390  282 1391 1392 1393 5441 5442 5443  350
 1697 1696  256 1695 1694  439 1693 1692  438 1691  437 1690  436 1689
 1688  435 1687  434 1686 1685 1684  433 1683  432 1682 1681  122 1680
 1679  430 2946 2947 2948 1198  123 1199 3335 3336 3337  356 3338   52
 3339 3340 3341  382 3342 3343 3344 3345 3346 3347    3 4190 4191 4192
 4193 4194 4195 4196 5142 5416 5417 5418 5207 5208 1057 5209 4591 5210
 3093  860 3094  861 3095  862 3096 3097 1712 1713  450 1714  451 1715
  452 1716 1899  453 1717  454 1718 1530 3215 1866 3744 5125 4208 3730
 2114 3761 4572 3161 4471 3102 1133 2542 5158 1922 3154 4498 1202 4248
 2139 2155 2159 4559 2432 4203 4604 4691 4171 4558 4557 4201  753 4202
 3219 1399 3940 1939 1940 1941 1253 1256 1257 1258 1259 1260 1087 2210
 2211  101 2212 2213 2214 2216 2741 2093  654 2094 3668 2083 2084 2220
 2221 3769 3233 3234 2131 2626 2298 4562 2278 3244 2279 1740 2257 2259
 2260 2314 2250 3166 2130 3167 3168 3169 3170 1889 1886  471 1885 2127
  671 2126 2315 2275 2274  672 2273 3231 2768 5240  963 5239 5242 2217
 2286 2386 2503 2502 2078 3669 2095 3480 3630 3628 3624 3478 3477 4009
 4008 4007 3223 2358 1180 2682 2929 2928 2927   22 2926 2925 2924 2923
 3138 3240  590 3239 3238 1585 1400 3220 3941 1613 3241 1254 3139 1446
 3251 1748 1747 3583 3584 2195  699 2196  102 2197  700 2198 2199  701
 2200  655 2201  644 2202  702 2203  703 2204 2206 5237 3770 1876 2271
 2132 2627 2299 2305 2307 2308 2309 2310 2311 2251 3886 3652 2113 1882
 4859 2247 2246 2245  713 2244  556 2243  712 2242  711 2241 2239 2218
 2287 2387 2504 2079 3670 2096 3625 2742 3474 4010 4800 3224 2359 1181
 2683 2930 3267 3517 3027 2192 2207 1088 1893  566 1892 2229 2225 2226
 1894 3585 1449 1448  314 1447 1942 4677 4676  287 4675  884 4674 1036
 4673  754 4672 1004 4671 1031 4670 4669  689 3995 3994 3993  674 4668
 4667 4666 4665 4664 3989   57 3990  988 3991 3992  580 4214  127 4215
 4216 4249 2140 2156 2160 3996 4560 4172 2426 2428 4605 4204 4606 1033
 4607 4608 4609 4610 4611 4612 4613 4614 4615 4616 4617 4618 4619 4620
 4621 4622 4623 1034 4624 4625  964 5186 5185 5184  706 5183  781 5182
  645 5181  656 5180  932 5179  832 5178  886 5177  103 5176 4700 4701
 4702 4703 4704 4705 4706 4707 4708 4709 4710 2769 2770 2393 2394 2395
  730 2396  473 2397 4716 2653 3134 4360 2150 3429 3146 3119 1797 5841
 4847 3924 2517 2886 3080 2435 3529 3932 4957 3271 1568 1753 1372 1433
 1150 1840 2979 5822 2901 5041 3550 2890 5230 2872 2670 2782 2662 2663
 2664 2665  216 1482  342 1481  341 1480  340 1479 2645 2644 2643  272
 1478   78 2661 2660 2659 2658 2657 2656 2655 2654 2398 1737 3172 3258
 1883 4860 2774 3654 3888 4630 2295 2294 2293 2292 2291 2290 2289 2288
 2392 2391 2390 2388 2389 2505 2080 3671 2097 3626 2743 3475 4011 4801
 3225 2360 1182 2684 2931 3268 3518 3028 2193 2208 1089 1895 3586 1450
 3256 3253  709 3254 1751 3252 2223 1749 4699 5175   23  315 5174 4698
 4697 4696 4695 4694 5173  870 5172  177 5171  591 5170  288 5169  885
 5168 4693 4692 5167 4174 4173  752 1005 5166 5165  989 5164  690 5163
  675 5162 5161 5160 5159 4213 4212 4211 4210 4209 3987  954 3988  662
 4663 4662 4661  959 3986  361 3985 3984  455 4660 3983 1720 5281 4962
 5328 2089 3849 3846 1900 5313 4659  977 4658  571 4657 1035 4656 5312
  548 4655 4654 4653 5308 5309 5310 5311 1670 5412 5411 5410 5409 5379
 5378 5347  858 5346 1058 5345 1045 5344 5447 5143 1521 1520  351 1519
 1518 3208 3207 3206 3205 4189 4188 4187 4186 4185 4184 4183 4182 4181
 4180 4179  124 4178 1676  431 1675 1678 2909 2910 3447 3448 3124  357
 3123  843 3122 1129 3125 1525 5245 2421 3449 1589 2372 5252 5258 3110
 1070 2104 3765 5274 3349 3209 1353 1394 4966 5297 5298 4967  352 4968
 4969 5342 4909 5419 5387 5211 4592 3090 5149 5380 5405 5303 4971 4651
 4652 5918 5919  427 5920 5921 5489 4982 5429 5427 1050 5426 5425 5424
 1964 1963  598 1962 1961 5917 1049 5916 1055 5915  859 5914 1059 5913
 1046 5912 1048 5911  353 5910 1008 5908 5909 5220 1354  257 1355 1356
 1395 3767 3766 2377 2376 2375 2374 1594  386 1593  385 1592  384 1591
  383 1590 2373 5248 5247  747 5246 2424  749 2423  748 2422 1527   53
 1526 5272 2911 1200 4883 2949 1677 1130   54 1131 2425 5249 3450 1132
 3126 1528 1596 5748 5749    0 1946 1945  593 1944 5747  750 5746  913
 5745   55 5744  865 5743  844 5742  125 5741 5756 5740 5759 5760  126
 5761  845 5762  866 5763   56 5764  914 5765  751 5766  592 5767 5768
 5769 5770 5771 5772 5773 5774 5775 5776 5777 5778 5421 5389 5213 4594
 3092 1609 5152 5383 5408 5306 4974 1965 2556 5423 5478 1369 5317  428
 5318 5316 1672 3733 5923 5491 4984 3036 1865 5131 5315 1902 3848 2091
 4964 5283 1722 5332 5324 5330 5331 1532 1533 1534 1535 5127 3732 2116
 3763 4574 3163 4473 1135 2544 3751 3107 3106  863 3105 3104   58 3750
 3749  663 3748  955 3747  960 3746 3742  362 3741  456 3740 3739  958
 3738  650 5323 5322 5321  572 3737  957 3736 5320 5319  549 3735  956
 3734 1370 1368  269 1367  268 1366  267 1365  266 1364  265 1363  264
 1362  263 1361  262 1360  261 1359  260 1358 1600 1601 1602 1603 1604
 1605 1606 1607 1608 5151 5382 5407 5305 4973 1960 1958  597 1957  389
 1956  596 1955  595 1954  594 1953 1952 1951 5758 5757 5755 5754 5753
 5752  259 1950 1949 1948 1947 5750 5751 1599  388 1598  387 1597 5255
 1595 1066 5263 2378 2105 3115 3350 3210 3768 1396 1357 5221 5279 1067
 5262 5261 5260 1062 5259 5253 5254 3111 3112    4 3113  659 3114 5275
  880 5276  258 5277 1060 5278 4274 5227 5267 4197 5299 1522 4970 5144
 5448 5343 4910 5420 5388 5212 4593 3091 5150 5381 5406 5304 4972 1959
 2555 5422 5477 1671 5922 5490 4983 3035 1864 5130 5314 1901 3847 2090
 5329 4963 5282 1721 1531 3216 1867 5126 3745 3731 2115 3762 4573 3162
 4472 3103 1134 2543 1923 3155 4499 1203 4217 4250 2141 2157 2161 3997
 4561 2427 4175 4205 3221 1401 1586 4678 3942 1614 1943 3242 1255 3140
 1750 2224 3255 3587 1896 1484 1536 1090 2209 2194 3029 3519 3269 2932
 2685 1183 2361 3226 4802 4012 3476 2744 3627 2098 3672 2081 1548  371
 1547  370 1546  369 1545  368 1544  367 1543  366 1542  365 1541  364
 1540  363 1539  105 1538 1565   25 1537 1485 1451  316 1452   24 1453
  104 1454  317 1455  318 1456  319 1457  320 1458  321 1459  322 1460
  323 1461  324 1462  325 1463  326 1464  327 1465  328 1466  329 1467
  330 1468  331 1469  332 1470  333 1471  334 1472  335 1473  336 1474
  337 1475  338 1476  339 1477 2642 2641 2640 2639 2638 2637 2636 2635
 2634 2633 2632 2631 2630 2629 2628  372 1549 1550 1551 1552 1553 1554
 1555 1556 1557 1558 1559 1560 1561 1562 1563 1564 1569 1570 5823 5824
  841 5825  840 5826  816 5827 1052 5828 5829 3071 3070 4503 2647 2646
 1304 1305  217 1306  218 1307  219 1308  220 1309  221 1310 3076 3075
 3074 3073 3072 5830 5831 5832 5833 4030 4029 3455 3454 3451 3453 4026
 4028 3676 3660 5203 4147 4142  579 3310 3309 4141 3307 5120 4504 2648
 2671 2783 2873 5231 2891 3551 5042 2902 2980 1841 1151 1434 1571 1373
 1754 3272 4958 3933 3530 2436 3081 2887 2518 3925 4848 5842 1798 3120
 3147 3430 2151 4361 3135 4717 2399 1738 3173 3259 1884 4861 2775 3655
 3889 4631 2296 2125 2316 2258 1741 2280 2106 3245 4563 2306 2300 2133
 2272 1877 3232 3771 5238 2240 2219 2506 5375  646 5374 5373 5372 5371
 5366 5367 5368  657 5369 5376 2082 3673 5370 5365 5364 5363 2687 2686
  106 2688  820 2689  821 2690  822 2691  658 2692  647 2693  707 5356
 5357 2694  823 2695  557 2696  721 2697  475 2698  670 2699  720 2700
  824 2701  474 2702  731 2703  825 2704  685 2705  515 2706  826 2707
  786 2708   69 2709 2711 1755 1374 1572 1435 2710 1143 1144   70 1145
   71 1146 1169 1152   79 1153   80 1154   81 1155   82 1156 1842 2981
 2903 5043 3552 2892 5232 2874 2784 2672 2649 4505 5121 3308 2668 4140
 2713 2623 2596 2525 2510 1921 3184 5204 3661 3677 4027 3452 3413 3380
 3356 3294 3279 3867 2821 2943 3023 3040 3077 2533 3696 2843 4763 5358
 5359  802 5360 1063 5361 5362 4001 2740 3513 2576 4138 4221 5353  935
 5354 5352 5355 4306 3909 5839 3775 3776 3777 3784 3785 3786 3787 3642
  938 3641 3640 3634 3633 3632 3631 1164   91 1165   92 1166   93 1167
   94 1168 5135 5665 5583 4541 1402 3644 3643  902  762 3788 3789 3790
 3791 3792 3793 3794 3795  939 3796 3797  425 3798 3650 3649 3648 3647
 3646 3645  235 1403  289 1404  290 1405  291 1406  292 1407  293 1408
 5818 3799 3800 5048 4554 4639 3128 3127  744 3129 3130 4464 4466 4465
 4463 3804 5057 5723 1193 3883 1577 3974 5686 5533 4267 1175 3406 1657
 3391 5517 5476 4168 2499 4585 4646 1428 5333 3329 3437 3484 5849 4853
 1103 3712 3370 3580 2552 2077 2238 3595 2266 2366 5862 2381 1113 3854
 2256 5878 4577 1122 3689 2721 3176 4021 4876 4597 5898 5703  992 5341
  828 5340  946 5339   47 5338  716 5337   40 5336   34 5335  898 5334
 1348 3823 5404 5460 3897 1422  305 1421 1429  304 1420  303 1419   99
 1418  302 1417  118 1416  301 1415  300 1414  299 1413  298 1412  297
 1411  296 1410  295 1409  294 4551 4552 4553 1936 1935 1934 4550 4549
 4548 1933 4547 4546 4545 4544  901 4543 4542 3388  761 3386 3387 3202
 3196  878 3195  877 3194  876 3193  875 3192  874 3191 3190 3189 1162
   89 1163   90 5349   88 1161   87 1160   86 1159   85 1158   84 1157
   83 2595 2622 2712 2667 4139 2714 2715 2524 2509 1920 3183 3185  873
 3186 3187 3188 3456  801 3457  806 4038 4032 4031 5834 5835  995 5836
 5837 4039 3458 3459 3460 3461 3462 3463 3464 3321 5614 5551 4294 1323
 4048 1509 5648 3499 3600 3065 3872 4235 3970 3922 3839 3537 1668 3829
 5817 5047 4638 2918 4288 2416 4492 3289 5739 5795 4462 3803 5056 5722
 1192 3882 1576 3973 5685 5532 4266 1174 3405 1656 3390 5516 5475 4167
 2498 4584 1425 4645 1349 1340  249 1339  248 1338  247 1337   98 1336
  246 1335  117 1334  245 1333  244 1332  243 1331  242 1330  241 1329
  240 1328  239 1327  238 1326  237 1325  236 1324 4047  234 4046  917
 4045 4044 4043 4042 4041 4040 5838 5596 5902 3783 4681 3639 3812 5630
 5566 5881 5134 3201 3385 5664 5582 4540 2470 3473 3320 5613 5550 4293
 1341  233 1322 1508 3064 3871 4234 3969 3599 3498 5647 1507 4292 5549
 5612 3319 3472 2469 4539 5581 5663 3384 3200 5133 5880 5565 5629 3811
 3638 4680 3782 5901 5595 3908 4305 1499 1500 1501 1502 1503 1504 1505
 1506 1321  232 1320  231 1319  230 1318  229 1317  228 1316  227 1315
  226 1314  225 1313  224 1312  223 1311  222 1498 1497 1496 1495 1494
 1493 1492 1491 1490 1483 1489 2666 3314 2621 2594 2719 2523 2508 1919
 4146 5202 3659 3675 3412 3379 3355 3293 3278 3866 2820 2942 3022 3039
 2532 3695 2842 4762 2572 3509 3510 3511 3512 2575 4137 4220 3958 3957
 3956 3955  922 3954  800 3953  789 3952  839 3951  890 3950  894 3949
  940 3948  346 3947 3946 3069 5119 1303 4502 2876 2875 2562  794 2563
  795 2564  215 5200 5199 5198   77 5197  271 2561 2560 2559 5196  757
 5195  785 5194 1056 5193  514 5192  684 5191  472 4715 4714 2773 2772
 2771 4713 4712 4711 5187 5188 5189 5190 3653 3887 4629 4628 4627 4626
 2107 2108 2109  660 2110 3257 3171 1736 2652 3133 4359 2149 3428 3145
 3118 1796 5840 4846 3923 2516 2885 3079 2434 3528 2558 3931 1432 1149
 1839 2978 5821 2900 5040 3549 2889 5229 2781 2673 2669 2674 4501 2880
 1443 1439  308 1438  307 1437   76 1436 4956 3270 1567 1752 1371 2982
 2983 2985 5039 3548 2888 2893 2894 2895 1302 5118 3068 3945 1488 3313
 2620 2593 2718 2522 2507 1918 4145 2678 3658 3678  849 3679  889 3680
  838 3681  787 5589 5588 2941 2819 3865 3277 3299 3018 3354 3378 3411
 3674 2675 5201 2565  796 2566  797 2567  798 3295  788 2569  799 2568
 3019 3020 3021 3038 2531 3694 2841 4761 5590 5591 5592 5653 5655  994
 5654 3508 2570 2571 4037 4000 2739 5572  805 5573 5656 5601]

eliteFit: 568902.0
percentError: 2.3122229315972627
computationTime: 7297.022s