instanceName: rl1304
n: 1304
optFit: 252948

genTime, gen, eliteFit, percentError:
0.0018641999922692776, 0, 9081509.0, 3490.267
1.130889299995033, 1, 278935.0, 10.274
0.7547553000040352, 2, 272830.0, 7.860
0.6570277999999234, 3, 269642.0, 6.600
0.6478575000073761, 4, 268277.0, 6.060
0.6486344000004465, 5, 266834.0, 5.490
0.6377610000054119, 6, 264332.0, 4.501
0.6440683999971952, 7, 261609.0, 3.424
0.677724399996805, 8, 261445.0, 3.359
0.6454191000084393, 9, 261445.0, 3.359
0.5564670000021579, 10, 260293.0, 2.904
0.5478862000018125, 11, 260293.0, 2.904
0.48484770000504795, 12, 259568.0, 2.617
0.4090760999970371, 13, 259524.0, 2.600
0.4296930999989854, 14, 258953.0, 2.374
0.4768307999911485, 15, 258513.0, 2.200
0.4300859999930253, 16, 258128.0, 2.048
0.3603222999954596, 17, 257845.0, 1.936
0.3178314000106184, 18, 257696.0, 1.877
0.2736653999891132, 19, 257122.0, 1.650
0.2578644000022905, 20, 257122.0, 1.650
0.26200609999068547, 21, 257010.0, 1.606
0.22648450000269804, 22, 256891.0, 1.559
0.1769773999985773, 23, 256891.0, 1.559
0.20167189999483526, 24, 256803.0, 1.524
0.22102389999781735, 25, 256723.0, 1.492
0.2036763000069186, 26, 256692.0, 1.480
0.2080854000087129, 27, 256679.0, 1.475
0.21882689998892602, 28, 256679.0, 1.475
0.16099779999058228, 29, 256679.0, 1.475
0.15647220000391826, 30, 256679.0, 1.475
0.17251619999296963, 31, 256679.0, 1.475
0.16049049999855924, 32, 256679.0, 1.475
0.1626236999873072, 33, 256679.0, 1.475
0.1676558000035584, 34, 256679.0, 1.475
0.1742521999985911, 35, 256679.0, 1.475
0.14962689999083523, 36, 256218.0, 1.293
0.17571619999944232, 37, 256078.0, 1.237
0.20048709999537095, 38, 256078.0, 1.237
0.2093968999979552, 39, 255938.0, 1.182
0.1672887000022456, 40, 255938.0, 1.182
0.1595418999932008, 41, 255938.0, 1.182
0.15927899999951478, 42, 255938.0, 1.182
0.1820127999963006, 43, 255938.0, 1.182
0.20750490001228172, 44, 255938.0, 1.182
0.1565070999931777, 45, 255938.0, 1.182
0.16084789999877103, 46, 255938.0, 1.182
0.18532410000625532, 47, 255938.0, 1.182
0.18642410000029486, 48, 255938.0, 1.182
0.17469960000016727, 49, 255530.0, 1.021
0.18276589999732096, 50, 255530.0, 1.021
0.2621884999971371, 51, 255477.0, 1.000
0.3131551000114996, 52, 255477.0, 1.000
0.25327159999869764, 53, 255477.0, 1.000
0.16919499999494292, 54, 255399.0, 0.969
0.15710759999637958, 55, 255399.0, 0.969
0.16258769998967182, 56, 255399.0, 0.969
0.16585740000300575, 57, 255399.0, 0.969
0.17397360000177287, 58, 255399.0, 0.969
0.17348739999579266, 59, 255240.0, 0.906
0.2005804999935208, 60, 255240.0, 0.906
0.2053243999980623, 61, 255240.0, 0.906
0.17932599999767262, 62, 255240.0, 0.906
0.19059420000121463, 63, 255240.0, 0.906
0.15690469999390189, 64, 255240.0, 0.906
0.25225389999104664, 65, 255240.0, 0.906
0.156427399997483, 66, 255240.0, 0.906
0.1793801000021631, 67, 255240.0, 0.906
0.1545685000019148, 68, 255240.0, 0.906
0.1649628000013763, 69, 255240.0, 0.906
0.20736179999948945, 70, 255224.0, 0.900
0.15269879999686964, 71, 255224.0, 0.900
0.18975479999789968, 72, 255224.0, 0.900
0.1303934999887133, 73, 255224.0, 0.900
0.17912780000187922, 74, 255224.0, 0.900
0.16183140000794083, 75, 255224.0, 0.900
0.16512320000038017, 76, 255224.0, 0.900
0.16334810000262223, 77, 255224.0, 0.900
0.2131758999894373, 78, 255224.0, 0.900
0.17979520000517368, 79, 255224.0, 0.900
0.1526060000032885, 80, 255224.0, 0.900
0.155446300006588, 81, 255224.0, 0.900
0.19305370000074618, 82, 255224.0, 0.900
0.16557430000102613, 83, 255224.0, 0.900
0.156110500000068, 84, 255224.0, 0.900
0.17743909999262542, 85, 255224.0, 0.900
0.1651817999954801, 86, 255224.0, 0.900
0.17634370000450872, 87, 255224.0, 0.900
0.2151195999904303, 88, 255224.0, 0.900
0.17896019999170676, 89, 255224.0, 0.900
0.19187530000635888, 90, 255224.0, 0.900
0.1703854999941541, 91, 255224.0, 0.900
0.20316790000651963, 92, 255224.0, 0.900
0.1581783000001451, 93, 255224.0, 0.900
0.17400289999204688, 94, 255224.0, 0.900
0.17880850000074133, 95, 255224.0, 0.900
0.17478549999941606, 96, 255224.0, 0.900
0.1539545999985421, 97, 255224.0, 0.900
0.17644539999309927, 98, 255224.0, 0.900
0.17629829999350477, 99, 255224.0, 0.900
0.1966829000011785, 100, 255224.0, 0.900
0.1954181999899447, 101, 255224.0, 0.900
0.1485209000093164, 102, 255224.0, 0.900
0.17126489999645855, 103, 255224.0, 0.900
0.1635309999983292, 104, 255224.0, 0.900
0.20522590000473429, 105, 255224.0, 0.900
0.18549250000796746, 106, 255224.0, 0.900
0.16812859999481589, 107, 255224.0, 0.900
0.20119500000146218, 108, 255224.0, 0.900
0.19079120000242256, 109, 255224.0, 0.900
0.16463860000658315, 110, 255224.0, 0.900
0.18335510000179056, 111, 255224.0, 0.900
0.19242429999576416, 112, 255224.0, 0.900
0.14786610000010114, 113, 255224.0, 0.900
0.196333500003675, 114, 255224.0, 0.900
0.16142979999131057, 115, 255224.0, 0.900
0.17786949999572244, 116, 255224.0, 0.900
0.17320410000684205, 117, 255224.0, 0.900
0.1925368999945931, 118, 255224.0, 0.900
0.18378209999355022, 119, 255224.0, 0.900
0.18557139999757055, 120, 255224.0, 0.900

tour:
[ 580  579  891  892  791  893  161  147  642  193  234  221  532  894
  741  373  740  533  222  235  194  643  148  162  739  738  737  179
  736  704  705  163  149  644  195  236  223  534  706  374  707 1259
  708  742  711  743  744  745  746  747  286  287  288   79  289  290
  291  292  293  294  295  296  297  298  299  300  301  302  303  304
  305  306  307 1219 1260  308  309  310  311  312  313  445  516  317
  316   21   20   19   18   17   16   15   14   13   12   11   10    9
    8    7    6    0  556  557  558  559  560  561  731  960  959  958
  957  956    1 1262 1224   89   88   87   86   85   84   83   82 1266
  278  323 1220 1267 1210 1222 1187   90  991    2 1024 1018 1235 1261
 1025  401  426 1089 1150 1149 1264 1265 1223  402  403  404  405  406
  407  408  409  410  411  314  412  413  414 1284 1154  476 1153  564
  563  562 1152 1282 1182  446  575 1175 1156 1183 1155  576 1174  577
  415  416  444  443  442  989  427 1090 1101 1100 1099 1098 1019 1057
    3  992   91  377  982  872 1097  869  977  966  976  965 1158  776
  281 1159 1162 1256 1125  970 1044  884  318  915  262  968  215  211
  212  213  216  217  218 1218  934  263  916  319  537  885 1045  971
 1093 1094 1095  282  777 1096  964  778  283  772  771  770  769  768
  767  538  320  766  264  765  764  368  693  646  648  647  641  640
  639  582  638  637  636  635  634  633  632  152  631  630  629  628
  627  166  626  625  624  623  622  621  620  619  121  618  617  616
  197  228  198  651 1124 1054  122  852  937  748 1028 1151  860  828
  168  988  975  727  890  674  749  750  751  752  753  167  754  755
  726  756  673  153  735  757  758  759  760  761  703  583  762 1197
  763  369  951  935  265  917  321  539  886 1046  972 1126 1136 1137
  284 1138  978  870 1139  873  983  378   92  993    4 1058 1020 1140
 1141 1142 1143 1091  428  990  475 1144  486  441 1145  465 1146 1147
 1258 1135  417 1134 1133 1132 1131  420  315 1130 1129 1128 1257 1238
 1229 1017 1016 1015 1014 1013    5  994   93  379  984  874 1012  871
  979 1011  285 1010 1009 1008  973 1007  887  540  322  918  266  936
  952  370  967  692  691  584 1199  690  689  688  687  686  685  684
  154  683  675  702  701  700  699  169  698  697  696  695  694 1198
  938  853  123 1006 1005  652  199  229  357  425  928  479  682  399
  498  672  950  520 1208  851  251  850  849 1207 1194 1052 1000  733
  948 1060 1193  591  590  569  433   61  470  589  507  588  587  586
  585 1192 1255 1048  790  795 1119 1109  922  464 1114 1105  921  463
 1108 1107 1106  601  526  454 1111  798  932 1063 1237 1062  602  527
  455 1061  799  933   33  118 1236 1203  730  803  802 1263  494  467
  117   32  830  797  831  453  565  525  600  832  833  834  835  836
  462  837  838  839  794  789  840  841   96  842  843  511  844   37
  436   36  331  332  333  512  845  846  847  506 1026  811  469  432
  568 1027  593   24  713  714  715 1228  999 1195  607  608  609  610
  250  519  611  612  497  398  613  614  478  615  424  356  240  227
  239  226  196  650  716  717  120  718  719  720  721  722  723  724
  725  165  170  171  172  173 1196  174  151  175  176  177  210  209
  208  207  206  205  204  203  119  202  201  200  355  354  353  352
  351  350  349  348  347  346  345  249  344  343  342  341  340  339
  338  337  336  335  334   23  848  865  898  248  518  949  671  496
  397  681  477  927  447  859 1031  238  225  232  231  230 1232 1209
  448 1213 1191  505  395 1204 1221  396  517  247  897 1200   25  594
  592  574  431  810   52   51   50   49   48   47   46   45   44   43
   40   39   38  423  904 1047  788   95  903  787  793  912  920  461
 1113 1170 1104 1064  529  528 1172 1167 1067 1103 1169 1112  460  919
 1212 1252  926  911 1110  792  786  902   94   97   98   99  100  101
  102  103  104  105  106  107   54  108 1189  712  998  573 1185   66
   67   68   69  246  252  253  254  255  256  504  484  930  245 1053
  658  180  653 1253  124  125  126  127  128  129  130  131  132  133
  134  135  136  137  138  139  140  141  142 1283 1254  155  156  157
  158  159  143 1215  144  145  645  214  649  267 1211  268  269  270
  271  272  273  274  275  276  277  953  954  280  775  955   81 1216
  382  326  555  554  553  552  551  550  549   80  548  547  279  546
  545  544  543  542  541  536  376 1214  862  375  861  535  224  237
  190  189  150  164  188  187  186  185  184  183  182  181  946  676
  728  889  945  944  943  942  941  940  939  854 1184  657 1118 1177
  656 1117  243  451  244  452  929  483  503  261  394  482  502  680
  260  806  524  908 1004   72   73  393   65  392  391  390  111   53
  389  670  515  440  668  669  388  387  386  385  384  383  667  330
  474  666  665  664  663  783  785  901  784  910  925  782  879  662
  781  815  661  816  817  818  819  820  473  422  821  329   42  822
  439  823  824  514  825  826  827  809  510 1068   55   56   57   58
   59   60  599  598   29 1051  606 1069  896   71 1003  907  523  805
  259  679  501  481  450  242 1070  655 1071  856 1055 1072 1030 1073
  987  812  888 1032  814 1043 1042 1041 1040  855 1301 1300  654 1039
  241  449  480  500  678  258  804  522  906 1002   70  895 1038  605
 1037   28  597   64  572  997  435  110  472 1036  509  808 1035 1034
  947  513  857  914  438  881   41 1277 1173 1056  909  900 1120  660
 1122  780  878  924 1116  459 1251 1190 1102 1066 1166 1168  603 1165
   34  800  801  456  566  796  931   31  116  114  115   30  495 1188
  113  466  468  430 1217 1275  734 1202 1274 1205 1206 1278  729  112
  418   35  567  457  530 1171 1065 1123 1279 1280  458 1115  923  877
  779 1121  659  899 1281 1276  421  858  328 1033 1230  880  437  913
 1231 1268 1269  807  508 1163  471  109 1225 1226 1227 1233 1234 1049
   26  595   62  570 1201  434  996  571   63  596   27 1050  604 1270
 1287 1288 1001 1290 1289 1291  905  521 1292 1299  257  677  499 1179
 1293 1294 1180 1181 1295 1296 1029  986  829  813  578  359  360  358
 1297 1298 1302 1303  361  362  363  364  178  365  366  367  160  146
  191  233 1272 1271  219  371  863 1085 1248  882  709 1087  773 1273
 1239  866  867 1249  980  961 1022  875  324 1240 1241 1076  380 1077
 1242 1285 1243 1081 1082  419  400 1245 1083  969 1084 1246 1247 1148
 1164  963  732   22 1186   74   75   76   77  493  492  491  490  489
  488  487  429  485 1250 1244 1286 1176 1178 1080 1021 1092 1079 1059
 1078  995 1088  381  325  985  876 1160 1023  962  981  868   78 1075
  774  327 1074  974 1086 1161 1127 1157  710  883  864  372  531  220
  192  581]

eliteFit: 255224.0
percentError: 0.8997896800923509
computationTime: 29.308s