instanceName: rl5934
n: 5934
optFit: 556045

genTime, gen, eliteFit, percentError:
0.009282399958465248, 0, 41483683.0, 7360.490
76.15057749999687, 1, 635606.0, 14.308
44.46909530000994, 2, 621411.0, 11.756
45.52507670002524, 3, 617990.0, 11.140
42.78292580001289, 4, 614929.0, 10.590
42.62478340003872, 5, 607515.0, 9.256
43.05416489997879, 6, 604993.0, 8.803
41.644516000000294, 7, 603733.0, 8.576
40.280439499998465, 8, 602206.0, 8.302
41.29512700001942, 9, 600008.0, 7.906
40.97123270004522, 10, 598025.0, 7.550
42.58603129995754, 11, 597773.0, 7.504
41.213294700020924, 12, 595090.0, 7.022
41.427172199997585, 13, 592869.0, 6.622
36.75458740000613, 14, 592869.0, 6.622
35.618428400019184, 15, 591960.0, 6.459
38.20983469998464, 16, 590117.0, 6.128
36.541871800029185, 17, 588343.0, 5.809
35.448084600036964, 18, 587832.0, 5.717
34.9395116000087, 19, 587180.0, 5.599
32.077133299957495, 20, 586836.0, 5.538
36.87267279997468, 21, 585866.0, 5.363
35.79577639995841, 22, 585721.0, 5.337
32.9695491999737, 23, 585037.0, 5.214
32.33328239998082, 24, 583820.0, 4.995
26.898752000008244, 25, 583820.0, 4.995
27.436714700015727, 26, 582769.0, 4.806
29.530931500019506, 27, 582769.0, 4.806
29.9868791999761, 28, 582177.0, 4.700
23.509687799960375, 29, 581920.0, 4.653
24.80911760003073, 30, 581126.0, 4.511
26.884009299974423, 31, 580888.0, 4.468
23.58715260005556, 32, 580627.0, 4.421
25.912765299959574, 33, 580104.0, 4.327
26.764033299987204, 34, 579845.0, 4.280
24.094157100014854, 35, 579760.0, 4.265
28.55792280001333, 36, 578971.0, 4.123
23.332773600006476, 37, 578712.0, 4.076
24.312875200004783, 38, 578712.0, 4.076
24.483009200019296, 39, 578265.0, 3.996
22.012432800023817, 40, 577789.0, 3.910
25.152108500013128, 41, 577131.0, 3.792
24.32733910001116, 42, 577065.0, 3.780
23.813725799962413, 43, 577065.0, 3.780
15.621173099963926, 44, 577065.0, 3.780
9.023457299976144, 45, 577020.0, 3.772
7.751826500054449, 46, 577017.0, 3.772
7.738147699972615, 47, 577017.0, 3.772
10.016764700005297, 48, 577017.0, 3.772
9.089489299978595, 49, 577017.0, 3.772
9.307094699994195, 50, 577017.0, 3.772
9.067815199960023, 51, 577017.0, 3.772
8.281288400001358, 52, 577017.0, 3.772
8.743538799986709, 53, 577017.0, 3.772
8.582413099997211, 54, 577017.0, 3.772
9.407114500005264, 55, 577017.0, 3.772
9.348951300024055, 56, 577017.0, 3.772
9.16712009999901, 57, 577017.0, 3.772
8.579599199991208, 58, 577017.0, 3.772
9.135676500038244, 59, 577017.0, 3.772
9.51605550001841, 60, 576914.0, 3.753
9.699511800019536, 61, 576914.0, 3.753
9.56898809998529, 62, 576807.0, 3.734
12.392553799960297, 63, 576807.0, 3.734
13.277216700022109, 64, 576807.0, 3.734
19.29172079998534, 65, 576807.0, 3.734
7.9372899000300094, 66, 576807.0, 3.734
8.255532600043807, 67, 576807.0, 3.734
8.0413948999485, 68, 576807.0, 3.734
8.01480000000447, 69, 576807.0, 3.734
8.647101199952886, 70, 576807.0, 3.734
7.68233430001419, 71, 576807.0, 3.734
8.923461800033692, 72, 576807.0, 3.734
8.481096499948762, 73, 576807.0, 3.734
8.152460200013593, 74, 576807.0, 3.734
8.216282700013835, 75, 576807.0, 3.734
8.412566899962258, 76, 576807.0, 3.734
8.405014800024219, 77, 576807.0, 3.734
9.312640899966937, 78, 576807.0, 3.734
8.015034000040032, 79, 576807.0, 3.734
7.386591000016779, 80, 576807.0, 3.734
7.9430073000257835, 81, 576807.0, 3.734
7.382395699969493, 82, 576807.0, 3.734
10.741600600013044, 83, 576807.0, 3.734
7.771608899987768, 84, 576807.0, 3.734
9.144769800012, 85, 576548.0, 3.687
10.203676600009203, 86, 576548.0, 3.687
15.374881599971559, 87, 576548.0, 3.687
15.851374100020621, 88, 576548.0, 3.687
10.719978000037372, 89, 576548.0, 3.687
9.813088599999901, 90, 576546.0, 3.687
9.44181639997987, 91, 576546.0, 3.687
7.778510899981484, 92, 576546.0, 3.687
7.946736100013368, 93, 576546.0, 3.687
6.147752300021239, 94, 576546.0, 3.687
8.12065589998383, 95, 576546.0, 3.687
7.822074200026691, 96, 576546.0, 3.687
8.072641399980057, 97, 576546.0, 3.687
9.320910900016315, 98, 576173.0, 3.620
9.315622100024484, 99, 576173.0, 3.620
15.32488780003041, 100, 576159.0, 3.617
20.988542799954303, 101, 576105.0, 3.608
16.96228069998324, 102, 575924.0, 3.575
18.12874210003065, 103, 575832.0, 3.559
12.587554199970327, 104, 575736.0, 3.541
10.156354299979284, 105, 575736.0, 3.541
11.157404199999291, 106, 575643.0, 3.525
8.058763600012753, 107, 575368.0, 3.475
11.907634900009725, 108, 575368.0, 3.475
9.43329369998537, 109, 575357.0, 3.473
9.169973700016271, 110, 575136.0, 3.433
8.705745799990837, 111, 575060.0, 3.420
8.184598200023174, 112, 574905.0, 3.392
8.641803300008178, 113, 574894.0, 3.390
8.172269100032281, 114, 574829.0, 3.378
11.221592199988663, 115, 574829.0, 3.378
9.671041699999478, 116, 574818.0, 3.376
8.55268680001609, 117, 574818.0, 3.376
10.889996199985035, 118, 574818.0, 3.376
9.381583700014744, 119, 574818.0, 3.376
8.663936299970374, 120, 574818.0, 3.376
9.086465800006408, 121, 574818.0, 3.376
8.022916899994016, 122, 574818.0, 3.376
8.476502000004984, 123, 574818.0, 3.376
8.827439399959985, 124, 574818.0, 3.376
9.391506799962372, 125, 574818.0, 3.376
9.176777600019705, 126, 574818.0, 3.376
8.352330799971242, 127, 574818.0, 3.376
10.010352800018154, 128, 574818.0, 3.376
8.014723000000231, 129, 574818.0, 3.376
10.623594100004993, 130, 574818.0, 3.376
9.046871900034603, 131, 574818.0, 3.376
7.72115080000367, 132, 574818.0, 3.376
9.076478399976622, 133, 574818.0, 3.376
7.168884200043976, 134, 574818.0, 3.376
9.43260449997615, 135, 574818.0, 3.376
9.218617899983656, 136, 574818.0, 3.376
11.126345700002275, 137, 574818.0, 3.376
7.425407400005497, 138, 574818.0, 3.376
9.101845800003503, 139, 574818.0, 3.376
9.656886000011582, 140, 574818.0, 3.376
9.168150099983905, 141, 574818.0, 3.376
9.723072100023273, 142, 574818.0, 3.376
7.5224167999695055, 143, 574818.0, 3.376
10.463025200006086, 144, 574818.0, 3.376
7.245961999986321, 145, 574818.0, 3.376
8.857539400050882, 146, 574818.0, 3.376
7.672791099990718, 147, 574618.0, 3.340
11.677058800007217, 148, 574528.0, 3.324
12.727096899994649, 149, 574528.0, 3.324
12.910206800035667, 150, 574391.0, 3.299
12.183408699987922, 151, 574222.0, 3.269
13.623536599974614, 152, 574222.0, 3.269
17.95389950001845, 153, 574038.0, 3.236
15.642093600006774, 154, 574022.0, 3.233
14.934048299968708, 155, 573912.0, 3.213
11.829879600030836, 156, 573752.0, 3.184
13.96228770003654, 157, 573752.0, 3.184
12.084535100031644, 158, 573736.0, 3.182
11.132254800002556, 159, 573283.0, 3.100
10.562370600004215, 160, 573283.0, 3.100
9.493747100001201, 161, 573264.0, 3.097
8.808040499978233, 162, 573210.0, 3.087
7.87041869998211, 163, 573191.0, 3.084
9.225270299997646, 164, 573191.0, 3.084
7.710646699997596, 165, 573191.0, 3.084
8.596297000010964, 166, 573191.0, 3.084
7.450012999994215, 167, 573191.0, 3.084
8.874282500008121, 168, 573191.0, 3.084
8.861217000056058, 169, 573020.0, 3.053
7.6177662999834865, 170, 572865.0, 3.025
8.518506099993829, 171, 572865.0, 3.025
9.237821499991696, 172, 572865.0, 3.025
8.293333199981134, 173, 572865.0, 3.025
7.402168500004336, 174, 572865.0, 3.025
10.792402599996421, 175, 572865.0, 3.025
8.09471889998531, 176, 572865.0, 3.025
8.350264300010167, 177, 572865.0, 3.025
6.86189880000893, 178, 572865.0, 3.025
7.075043899996672, 179, 572865.0, 3.025
9.087792699981946, 180, 572865.0, 3.025
7.192289099970367, 181, 572865.0, 3.025
9.028801299980842, 182, 572865.0, 3.025
7.783656999992672, 183, 572865.0, 3.025
8.715969800017774, 184, 572865.0, 3.025
7.959449800022412, 185, 572865.0, 3.025
7.334554799948819, 186, 572865.0, 3.025
8.697541200031992, 187, 572865.0, 3.025
7.441747700038832, 188, 572865.0, 3.025
12.027833200001623, 189, 572865.0, 3.025
8.780554099997971, 190, 572865.0, 3.025
8.527089799987152, 191, 572865.0, 3.025
9.631492499960586, 192, 572865.0, 3.025
10.266821099969093, 193, 572865.0, 3.025
8.550746299966704, 194, 572865.0, 3.025
8.424860499973875, 195, 572865.0, 3.025
10.23342419997789, 196, 572865.0, 3.025
8.061111000017263, 197, 572865.0, 3.025
8.20783810003195, 198, 572864.0, 3.025
8.83871999999974, 199, 572731.0, 3.001
13.143193199997768, 200, 572714.0, 2.998
14.996558299986646, 201, 572610.0, 2.979
13.303902299958281, 202, 572610.0, 2.979
13.958242999971844, 203, 572519.0, 2.963
11.192566999990959, 204, 572519.0, 2.963
14.059901800006628, 205, 572502.0, 2.960
13.75580710003851, 206, 572465.0, 2.953
14.75351689994568, 207, 572465.0, 2.953
11.76449600001797, 208, 572465.0, 2.953
9.786145899968687, 209, 572465.0, 2.953
7.306895199988503, 210, 572465.0, 2.953
9.259113400010392, 211, 572465.0, 2.953
8.1188523999881, 212, 572465.0, 2.953
11.311693600029685, 213, 572465.0, 2.953
9.088113599980716, 214, 572465.0, 2.953
10.086131000018213, 215, 572465.0, 2.953
11.134760199987795, 216, 572465.0, 2.953
7.3016408999683335, 217, 572465.0, 2.953
9.196751600014977, 218, 572465.0, 2.953
9.318045600084588, 219, 572465.0, 2.953
8.24979649996385, 220, 572465.0, 2.953
8.7075724999886, 221, 572465.0, 2.953
8.568425899953581, 222, 572465.0, 2.953
9.141049199970439, 223, 572465.0, 2.953
8.80781659996137, 224, 572465.0, 2.953
9.516899600042962, 225, 572465.0, 2.953
8.065904100076295, 226, 572465.0, 2.953
8.939096600050107, 227, 572465.0, 2.953
9.086356000043452, 228, 572465.0, 2.953
9.174688200000674, 229, 572465.0, 2.953
7.683156699989922, 230, 572465.0, 2.953
9.098705800017342, 231, 572465.0, 2.953
10.713144400040619, 232, 572354.0, 2.933
8.466303399996832, 233, 572354.0, 2.933
9.014187100110576, 234, 572354.0, 2.933
7.816315299947746, 235, 572354.0, 2.933
9.283484499901533, 236, 572354.0, 2.933
8.630633100052364, 237, 572354.0, 2.933
8.624125199974515, 238, 572248.0, 2.914
9.263347100000829, 239, 571953.0, 2.861
14.86143930000253, 240, 571953.0, 2.861
20.472768599982373, 241, 571953.0, 2.861
18.468966700020246, 242, 571925.0, 2.856
12.88999070005957, 243, 571925.0, 2.856
15.79203370003961, 244, 571925.0, 2.856
15.56257120007649, 245, 571925.0, 2.856
8.544482699944638, 246, 571889.0, 2.849
8.936797600006685, 247, 571889.0, 2.849
7.924841600004584, 248, 571889.0, 2.849
9.171851300052367, 249, 571889.0, 2.849
7.899981700000353, 250, 571889.0, 2.849
7.128111400059424, 251, 571889.0, 2.849
9.060458000050858, 252, 571889.0, 2.849
7.95606129989028, 253, 571813.0, 2.836
8.60442379990127, 254, 571813.0, 2.836
11.492247799993493, 255, 571813.0, 2.836
12.400839200010523, 256, 571813.0, 2.836
9.499229899956845, 257, 571813.0, 2.836
7.857444500084966, 258, 571813.0, 2.836
7.239673899952322, 259, 571813.0, 2.836
7.69542340002954, 260, 571813.0, 2.836
8.058192800031975, 261, 571813.0, 2.836
9.061142300022766, 262, 571813.0, 2.836
9.082398400059901, 263, 571813.0, 2.836
5.8488543999847025, 264, 571813.0, 2.836
8.106972299981862, 265, 571813.0, 2.836
7.677629399928264, 266, 571813.0, 2.836
8.001263400074095, 267, 571813.0, 2.836
10.499831900000572, 268, 571813.0, 2.836
11.113538000034168, 269, 571658.0, 2.808
7.649657199974172, 270, 571658.0, 2.808
9.027156099909917, 271, 571658.0, 2.808
7.254329200019129, 272, 571658.0, 2.808
8.660189699963666, 273, 571658.0, 2.808
8.696062000002712, 274, 571658.0, 2.808
9.693396000075154, 275, 571658.0, 2.808
8.03984949993901, 276, 571658.0, 2.808
7.943256000056863, 277, 571658.0, 2.808
9.668048099963926, 278, 571658.0, 2.808
9.556408100062981, 279, 571658.0, 2.808
8.254687700071372, 280, 571658.0, 2.808
8.470423699938692, 281, 571658.0, 2.808
9.936243600095622, 282, 571658.0, 2.808
10.245566400000826, 283, 571658.0, 2.808
9.426180599955842, 284, 571658.0, 2.808
9.417622599983588, 285, 571658.0, 2.808
9.360528000048362, 286, 571658.0, 2.808
8.032777899992652, 287, 571658.0, 2.808
8.731971899978817, 288, 571658.0, 2.808
9.279444500105456, 289, 571658.0, 2.808
8.724989300011657, 290, 571658.0, 2.808
8.30394440004602, 291, 571658.0, 2.808
7.634156299987808, 292, 571658.0, 2.808
9.579183800029568, 293, 571658.0, 2.808
8.108486299985088, 294, 571658.0, 2.808
7.408374599996023, 295, 571658.0, 2.808
7.919160000048578, 296, 571658.0, 2.808
6.982496700016782, 297, 571658.0, 2.808
8.247623300063424, 298, 571658.0, 2.808
9.713246300001629, 299, 571658.0, 2.808
8.569257600000128, 300, 571658.0, 2.808
7.911905999993905, 301, 571658.0, 2.808
8.530187199939974, 302, 571658.0, 2.808
9.026357800001279, 303, 571658.0, 2.808
7.7328557999571785, 304, 571658.0, 2.808
8.226893900078721, 305, 571658.0, 2.808
8.553128200001083, 306, 571658.0, 2.808
8.366087900009006, 307, 571658.0, 2.808
9.293603099999018, 308, 571658.0, 2.808
9.40754799998831, 309, 571658.0, 2.808
9.030722700059414, 310, 571658.0, 2.808
8.12128669989761, 311, 571658.0, 2.808
7.67328530002851, 312, 571658.0, 2.808
8.665749699925072, 313, 571658.0, 2.808
8.543231399962679, 314, 571658.0, 2.808
9.19759029999841, 315, 571658.0, 2.808
5.836703600012697, 316, 571658.0, 2.808
8.37202049989719, 317, 571658.0, 2.808
9.116012800019234, 318, 571658.0, 2.808
9.19916919991374, 319, 571658.0, 2.808

tour:
[4655 5311 5310 5309 5308 1670 5412 5411 5410 5409 5379 5378 5347  858
 5346 1058 5345 1045 5344 5447 5143 1521 1520 4196 4195 4194 4193 4192
 4191 4190 4189 4188 4187 4186 4185 4184 4183 4182 4181 4180 4179  124
 4178 1676  431 1675 1678 2909 2910 3122  843 3123  357 3124 3447 3448
 3205 3206 3207 3208 1518 1519  351 5298 5297 4966 4967  352 4968 4969
 5342 4909 5419 5387 5211 4592 3090 5149 5380 5405 5303 4971 4651 4652
 4653 4654 5920 5921 5489 4982 5429 5427 1050 5426 5425 5424 1961 1962
  598 1963 1964  427 5919 5918 5917 1049 5916 1055 5915  859 5914 1059
 5913 1046 5912 1048 5911  353 5910 1008 5908 5909 5220 1394 1353 3209
 3349 5274 3765 2104 1070 3110 5258 5252 2372 1589 3449 2421 5245 1129
 3125 1525 1590  383 1591  384 1592  385 1593  386 1594 1354  257 1355
 1356 1395 3767 3766 2377 2376 2375 2374 2373 5248 5247  747 5246 1200
 4883 2949 1677 2911 5272 1526   53 1527 1130   54 1131 2422  748 2423
  749 2424 5259 1062 5260 1067 5262 5261 5253 5254 3111 3112    4 3113
  659 3114 5275  880 5276  258 5277 1060 5278 4274 5227 5267 4197 5299
 1522 4970 5144 5448 5343 4910 5420 5388 5212 4593 3091 5150 5381 5406
 5304 4972 1959 2555 5422 5477 5279 5221 1357 1396 3768 3210 3350 3115
 2105 2378 5263 1066 1595 5255 2425 5249 3450 1132 3126 1528 1596 1597
  387 1598  388 1599 5750 5751  259 5752 5753 5754 5755 5757 1952 1951
 1950 1949 1948 1947    0 5749 5748 5747  750 5746  913 5745   55 5744
  865 5743  844 5742  125 5741 5756 5740 5759 5760  126 5761  845 5762
  866 5763   56 5764  914 5765  751 5766  592 5767 5768 1944  593 1945
 1946 5769 5770 5771 5772 5773 5774 5775 5776 5777 5778 5421 5389 5213
 4594 3092 1609 5152 5383 5408 5306 4974 1965 5316 1672 3733 5923 5491
 4984 3036 1865 5131 5315 1902 3848 2091 4964 5283 1722 5332 5331 1532
 1533 1534 1535 5127 3732 2116 3763 4574 3163 4473 1135 2544 3751 3107
 3106  863 3105 3104   58 3750 3749  663 3748  955 3747  960 3746 3742
  362 3741  456 3740 3739  958 3738  650 5330 5324 5323 5322 5321  572
 3737  957 3736 3735  956 3734  549 5320 5319 5318  428 5317 1369 5478
 5423 2556 1958  597 1957  389 1956  596 1955  595 1954  594 1953 5758
 1608 5151 5382 5407 5305 1960 4973 1607 1606 1605 1604 1603 1602 1601
 1600 1358  260 1359  261 1360  262 1361  263 1362  264 1363  265 1364
  266 1365  267 1366  268 1367  269 1370 1368 1671 5922 5490 4983 3035
 1864 5130 5314 1901 3847 2090 5329 4963 5282 1721 1531 3216 1867 5126
 3745 3731 2115 3762 4573 3162 4472 3103 1134 2543 1923 3155 4499 1203
 4217 4250 2141 2157 2161 3997 4561 2427 4175 4205 3221 1401 1586 4678
 3942 1614 1943 3242 1255 3140 1750 2224 3255 3587 1896 1484 1536 1090
 2209 2194 3029 3519 3269 2932 2685 1183 2361 3226 4802 4012 3476 2744
 3627 2098 3672 2081 1548  371 1547  370 1546  369 1545  368 1544  367
 1543  366 1542  365 1541  364 1540  363 1539  105 1538 1565   25 1537
 1485 1451  316 1452   24 1453  104 1454  317 1455  318 1456  319 1457
  320 1458  321 1459  322 1460  323 1461  324 1462  325 1463  326 1464
  327 1465  328 1466  329 1467  330 1468  331 1469  332 1470  333 1471
  334 1472  335 1473  336 1474  337 1475  338 1476  339 1477 2642 2641
 2640 2639 2638 2637 2636 2635 2634 2633 2632 2631 2630 2629 2628  372
 1549 1550 1551 1552 1553 1554 1555 1556 1557 1558 1559 1560 1561 1562
 1563 1564 1569 1570 5823 5824  841 5825  840 5826  816 5827 3070 3071
 5829 5828 1052 3309 3310 4141 3307 5120 4504 2648 2671 2783 2873 5231
 2891 3551 5042 2902 2980 1841 1151 1434 1571 1373 1754 3272 4958 3933
 3530 2436 3081 2887 2518 3925 4848 5842 1798 3120 3147 3430 2151 4361
 3135 4717 2399 1738 3173 3259 1884 4861 2775 3655 3889 4631 2296 2125
 2316 2258 1741 2280 2106 3245 4563 2306 2300 2133 2272 1877 3232 3771
 5238 2240 2219 2506 5375  646 5374  657 5373 5372 5371 5366 5367 5368
 5369 5376 5357  707 5356 2082 3673 5370 5365 5364 5363 2688  106 2687
 2686  820 2689  821 2690  822 2691  658 2692  647 2693 2694  823 2695
  557 2696  721 2697  475 2698  670 2699  720 2700  824 2701  474 2702
  731 2703  825 2704  685 2705  515 2706  826 2707  786 2708   69 2709
 1143 1144   70 1145   71 1146 1169 1152   79 1153   80 1154   81 1155
   82 2710 2711 1755 1374 1572 1435 1842 2981 2903 5043 3552 2892 5232
 2874 2784 2672 2649 4505 5121 3308 2668 4140 2713 2623 2596 2525 2510
 1921 3184 5204 3661 3677 4027 3452 3413 3380 3356 3294 3279 3867 2821
 2943 3023 3040 3077 2533 3696 2843 4763 5358 5359  802 5360 1063 5361
 5362 4001 2740 3513 2576 4138 4221 5353 5352  935 5354 5355 4306 3909
 5839 3775 3776 3777 3784 3632 3633 3634 3640 3785 3786 3787 3641  938
 3642  762 3788 3789  902 3643 3644 1402 4541 5583 5665 5135 1168   94
 1167   93 1166   92 1165   91 3631 1164   90 1163 5349   89 1162   88
 1161   87 1160   86 1159   85 1158   84 1157   83 1156 2622 2595 2712
 2667 4139 2714 2715 2524 2509 1920 3183 3185  873 3186 3187 3188 3455
 3454 3453 3451 4142  579 4147 5203 3660 3676 4026 4028 4029 4030 5833
 5832 5831 5830 3072 3073 3074 3075 3076 1310  222 1311  223 1312  224
 1313  225 1498 1497 1496 4762 2842 3695 2532 3039 3022 2942 2820 3866
 3278 3293 3355 3379 3412 3675 3659 5202 4146 1919 2508 2523 2719 2594
 2621 3314 2666 1489 1483 1490 1491 1492 1493 1494 1495  221 1309  220
 1308  219 1307  218 1306  217 1305 1304 4503 2647 2646 2645 2644 2643
  272 1478   78 1479  340 1480  341 1481  342 1482  216 2665 2664 2663
 2662 2661 2660 2659 2658 2657 2656 2655 2654 2398 1737 3172 3258 1883
 4860 2774 3654 3888 4630 2295 2294 2293 2292 2393 2394 2395  730 2396
  473 2397 4716 2653 3134 4360 2150 3429 3146 3119 1797 5841 4847 3924
 2517 2886 3080 2435 3529 3932 4957 3271 1568 1753 1372 1433 1150 1840
 2979 5822 2901 5041 3550 2890 5230 2872 2782 2670 4502 1303 5119 3069
 3946 3947  346 3948  940 3949 3295  894 3950  890 3951  839 3952  789
 3953  800 3954  922 3955 3956 3957 2572 3509 3510 3511 3512 2575 4137
 4220 4305 3908 5595 5901 3782 4680 3638 3811 5629 5565 5880 5133 3200
 3384 5663 5581 4539 2469 3472 3319 5612 5549 4292 1506 1505 1504 1503
 1502 1501 1500 1499 1314  226 1315  227 1316  228 1317  229 1318  230
 1319  231 1320  232 1321  233 1322 1341 4293 5550 5613 3320 3473 2470
 4540 5582 5664 3385 3201 5134 5881 5566 5630 3812 3639 4681 3783 5902
 5596 5838 5837 4039 3458  806 4038 5836  995 5835 5834 4031 4032  801
 3456 3457 3189 3190 3191  874 3192  875 3193  876 3194  877 3195  878
 3196 3202 3386 3387 3388 4542 4543  901 4544 4545 4546 4547 4548  292
 1407  293 1408  294 1409  295 5818 3650 3649 3648 1406  291 1405  290
 1404  289 1403  235 3645 3646 3647 3790 3791 3792 3793 3794 3795  939
 3796 3797 3798  425 3800 3799 5048 4554 4639 3128 3127  744 3130 4464
 4466 3129 4463 4465 3804 5057 5723 1193 3883 1577 3974 5686 5533 4267
 1175 3406 1657 3391 5517 5476 4168 2499 4585 4646 1428 5333 3329 3437
 3484 5849 4853 1103 3712 3370 3580 2552 2077 2238 3595 2266 2366 5862
 2381 1113 3854 2256 5878 4577 1122 3689 2721 3176 4021 4876 4597 5898
 5703  992 5341  828 5340  946 5339   47 5338  716 5337   40 5336   34
 5335  898 5334 1429 1421  305 1422 1348 3823 5404 5460 3897  304 1420
  303 1419   99 1418  302 1417  118 1416  301 1415  300 1414  299 1413
  298 1412  297 1411  296 1410 4553 4552 4551 1936 4550 4549 1935 1934
 1933 3065 3600 3499 5648 1509 4048 1323 4294 5551 5614 3321  761 3464
 3463 3462 3461 3460 3459 4040 4041 4042 4043 4044 4045  917 4046  234
 4047 3872 4235 3970 3922 3839 3537 1668 3829 5817 5047 4638 2918 4288
 2416 4492 3289 5739 5795 4462 3803 5056 5722 1192 3882 1576 3973 5685
 5532 4266 1174 3405 1656 3390 5516 5475 4167 2498 4584 1425 4645 1349
 1340  249 1339  248 1338  247 1337   98 1336  246 1335  117 1334  245
 1333  244 1332  243 1331  242 1330  241 1329  240 1328  239 1327  238
 1326  237 1325  236 1324 1508 1507 5647 3498 3599 3064 3871 4234 3969
 3921 3838 3536 1667 3828 5816 5046 4637 2917 4287 2415 4491 3288 5738
 5794 4461 3802 5055 5721 1191 3881 1575 3972 5684 5531 4265 1173 3404
 1655 3389 5515 5474 4166 2497 4583 4644 1424 3896 5459 5403 3822 1345
 4720 4018 4727 1512 4867 5396 3612 3623 5867 5927 3526 4065 3301 3328
 3436 3483 5848 4852 1102 3711 3369 3579 2551 2237 2076 3594 2265 2365
 5861 2380 1112 3853 2255 5877 4576 1121 3688 2720 3175 4020 4875 4596
 5897 5702 2075 3397  710 3398 3402 2236 2550 3578 3368 3710 1101 4851
 5847 3482 3327 3435 3439  907 3438 3300 5691 5690 5692 5693 5694 3440
 3441 3442   39 5695 5696  910 5697   46 5698  945 5699  827 5700 5701
 2724  829 2723 2722 3492 3491 3490 3489 3488 3487 3856 3855 3486 2549
 2548 4063 3302 3303 3481 3306 3485 1100 1104 1105 1110   38 1111 1114
   41 1115 1118   44 1119   45 1120 1123   48 1124 2726 5896 4595 4874
 3494 4019 3174 1126 1117 2379 5860 2364 2254 3858 3444 5876 4575 3687
 4022 4023 4024 3180  830 3179  872 3178  871 3177 4877 4878 4879 3182
 4881 4599 4598 3692  918   49 3691 3690 4578 2253 2383 2382 2368  729
 2367 3718 3715 2264 3593 3401 2234 2233 2232   37 3714 3713 3709 3364
 4849 4854 4855 5854 1108 4858  900 3591   36 3592 5887 1064 5888  715
 5889   43 5890  909 5891 1065 5892 1032 5893 5894 5895 4601 3181 4025
 2725 4880 4600 3693 3493 1125 4579 5875 3443 1116 3857 2252 2384 2369
 5933 5886 2269 5874  908 5873   42 5872  714 5870 5871 5932 5856 3399
 3716 1106 5852 4856 3362 3588 2230 2545 3332 3304 3616 5687 1095 5869
 5868  923 3904 3906 3903  983 3902  254 3901 3900 4648 4588 4586  777
 4587 1430 4649 4647 3905 3826 5390 4723 4870 5863 3520 3521 3522 1350
 3899  306 3898 1346  253 1347 3613  924 5928 5929   30 3614 3615 5930
   35 5931 2270 2268 2267 2263 5857 5859  717 5858 3400 3717 1107 5853
 4857 3363 3589 3590 2231 2546 3333 3305 5688 1096 3523 5924 5864 4871
 3609 4724 5391 3827 1342 1431 3894 1515 4730 4642 2500 4582 5397 4013
 1660 3408 1178 3617 3565 3977 5449 1580 2064 3885 1187 5060 3807 5461
 4456  892 4455  738 4454  846 4453 4452 4451 4450  726 3601 3602  930
 3603 3538 4230 3501  919 3500 4298 2589 2592 3323 3322 4445 4446 4447
 4448  539 4449 1792  510 1791  509 1790  508 1789  507 1788  506 1787
  505 1786  504 1785  503 1784  502 1783  501 1782  500 1781  499 1780
  498 1779  497 1778  496 1777  495 1776  494 1775  493 1774 4430 4431
 4432 4433 4434 4435 4436 4437 4438 4439 4440 4441 4442 4443 4444 4535
 4534 4533 2585  814 2586 2587 2588 5544 5543 5542 5541 5540  543  813
 2584 2583  812 2582  811 2581  810 2580  809 2579  808 2578  807 2577
 5569 2736 2735 2734 2733 2732 2535 2534 2938 2937 2936  848 2935 2934
 3665 3372 3860 3351 3357 3358 3359 2729 2730 2731 4429 4428 4427 4426
 4425 4424 4423 4422 4421 4420 4419 4418 4417 4416 4415 4414 4413 1758
 1759 1760 1761 1762 1763  344 1764  483 1765  484 1766  485 1767  486
 1768  487 1769  488 1770  489 1771  490 1772  491 1773  492 4758 4757
 4756 4755 4754 4753 4752 4751 4750 4749 4748 4747 4746 4745 4744 4743
 4742   73 1294  208 1295  209 1296  210 1297  211 1298  212 1299 1379
 1380 1381  273 1382  274 1383  275 1384  276 1385  277 1386  278 1387
 1388 3296 4511 3361 2728 5585 3283 5616 2537 3684 5553 3505 5650 4034
 5568 4005 5598 3424 4300 5535 4226 5632 3912 3705 3778 5905 3049 3635
 1860 5799 4686 5884 4532 3197 3381 3818 5139 3466 4475 5780 5725 3325
 2591 4297 1794 5705 3915 1836 3503 2355 4276 4229 3876 5667 4252 1663
 3541 3844 5519 3833 4149 5051 3608 4633 5500 2913 2411 3291 4049 2417
 2410  737 2409  736 2408  419 2407  735 2406  725 2405  512 2404  734
 2403  733 2402  732 2401 2400 3465 4474 5779 5724 3324 2590 4296 1793
 5704 3914 1835 3502 2354 4275 4228 3875 5666 4251 1662 3540 3843 5518
 3832 4148 5050 3607 4632 4640 4641 2920 5499 2912 2919 2418 1194 2062
 2063  640 2061  119 2060  639 2059  638 2058  637 2057  636 2056  635
 2055  634 2054  633 2053  418 2052  632 2051  631 2050  511 2049  630
 2048  629 4581 4580 2047  628 2046  627 2045  626 2043 2044 2042  541
 5797 5798 4685 5883 4531 4530 1030 4529 1029 4528  542 4527  949 4526
  984 4525 1010 4524 1018 4523  906 4522  990 4521 1028 4520  993 4519
  920 4518  943 4517  790 4516  891 4515  831 4514  899 4513 3015 3859
 3371 3664 2933 2813 2676 2513 4143 2528 2599 2716 3311 1486 3943 3066
 1300 2896 2877 1440 5234 3088 2444 2906 2984 1653 3546 5819 2776 1147
 3275 1566 3937 3929 3533 2557 2766 2822 2520 5845 2881 3433 3116 4732
 1903 2146 3131 2650 3141 1887 3262 4864 3893 2601 2111 3657 3164 2128
 2248 2312 2261 1744 3014 2283 3248 2304 4566 2276 2136 1881 2624 2977
 2976 2975 2974 2973 2972 2971 2970 2969 2968 2967 2966 2965 2964 2998
 2999 3000 3001 3002 3003 3004 3005 3006 3007 3008 3009 3010 3011 3012
 3013  403 1638  402 1637  401 1636  400 1635  399 1634  398 1633  397
 1632  396 1631  395 1630  394 1629  393 1628 1627 1626 1625 1624 1623
 1622 1621 1620 1619 1618 1617 1616 1615 1610 2986 2987 2988 2989 2990
 2991 2992 2993 2994 2995 2996 2997 2963 2962 2961 2960 2959 2958 2957
 2956 2955 2954 2953 2952 2951 2950 2794 2795 2796 2797 2798 2799 2800
 2801 2802 2803 2804 2805 2806 2807 2808  107 2809 2810 2811 2812  152
 1229  151 1228  150 1227  149 1226 1225 1224  147 1223  146 1222  145
 1221  144 1220  143 1219  142 1218  141 1217  140 1216  139 1215  138
 1214  137 1213  136 1212 2850 2851 2852 2853 2854 2855 2856 2857 2858
 2859 2860 2861 2862 2863 2864 2865 2866 2867 2868 2869 2870 2871 1230
  153 1231  154 1232  155 1233  156 1234  157 1235  158 1236  159 1237
  160 1238  161 1239  162 1240  163 1241  164 1242  165 1243  166 1244
  167 1245  168 1246  169 1247 3542 3543 3544 3545 3553 3554 3555 3556
  343 3557 3558  782 3559  836 3560  929 3561  280 3562  895 3563 3564
 3360 2727 5584 3282 5615 2536 3683 5552 3504 5649 4033 5567 4004 5597
 3423 4299 5534 4225 5631 3911 3704 5796 2041  625 2040  624 2039  623
 2038  622 2037  621 2036  620 2035  619 2034  618 2033  617 2032  616
 2031  615 2030  614 2029  613 2028  279 2027  612 2026  611 2025  610
 2024 5351 5350 5438  213 5437  309 2023 2022  609 2021 5436 5435  414
 5434   72 2020 2019 5433 5432 5431 5430 2018 2017 2016  608 2015  607
 2014  573 2013  606 2012  560 2011  605 2010  604 2009  477 2008  603
 2007  559 2006  602 2005 2004 2003 2002 2001 2000 1999 1998 1997  148
 1996 1995 1994 1993 1992 1991 1990 1989 1988 1987 1986 1985 1984 1983
 1982 2848 2849    5 1211  135 1210  134 1209 2793  129 2792   64 2791
  665 2790  835 2789  834 2788  791 2787 4467 3156 3157 5498 5497 5496
  172 5495  569 5494 1053 5493  546 5492 3031 3030 3720 3719 3721  545
 3722  951 3723  568 3724  171 3032 3033 1862 5128 1897 5486 3752 1248
 3850 2086 5325 4959 3211 3212 3213  359 3725 3726  952 2786  552 2785
 3727 1091   27 1092   28 1093   29 1094 5153 2844 2845 2846 2847   63
  128 1981 1980 1979 1978 1977 1976   26 1975  358 1974  170 1973  567
 1972  601 1971  544 1970  600 1969  599 1968 1966 5385 5384 5225 1047
 5224 4272 1015 4271  349 4270  255 4269 5223 5222 1516 5439 1351 5214
 4268 2101    1 2100 2099 1061  380  745  911   50  354  842 1006 1195
 1673 2944  429  120 2945 1674 1196 4176 5268 3334 2908 3121 1523 1127
 3445 5243 2419 1587 2370 5250 5256 3108 1389 3764 5273 2102 3203 1068
 5215 1352 5440 1517 5264 4273 5296 4965 5907 5226 5414 5141 4904 5205
 5386 4589 5145 5348 5377 5300 4650 5307 2553 5413 3098 1711 1669 1967
 4979 5488 5428 3034 1863 5129 5487 1898 3753 1249 3851 2087 5326 4960
 3981 4236 1529 3214 4307 5122 3743 3158 2538 3099 4468 4568 1872 4764
 4206 3728 4362 5292 5154 2121 3148 4066 4493 5061 4985 1141 1206 2152
 2144 4911 4803 4555 1930 4169 4198 2429 1071 4602 4689 3217 1397 1582
 3938 1611 1937 3236 1251 3136 1444 2921 3249 1745 2227 3581 1890 1262
 1264 1261  181 1265  182 1266  108 1267  183 1268  184 1269  185 1270
  186 1271  187 1272  188 1273  189 1274  190 1275  191 1276  192 1277
  193 1278  194 1279  195 1280  196 1281  197 1282  198 1283  199 1284
  200 1639  404 1640  405 1641  406 1642  407 1643  408 1644  409 1645
  410 1646  411 1647  412 1648  413 1649  373 1650 1651 1652 1378 1377
 1376 1375 1293 1292  207 1291  206 1290  205 1289  204 1288  203 1287
  202 1286  201 1285 4733 4734 4735 4736 4737 4738 4739 4740 4741 1757
 1756 4955 4954 4953 4411 4412 3936 3935 3934 4410 4409 4408 4952 4951
 4950 4949 4948  574 4407 4406  681 4947  561 4405 4404 1024 4403 4946
 4945 4944  661 4402 4401  478 4943 4942  718 4941 4940 4939 4938 4937
 4936 4935 4934 4933 4932  651  704 4931 4930  109 4388 4389 4390 4391
  933  457  941 4392 4393 4394  779  648 4395  697 4396  833 4397 4398
 4399 4400 3247 3246 1880  558 1879 1878 5021 5020 5019  555 5018  698
 5017  649 5016  780 5015  942 5014  458 5013  934 5012  652 5011  705
 5010 2363  110 2362 5009  818 5008  887 5007 3264 4386 4387  817 4929
 4928 4927 4926  178  850 4385 4384  563 4383 4382 4381 4380  867  311
  480 4925 4924 4923 4922 4921 4920 4919 4918  985  390  587  174 4379
 4378 4377 4376  284 4375 4374 1023 4373  881 4917 4916 4915 4914 4913
 4912  584 1001    6 4372 4371 4370  677 4369  686 4368  130 4367   65
 4366  666 4365 1022 4364 1021 4363 4494 5293 5155 2122 3149 4067 4495
 5062 4986 4987   66 4988  131 4989  687 4990  678 4991  585 4992 1002
 4993    7 4994 1037 4995  882 4996  285 4997  986 4998  391 4999  588
 5000  175 5001  868 5002  312 5003  481 5004  564 5005  179 5006  851
 3514  888 4794  819 4795  728 4796 4797  991 4798 3230 2215 3479 2092
 4799 4006 1186 2357 2679 3265 3515 4793  852 4792  180 4791  565 4790
  482 4789  313 4788  869 4787  176 4786  589 4785  392 4784 1583  379
 4783  286 4782  883 4781 1038 4780    8 4779 1003 4778  586 4777  679
 4776  688 4775  132 4774   67 4773 1027 4772  667 4771 1041 4770 1040
 4769  792 4768  553 4767  953 4766 1009 4765 4207 3729 1873 4569 3159
 4469 3100 2539 5294 5156 2123 3150 4068 4496 5063 1142 1207 2153 2145
 4804 4556 1931 4170 4199 2430 1072 4603 4690 3218 1398 1584 3939 1612
 1938 3237 1252 3137 1445 2922 3250 1746 2228 3582 1891 1263 3024 4337
 4336 4335 4334 4333 4332 4331 4330 4329 4328 4327 4326 4325 4324 4323
 4322 4321 4320 4319 4318 4317 4316  668 4315 1020 4314 1019 4313  793
 4312  554 4311 4310 4309 4308 1868 1869  550 1870  551 1871 1874 4570
 2540 2541 3101 4470 3160 4571 3760 3759 3758 3757  962 3756  961 3755
  173 3754 1250 5284 5285 5286  360 5287 5288 5289 5290 5291 3153 4497
   68 1204 1201 1205 2138 2154 4247 4246 4245  669 4244 4243 4242 4241
 4240 4239 4238 4237 5280 4961 5327 2088 3982 3852 1899 5485  570 5484
 1054 5483  547 4981 4980 4978 4977  426 4976 4975 5302 5148 4591 4590
 5146 5147 5301 2554 5479 5480 5481 5482 1710 1719 1709  449 1708  448
 1707  447 1706  446 1705  445 1704  444 1703  443 1702  442 1701  441
 1700  440 1699 5444 5445 5446 5206 4908 4907 1044 4906 4905 4903 4902
 4901 4900 4899 4898 4897  281 4896    2 4895  864 4894 1043 4893 1042
 4892  381 4891  746 4890  912 4889   51 4888  355 4887 4886 1007 4885
  121 4884 4882 1197 4177 5269 5270 5271 1524 1128 3446 5244 2420 1588
 2371 5251 5257 3109 3204 1069 2103 1390  282 1391 1392 1393 5441 5442
 5443  350 1698 1697 1696  256 1695 1694  439 1693 1692  438 1691  437
 1690  436 1689 1688  435 1687  434 1686 1685 1684  433 1683  432 1682
 1681  122 1680 1679  430 2946 2947 2948 1198  123 1199 3335 3336 3337
  356 3338   52 3339 3340 3341  382 3342 3343 3344 3345    3 3346 3347
 3348 5216 5217  283 5218 5219 5265 5266 5415 5142 5416 5417 5418 5207
 5208 1057 5209 5210 3093  860 3094  861 3095  862 3096 3097 1712 1713
  450 1714  451 1715  452 1716  453 1717  454 1718 5123 5124 2117  664
 2118 2119 2120 1924 1925 1926  581 1927  582 1928  583 1929 1932 4200
 4557 4558 4171 4201  753 4202 3219 1399 2431 1073 1074   10 1075   11
 1076   12 1077   13 1078   14 1079   15 1080   16 1081   17 1082   18
 1083   19 1084   20 1085   21 1086 3025 3026 3516 3266 1087 1260 1259
 1258 1257 1256 1253 1941 1940 1939 3940 3238 3239  590 3240 3138 2923
 2924 2925 1747 1748 3583 3584 2229 1892  566 1893 2195  699 2196  102
 2197  700 2198 2199  701 2200  655 2201  644 2202  702 2203  703 2204
 3770 2271 2132 2627 2299 2305 2307 2308 2309 2310 2311 1885  471 1886
 1889 3170 3169 3168 3167 2127  671 2126 2315 2257 1740 2279 3244 2278
 2275 2274  672 2273 1876 3231 2768 5240  963 5239 5237 2206 2217 2286
 2386 2503 2502 2078 3669 2095 3630 3628 3480 3624 3478 3477 4009 4008
 4007 3223 2358 1180 2682 2929 2928 2927   22 2926 2210 2211  101 2212
 2213 2214 2216 2741 2093  654 2094 3668 2083 2084 2220 2221 3769 5242
 3233 3234 2131 2626 2298 4562 2259 2260 2314 2250 2130 3166 3890 3891
 3892 3260 3261 3143 3144 3117 2882 5843 5844 2515 2884 3078 3531 2433
 3527 3532 3084 3085   75 3086 2904 2899 5820 2777 2778 1838 1148 3930
 3928  756 3927  784 3926 1796 3118 3145 2652 3133 4359 2149 3428 5840
 4846 3923 2516 2885 3079 2434 3528 2558 3931 4956 3270 1567 1752 1371
 2982 2983 2985 5039 3548 2888 2893 2894 2779 2780 2898 4500 2879 1442
 5233 5228 2905 5236 3087 4506 1847 2448 2334 2335 2449 1848 4508 4507
 2511 2512 2815 2816 2817 2940 5587 3037 2818 3864 3863 3862 3410 3374
 3375 3376 3377 3353 3017 3298 3276 3280  837 3281 3697 3698  944 5623
 5622 5621 5620 5619 2530 3285 5618 2840 4760 3686 5555 3507 5652 4036
 3999 2738 5571 2574 4136 4219 5600 3045 3044 3043 3042 3041 4510 4509
 1849 1850 1851 1852 1853 1854 1855 2456 2455 2454 2453 2452 2451 2450
 2336 2337 2338 2339 2340 2341 2342 3421 3420 3419 3418 3417 3416 3415
 3414 3663 3662 2598 2597 4124 4123  214 4122  310 4121 4120 4119 4118
  270 4117 4116 4115 4114 4113 4112 4111 4110 4109 4108 4107 4106 4105
 4104 4103 4102 4101 4100 4099 4098 4097 4096 4095 4094 4093 4092 4091
 5085 5086 5087  111 5088 5089 5090 5091 5092 5093 5094 5095 5096 5097
 5098 5099 5100 5101 5102 5103 5104 5105 5106 5107 5108 5109 5110 5111
 5112 5113 5114 5115 5116 5117 2333 2332 2331 2330 2329 2328 2327 2326
 2325 2324  513 2323  722 2322  683 4843 4844 4845 2519 2437 2438 2439
 2440 2441 2442 2443 2446 2447 1846 1845 1844 1843 3274 3273 2765 2764
  755 3083 3082 2883  783 2763 2762 2761 2760 2759 2758 2757 2756 2755
 2754 2753 2752  708 2751 2750 2749 2748 2747 2746 2745 3229 3228 3227
 3222 1185 1184 1179 2681 2680 4823 4824 4825 4826 4827 4828 4829 4830
 4831 4832 4833 4834 4835 4836 4837 4838 4839 4840 4841 4842 2321  470
 2320 2319 2318 2317 2282 2281 4565 4564 2135 2134 3773 3772 2190 2189
 2188 2187 2186 2185  653 2184  696 2183  695 2182 2181 2180  694 2179
 4822 4821 4820 4819 4818 4817 4816 4815 4814 4813 4812 4811 4810 4809
 4808 4807 4806 4805 2158 1208 2142  676 2143 2162 2163  691 2164 2165
 2166 2167 2168 2169 2170 2171 2172 2173 2174 2175 2176 2177  692 2178
  693 5084 5083 5082 5081 5080 5079 5078 5077 5076 5075 5074 5073 5072
 5071    9 5070 5069 5068 5067 5066 5065 5064 3152 2124 5157 5295 3151
 4069  997 4070 4071  133 4072 4073  680 4074 4075 4076 4077 4078 4079
 4080 4081 4082 4083 4084 4085 4086 4087 4088 4089 4090 4338 4339 4340
 4341 4342 4343 4344 4345 4346 4347 4348 4349 4350 4351 4352 4353 4354
 4355 4356 4357 4358 3427 1795 1799 1800  516 1801  517 1802 1803 1804
 1805   74 1806 1807 1808 1809 1810 1811  345 2832 1917 1916 2619 2618
 2617 2616 2615 2614 2613 1910 1911 1912 1913 1914 1915 2831 2830 2829
 2828 2827 2826 2825 2824 2823 3434 3432 3431 2148 1735  469 1734  468
 1733  467 1732  466 1731  465 1730  464 1729  463 1728  462 1727  461
 1726  460 1725  459 1724 3629 1723 3667 2501 2085 2385 2285 2205 2191
 2222 5241 2767 3774 1875 3235 2625 2297 2137 2277 3243 4567 2284 1739
 1743  476 1742 2303 2302 2301  673  719 5022 5023  479 5024 5025 5026
  562 5027 5028 5029 5030 5031 5032 2610 2609 2608 2607 2606  575  682
 2605 2604  815 2603 2602 3656 2262 2313 2249 2129 3165 3651 2112 4862
 4863 4865 3263 1888 3142 2651 3132 2147 1904  576 1905  577 1906  578
 1907 1908 1909 2612 2611 5033 5034 5035 5036 5037 5038 3547 2907 2445
 3089 5235 1441 2878 2897 1301 3067 3944 1487 3312 2526 2527 2521 2717
 2600 4144 2514 2677 2814 3666 3373 3861 3352 3016 3297 4512 2939 5586
 3284 2529 5617 4759 3685 5554 3506 5651 4035 3998 2737 5570 2573 5599
 3425 4002  803 4003 5536 5537 5538 5539 4301 4227 5633 3913 3706 3779
 5906 3050 3636 1861 5800 4687 5885 3198 3382 3819 5140 4536 3467 4476
 5781 3315 5726 5546 4289 5545 4295 5706 3916 1837 3840  925 3841 3842
 3845 3539  420 3604  931 3605 3606 4150 5052 4634 5501 2914 2412 3292
 4050 4457 3566 3567 3568 3569 3570  778 3571 3572  250 3573 3574   31
 3575 5850 5855 5851 2235 3576 1109 3577 3366 3367 3365 4850 5846 2547
 3331 3330 3326 5689 1097 1099   32 1098 3524 5925 5865 4872 3610 4731
 4725 1510 1514  348 1513 5392 3825 3824 1427 1426 5400 3820 4721 1039
 4722 4718 1343 5401 5456 5457 5393 5394  347 4062  251 4016 4728 4729
 5395 3611 4873 4064 3525 5926 5866 4869 4866 4868 1511 4726 4017 4719
 1344 3821 5402 5458 3895 1423 4643 2496 2495 2493 4164 5472 5471 5470
 5469   95 5468  375 5467  981 5466  114 5465  969 5464 4459 5463 5054
 3809 1189 3879 1573 2066 3978 1170 1176 1177 3409 1661 4014 4015 4061
 4060 4059 4058 4057  374 4056  980 4055  113 4054  968 4053  996 4052
 3286 4051 2413 2915 5502 4635 5044 5049 3290 4458 5462 5053 5058 5059
 3884 2065 5450 5451 1581 3878 1188 3808 1578 1579  987  904  417 5452
 5453 5454 5455 5399 5398 4163 4162 4161 4160  416  903  100 4159  378
 4158  112 4157 1000 4156  999 4155  893 4154  739 4153  847 4152  998
 4151 3834 5520 1664 4253 3534 3836 5668 3877 4231 4277 2356 3495 3596
 1834  538 1833  537 1832  536 1831  535 1830  534 1829  533 1828  532
 1827  531 1826  530 1825  529 1824  528 1823 1822  527 1821  526 1820
  525 1819  524 1818  523 2839 2838 2837 2836 2835 2834 2833 1812  518
 1813  519 1814  520 1815  521 1816  522 1817 4125 4126 4127 4128 4129
 4130 4131 4132 4133 4134 4135 4218 4222 4223 4224 5634 5635 5636 5637
 5638 5639 5640 5641 5642 5643 5644 4478 2352 5783 5782 3468 2465 5138
 5137 5136 5882 2464 2463 2462 2461 2460 2346 2347 2348 2349  723 2350
  724 2351 4477 3817 3816 3815 3814 3813 5904 5903 3910 4303 4302 3426
 3422 2343 2457 2344 2345 2458 2459 1859 1858 1857  540 1856 3046 3047
 3048 3051 3052  853 3053 3054 3055 3056  854 3057  855 3058 5727 5728
 3059 3060 3061 3868 3873 3874 5669 3837 3535 4254 1665 1666 5521 5522
 5523 5735 5734 5733 5732 5731 5730 5729 5784 5785 5786  926 4280 4279
  974 4278 2353 4479  727 4480 4481 4482 4483 4484 4485 4486 4487  740
 4488 4489 4285 4284 1017 4283 4282 1016 4281  421 5787 5788  972 5789
 5790 5791 5792 5736  741 5524 1025 5525 5526  115 5527  982 5528  376
 3979 1171 3619 3618  905 3620 3621 3622 3394 3395 3396   33 2074  643
 2073  642 2072  252 3393 3392 3407 5530 5529 3806 3805 3801 4460 5793
 5737 3287 4490 2414 4286 2916 5503 4636 5045 3835 5815 5814 5813 5812
 5811 5810 5809 5808 5807 5806  758 5805 5804 5803 5801 5802 3810 3637
 3780 5899 3707 3907 4304 5624 5625  950 5626 5627 5628 4688 4684  970
 4683  936 4679 4682 3781 5900 3708 3703  948 3702  804 3701  947 3700
 3699  921 5558 5557 5556 3682 5590 5591 5592 5601 5656 5573 5574  966
 5575 5576  937  971 5660 5661 5662  879 5577 5578 5580 5579 4538 2468
 3471 3318 5611 4291 5548 5610  896 5609  915 5608  759 5607 5606 5605
 5604 5603 5659 5658 5657 5602 5593 5559 5594 5560  965 5561 5562 5564
 5563 5879 5132 3199 3383 4537 2466 3469 3316 5547 4290 5707 5708 5709
 5710  975  927 1011  422 5711 5712 5713 5714  973 5715 1051 5716  742
 5717 1026 5718  967 5720 5719 1190 3880 1574 2068 2067   96 2069  641
 2070 2071 1659 1658 3980 3975 3971 3976 1172 3403 1654 5473 4165 2494
 2492  776 2491 2490  775 2489 2488 2487 2486  774 2485 2484  773 2483
  772 2482 5505 5506 5507 5508 5509   97  415 5514 5513 5512 5511 5510
  377  116 5680 5681 5682 5683 4264 4263 4262 4261 4260 4259 5679 5678
  743 5504 2481  771 2480 3831 3830  423 2479  770 2478  769 2477  768
 2476  767 2475  766 2474  765 2473  764 2472  763 2471 2467 3470 3317
 3917 5645 3496 3597 3062 3869 4232 5670 5671  976 5672  928 5673 1012
 5674 5675 5676 5677 4258 1014 4257 1013 4256  424 4255 3920  978 3919
  856 3918 5646 3497 3598 3063 3870 4233 3968  979 3967  857 3966  897
 3965  916 3964  760 3963 3962 3961 3960 3959 3958  805 5572 2739 4000
 4037 5655  994 5653 5654 3508 2571 2570  788 2569  799 2568  798 2567
  797 2566  796 2565 5201 3411 3378 3354 3018 3019 3020 3021 3038 2531
 3694 2841 4761 3299 3277 3865 2819 2941 5588 5589  787 3681  838 3680
  889 3679  849 3674 2675 3678 3658 2678 4145 1918 2507 2522 2718 2593
 2620 3313 1488 3945 3068 5118 1302 2895 1443 4501 2880 1439  308 1438
  307 1437   76 1436 1432 1149 1839 2978 5821 2900 5040 3549 2889 5229
 2781 2673 2669 2674  215 5200 5199 2563  795 2564 2876 2875  794 2562
 5198   77 5197  271 2561 2560 2559 5196  757 5195  785 5194 1056 5193
  514 5192  684 5191  472 4715 4714 5190 3653 3887 4629 4628 4627 5189
 5188 4712 4713 2773 2772 2771 2770 4711 5187 4626 2107 2108 2109  660
 2110 3257 3171 1736 1882 4859 2113 3652 3886 2251 2247 2246 2245  713
 2244  556 2243  712 2242  711 2241 2239 2218 2287 2387 2504 2079 3670
 2096 3625 2742 3474 4010 4800 3224 2359 1181 2683 4615 4616 4617 4618
 4619 4620 4621 4622 4623 1034 4624 4625  964 5186 5185 5184  706 5183
  781 5182  645 5181  656 5180  932 5179  832 5178  886 5177  103 5176
 4700 4701 4702 4703 4704 4705 4706 4707 4708 4709 4710 2769 2392 2391
 2390 2291 2290 2289 2288 2389 2388 2505 2080 3671 2097 3626 2743 3475
 4011 4801 3225 2360 1182 2684 2931 3268 3518 3028 2193 2208 1089 1895
 3586 1450 3256 3253  709 3254 1751 3252 2223 1749 4699 4698 4697 4696
 4695 4694 4693 4692 5168  885 5169  288 5170  591 5171  177 5172  870
 5173 5174  315 5175   23 4614 4613 4612 4611 4610 4609 4608 4607 1033
 4606 4204 4605 2428 2426 4172 4560 3996 3995 3994 3993  127 4215 4216
 4249 2140 2156 2160 4173 4174  752 5167 1005 5166 5165  989 5164  690
 5163  675 5162 5161 5160 5159 4214  580 4213 4212 4211 4210 4209  662
 3988  954 3987 3986  959  361 3985 3984  455 4660 4661 4662 4663 3989
   57 3990  988 3991 3992 4664 4665 4666 4667 4668  674  689 4669 4670
 1031 4671 1004 4672  754 4673 1036 4674  884 4675  287 4676 4677 1942
 1447  314 1448 1449 3585 3027 3517 3267 2930 2192 2207 1088 1894 2226
 2225 3251 1446 3139 1254 3241 1613 3941 1585 1400 3220 4691 4604 4203
 2432 4559 2159 2155 2139 4248 1202 4498 3154 1922 5158 2542 1133 1140
   62 1139   61 1138   60 1137   59 1136 3102 4471 3161 4572 3761 2114
 3730 4208 5125 3744 1866 3215 1530 1720 3983 5281 4962 5328 2089 3849
 3846 1900 5313 4659  977 4658  571 4657 1035 4656  548 5312]

eliteFit: 571658.0
percentError: 2.8078662698162917
computationTime: 4099.286s