instanceName: rl5934
n: 5934
optFit: 556045

genTime, gen, eliteFit, percentError:
0.00934579991735518, 0, 41633557.0, 7387.444
74.89388939994387, 1, 631530.0, 13.575
48.236903200042434, 2, 624356.0, 12.285
46.0658663000213, 3, 619622.0, 11.434
43.81763150007464, 4, 614502.0, 10.513
42.9218899999978, 5, 613025.0, 10.247
46.36494560004212, 6, 609255.0, 9.569
40.74491970008239, 7, 607272.0, 9.213
44.9066544000525, 8, 604709.0, 8.752
39.781015799962915, 9, 604008.0, 8.626
41.73534270003438, 10, 600777.0, 8.045
42.58106039999984, 11, 598931.0, 7.713
40.800766499945894, 12, 598931.0, 7.713
40.827169699943624, 13, 598242.0, 7.589
40.18567490007263, 14, 596435.0, 7.264
34.487623700057156, 15, 596435.0, 7.264
38.5728519000113, 16, 594582.0, 6.931
35.82576070004143, 17, 593543.0, 6.744
35.39471660007257, 18, 592749.0, 6.601
35.793863099999726, 19, 592581.0, 6.571
36.25373350002337, 20, 592305.0, 6.521
35.32697880000342, 21, 591948.0, 6.457
34.30812289996538, 22, 590676.0, 6.228
36.26088930002879, 23, 589780.0, 6.067
37.25694900006056, 24, 589508.0, 6.018
34.08063530002255, 25, 588015.0, 5.750
31.90771910001058, 26, 588015.0, 5.750
32.98308309994172, 27, 587793.0, 5.710
29.89914669992868, 28, 586860.0, 5.542
20.486362600000575, 29, 586860.0, 5.542
25.726938599953428, 30, 586742.0, 5.521
30.302702000015415, 31, 586320.0, 5.445
27.374148500035517, 32, 586320.0, 5.445
24.80330110003706, 33, 585934.0, 5.375
27.319221100071445, 34, 585176.0, 5.239
23.185148800024763, 35, 584436.0, 5.106
26.211037900066003, 36, 584150.0, 5.054
27.817760700010695, 37, 583961.0, 5.020
26.07087119994685, 38, 583638.0, 4.962
23.572885500034317, 39, 583586.0, 4.953
16.475257399957627, 40, 583350.0, 4.911
17.286905899993144, 41, 583161.0, 4.877
15.278011800022796, 42, 583007.0, 4.849
14.588299299939536, 43, 582562.0, 4.769
12.670054999995045, 44, 582270.0, 4.716
13.128486300003715, 45, 582051.0, 4.677
11.988150399993174, 46, 581887.0, 4.647
13.966325200046413, 47, 581835.0, 4.638
11.434283599955961, 48, 581693.0, 4.613
9.765654499991797, 49, 581626.0, 4.601
10.687837199890055, 50, 581087.0, 4.504
13.593878699932247, 51, 581087.0, 4.504
12.528392400010489, 52, 581087.0, 4.504
11.130791999981739, 53, 581003.0, 4.488
9.49157109996304, 54, 581003.0, 4.488
10.953023900045082, 55, 580961.0, 4.481
7.800947499927133, 56, 580701.0, 4.434
11.506654900033027, 57, 580701.0, 4.434
19.60146379994694, 58, 580453.0, 4.390
17.198793500079773, 59, 580208.0, 4.346
20.98551969998516, 60, 579758.0, 4.265
20.697699500015005, 61, 579380.0, 4.197
17.06780939991586, 62, 579118.0, 4.149
14.48267069994472, 63, 579115.0, 4.149
9.998745499993674, 64, 578785.0, 4.090
10.697411100030877, 65, 578785.0, 4.090
13.029366599977948, 66, 578780.0, 4.089
17.62581160000991, 67, 578780.0, 4.089
20.782032100018114, 68, 578156.0, 3.976
25.566061399993487, 69, 578156.0, 3.976
29.939210299984552, 70, 577897.0, 3.930
31.580138799967244, 71, 577897.0, 3.930
29.419502399978228, 72, 577897.0, 3.930
36.878804599982686, 73, 577897.0, 3.930
32.650697299977764, 74, 577647.0, 3.885
32.66496189997997, 75, 577421.0, 3.844
24.74522059992887, 76, 577019.0, 3.772
17.49144780007191, 77, 577019.0, 3.772
24.16201510000974, 78, 576986.0, 3.766
23.94900000002235, 79, 576493.0, 3.677
18.477057899930514, 80, 576361.0, 3.654
12.815156499971636, 81, 576328.0, 3.648
10.387586599914357, 82, 576328.0, 3.648
8.939228000002913, 83, 576328.0, 3.648
8.07738250005059, 84, 576328.0, 3.648
9.559894400066696, 85, 576328.0, 3.648
7.19093760009855, 86, 576328.0, 3.648
8.403405499993823, 87, 576328.0, 3.648
8.183434000005946, 88, 576328.0, 3.648
9.663508299971, 89, 576328.0, 3.648
7.859188399976119, 90, 576328.0, 3.648
8.103541799937375, 91, 576310.0, 3.644
7.48286900005769, 92, 576310.0, 3.644
8.954821599996649, 93, 576310.0, 3.644
9.55358399997931, 94, 576245.0, 3.633
9.259493499994278, 95, 576161.0, 3.618
10.165094699943438, 96, 576161.0, 3.618
9.427142800064757, 97, 576085.0, 3.604
8.983633100055158, 98, 576085.0, 3.604
9.781033799983561, 99, 576085.0, 3.604
9.076730300090276, 100, 576085.0, 3.604
9.085116700036451, 101, 576085.0, 3.604
10.568667999934405, 102, 576085.0, 3.604
7.333839900093153, 103, 576085.0, 3.604
9.177483799983747, 104, 576085.0, 3.604
7.754654900054447, 105, 575955.0, 3.581
10.459270199993625, 106, 575948.0, 3.579
9.883240399998613, 107, 575948.0, 3.579
7.82601750001777, 108, 575948.0, 3.579
8.431601000018418, 109, 575948.0, 3.579
8.341219100053422, 110, 575948.0, 3.579
8.749555499991402, 111, 575948.0, 3.579
10.397431900026277, 112, 575948.0, 3.579
7.859161600004882, 113, 575948.0, 3.579
7.730585300014354, 114, 575948.0, 3.579
8.32089500001166, 115, 575948.0, 3.579
7.6100839000428095, 116, 575948.0, 3.579
10.372282700031064, 117, 575948.0, 3.579
7.804766199900769, 118, 575948.0, 3.579
7.944233700050972, 119, 575880.0, 3.567
13.07601479999721, 120, 575880.0, 3.567
10.18055849999655, 121, 575767.0, 3.547
8.715809699962847, 122, 575767.0, 3.547
8.626625700038858, 123, 575767.0, 3.547
9.276202099979855, 124, 575767.0, 3.547
8.56535020004958, 125, 575690.0, 3.533
9.001021299976856, 126, 575690.0, 3.533
8.912392699974589, 127, 575690.0, 3.533
8.204219000064768, 128, 575690.0, 3.533
8.93327189993579, 129, 575690.0, 3.533
8.181806900072843, 130, 575690.0, 3.533
8.709137100027874, 131, 575690.0, 3.533
7.628871800028719, 132, 575690.0, 3.533
8.54506399994716, 133, 575690.0, 3.533
9.831234300043434, 134, 575690.0, 3.533
7.589170400053263, 135, 575690.0, 3.533
7.867417400004342, 136, 575690.0, 3.533
7.771532899932936, 137, 575690.0, 3.533
7.423101199907251, 138, 575690.0, 3.533
8.462839200044982, 139, 575690.0, 3.533
10.423308299970813, 140, 575583.0, 3.514
11.002450300031342, 141, 575583.0, 3.514
9.073730899952352, 142, 575583.0, 3.514
9.374955300008878, 143, 575583.0, 3.514
8.140950500033796, 144, 575583.0, 3.514
9.18777159997262, 145, 575583.0, 3.514
7.935214600060135, 146, 575583.0, 3.514
8.426030899980105, 147, 575583.0, 3.514
7.589406900107861, 148, 575583.0, 3.514
8.734250199981034, 149, 575536.0, 3.505
9.780219500069506, 150, 575536.0, 3.505
11.358003100031056, 151, 575083.0, 3.424
9.253526300075464, 152, 575083.0, 3.424
7.5975309999194, 153, 575083.0, 3.424
8.990693100029603, 154, 575083.0, 3.424
11.986688300035894, 155, 575083.0, 3.424
10.70183909998741, 156, 575083.0, 3.424
8.17909500002861, 157, 575083.0, 3.424
6.562740199966356, 158, 575083.0, 3.424
8.833811599994078, 159, 575083.0, 3.424
9.344476400059648, 160, 575083.0, 3.424
8.760613700025715, 161, 575083.0, 3.424
10.332311199977994, 162, 575083.0, 3.424
11.714083700091578, 163, 575083.0, 3.424
9.183198600076139, 164, 575083.0, 3.424
8.130998000036925, 165, 575083.0, 3.424
9.226805500104092, 166, 575083.0, 3.424
8.547454299987294, 167, 575083.0, 3.424
8.716837599989958, 168, 575083.0, 3.424
9.051074800081551, 169, 575083.0, 3.424
7.734544400009327, 170, 575083.0, 3.424
8.670234700082801, 171, 575083.0, 3.424
9.598282799939625, 172, 575083.0, 3.424
8.529239499941468, 173, 575083.0, 3.424
7.470591600053012, 174, 575083.0, 3.424
7.980148600065149, 175, 575083.0, 3.424
8.259239400038496, 176, 575083.0, 3.424
7.209005999960937, 177, 575083.0, 3.424
9.726500499993563, 178, 575083.0, 3.424
8.357267800020054, 179, 575083.0, 3.424
8.04099440004211, 180, 575083.0, 3.424
8.86653210001532, 181, 575083.0, 3.424
9.237234500003979, 182, 575083.0, 3.424
9.821315500070341, 183, 575083.0, 3.424
8.255312299937941, 184, 575083.0, 3.424
8.702686800039373, 185, 575083.0, 3.424
7.4706663999240845, 186, 575083.0, 3.424
9.889651600038633, 187, 575083.0, 3.424
9.092503200052306, 188, 575083.0, 3.424
10.386367099941708, 189, 575083.0, 3.424
10.307532000006177, 190, 575083.0, 3.424
9.019534799968824, 191, 575083.0, 3.424
7.668096100096591, 192, 575083.0, 3.424
6.594946800032631, 193, 575083.0, 3.424
8.12877790001221, 194, 575083.0, 3.424
8.812020999961533, 195, 575083.0, 3.424
7.903155399952084, 196, 575083.0, 3.424
8.698366100084968, 197, 575083.0, 3.424
9.230184599990025, 198, 575083.0, 3.424
10.378876800066791, 199, 575083.0, 3.424
7.368615800049156, 200, 575083.0, 3.424
7.13354040007107, 201, 575083.0, 3.424

tour:
[1645  410 1646  411 1647  412 1648  413 1649  373 1650 1651 1652 1377
 1378 1379 1380 1381  273 1382  274 1383  275 1384  276 1385  277 1386
  278 1387 4758 4757 4756 4755 4754 4753 4752 4751 4750 4749 4748 1763
  344 1764  483 1765  484 1766  485 1767  486 1768  487 1769  488 1770
  489 1771  490 1772  491 1773  492 1774  493 1775  494 1776  495 1777
  496 1778  497 1779  498 1780  499 1781  500 1782  501 1783  502 1784
  503 1785  504 1786  505 1787  506 1788  507 1789  508 1790  509 1791
  510 1792 4448 4447 4446 4445 4444 4443 4442 4441 4440 4439 4438 4437
 4436 4435 4434 4433 4432 4431 4430 4429 4428 4427 4426 4425 4424 4423
 4422 4421 4420 4419 4418 1762 1761 1760 1759 1758 1757 1756 4955 4954
 4953 4952 4951 4950 4949 4948 4733 4734 4735 4736 4737 4738 4739 4740
 4741   73 4742 4743 4744 4745 4746 4747 1299  212 1298  211 1297  210
 1296  209 1295  208 1294 1376 1375 1293 1292  207 1291  206 1290  205
 1289  204 1288  203 1287  202 1286  201 1285  200 1284  199 1283  198
 1282  197 1281  196 1280  195 1279  194 1278  193 1277  192 1276  191
 1275  190 1274  189 1273  188 1272  187 1271  186 1270  185 1269  184
 1268  183 1267  108 1266  182 1265  181 1262 1264 1261 1890 3581 2227
 1745 3249 2921 1444 3136 1251 3236 1937 1611 3938 1582 1397 3217 4689
 4602 1071 2429 4198 4169 1930 4555 4803 4911 2144 2152 1206 1141 4985
 5061 4493 4066 3148 2121 5154 5292 4362 3728 4206 4764 3743 5122 4307
 3214 4236 5326 2087 3851 1249 3753 4960 3981 1529 3158 1872 4568 4468
 3099 2538 4363 1021 4364 1022 4365  666 4366 4912  584 1001 4913 4914
    6 4915 4916 4917  881  284  985  390 4918 4919 4920 4921 4922 4923
 4924 4925  563 4926 4927 4928  817 4386 4387  109 4929 4930 4931 4932
 4933 4934 4935 4936 4937  697  648  779  941  457  933  651  704 4388
 4389 4390 4391 4392 4393 4394 4395 4396  833 4938 4939 4940 4941 4942
  718 4400 4399 4398 4397 1878 1879  558 1880 3246 3247 4401  478 4943
 4944  661 4402 4403 1024 4404 4405  561 4945 4946 4947  681  574 4406
 4407 4408 4409 4410 4411 4412 4413 4414 4415 4416 4417 3936 3935 3934
 5033 5034 5035 5036 5037 5038 3547 2907 2445 3089 5235 1441 2878 2897
 1301 3067 3944 1487 3312 2526 2527 2717 2521 2934 3665 3372 3860 3351
 3357 3358 3359 2729 2730 2731 2534 2535 2732 2733 2734 2735 2736 5569
 2577  807 2578  808 2579  809 2580  810 2581  811 2582  812 2583 5539
 5538 5537 5536 4003  803 4002 4035 5651 3506 5554 3685 4759 5617 2529
 3284 5586 2939 2938 2937 2936  848 2935 2814 2677 2514 4144 2600 2619
 2618 2617 2616 2615 2614 2613 2612 2611 1908 1909 1910 1911 1912 1913
 1914 1915 1916 1917 3666 3373 3861 3352 3016 3297 4512 2833 2834 2835
 2836 2837 2838 2839 3998 2737 5570 2573 5599 3425 4301 4227 5633 3913
 3706 3779 5906 3050 3636 1861 5800 4687 5885 3198 3382 3819 5140 4536
 3467 4476 5781 3315 5726 5546 4289 1837 3916 5706 4295 5545 2589 2588
 5544 5543 5542 5541 5540  543 2584  813 2585  814 2586 2587 4533 4534
 4535 3322 3323 2592 4298 3500  919 3501 4230 3840  925 3841 3842 3845
 3539 3538  930 3602 3601  726  539 4449 4450 4451 3603  420 3604  931
 3605 4452 4453 3606  846 4454  738 4455  892 4456 5461 3807 5060 1187
 3885 2064 1580 5449 3977 3565 3617 1178 3408 1660 4013 5397 4582 2500
 4642 4730 1515 3894 1431 1342 3827 5391 4724 3609 4871 5864 5924 3523
 1096 5688 3305 3333 2546 4854 4858  900 2231 3590 3591   36 3592 5887
 1064 5888 5859  717 5858 2268 2267 2263 5857 3400 3717 1107 5853 4857
 3363 3589 3615   30 5929 5928  924 3614 3613 1347  253 1346 3898  306
 3899 1350 4870 5863 3522 3521 3520 4723 5390 3826 3905 4647 4649 1430
 4587  777 4586 4588 4648 3900 3901  254 3902  983 3903 3906 3904  923
 5868 5869 1095 5687 3616 3304 3332 2545 2230 3588 3362 4856 5852 1106
 3716 3399 5856 5932 5871 5870  714 5872   42 5873  908 5874 2269 5886
 5933 5930   35 5931 2270 2369 2384 2252 3857 1116 3443 5875 4579 1125
 3493 3693 4600 4880 2725 4025 3181 5895 4601 4599 4881 4878 4879 3182
 3180 4024 4023  830 3179  872 3178  871 3177 4877 4598 3692 3691 3690
   49  918 5894 5893 1032 5892 1065 5891  909 5890   43 5889  715 4578
 2253 2383 2382 2368  729 2367 3718 1108 5854 4855 4849 3364 3709 3713
 3714 3715   37 2264 3593 3401 2234 2233 2232 5855 5851 5850 3575   31
 3574 3573 3572 3571  778 3570 4162 4163 5398 5399 1426 1427 3824  250
 3825 5392 1513  348 1514 1510 4725 5400 3820 4721 1039 4722 4731 3610
 4872 5865 5925 3524 1097 5689 3326 3330 3331 2547 5846 4850 3365 3367
 3366 3577 1109 3576 2235 5860 2379 2364 2254 3858 1117 3444 5876 4575
 3687 4022 1126 3174 4019 3494 4874 4595 5896 2726 1124   48 1123 1120
   45 1119   44 1118 1115   41 1114 1111   38 1110 1105 1104 1100 1099
   32 1098 3485 3306 3481 2548 3303 3302 4063 5690 5691 5692 5693 5694
 2549 3486 3855 3856 3487 3488 3489 3490 3491 3492 2722 2723  829 2724
 5701 5700  827 5699  945 5698   46 5697  910 5696 5695 3442 3441   39
 3440 3439  907 3438 3300 4064 4873 3611 5395 4729 4728 4016  251 4062
  347 5394 5393 4718 1343 5401 5456 5457 5455 5454 5453  417  904  987
 1579 1578 3808 1188 3878 1581 5451 5452 5450 2065 3884 5059 5058 5053
 5462 4458 3290  847 4153  739 4154  893 4155  999 4156 1000 4157  112
 4158  378 4159 4160 4161  100  903  416 3569 3568 3567 3566 4457 4050
 3292 2412 2914 5501 4634 5052 4150 4152  998 4151 3834 5520 4253 1664
 5049 5044 4635 5502 2915 2413 4051 3286 4052  996 4053  968 4054  113
 4055  980 4056  374 4057 4058 4059 4060 4061 4015 4014 1661 3409 1177
 1176 1170 3978 2066 1573 3879 1189 3809 5054 5463 4459 5464  969 5465
  114 5466  981 5467  375 5468   95 5469 5470 5471 5472 4164 2493 2495
 2496 4643 1423 3895 5458 5402 3821 1344 4719 4017 4726 1511 4866 4868
 4869 5866 5926 3525 3327 3435 3482 5847 4851 1101 3710 3368 3578 2550
 2236 3402 3398  710 3397 2075   33 2074  643 2073  642 2072 3396 3395
 3394 3622  252 3393 3621 3620  905 3618 3619 1171 3979 5529 5530 3407
 3392 2071 2070  641 2069   96 2067 2068 1574 3880 1190 5719 5720  967
 5718 1026 5717  742 5716 1051 5715 3831 3830  973 5714 5713 5712  422
 1011 5711 5710 5709 5708 5810 5811  975  927 5812 5813 5814 5815 3835
 5045 4636 5503 2916 4286 2414 4490 3287 5737 5793 4460 3801 3805 3806
  376 5528  982 5527  115 5526 5525 1025 5524 5736 5792 5791  741 5790
 5789  972 5788 5787  421 5786 5785  974  926 4279 4280 4281 1016 4282
 4283 1017 4284 4285 4489 4488  740 4487 4486 4485 4484 4483 4482 4481
 4480  727 4479 2353 4278 5784 5729 5730 5731 5732 5733 5734 5735 5523
 5522 5521 1666 1665 4254 3535 3837 5669 3874 3873 3868 3061 3060 3059
 3058  855 3057  854 3056 3055 3054 3053  853 3052 3051 3048 3047 3046
 1856 2457 2343 2344 2345 2346 2347 2348 2349  723 2350  724 2351 5782
 2464 2463 2462 2461 2460 2459 2458  540 1857 1858 1859 5882 5136 5137
 5138 2465 3468 5727 5728 5783 2352 4478 5643 5644 3534 3836 5668 3877
 4231 4277 2356 3495 3596 1834  538 1833  537 1832  536 1831  535 1830
  534 1829  533 1828  532 1827  531 1826  530 1825  529 1824  528 1823
 1822  527 1821  526 1820  525 1819  524 1818  523 1817  522 1816  521
 1815  520 1814  519 1813  518 1812 4125 4126 4127 4128 4129 4130 4131
 4132 4133 4134 4135 4218 4222 4223 4224 5634 5635 5636 5637 5638 5639
 5640 5641 5642 4477 3817 3816 3815 3814 3813 5904 5903 3910 4303 4302
 3426 3422 3421 3420 3419 3418 2339 2340 2341 2342 2456 2455 2454 2453
 1852 1853 1854 1855 3045 3044 3043 3042 3041 3037 5587 2940 2818 2817
 2816 4509 4510 1849 1850 1851 2451 2452 2338 2337 3417 3416 3415 3414
 2336 2450 2449 1848 4508 2815 2512 2511 4507 1847 2448 2334 2335 3663
 3662 2598 2597 4124 5117 5116  214 4123 4122  310 4121 4120 4119 4118
  270 4117 4116 4115 4114 4113 4112 4111 5105 5106 5107 5108 5109 5110
 5111 5112 5113 5114 5115 2333 2332 2331 2330 2329 2328 2327 2326 2325
 2324  513 2323  722 2322 4845 4844 4843  683 2321 4842 4841 4840 4839
 2757 2758 2759 2760 2761 2762 2763 2519 2437 2438 2439 2440 2441 2442
 2443 2446 2447 1846 1845 1844 1843 3274 3273 2765 2764  755  783 2883
 3082 3083 3084 3085   75 3086 3087 4506 5236 4500 2879 1442 5233 5228
 2905 2904 2899 5820 2777 1148 1838 2778 2779 2780 2898 2895 1302 5118
 3068 3945 1488 3313 2620 2593 2718 2522 2507 1918 4145 2678 3658 3377
 3353 3017 3298 3276 3376 3375 3374 3410 3862 3863 3864 3280  837 3281
 5619 5620 2530 3285 5618 2840 4760 3686 5555 3507 5652 4036 3999 2738
 5571 2574 4136 4219 5600 4304 3907 3707 5899 3780 3637 3810 5802 5801
 5803 5804 5805  758 5806 5807 5808 5809 5707 4290 5547 3316 3469 2466
 4537 3383 3199 5132 5563 5564 5562 5561  965 5560 5594 5601 5593 5559
 3702  948 3703 3708 5900 3781 4682 4679  936 4683  970 5879 4684 4688
 5628 5627 5626  950 5625 5624 5623 5622 5621  944 3700  947 3701  804
  921 3699 3698 3697 3682 5556 5557 5558 5592 5591 5590 4761 2841 3694
 2531 3038 3021 3020 3019 3411 3378 3354 3018 3299 3277 3865 2819 2941
 5588 5589  787 3681  838 3680  889 3679  849 3678 2675 3674 5201 2565
  796 2566  797 2567 3295  798 2568  799 2569  788 2570 2571 3508 5653
 5654  994 5655 5572 4037 4000 2739  805 5573 5656 5657 5574  966 5575
 5576  971  937 5659 5658 5602 5603 5604 5605 5606 5607  759 5608  915
 5609  896 5610 5548 4291 5611 3318 3471 2468 4538 5662 5661 5660  879
 5577 5578 5579 5580 3963 3962 3961 3960 3959 3958 3957 3956 3955  922
 3954  800 3953  789 3952  839 3951  890 3950  894 3949  940 3948 3412
 3379 3355 3293 3278 3866 2820 2942 3022 3039 2532 3695 2842 4762 2572
 3509 3510 3511 3512 2575 4137 4220 4305 3908 5595 5901 3782 4680 3638
 3811 5629 5565 5880 5133 3200 3384 5663 5581 4539 2469 3472 3319 5612
 5549 4292  760 3964  916 3965  897 3966  857 3967  979 3968 4233 3870
 3063 3598 3497 5646 3918  856 3919  978 3920 4255 4256 1013 4257 1014
 4258 5677 5676 5675  424 5674 1012 5673  928 5672  976 5671 5670 4232
 3869 3062 3597 3496 5645 3917 3317 3470 2467 2471  763 2472  764 2473
  765 2474  766 2475  767 2476  768 2477  769 2478  770 2479  423 2480
  771 2481 5504  743 5505 5506 2482  772 2483  773 2484 2485  774 2486
 2487 2488 3971 3975 3980 3976 1172 3403 1654 1658 1659 5473 4165 2494
 2492  776 2491 2490  775 2489   97  415 5514 5513 5512 5511 5510 5509
 5508 5507  116  377 5683 5682 5681 5680 5679 5678 4259 4260 4261 4262
 4263 4264 4583 4644 1424 3896 5459 5403 3822 1345 2497 4166 5474 5515
 3389 1655 3404 1173 4265 5531 5684 3972 1575 3881 1191 5721 5055 3802
 4461 5794 5738 3288 4491 2415 4287 2917 4637 5046 5816 3828 1667 3536
 3838 3921 3969 4234 3871 3064 3599 3498 5647 1507 1506 1505 1504 1503
 1502 1501 1500 1499 1314  226 1315  227 1316  228 1317  229 1318  230
 1319  231 1320  232 1321  233 1322 1508 1341 4293 5550 5613 3320 3473
 2470 4540 5582 5664 3385 3201 5134 5881 5566 5630 3812 3639 4681 3783
 5902 5596 5838 5837 5836  995 5835 5834 4031 4032 4038  801 3456 3457
  806 4039 3458 3459 4040 4041 4042 4043 4044 4045  917 4046  234 4047
 1324  236 1325  237 1326  238 1327  239 1328  240 1329  241 1330  242
 1331  243 1332  244 1333  245 1334  117 1335  246 1336   98 1337  247
 1338  248 1339  249 4720 4018 4727 1512 4867 5396 3612 3623 5867 5927
 3328 3436 3483 5848 4852 2076 3594 2265 2365 5861 2380 1112 3853 2255
 5877 4576 1121 5702 5897 4596 4875 4020 3175 2720 3688 2237 2551 3579
 3369 3711 1102 3301 4065 3526 1340 1349 4645 1425 4584 2498 4167 5475
 5516 3390 1656 3405 1174 4266 5532 5685 3973 1576 3882 1192 5722 5056
 3803 4462 5795 5739 3289 4492 2416 4288 2918 4638 5047 5817 3829 1668
 3537 3839 3922 3970 4235 3872 3065 3600 3499 5648 1509 4048 1323 4294
 5551 5614 3321 3464 3463 3462 3461 3460 3191  874 3192  875 3193  876
 3194  877 3195  878 3196 3202 3387 3386  761 3388 4543  901 4544 4545
 4546 4547 1933 4548 4549 1934 1935 1936 4553 4552 4551 4550 1408  293
 1407  292 1406  291 1405  290 1404  289 1403  235 3645 3646 3647 3648
 3649 3650 5818  294 1409  295 1410  296 1411  297 1412  298 1413  299
 1414  300 1415  301 1416  118 1417  302 1418   99 1419  303 1420  304
 3897 5460 5404 3823 1348 1422  305 1421 1429 5334  898 5335   34 5336
   40 5337  716 5338   47 5339  946 5340  828 5341  992 5703 5898 4597
 4876 4021 3176 2721 3689 1122 4577 5878 2256 3854 1113 2381 5862 2366
 2266 3595 2238 2077 2552 3580 3370 3712 1103 4853 5849 3484 3437 3329
 5333 1428 4646 4585 2499 4168 5476 5517 3391 1657 3406 1175 4267 5533
 5686 3974 1577 3883 1193 5723 5057 3804 4466 4464 3130 3129 4465 4463
  744 3127 3128 4639 4554 5048 3799 3800 3797  425 3798 3796  939 3795
 3794 3793 3792 3791 3790 3789 3788  902  762 3643 3644 1402 4542 4541
 5583 5665 5135 1168   94 1167   93 1166   92 1165   91 1164 3631 3632
 3633 3634 3640 3641  938 3642 3787 3786 3785 3784 3777 3776 3775 5839
 3909 4306 5355 5354  935 5353 5352 4221 4138 2576 3513 2740 4001 5362
 5361 1063 5360 5349  802 5359 5358 4763 2843 3696 2533 3077 3040 3023
 2943 2821 3867 3279 3294 3356 3380 3413 3452 4027 3677 3661 5204 3184
 1921 2510 2525 2596 2623 2713 4140 2668 3308 5121 4505 2649 2672 2784
 2874 5232 2892 3552 5043 2903 2981 1842 1435 1572 1374 1755 2711 2710
 2709   69 2708  786 2707  826 2706  515 2705  685 2704  825 2703  731
 2702  474 2701  824 2700  720 2699  670 2698  475 2697  721 2696  557
 2695  823 2694  707 2693  647 2692  658 2691  822 2690  821 2689  820
 2688  106 2686 2687 5363 5364 5365 5370 5369  657 5368 5367 5366 5371
 5372 5373 5374 2506 5375  646 5376 3673 2082 5356 5357 1143 1144   70
 1145   71 1146 1169 1152   79 1153   80 1154   81 1155   82 1156   83
 1157   84 1158   85 1159   86 1160   87 1161   88 1162   89 1163   90
 3190 3189 3188 3187 3186  873 3185 3183 1920 2509 2524 2595 2622 2712
 2667 4139 2714 2715  579 4142 5203 3660 3676 4026 3453 3451 3454 3455
 4030 4029 5832 5833 3076 3075 3074 3073 3072 5830 5831 4028 4147 3310
 3309 4141 3307 5120 4504 2648 2671 2783 2873 5231 2891 3551 5042 2902
 2980 1841 1151 1434 1571 1373 1754 3272 4958 3933 3530 2436 3081 2887
 2518 3925 4848 5842 1798 3120 3147 3430 2151 4361 3135 4717 2399 1738
 3173 3259 1884 4861 2775 3655 3889 4631 2296 2125 2316 2258 1741 2280
 2106 3245 4563 2306 2300 2133 2272 1877 3232 3771 5238 2240 2219 2081
 3672 2098 3627 2744 3476 4012 4802 3226 2361 1183 2685 2932 3269 3519
 3029 2194 2209 1090 1536 1484 1896 3587 3255 2224 1750 3140 1255 3242
 1943 1614 3942 4678 1586 1401 3221 4205 4175 2427 4561 3997 2161 2157
 2141 4250 4217 1203 4499 3155 1923 2543 1134 3103 4472 3162 4573 3762
 2115 3731 3745 5126 1867 3216 1531 1721 5282 4963 5329 2090 3847 1901
 5314 5130 1864 3035 4983 5490 5922 1671 5477 5422 2555 1959 4972 5304
 5406 5381 5150 3091 4593 5212 5388 5420 4910 5343 5448 5144 4970 1522
 5299 4197 5267 5227 5279 5221 1357 1396 3768 3210 3350 3115 2105 2378
 5263 1066 1358  260 1359  261 1360  262 1361  263 1362  264 1363  265
 1605 1604 5758 1953  594 1954  595 1955  596 1956  389 1957  597 1958
 2556 5423 5478 1960 4973 5305 5407 5382 5151 1608 1607 1606 1364  266
 1365  267 1366  268 1367  269 1368 1370 3736  957 3737  572 3738  958
 3739  650 3740  456 3741  362 3742 3746  960 3747  955 3748  663 3749
 3750   58 3104 3105  863 3106 3107 3751 2544 1135 4473 3163 4574 3763
 2116 3732 5127 1535 1534 1533 1532 5331 5330 5324 5323 5332 1722 5283
 4964 2091 3848 1902 5315 5322 5321 5320  549 3735  956 3734 1369 5317
  428 5318 5319 5131 1865 3036 4984 5491 5923 3733 1672 5316 1965 4974
 5306 5408 5383 5152 1609 3092 4594 5213 5389 5421 5778 5777 5776 5775
 5774 5773 1952 1951 1950 1949 1948 5772 5771 5770 1947 1946 1945  593
 1944 5769 5768 5767  592 5766  751 5765  914 5764   56 5763  866 5762
  845 5761  126 5760 5759 5740 5756 5741  125 5742  844 5743  865 5744
   55 5745  913 5746  750 5747 5748    0 5749 5750 5751  259 5752 5753
 5754 5755 5757 1603 1602 1601 1600 1599  388 1598  387 1597 1596 1595
 5255 2425 5249 3450 1132 1528 3126 1677 2949 4883 1200 2911 5272 1526
   53 1527 1130   54 1131 1067 5259 1062 5260 5261 5262 3114  659 3113
    4 3112 3111 5254 5253 2424  749 2423  748 2422 5246  747 5247 5248
 2373 2374 2375 2376 2377 5275 5276  258 5277 1060 5278 4274  880 3767
 1395 1356 1355  257 1354 3766 1594  386 1593  385 1592  384 1591  383
 1590 1525 3125 1129 5245 2421 3449 1589 2372 5252 5258 3110 1070 2104
 3765 5220 3349 5274 3209 1353 1394 5908 5909 1008 5910  353 5911 1048
 5912 1046 5913 1059 5914  859 5915 1055 5916 1049 5917 5918 5919  427
 1964 1963  598 1962 1961 5424 5425 5426 1050 5427 5429 4982 5489 5921
 5920 4655 4654 4653 4652 4651 4971 5303 5405 5380 5149 3090 4592 5211
 5387 5419 4909 5342 4969 4968  352 4967 4966 5298 5297 1519 1518 3208
 3207 3206 3205 3448 3447 3124  357 3123  843 3122 2910 2909 1678 1676
  431 1675 2948 2947 2946  430 1679 1680  122 1681 1682  432 1683  433
 1684 1685 1686  434 1687  435 1688 1689  436 1690  437 1691  438 1692
 1693  439 1694 1695  256 1696 1697 1698  350 5443 5442 5441 1393 1392
 1391  282 1390 2103 1069 3204 3109 5257 5251 2371 1588 2420 5244 3446
 1128 1524 5271 5270 5269 4177 1197 4882 4884  121 4885 1007 4886 4887
  355 4888   51 4889  912 4890  746 4891  381 4892 1042 4893 1043 4894
  864 4895    2 4896  281 4897 4898 4899 4900 4901 4902 4903 4905 4906
 1044 4907 4908 5206 5446 5445 5444 1699  440 1700  441 1701  442 1702
  443 1703  444 1704  445 1705  446 1706  447 1707  448 1708  449 1709
 1719 1710 5480 5479 2554 5301 5147 5146 4590 5418 5417 5416 5415 5266
 5265 5219 5218  283 5217 5216 3348 3347 3346 3345 3344 3343 3342  382
 3341 3340 3339   52 3338  356 3337 3336 3335 1199  123 1198 4178  124
 4179 4180 4181 4182 4183 4184 4185 4186 4187 4188 4189    3 4190 4191
 4192 4193 4194 4195 4196  351 1520 1521 5143 5447 5344 1045 5345 1058
 5346  858 5347 5378 5379 5409 5410 5411 5412 1670 5308 5309 5310 5311
  548 4656 1035 4657  571 4658  977 4659 5312 5313 1900 3846 3849 2089
 5328 4962 5281 1720 3983 4660  455 3984 3985  361 3986  959 4661 4662
 4663 4664 4665 4666 4667 4668  674 3993 3994 3995  689 4669 4670 1031
 4671 1004 4672  754 2428 2426 4204 4605 4608 4607 1033 4606 4174  752
 4173 4172 4560 3996 2160 2156 2140 4249 4216 4215  127 3992 3991  988
 3990   57 3989  662 3988  954 3987 4209 4210 4211 4212 4213  580 4214
 5159 5160 5161 5162  675 5163  690 5164  989 5165 5166 1005 5167 5168
  885  288 5169 4692 4693 4694 5170  591 5171  177 5172  870 5173 4695
 4696 4697 1749 2223 3252 3253  709 3254 3256 1450 1751 3586 1895 1089
 2208 2193 3028 3518 3268 2931 2684 1182 2360 3225 4801 4011 3475 2743
 3626 2097 3671 2080 2505 2389 2388 2390 2391 2392 2288 2289 2290 2291
 2292 1464  327 1465  328 1466  329 1467  330 1468  331 1469  332 1470
  333 1471  334 1472  335 1473  336 1474  337 1475  338 1476  339 1477
 2642 2641 2640 2639 2638 2637 2636 2635 2634 2633 2632 2631 2630 2629
 2628  326 1463  325 1462  324 1461  323 1460  322 1459  321 1458  320
 1457  319 1456  318 1455  317 1454  104 1453   24 1452  316 1451 1485
 1537   25 1565 1538  105 1539  363 1540  364 1541  365 1542  366 1543
  367 1544  368 1545  369 1546  370 1547  371 1548  372 1549 1550 1551
 1552 1553 1554 1555 1556 1557 1558 1559 1560 1561 1562 1563 1564 1569
 1570 5823 5824  841 5825  840 5826  816 5827 1052 5828 5829 3071 3070
 4503 2647 2646 2645 2644 2643  272 1478   78 1479  340 1480  341 1481
  342 1482  216 2664 2665 2666 1489 1490 1483 1304 1305  217 1306  218
 1307  219 1308  220 1309  221 1310  222 1311  223 1312  224 1313  225
 1498 1497 1496 1495 1494 1493 1492 1491 3675 3659 5202 4146 1919 2508
 2523 2719 2594 2621 3314  346 3947 3946 3069 5119 1303 4502 2876 2875
 2563  794 2562   77 2561 2560 2559  684 5192  514 5193 1056 5194  785
 5195  757 5196  271 5197 5198 5199  795 2564 5200  215 2674 2669 2673
 2781 5229 2889 3549 5040 2900 5821 2978 1839 1149 1432 1436   76 1437
  307 1438  308 1439 2880 4501 1443 2894 2893 2888 3548 5039 2985 2983
 2982 1371 1752 1567 3270 4956 3931 2558 3528 2434 3079 2885 2516 3923
 4846 5840 3428 2149 4359 3133 2652 3145 3118 1796 3926  784 3927  756
 3928 3930 3532 3531 3527 2433 3078 2884 2515 5844 5843 2882 3117 3144
 3143 3261 3260 3892 3891 3890 3166 2130 2250 2314 2260 2259 2756 2755
 2754 2753 2752 2751 2750 2749 2748 2747 2746 4827 4828 4829 4830 4831
 4832 4833  708 4834 4835 4836 4837 4838 2317 2282 2281 4565 4564 2135
 2134 3773 3772 2190 2189 2188 2187 2186 2185  653 2184  696 2183 4826
 4825 4824 4823 4822 4821 4820 4819 4818 4817 4816 4815 4814 4813 4812
 4811 4810 4809 4808 4807 4806 4805 2158 2154 4247 4246 4245  669 4244
 4243 4242 4241 4240 4239 5123 5124 2117  664 2118 2119 2120 1924 1925
 1926  581 1927  582 1928  583 1929 1932 4200 2431 1073 1074   10 1075
   11 1076   12 1077   13 1078   14 1079   15 1080   16 1081   17 1082
   18 1083   19 1084   20 1085   21 1086 3025 3026 3516 3266 2680 2681
 1179 1184 1185 3222 3227 3228 3229 2745 2216 2741 2093  654 2094 3668
 2083 2084 2220 2221 3769 3233 3234 2131 2626 2298 4562 3244 2278 2274
 2275 2279 1740 2257 2315 2126  671 2127 3167 3168 3169 3170 1889 1886
  471 1885 2311 2310 2309 2308 2307 2305 2299 2627 2132 2271 1876  672
 2273 3231 2768 5240  963 5239 5242 2217 2286 2386 2502 2078 3669 2503
 2206 5237 3770 2204  703 2203  702 2202  644 2201  655 2200  701 2199
 2198  700 2197  102 2196  699 2195 3584 3583 1748 1747 1446 3139 3251
 2229 1892  566 1893 2226 2225 1447  314 1448 1449 3585 1894 1088 2207
 2192 3027 3517 3267 2930 2683 1181 2359 3224 4800 4010 3474 2742 3625
 2096 3670 2079 2504 2387 2287 2218 2239 2241  711 2242  712 2243  556
 2244  713 2245 2246 2247 2251 3886 3652 2113 4859 1882 1736 3171 3257
 2110  660 2109 2108 2107 4626 4627 4628 4629 3887 3653 5190 5191  472
 4715 4714 4713 4712 5189 5188 5187 4711 2771 2772 2773 2395  730 2396
  473 2397 2398 2653 4716 3134 4360 2150 3429 3146 3119 1797 5841 4847
 3924 2517 2886 3080 2435 3529 3932 4957 3271 1568 1753 1372 1433 1150
 1840 2979 5822 2901 5041 3550 2890 5230 2872 2782 2670 2663 2662 2661
 2660 2659 2658 2657 2656 2655 2654 1737 3172 3258 1883 4860 2774 3654
 3888 4630 2295 2294 2293 2394 2393 2770 2769 4710 4709 4708 4707 4706
 4705 4704 4703 4702 4701 4700 4699 4698 5174  315 5175   23 5176  103
 5177  886 5178  832 5179  932 5180  656 5181  645 5182  781 5183  706
 5184 5185 5186  964 4625 4624 1034 4623 4622 4621 4620 4619 4618 4617
 4616 4615 4614 4613 4612 4611 4610 4609 4677 4676  287 4675  884 4674
 1036 4673 2432 4203 4604 4691 3220 1400 1585 3941 1613 1942 3241 1254
 3239 3238  590 3240 3138 2923 2924 2925 2926   22 2927 2928 2929 2682
 1180 2358 3223 4007 4008 4009 3477 3478 3624 3628 3630 2095 3480 2214
 2213 2212  101 2211 2210 1087 1260 1259 1258 1257 1256 1253 1941 1940
 1939 3940 1399 3219 4202  753 4201 4171 4557 4558 4559 2159 2155 2139
 4248 1140   62 1139   61 1138   60 1137   59 1136 1202 4498 3154 1922
 5158 2542 1133 3102 4471 3161 4572 3761 2114 3730 4208 5125 3744 1866
 3215 1530 1718  454 1717  453 1899 1716  452 1715  451 1714  450 1713
 1712 3097 3096  862 3095  861 3094  860 3093 5210 5142 5207 5208 1057
 5209 4591 5148 5302 4975 4976  426 4977 4978 4980 4981 5481 5482  547
 5483 1054 5484  570 5485 3852 3982 4238 4237 5280 4961 5327 2088 5284
 1250 3754  173 3755  961 3756  962 3757 5285 5286  360 5287 5288 5289
 5290 5291 3760 3759 3758 1868 1869  550 1870  551 1871 1874 4570 4571
 3160 4470 3101 2540 2541 5295 5157 2124 3152 3151 4069  997 4070 4071
  133 4072 4073  680 4074 4075 4076 4077 4078 4079 4080 4081 4082 4083
 4084 4085 4086 4087 4088 4089 4090 5084 5083 5082 5081 5080 5079 5078
 5077 5076 5075 5074 5073 5072 5071    9 5070 5069 5068 5067 5066 5065
 5064 3153 4497   68 1204 1201 2138 1205 1208 2142  676 2143 2162 2163
  691 2164 2165 2166 2167 2168 2169 2170 2171 2172 2173 2174 2175 2176
 2177  692 2178  693 2179  694 2180 2181 2182  695 5085 5086 5087  111
 5088 5089 5090 5091 5092 5093 5094 5095 5096 5097 5098 5099 5100 5101
 5102 2318 2319 2320  470 5103 5104 4110 4109 4108 4107 4106 4105 4104
 4103 4102 4101 4100 4099 4098 4097 4096 4095 4094 4093 4092 4091 4338
 4339 4340 4341 4342 4343 4344 4345 4346 4347 4348 4349 4350 4351 4352
 4353 4354 4355 4356 4357 4358 3427 1795 1799 1800  516 1801  517 1802
 1803 1804 1805   74 1806 1807 1808 1809 1810 1811 2832  345 2831 2830
 2829 2828 2827 2826 2825 2824 2823 1907  578 1906 3434 3432 3431 2148
 3132 2651 3142 2147 1904  576 1905  577 2608 2609 2610 5032 5031 5030
 5029 5028  682  575 2607 2606 5027 5026 5025 5024  562 2605 2604  815
 2603 2602 3656 2249 2129 3165 3651 2112 4862 4863 4865 3263 1888 1735
  469 1734  468 1733  467 1732  466 1731  465 1730  464 1729  463 1728
  462 1727  461 1726  460 1725  459 1724 3629 1723 3667 2501 2085 2385
 2285 2205 2191 2222 5241 2767 3774 1875 3235 2301  673  719 2302 2297
 2625 2137 2277 3243 4567 2284 2313 2262 1739 2303 1742  476 1743  479
 5023 5022 5021 5020 5019  555 5018  698 5017  649 5016  780 5015  942
 5014  458 5013  934 5012  652 5011  705 5010 5009  818 5008  887 5007
 3264 4385  850  178 4384 4383 4382  480  311  867 4381 4380  174  587
 4379 4378 4377 4376 4375 4374 1023 4373 4372 4371 4370  677 4369  686
 4368  130 4367   65 4494 4986 5293 5155 2122 3149 4067 4495 5062 4987
   66 4988  131 4989  687 4990  678 4991  585 4992 1002 4993    7 4994
 1037 4995  882 4996  285 1583 4997  986 4998  391 4999  588 5000  175
 5001  868 5002  312 5003  481 5004  564 5005  179 5006  851 3514  888
 4794  819 4795  728 4796 2362  110 2363 4797  991 4798 3230 2215 3479
 2092 4799 4006 1186 2357 2679 3265 3515 4337 4336 4335 4334 4333 4332
 4331 4330 4329 4328 4327 4326 4325 4324 4323 4322 4321 4320 4319 4318
 4317 4316  668 4315 1020 4314 1019 4313  793 4312  554 4311 4310 4309
 4308 4207 3729 1873 4569 3159 4469 3100 2539 5294 5156 2123 3150 4068
 4496 5063 1142 1207 2153 2145 4804 4556 1931 4170 4199 2430 1072 4603
 4690 3218 1398 1584 3939 1612 1938 3237 1252 3137 1445 2922 3250 1746
 2228 3582 1891 1263 3024 4793  852 4792  180 4791  565 4790  482 4789
  313 4788  869 4787  176 4786  589 4785  392 4784  379 4783  286 4782
  883 4781 1038 4780    8 4779 1003 4778  586 4777  679 4776  688 4775
  132 4774   67 4773 1027 4772  667 4771 1041 4770 1040 4769  792 4768
  553 4767  953 4766 1009 4765 5487 1898 5129 1863 3034 5428 5488 4979
 1967 1669 1711 3098 5413 2553 5307 4650 5300 5377 5348 5145 4589 5386
 5205 4904 5141 5414 5226 5907 4965 5296 4273 5264 1517 5440 1352 5215
 1068 3203 2102 5273 3764 1389 3108 5256 5250 2370 1587 2419 5243 3445
 1127 1523 3121 2908 3334 5268 4176 1196 1674 2945  429 2944 1673 1195
 1006  120  842  354   50  911  745  380 1061 2099 2100    1 2101 5214
 1351 5439 1516 5222 5224 5223 4268 4269  255 4270  349 4271 1015 4272
 1047 5225 5384 5385 1966 1968  599 1969  600 1970  544 1971  601 1972
  567 1973  170 1974  358 1975   26 1976 1977 1978 1979 1980 1981 1982
 1983 1984 1985 1986 1987 1988 1989 1990 1991 1992 1993 1994 1995 1996
  148 1997 1998 1999 2000 2001 2002 2003 2004 2005  602 2006  559 2007
  603 2008  477 2009  604 2010  605 2011  560 2012  606 2013  573 2014
  607 2015  608 2016 2017 2018 5432 5431 5430 1244  167 1245  168 1246
  169 1247 3542 3543 3544 3545 3553 3554 3555 3556  343 3557 3558  782
 3559  836 5351 5350 5438  213 5437  309 5436 5435  414 5434   72 5433
 2019 2020 2021  609 2022 2023 2024  610 2025  611 2026  612 2027  279
 2028  613 2029  614 2030  615 2031  616 2032  617 2033  618 2034  619
 2035  620 2036  621 2037  622 2038  623 2039  624 2040  625 2041 5796
 3704 3911 5631 4225 5534 4299 3423 5597 4004 5567 4033 5649 3504 5552
 3683 2536 5615 3282 5584 2727 3360 3564 3563  895 3562  280 3561  929
 3560 4513  899 4514  831 4515  891 4516  790 4517  943 4518  920 4519
  993 4520 1028 4521  990 4522  906 4523 1018 4524 1010 4525  984 4526
  949 4527  542 4528 1029 4529 1030 4530 4531 5883 4685 5798 5797  541
 2042 2044 2043  626 2045  627 2046  628 2047  629 2048  630 2049  511
 2050  631 2051  632 2052  418 2053  633 2054  634 2055  635 2056  636
 2057  637 2058  638 2059  639 2060  119 2061  640 2063 2062 1194 2920
 4641 4640 4632 3607 5050 4148 3832 5518 3843 3540 1662 4251 5666 3875
 4228 4275 2354 3502 1835 3914 5704 1793 4296 2590 3324 5724 4581 4580
 5779 4474 3465 2400 2401  732 2402  733 2403  734 2404  512 2405  725
 2406  735 2407  419 2408  736 2409  737 2912 5499 2919 2418 2410 2417
 4049 3291 2411 2913 5500 4633 3608 5051 4149 3833 5519 3844 3541 1663
 4252 5667 3876 4229 4276 2355 3503 1836 3915 5705 1794 4297 2591 3325
 5725 5780 4475 3466 5139 3818 3381 3197 4532 5884 4686 5799 1860 3635
 3049 5905 3778 3705 3912 5632 4226 5535 4300 3424 5598 4005 5568 4034
 5650 3505 5553 3684 2537 5616 3283 5585 2728 3361 4511 3296 1388 3015
 3859 3371 3664 2933 2813 2676 2513 4143 2528 2599 2716 3311 1486 3943
 3066 1300 2896 2877 1440 5234 3088 2444 2906 3546 2984 1653 5819 2776
 1147 3275 1566 3937 3929 3533 2557 2766 2822 2520 5845 2881 3433 3116
 4732 1903 2146 3131 2650 3141 1887 3262 4864 3893 2601 2111 3657  166
 1243  165 1242  164 1241  163 1240  162 1239  161 1238  160 1237  159
 1236  158 1235  157 1234  156 1233 2871 2870 2869 2868 2867 2866 2865
 2864 2863 2862 2861 2860 2859 2858 2857 2856 2855 2854 2853 2852 2851
 2850 2849 2848 1210  135 1211    5 1212  136 1213  137 1214  138 1215
  139 1216  140 1217  141 1218  142 1219  143 1220  144 1221  145 1222
  146 1223  147 1224 1225 1226  149 1227  150 1228  151 1229  152 1230
  153 1231  154 1232  155 2812 2811 2810 2809  107 2808 2807 2806 2805
 2804 2803 2802 2801 2800 2799 2798 2797 2796 2795 2794  134 1209 2847
  128   63 2846 2845 2844 5153 1094   29 1093   28 1092   27 1091  952
 3726 3725  359 3213 3212 3211 4959 5325 2086 3850 1248 3752 5486 1897
 5128  171 3724  568 3723  951 3722  545 3721 3719 3720 3030 3031 3032
 3033 1862 5492  546 5493 1053 5494  569 5495  172 5496 5497 5498 3157
 3156 4467  552 2786 2785 3727 2787  791 2788  834 2789  835 2790  665
 2791   64 2792  129 2793 2950 2951 2952 2986 2987 2988 2989 2953 2954
 2955 2956 2957 2958 2959 2960 2961 2962 2963 2964 2965 2966 2967 2968
 2969 2970 2971 2972 2973 2974 2975 2976 2977 2624 1881 2136 2276 4566
 2304 3248 2283 3014 1744 2261 2312 2248 2128 3164 3013 3012 3011 3010
 3009 3008 3007 3006 3005 3004 3003 3002 3001 3000 2999 2998 2997 2996
 2995 2994 2993 2992 2991 2990 1610 1615 1616 1617 1618 1619 1620 1621
 1622 1623 1624 1625 1626 1627 1628  393 1629  394 1630  395 1631  396
 1632  397 1633  398 1634  399 1635  400 1636  401 1637  402 1638  403
 1639  404 1640  405 1641  406 1642  407 1643  408 1644  409]

eliteFit: 575083.0
percentError: 3.423823611398358
computationTime: 3212.906s