instanceName: rat99
n: 99
optFit: 1211

genTime, gen, eliteFit, percentError:
0.00012960001186002046, 0, 7273.0, 500.578
0.004555799998342991, 1, 1260.0, 4.046
0.0024372999905608594, 2, 1253.0, 3.468
0.003153600002406165, 3, 1238.0, 2.230
0.003506400011247024, 4, 1224.0, 1.073
0.0025132000009762123, 5, 1215.0, 0.330
0.0024837000091793016, 6, 1215.0, 0.330
0.002727800005231984, 7, 1214.0, 0.248
0.002087399989250116, 8, 1214.0, 0.248
0.002014099998632446, 9, 1211.0, 0.000

tour:
[67 58 57 56 55 64 63 54 45 46 37 47 38 39 40 41 42 33 32 31 30 29 28 36
 27 18 19 20 21 12 11 10  9  0  1  2  3 13  4  5  6  7  8 17 16 15 14 22
 23 24 25 26 34 35 43 44 53 52 51 50 49 48 59 60 61 62 71 80 79 70 69 68
 77 76 75 83 84 85 86 87 78 88 89 98 97 96 95 94 93 92 91 90 82 81 72 73
 74 65 66]

eliteFit: 1211.0
percentError: 0.0
computationTime: 0.032s