instanceName: rat99
n: 99
optFit: 1211

genTime, gen, eliteFit, percentError:
0.00012730000889860094, 0, 7154.0, 490.751
0.004748699997435324, 1, 1271.0, 4.955
0.002409199994872324, 2, 1239.0, 2.312
0.0027092000091215596, 3, 1239.0, 2.312
0.0026375000015832484, 4, 1233.0, 1.817
0.0026083999982802197, 5, 1224.0, 1.073
0.0028578999917954206, 6, 1224.0, 1.073
0.002190100000007078, 7, 1214.0, 0.248
0.002901600004406646, 8, 1214.0, 0.248
0.0023244000039994717, 9, 1213.0, 0.165
0.0021261999936541542, 10, 1212.0, 0.083
0.0015380999975604936, 11, 1212.0, 0.083
0.0018460999999660999, 12, 1212.0, 0.083
0.0023113999923225492, 13, 1212.0, 0.083
0.0020109999895794317, 14, 1211.0, 0.000

tour:
[86 87 78 88 89 98 97 96 95 94 93 92 91 90 82 81 72 73 74 65 66 67 58 57
 56 55 64 63 54 45 46 37 47 38 39 40 41 42 33 32 31 30 29 28 36 27 18 19
 20 21 12 11 10  9  0  1  2  3 13  4  5  6  7  8 17 16 15 14 22 23 24 25
 26 34 35 43 44 53 52 51 50 49 48 59 60 61 62 71 80 79 70 69 68 77 76 75
 83 84 85]

eliteFit: 1211.0
percentError: 0.0
computationTime: 0.044s