instanceName: rat99
n: 99
optFit: 1211

genTime, gen, eliteFit, percentError:
0.00010889999975915998, 0, 7511.0, 520.231
0.0043476999999256805, 1, 1256.0, 3.716
0.00251800000842195, 2, 1241.0, 2.477
0.0023603000008733943, 3, 1240.0, 2.395
0.0035033000021940097, 4, 1228.0, 1.404
0.0021766999998362735, 5, 1223.0, 0.991
0.002437699993606657, 6, 1223.0, 0.991
0.0024095999979181215, 7, 1213.0, 0.165
0.002452599990647286, 8, 1211.0, 0.000

tour:
[47 38 39 40 41 42 33 32 31 30 29 28 36 27 18 19 20 21 12 11 10  9  0  1
  2  3 13  4  5  6  7  8 17 16 15 14 22 23 24 25 26 34 35 43 44 53 52 51
 50 49 48 59 60 61 62 71 80 79 70 69 68 77 76 75 83 84 85 86 87 78 88 89
 98 97 96 95 94 93 92 91 90 82 81 72 73 74 65 66 67 58 57 56 55 64 63 54
 45 46 37]

eliteFit: 1211.0
percentError: 0.0
computationTime: 0.028s