instanceName: rat575
n: 575
optFit: 6773

genTime, gen, eliteFit, percentError:
0.000705700003891252, 0, 107484.0, 1486.948
0.16926179999427404, 1, 7359.0, 8.652
0.10097519999544602, 2, 7352.0, 8.549
0.09620429998904001, 3, 7293.0, 7.678
0.12206290000176523, 4, 7246.0, 6.984
0.09880310000153258, 5, 7245.0, 6.969
0.0985346999950707, 6, 7211.0, 6.467
0.10080069999094121, 7, 7137.0, 5.374
0.10221789999923203, 8, 7087.0, 4.636
0.09563170000910759, 9, 7087.0, 4.636
0.09450540000398178, 10, 7064.0, 4.296
0.09457980000297539, 11, 7064.0, 4.296
0.07994229999894742, 12, 7058.0, 4.208
0.06488089999766089, 13, 7052.0, 4.119
0.08128490000672173, 14, 7040.0, 3.942
0.07107469999755267, 15, 7025.0, 3.721
0.0620517000061227, 16, 7021.0, 3.662
0.07403530000010505, 17, 7003.0, 3.396
0.06804690000717528, 18, 6989.0, 3.189
0.07926169999700505, 19, 6976.0, 2.997
0.056240800011437386, 20, 6975.0, 2.982
0.05822439999610651, 21, 6972.0, 2.938
0.045618000003742054, 22, 6963.0, 2.805
0.03259309999702964, 23, 6955.0, 2.687
0.04024079999362584, 24, 6945.0, 2.539
0.03315779998956714, 25, 6940.0, 2.466
0.03140290000010282, 26, 6935.0, 2.392
0.030624300008639693, 27, 6930.0, 2.318
0.034279199986485764, 28, 6930.0, 2.318
0.03848139999900013, 29, 6930.0, 2.318
0.030247000002418645, 30, 6930.0, 2.318
0.029915500010247342, 31, 6930.0, 2.318
0.02713919999951031, 32, 6930.0, 2.318
0.027834900000016205, 33, 6930.0, 2.318
0.03153240001120139, 34, 6930.0, 2.318
0.02801579999504611, 35, 6925.0, 2.244
0.042661899991799146, 36, 6925.0, 2.244
0.03631320000567939, 37, 6917.0, 2.126
0.05570280000392813, 38, 6917.0, 2.126
0.05254939998849295, 39, 6913.0, 2.067
0.041589200001908466, 40, 6911.0, 2.038
0.045813999997335486, 41, 6911.0, 2.038
0.04249490000074729, 42, 6911.0, 2.038
0.02807659999234602, 43, 6911.0, 2.038
0.030534600009559654, 44, 6911.0, 2.038
0.0294834000087576, 45, 6911.0, 2.038
0.027917899991734885, 46, 6911.0, 2.038
0.028179100001580082, 47, 6911.0, 2.038
0.027207699997234158, 48, 6911.0, 2.038
0.03106629999820143, 49, 6911.0, 2.038
0.030922999998438172, 50, 6911.0, 2.038
0.028714900006889366, 51, 6911.0, 2.038
0.03173850000894163, 52, 6897.0, 1.831
0.029618100001243874, 53, 6897.0, 1.831
0.028689300001133233, 54, 6892.0, 1.757
0.03585810000367928, 55, 6892.0, 1.757
0.02784090000204742, 56, 6892.0, 1.757
0.02743880001071375, 57, 6892.0, 1.757
0.02765469999576453, 58, 6892.0, 1.757
0.02779279999958817, 59, 6892.0, 1.757
0.02606309999828227, 60, 6892.0, 1.757
0.03350829999544658, 61, 6892.0, 1.757
0.03210340000805445, 62, 6892.0, 1.757
0.025860800000373274, 63, 6892.0, 1.757
0.029515800008084625, 64, 6892.0, 1.757
0.025454499991610646, 65, 6892.0, 1.757
0.02596149999590125, 66, 6892.0, 1.757
0.025584699993487448, 67, 6892.0, 1.757
0.028916600000229664, 68, 6892.0, 1.757
0.030978999988292344, 69, 6892.0, 1.757
0.03395640000235289, 70, 6892.0, 1.757
0.025677099998574704, 71, 6892.0, 1.757
0.027235300003667362, 72, 6892.0, 1.757
0.03409000000101514, 73, 6892.0, 1.757
0.02914980000059586, 74, 6892.0, 1.757
0.025568099998054095, 75, 6892.0, 1.757
0.02794770000036806, 76, 6892.0, 1.757
0.03034480000496842, 77, 6892.0, 1.757
0.029888900011428632, 78, 6892.0, 1.757
0.036356199998408556, 79, 6892.0, 1.757
0.02632900000025984, 80, 6892.0, 1.757
0.02809180000622291, 81, 6892.0, 1.757
0.028783600006136112, 82, 6892.0, 1.757
0.025209500003256835, 83, 6892.0, 1.757
0.02713200000289362, 84, 6892.0, 1.757
0.032918199998675846, 85, 6892.0, 1.757
0.030627000000094995, 86, 6892.0, 1.757
0.03398849999939557, 87, 6892.0, 1.757
0.03322199999820441, 88, 6892.0, 1.757
0.02739619999192655, 89, 6892.0, 1.757
0.026197899991529994, 90, 6892.0, 1.757
0.03179700000328012, 91, 6892.0, 1.757
0.026059499999973923, 92, 6892.0, 1.757
0.03293349999876227, 93, 6892.0, 1.757
0.028843899999628775, 94, 6892.0, 1.757
0.028732300008414313, 95, 6892.0, 1.757
0.035224499995820224, 96, 6892.0, 1.757
0.030457100001513027, 97, 6892.0, 1.757
0.026806199995917268, 98, 6892.0, 1.757
0.027713600007700734, 99, 6892.0, 1.757
0.030658699994091876, 100, 6892.0, 1.757
0.033651699995971285, 101, 6892.0, 1.757
0.02957859999150969, 102, 6892.0, 1.757
0.030662700009997934, 103, 6892.0, 1.757
0.02778809999290388, 104, 6892.0, 1.757

tour:
[350 351 352 328 327 304 303 302 301 278 277 276 254 253 230 207 208 185
 184 161 162 139 138 140 117  94 116 115  93  92  70  69  46  47  48  49
  71  72  50  73  74  97  96  95 118 119 120 143 142 141 163 164 165 166
 144 167 168 169 170 193 194 216 215 192 191 190 189 188 187 186 211 210
 209 232 231 255 233 234 212 235 236 213 214 237 238 239 240 217 218 219
 242 243 244 222 245 246 247 248 226 225 224 223 221 199 198 197 220 196
 195 173 174 175 176 200 201 202 178 179 156 177 155 154 132 131 130 107
 106 128 129 153 152 151 150 127 126 149 172 171 148 147 146 145 121 123
 124 125 102 101 100 122  98  99  77  76  75  53  54  55  79  78  80 103
 104 105  84  83  82  81  59  60  37  36  35  58  57  56  32  31  30  52
  51  28  27  26  25  24  23   0   1   2   3   4   5   6  29   7   8   9
  10  33  34  12  11  13  14  16  17  19  20  21  22  45  44  43  42  18
  41  40  39  15  38  61  62  63  85  86  64  65  66  67  68  91  90 112
  89  88  87 109 108 133 110 111 113 114 137 160 159 136 135 134 157 158
 181 180 203 204 182 183 206 205 228 227 229 252 251 275 298 274 273 250
 249 271 270 269 291 268 267 266 241 264 265 289 288 287 286 285 262 263
 261 260 259 257 258 281 256 279 280 282 305 283 284 306 329 307 330 331
 308 309 310 311 333 334 357 356 355 332 354 353 377 378 379 380 358 382
 359 336 335 312 313 290 292 314 315 316 317 293 294 295 272 296 297 321
 320 319 318 342 343 344 367 366 389 390 412 388 411 410 387 409 386 408
 385 362 363 364 365 341 340 339 338 337 361 360 384 383 381 404 403 402
 401 424 425 448 426 427 428 405 406 407 429 430 431 432 433 434 435 413
 436 459 458 457 481 482 505 528 551 574 550 573 572 571 570 569 568 546
 547 545 567 544 566 565 564 563 562 539 516 515 492 491 513 514 537 538
 561 560 559 558 557 555 554 553 552 529 530 531 532 533 556 534 535 536
 512 511 488 487 510 486 509 508 507 506 484 483 460 461 462 485 463 464
 439 438 437 414 415 416 440 441 442 466 443 444 445 467 465 489 490 468
 469 493 494 495 518 517 540 541 542 543 519 520 521 522 523 500 501 502
 525 524 548 549 526 527 503 504 480 479 478 456 455 454 453 476 477 499
 498 497 496 473 474 475 452 451 450 449 472 471 470 447 446 423 422 421
 420 419 418 417 395 396 397 398 399 400 376 375 374 373 372 371 394 393
 392 391 368 369 370 347 346 345 322 323 299 300 324 348 325 326 349]

eliteFit: 6892.0
percentError: 1.7569762291451352
computationTime: 4.541s