instanceName: fl417
n: 417
optFit: 11861

genTime, gen, eliteFit, percentError:
0.0005184000037843361, 0, 461518.0, 3791.055
0.0857250999979442, 1, 12139.0, 2.344
0.05235660000471398, 2, 12131.0, 2.276
0.05973890000313986, 3, 12068.0, 1.745
0.061932399999932386, 4, 12033.0, 1.450
0.055405199993401766, 5, 12033.0, 1.450
0.050850900006480515, 6, 12033.0, 1.450
0.05974120000610128, 7, 12022.0, 1.357
0.05322119999618735, 8, 12017.0, 1.315
0.05155029999150429, 9, 12001.0, 1.180
0.055756100002327, 10, 11991.0, 1.096
0.044848999998066574, 11, 11982.0, 1.020
0.04140980000374839, 12, 11970.0, 0.919
0.04261889999906998, 13, 11958.0, 0.818
0.023883000001660548, 14, 11944.0, 0.700
0.03229980000469368, 15, 11929.0, 0.573
0.03082699999504257, 16, 11929.0, 0.573
0.036169500002870336, 17, 11929.0, 0.573
0.03275299999222625, 18, 11921.0, 0.506
0.01836600000387989, 19, 11921.0, 0.506
0.018151600001147017, 20, 11913.0, 0.438
0.014590100006898865, 21, 11913.0, 0.438
0.01617600000463426, 22, 11913.0, 0.438
0.015544399997452274, 23, 11913.0, 0.438
0.01601840001239907, 24, 11905.0, 0.371
0.016949199998634867, 25, 11905.0, 0.371
0.018973499987623654, 26, 11905.0, 0.371
0.016258099989499897, 27, 11900.0, 0.329
0.019183199998224154, 28, 11894.0, 0.278
0.024382699994021095, 29, 11889.0, 0.236
0.014121299987891689, 30, 11888.0, 0.228
0.016301700001349673, 31, 11888.0, 0.228
0.015512099998886697, 32, 11888.0, 0.228
0.017141599993919954, 33, 11888.0, 0.228
0.016833100002259016, 34, 11888.0, 0.228
0.0174340000085067, 35, 11888.0, 0.228
0.01629980000143405, 36, 11888.0, 0.228
0.019333099990035407, 37, 11888.0, 0.228
0.021460600008140318, 38, 11888.0, 0.228
0.019889200004399754, 39, 11888.0, 0.228
0.0354557999962708, 40, 11888.0, 0.228
0.0179875999892829, 41, 11888.0, 0.228
0.017745999997714534, 42, 11888.0, 0.228
0.015075200004503131, 43, 11888.0, 0.228
0.014346600000862963, 44, 11888.0, 0.228
0.017455699999118224, 45, 11888.0, 0.228
0.016640000001643784, 46, 11888.0, 0.228
0.017349999994621612, 47, 11888.0, 0.228
0.017155399997136556, 48, 11888.0, 0.228
0.01752370000758674, 49, 11888.0, 0.228
0.01459600000816863, 50, 11888.0, 0.228
0.016218699995079078, 51, 11888.0, 0.228
0.016845399994053878, 52, 11888.0, 0.228
0.021213599990005605, 53, 11888.0, 0.228
0.013801599998259917, 54, 11888.0, 0.228
0.019462000011117198, 55, 11888.0, 0.228
0.014347600008477457, 56, 11888.0, 0.228
0.020643000010750256, 57, 11888.0, 0.228
0.018406800008961, 58, 11888.0, 0.228
0.013841399995726533, 59, 11888.0, 0.228
0.01452650000283029, 60, 11888.0, 0.228
0.0158689000090817, 61, 11888.0, 0.228
0.0155088000028627, 62, 11888.0, 0.228
0.017980399992666207, 63, 11888.0, 0.228
0.017099899996537715, 64, 11888.0, 0.228
0.01787730000796728, 65, 11888.0, 0.228
0.01652220000687521, 66, 11888.0, 0.228
0.01330489999963902, 67, 11888.0, 0.228
0.018321299998206086, 68, 11888.0, 0.228
0.020949099998688325, 69, 11888.0, 0.228
0.014536999995470978, 70, 11888.0, 0.228
0.014041100002941675, 71, 11888.0, 0.228
0.01874879999377299, 72, 11888.0, 0.228
0.02011080000374932, 73, 11888.0, 0.228
0.016428600007202476, 74, 11888.0, 0.228
0.016175600001588464, 75, 11888.0, 0.228
0.020855299997492693, 76, 11888.0, 0.228
0.021359400008805096, 77, 11888.0, 0.228
0.02232799999183044, 78, 11888.0, 0.228
0.016254299989668652, 79, 11888.0, 0.228
0.01728299999376759, 80, 11888.0, 0.228

tour:
[ 20  30  27  19  12  26  16  11   1   3   2   8  10  14  13  29  28  22
 152 128 151 127 149 125 123 147 126 150 148 124 146 144 122 145 121 143
 119 141 120 142 118 140 139 117 115 137 116 138 114 136 112 135 113 111
 133 109 131 110 134 132 108 130 106 129 107 105 307 306 332 305 304 331
 303 322 330 347 346 345 321 302 320 301 300 299 319 298 297 339 327 340
 341 328 329 342 343 344  32  34  36  39  59  71 102 361 360 359 379 358
 357 399 387 400 401 388 389 402 403 404 380 362 381 405 406 407 390 382
 363 391 364 365 392 366 367 201 202 225 203 205 227 204 226 228 206 230
 232 208 229 207 231 209 233 210 234 212 236 238 214 235 211 213 237 215
 217 239 216 240 242 218 241 220 244 246 222 243 219 221 245 223 247 224
 248 408 393 409 410 394 395 411 412 413 414 415 416 396 397 398 250 274
 252 276 254 278 256 280 279 258 282 260 284 262 286 264 288 266 290 268
 292 270 294 272 296 295 271 293 269 291 267 289 265 287 263 285 261 283
 259 281 257 255 277 253 275 251 273 249 378 377 376 375 374 386 385 373
 384 372 371 370 383 369 368 103 101 104  93  89  88  92  61  64  68  72
  76  86  81  82  77  90  94  83  87  95  96  69  65  62  66  63  73  84
  78  85  79  74  70  80  91  99  97 100  98  75  67  60  58  57  55  52
  38  41  44  46  43  45  48  50  51  56  54  53  49  47  42  40  37  35
  33 154 178 156 180 158 182 160 184 162 186 164 188 166 189 190 168 192
 170 194 172 196 174 198 200 176 199 175 197 173 195 171 193 169 191 167
 165 187 163 185 161 183 159 181 157 179 155 177 153 318 317 338 316 315
 337 314 326 336 356 355 354 325 313 324 353 352 351 312 335 311 310 334
 350 349 333 323 309 308 348   0   7  21  24  31  23  25  18   9  17  15
   6   4   5]

eliteFit: 11888.0
percentError: 0.22763679285051852
computationTime: 2.012s