instanceName: fl417
n: 417
optFit: 11861

genTime, gen, eliteFit, percentError:
0.00036859999818261713, 0, 457470.0, 3756.926
0.08363339999050368, 1, 12208.0, 2.926
0.06079350000072736, 2, 12088.0, 1.914
0.07869579999533016, 3, 12039.0, 1.501
0.05942160000267904, 4, 12039.0, 1.501
0.05272469999908935, 5, 12018.0, 1.324
0.04601959999126848, 6, 12009.0, 1.248
0.04223690000071656, 7, 11989.0, 1.079
0.04370290000224486, 8, 11989.0, 1.079
0.042477800001506694, 9, 11985.0, 1.045
0.04572039999766275, 10, 11983.0, 1.029
0.03128790001210291, 11, 11972.0, 0.936
0.028316500000073574, 12, 11960.0, 0.835
0.018076500011375174, 13, 11955.0, 0.793
0.01761310000438243, 14, 11947.0, 0.725
0.016657899992424063, 15, 11939.0, 0.658
0.018529399996623397, 16, 11931.0, 0.590
0.018490200003725477, 17, 11931.0, 0.590
0.015918400007649325, 18, 11931.0, 0.590
0.016751200004364364, 19, 11931.0, 0.590
0.01516210001136642, 20, 11931.0, 0.590
0.016767000008258037, 21, 11931.0, 0.590
0.020813099996303208, 22, 11931.0, 0.590
0.015798199994605966, 23, 11931.0, 0.590
0.017813800004660152, 24, 11931.0, 0.590
0.014532599991071038, 25, 11931.0, 0.590
0.014888799996697344, 26, 11931.0, 0.590
0.01619080000091344, 27, 11931.0, 0.590
0.016665900009684265, 28, 11931.0, 0.590
0.018946299998788163, 29, 11928.0, 0.565
0.022342500000377186, 30, 11928.0, 0.565
0.023172999994130805, 31, 11928.0, 0.565
0.034763199990266, 32, 11920.0, 0.497
0.02945489999547135, 33, 11920.0, 0.497
0.028097700007492676, 34, 11920.0, 0.497
0.03443870000774041, 35, 11920.0, 0.497
0.042290700002922677, 36, 11920.0, 0.497
0.043203399996855296, 37, 11920.0, 0.497
0.0198448000010103, 38, 11920.0, 0.497
0.02158120000967756, 39, 11912.0, 0.430
0.015865599998505786, 40, 11912.0, 0.430
0.018433399993227795, 41, 11912.0, 0.430
0.01783169999544043, 42, 11912.0, 0.430
0.015609699999913573, 43, 11912.0, 0.430
0.015596500001265667, 44, 11912.0, 0.430
0.014302799987490289, 45, 11912.0, 0.430
0.0184607999981381, 46, 11912.0, 0.430
0.014649700009613298, 47, 11912.0, 0.430
0.01677449999260716, 48, 11912.0, 0.430
0.01879650000773836, 49, 11912.0, 0.430
0.018467399990186095, 50, 11912.0, 0.430
0.015710799998487346, 51, 11912.0, 0.430
0.01553980000608135, 52, 11912.0, 0.430
0.016815800001495518, 53, 11912.0, 0.430
0.016410999989602715, 54, 11912.0, 0.430
0.015083500009495765, 55, 11912.0, 0.430
0.014567399994120933, 56, 11912.0, 0.430
0.015087099993252195, 57, 11912.0, 0.430
0.017460000002756715, 58, 11912.0, 0.430
0.016618900001049042, 59, 11912.0, 0.430
0.01541989999532234, 60, 11912.0, 0.430
0.014544500008923933, 61, 11912.0, 0.430
0.015466500000911765, 62, 11912.0, 0.430
0.021104400002514012, 63, 11912.0, 0.430
0.013656199997058138, 64, 11912.0, 0.430
0.020002799996291287, 65, 11906.0, 0.379
0.014637800006312318, 66, 11906.0, 0.379
0.018483599997125566, 67, 11906.0, 0.379
0.014885700002196245, 68, 11906.0, 0.379
0.015314799995394424, 69, 11906.0, 0.379
0.016378000000258908, 70, 11906.0, 0.379
0.01411599999119062, 71, 11906.0, 0.379
0.014451500013819896, 72, 11906.0, 0.379
0.014176199998473749, 73, 11906.0, 0.379
0.020664300012867898, 74, 11906.0, 0.379
0.01711770000110846, 75, 11906.0, 0.379
0.01346269999339711, 76, 11906.0, 0.379
0.015520700006163679, 77, 11906.0, 0.379
0.014022799994563684, 78, 11906.0, 0.379
0.01513820000400301, 79, 11906.0, 0.379
0.016038900008425117, 80, 11906.0, 0.379
0.018057799999951385, 81, 11906.0, 0.379
0.014396999991731718, 82, 11906.0, 0.379
0.01465670000470709, 83, 11906.0, 0.379
0.016546999991987832, 84, 11906.0, 0.379
0.01321509999979753, 85, 11906.0, 0.379
0.017156099987914786, 86, 11906.0, 0.379
0.0165975999989314, 87, 11906.0, 0.379
0.015096000002813525, 88, 11906.0, 0.379
0.015663099999073893, 89, 11906.0, 0.379
0.017285499998251908, 90, 11906.0, 0.379
0.017002499997033738, 91, 11906.0, 0.379
0.015282899999874644, 92, 11906.0, 0.379
0.016974300000583753, 93, 11906.0, 0.379
0.015576400008285418, 94, 11906.0, 0.379
0.014123799992376007, 95, 11906.0, 0.379
0.016992999997455627, 96, 11906.0, 0.379
0.016559700001380406, 97, 11906.0, 0.379
0.015491300000576302, 98, 11906.0, 0.379
0.01837340000201948, 99, 11906.0, 0.379
0.018375999992713332, 100, 11906.0, 0.379
0.014274100001784973, 101, 11906.0, 0.379
0.015708100007032044, 102, 11906.0, 0.379
0.015132600005017594, 103, 11906.0, 0.379
0.01829340000404045, 104, 11906.0, 0.379
0.016022900003008544, 105, 11906.0, 0.379
0.014520999990054406, 106, 11906.0, 0.379
0.014569799997843802, 107, 11906.0, 0.379
0.013557400001445785, 108, 11906.0, 0.379
0.015511400008108467, 109, 11906.0, 0.379
0.01657619999605231, 110, 11906.0, 0.379
0.017405399994459003, 111, 11906.0, 0.379
0.015434399989317171, 112, 11906.0, 0.379
0.017212900012964383, 113, 11906.0, 0.379
0.015049599998746999, 114, 11906.0, 0.379
0.01567520000389777, 115, 11906.0, 0.379

tour:
[361 360 359 379 358 357 399 387 400 401 388 389 402 403 404 380 362 381
 405 406 407 390 382 363 391 364 365 392 366 367 201 225 202 226 204 228
 227 203 205 229 206 230 208 207 231 209 211 233 210 232 234 212 236 214
 235 213 237 238 216 240 218 239 215 217 219 241 242 220 244 246 248 224
 222 243 221 245 223 247 408 393 409 410 394 395 411 412 413 414 415 416
 396 397 398 250 274 252 276 254 278 256 280 258 282 260 284 286 264 288
 266 290 268 292 270 294 296 272 295 271 293 269 291 267 289 265 287 263
 285 262 261 283 259 281 257 279 255 277 253 275 251 273 249 378 377 376
 375 374 386 385 373 384 372 371 370 383 369 368 104 103 101  99  97 100
  98  91  80  75  67  60  70  74  79  85  78  84  73  63  66  62  69  65
  96  95  87  83  94  90  77  82  81  76  72  86  93  89  88  92  68  64
  61  57  58  55  52  38  41  44  46  43  45  48  50  51  56  54  53  49
  47  42  40  37  35  33 154 178 156 180 158 182 160 184 162 186 164 188
 166 190 168 192 170 194 172 196 174 198 200 176 199 175 197 173 195 171
 193 169 191 167 189 165 187 163 185 161 183 159 181 157 179 155 177 153
 318 317 338 316 315 337 314 326 336 356 355 354 325 313 324 353 352 351
 312 335 311 310 334 350 349 333 323 309 308 348   0   7  21  24  31  23
  25  17  18   9  15   6   4   5  20  30  27  19  12  26  16  11   1   3
   2   8  10  14  13  29  28  22 152 150 148 126 128 151 127 149 125 147
 123 145 124 146 144 122 121 143 119 120 142 141 117 139 118 140 116 138
 114 137 115 113 135 136 112 111 133 109 131 110 134 132 108 130 106 129
 107 105 307 306 332 305 304 331 303 322 330 347 346 345 321 302 320 344
 343 342 301 329 300 299 328 341 340 327 319 298 297 339  32  34  36  39
  59  71 102]

eliteFit: 11906.0
percentError: 0.37939465475086415
computationTime: 2.493s