instanceName: kroB200
n: 200
optFit: 29437

genTime, gen, eliteFit, percentError:
0.00019219999376218766, 0, 305792.0, 938.802
0.019606200003181584, 1, 31067.0, 5.537
0.010815800007549115, 2, 30542.0, 3.754
0.01221369999984745, 3, 30367.0, 3.159
0.011058799995225854, 4, 29872.0, 1.478
0.011853899995912798, 5, 29741.0, 1.033
0.009773800004040822, 6, 29735.0, 1.012
0.011870600006659515, 7, 29735.0, 1.012
0.009754400001838803, 8, 29511.0, 0.251
0.009696700013591908, 9, 29511.0, 0.251
0.008113599993521348, 10, 29478.0, 0.139
0.007186899994849227, 11, 29477.0, 0.136
0.005429500000900589, 12, 29438.0, 0.003
0.0058502000028965995, 13, 29438.0, 0.003
0.0037653000035788864, 14, 29438.0, 0.003
0.003899899995303713, 15, 29438.0, 0.003
0.004890199998044409, 16, 29438.0, 0.003
0.0036312000011093915, 17, 29438.0, 0.003
0.004416899988427758, 18, 29438.0, 0.003
0.00428549999196548, 19, 29438.0, 0.003
0.005135900006280281, 20, 29438.0, 0.003
0.004633500007912517, 21, 29438.0, 0.003
0.0034607999987201765, 22, 29438.0, 0.003
0.004335999998147599, 23, 29438.0, 0.003
0.00331729999743402, 24, 29438.0, 0.003
0.0041846999956760556, 25, 29438.0, 0.003
0.004400999998324551, 26, 29438.0, 0.003
0.0034097000025212765, 27, 29438.0, 0.003
0.004480699994019233, 28, 29438.0, 0.003
0.0037348000041674823, 29, 29438.0, 0.003
0.0037406999908853322, 30, 29438.0, 0.003
0.004363600004580803, 31, 29438.0, 0.003
0.004104799998458475, 32, 29438.0, 0.003
0.003907100006472319, 33, 29438.0, 0.003
0.0036702999932458624, 34, 29438.0, 0.003
0.004098399993381463, 35, 29438.0, 0.003
0.004359300000942312, 36, 29438.0, 0.003
0.004070800001500174, 37, 29438.0, 0.003
0.0033651999983703718, 38, 29438.0, 0.003
0.004017700004624203, 39, 29438.0, 0.003
0.0036650999973062426, 40, 29438.0, 0.003
0.003676599997561425, 41, 29438.0, 0.003
0.004976600001100451, 42, 29438.0, 0.003
0.004074199998285621, 43, 29438.0, 0.003
0.003937800007406622, 44, 29438.0, 0.003
0.003917800000635907, 45, 29438.0, 0.003
0.0034916999866254628, 46, 29438.0, 0.003
0.003859999997075647, 47, 29438.0, 0.003
0.004482800010009669, 48, 29438.0, 0.003
0.0036127999919699505, 49, 29438.0, 0.003
0.00437739999324549, 50, 29438.0, 0.003
0.0037979000044288114, 51, 29438.0, 0.003
0.003556699986802414, 52, 29438.0, 0.003
0.004298899992136285, 53, 29438.0, 0.003
0.003902700002072379, 54, 29438.0, 0.003
0.003420900000492111, 55, 29438.0, 0.003
0.003894000008585863, 56, 29438.0, 0.003
0.003606099999160506, 57, 29438.0, 0.003
0.004223099997034296, 58, 29438.0, 0.003
0.004401800004416145, 59, 29438.0, 0.003
0.0035070000012638047, 60, 29438.0, 0.003
0.003781499995966442, 61, 29438.0, 0.003
0.003782199986744672, 62, 29438.0, 0.003

tour:
[167 132  65 144 198 177 130 156 171  34  60  26 175 179  93  56  33   8
  24  45 145  20  89   0  94  97 173  11 160  70 106  31 166 174  58 135
  28   7  98  75  96  90 128  27 157   2  10  92 121  84  72 141 122   9
  67 110 188 189 116  39  38 169  52 148  69 197  66 196   4 131 193  61
  25  99  55 100 149  68  74  29 180 133  48  85 137 165 107 151  37  19
  79 126 123  64 187  78 112  80 178  46 140 183  36  71 168   6  83  57
  51 115 162  53 114 172 138 190 153 176 142 170  87  22  21 192 103  54
 143 159 152  23  17  44  35 118  91 150  18 136  95 161 134 129 199 101
  43 147  40 191  16  77 154  12 186 125  62  30  47 194  50 155 120  81
 146 127 111  14  32   5   3  82 181  63  13 124 119  41 109 108   1  15
 104  76 102 182 139 105 117 184 158  49 163  42  88 195 185  59  73 164
  86 113]

eliteFit: 29438.0
percentError: 0.003397085300811904
computationTime: 0.361s