instanceName: kroB200
n: 200
optFit: 29437

genTime, gen, eliteFit, percentError:
0.00019099999917671084, 0, 299771.0, 918.348
0.019951800000853837, 1, 30703.0, 4.301
0.011506099996040575, 2, 30559.0, 3.812
0.011714499996742234, 3, 30380.0, 3.203
0.012185899991891347, 4, 30198.0, 2.585
0.012138200007029809, 5, 29978.0, 1.838
0.019002099987119436, 6, 29875.0, 1.488
0.016300500006764196, 7, 29875.0, 1.488
0.015019099999335594, 8, 29875.0, 1.488
0.01339009999355767, 9, 29855.0, 1.420
0.013101500007905997, 10, 29776.0, 1.152
0.006142199999885634, 11, 29776.0, 1.152
0.008933100005378947, 12, 29686.0, 0.846
0.006663100008154288, 13, 29686.0, 0.846
0.006604900001548231, 14, 29686.0, 0.846
0.004812499988474883, 15, 29686.0, 0.846
0.004559100008918904, 16, 29686.0, 0.846
0.004562100002658553, 17, 29686.0, 0.846
0.004388699991977774, 18, 29686.0, 0.846
0.0052617000037571415, 19, 29686.0, 0.846
0.004528799996478483, 20, 29686.0, 0.846
0.004208199999993667, 21, 29686.0, 0.846
0.004328399998485111, 22, 29686.0, 0.846
0.0037800999998580664, 23, 29686.0, 0.846
0.025115099997492507, 24, 29686.0, 0.846
0.0065344000031473115, 25, 29686.0, 0.846
0.004990400004317053, 26, 29686.0, 0.846
0.0039898999966681, 27, 29686.0, 0.846
0.0036326999979792163, 28, 29686.0, 0.846
0.00379290001001209, 29, 29686.0, 0.846
0.004034500001580454, 30, 29686.0, 0.846
0.0037903000047663227, 31, 29686.0, 0.846
0.0044804000062868, 32, 29686.0, 0.846
0.004098300007171929, 33, 29686.0, 0.846
0.004221199997118674, 34, 29686.0, 0.846
0.00441809999756515, 35, 29686.0, 0.846
0.004252500002621673, 36, 29686.0, 0.846
0.0035277999995741993, 37, 29686.0, 0.846
0.0043997000029776245, 38, 29686.0, 0.846
0.003569299995433539, 39, 29686.0, 0.846
0.0032696999987820163, 40, 29686.0, 0.846
0.005600899996352382, 41, 29686.0, 0.846
0.003924300006474368, 42, 29686.0, 0.846
0.0038246999902185053, 43, 29686.0, 0.846
0.0038181999989319593, 44, 29686.0, 0.846
0.005353900007321499, 45, 29686.0, 0.846
0.0036668999964604154, 46, 29686.0, 0.846
0.004411000001709908, 47, 29686.0, 0.846
0.0040791000064928085, 48, 29686.0, 0.846
0.003813500006799586, 49, 29686.0, 0.846
0.004085700013092719, 50, 29686.0, 0.846
0.00411300000268966, 51, 29686.0, 0.846
0.0036666000087279826, 52, 29686.0, 0.846
0.004988299988326617, 53, 29686.0, 0.846
0.004034099998534657, 54, 29686.0, 0.846
0.003617599999415688, 55, 29686.0, 0.846
0.004259599998476915, 56, 29686.0, 0.846
0.004790499995579012, 57, 29686.0, 0.846
0.005030200001783669, 58, 29686.0, 0.846
0.005791599993244745, 59, 29658.0, 0.751
0.004438399992068298, 60, 29658.0, 0.751
0.0042689000110840425, 61, 29658.0, 0.751
0.003954300002078526, 62, 29658.0, 0.751
0.0039293000008910894, 63, 29658.0, 0.751
0.00433809999958612, 64, 29658.0, 0.751
0.0035277999995741993, 65, 29658.0, 0.751
0.004491600004257634, 66, 29658.0, 0.751
0.004085799999302253, 67, 29658.0, 0.751
0.0038244000024860725, 68, 29658.0, 0.751
0.0035002000076929107, 69, 29658.0, 0.751
0.004140200006077066, 70, 29640.0, 0.690
0.003794100004597567, 71, 29640.0, 0.690
0.0042212999978801236, 72, 29640.0, 0.690
0.0039628000085940585, 73, 29640.0, 0.690
0.004761000003782101, 74, 29640.0, 0.690
0.00407739999354817, 75, 29640.0, 0.690
0.005135999992489815, 76, 29640.0, 0.690
0.004961099999491125, 77, 29640.0, 0.690
0.005988400007481687, 78, 29640.0, 0.690
0.004627599992090836, 79, 29640.0, 0.690
0.006157099996926263, 80, 29640.0, 0.690
0.003639099988504313, 81, 29640.0, 0.690
0.0037420000007841736, 82, 29640.0, 0.690
0.0037343000003602356, 83, 29640.0, 0.690
0.003808299996308051, 84, 29640.0, 0.690
0.003634700013208203, 85, 29640.0, 0.690
0.004644799992092885, 86, 29640.0, 0.690
0.003966599993873388, 87, 29640.0, 0.690
0.0033504000020911917, 88, 29640.0, 0.690
0.003563699996448122, 89, 29640.0, 0.690
0.0041016000031959265, 90, 29640.0, 0.690
0.0038324999914038926, 91, 29640.0, 0.690
0.0034774999949149787, 92, 29640.0, 0.690
0.0041262000013375655, 93, 29640.0, 0.690
0.004606399990734644, 94, 29640.0, 0.690
0.0033713000011630356, 95, 29640.0, 0.690
0.003383099989150651, 96, 29640.0, 0.690
0.004396899996208958, 97, 29640.0, 0.690
0.0034982000070158392, 98, 29640.0, 0.690
0.003795299999183044, 99, 29640.0, 0.690
0.004742200006148778, 100, 29640.0, 0.690
0.00406999999540858, 101, 29640.0, 0.690
0.00368180000805296, 102, 29640.0, 0.690
0.00409889999718871, 103, 29640.0, 0.690
0.0036361000093165785, 104, 29640.0, 0.690
0.003660000002128072, 105, 29640.0, 0.690
0.0036235000006854534, 106, 29640.0, 0.690
0.0033634999999776483, 107, 29640.0, 0.690
0.0036875999940093607, 108, 29640.0, 0.690
0.003519999998388812, 109, 29640.0, 0.690
0.004156399998464622, 110, 29640.0, 0.690
0.004002999994554557, 111, 29640.0, 0.690
0.004186399994068779, 112, 29640.0, 0.690
0.003680200010421686, 113, 29640.0, 0.690
0.004228899997542612, 114, 29640.0, 0.690
0.0032995999936247244, 115, 29640.0, 0.690
0.0038283999892883003, 116, 29640.0, 0.690
0.0033605000062379986, 117, 29640.0, 0.690
0.004482800010009669, 118, 29640.0, 0.690
0.003910499988705851, 119, 29640.0, 0.690
0.0036853000055998564, 120, 29640.0, 0.690

tour:
[179  93 177 198 130 156 171  34  60 175  26   8  24  45 145 151 107 165
 137  85  48  67   9 141 122  20  89   0  94  97 173  11 160  70 106  31
 166 174  58 135  28   7  98  75  96  90 128  27 157   2  10  92 121  84
  72  52 169 188 110 189 116  39  38 148  69 197  66 196   4 131 193  61
  25  99  55 100 149  68  74  29 133 180  37  19  79 126 123  64 187  78
 112  80 178  46 140 183  36  71 114 172 138  87 170  21  22 192 103  54
 143 159 152  23  17  44  35 118  95 136 161 134  18 150  91 199 129  43
 101 147  40 191  16  77 154  12 186 125  62  30  47 194 155  50 127 111
  14  32 146 120  81  63  13 124 119  41 109 108   1  15 104  76 102 182
 139 105 117 181  82   5   3  86 113 167 132  65 144  73 164  59 185 195
  88  42 184 158  49 163 142 176 190 153  53 162 115  51  57  83   6 168
  33  56]

eliteFit: 29640.0
percentError: 0.6896083160648164
computationTime: 0.698s