instanceName: kroB200
n: 200
optFit: 29437

genTime, gen, eliteFit, percentError:
0.00020629999926313758, 0, 304884.0, 935.717
0.020626800003810786, 1, 31201.0, 5.992
0.011884999999892898, 2, 30555.0, 3.798
0.013095500005874783, 3, 30467.0, 3.499
0.012021200003800914, 4, 30273.0, 2.840
0.011276800010818988, 5, 30041.0, 2.052
0.01174919999903068, 6, 29876.0, 1.491
0.011119600007077679, 7, 29876.0, 1.491
0.012788199994247407, 8, 29876.0, 1.491
0.011257600010139868, 9, 29746.0, 1.050
0.0103674999991199, 10, 29671.0, 0.795
0.009616299998015165, 11, 29598.0, 0.547
0.0101660000073025, 12, 29598.0, 0.547
0.010416699995403178, 13, 29598.0, 0.547
0.00795470000593923, 14, 29565.0, 0.435
0.0065193999907933176, 15, 29564.0, 0.431
0.004154999987804331, 16, 29564.0, 0.431
0.004390300004160963, 17, 29564.0, 0.431
0.004281100002117455, 18, 29564.0, 0.431
0.00373810000019148, 19, 29564.0, 0.431
0.003201999992597848, 20, 29564.0, 0.431
0.003908699989551678, 21, 29564.0, 0.431
0.003720599997905083, 22, 29564.0, 0.431
0.004335299992817454, 23, 29564.0, 0.431
0.0038084000116214156, 24, 29564.0, 0.431
0.003937100002076477, 25, 29564.0, 0.431
0.0041305000049760565, 26, 29564.0, 0.431
0.004048600007081404, 27, 29564.0, 0.431
0.004206700003123842, 28, 29564.0, 0.431
0.004031600008602254, 29, 29564.0, 0.431
0.0032303999905707315, 30, 29564.0, 0.431
0.0038410999986808747, 31, 29564.0, 0.431
0.0037299000105122104, 32, 29564.0, 0.431
0.003938699999707751, 33, 29564.0, 0.431
0.0049992999993264675, 34, 29564.0, 0.431
0.003686800002469681, 35, 29564.0, 0.431
0.00350550000439398, 36, 29564.0, 0.431
0.003968600009102374, 37, 29564.0, 0.431
0.003536300006089732, 38, 29564.0, 0.431
0.0035601999989012256, 39, 29564.0, 0.431
0.0035611000057542697, 40, 29564.0, 0.431
0.0037810000067111105, 41, 29564.0, 0.431
0.004251099991961382, 42, 29564.0, 0.431
0.004329900009906851, 43, 29564.0, 0.431
0.003546199994161725, 44, 29564.0, 0.431
0.004138499993132427, 45, 29564.0, 0.431
0.003926900011720136, 46, 29564.0, 0.431
0.003482799991616048, 47, 29564.0, 0.431
0.0043043999903602526, 48, 29564.0, 0.431
0.003431799996178597, 49, 29564.0, 0.431
0.004750300009618513, 50, 29564.0, 0.431
0.004306100003304891, 51, 29564.0, 0.431
0.0044639999978244305, 52, 29564.0, 0.431
0.0038564999995287508, 53, 29564.0, 0.431
0.0036570999945979565, 54, 29564.0, 0.431
0.0036326999979792163, 55, 29564.0, 0.431
0.0043876999989151955, 56, 29564.0, 0.431
0.0034832999954232946, 57, 29564.0, 0.431
0.003816299999016337, 58, 29564.0, 0.431
0.004080499988049269, 59, 29564.0, 0.431
0.0033761999948183075, 60, 29564.0, 0.431
0.0035057999921264127, 61, 29564.0, 0.431
0.004363799991551787, 62, 29546.0, 0.370
0.004221000010147691, 63, 29546.0, 0.370
0.003959599998779595, 64, 29536.0, 0.336
0.004325999994762242, 65, 29536.0, 0.336
0.004303599998820573, 66, 29536.0, 0.336
0.004717000003438443, 67, 29536.0, 0.336
0.004158899988397025, 68, 29536.0, 0.336
0.004098499994142912, 69, 29536.0, 0.336
0.0034555000020191073, 70, 29536.0, 0.336
0.003854099995805882, 71, 29536.0, 0.336
0.0034425000048941, 72, 29536.0, 0.336
0.004236199994920753, 73, 29536.0, 0.336
0.0038702999881934375, 74, 29536.0, 0.336
0.0037262999976519495, 75, 29536.0, 0.336
0.003912699990905821, 76, 29536.0, 0.336
0.003416699997615069, 77, 29536.0, 0.336
0.0034965000086231157, 78, 29536.0, 0.336
0.003932799998437986, 79, 29536.0, 0.336
0.0035494000039761886, 80, 29536.0, 0.336
0.00403300000471063, 81, 29536.0, 0.336
0.0038536999927600846, 82, 29536.0, 0.336
0.004243800009135157, 83, 29536.0, 0.336
0.004132500005653128, 84, 29536.0, 0.336
0.004096700009540655, 85, 29536.0, 0.336
0.0036662999918917194, 86, 29536.0, 0.336
0.004269800003385171, 87, 29536.0, 0.336
0.0038797000015620142, 88, 29536.0, 0.336
0.003442200002609752, 89, 29536.0, 0.336
0.00397660001181066, 90, 29536.0, 0.336
0.0034247999865328893, 91, 29536.0, 0.336
0.004314600009820424, 92, 29536.0, 0.336
0.0038060000078985468, 93, 29536.0, 0.336
0.003787599998759106, 94, 29536.0, 0.336
0.00375960000383202, 95, 29536.0, 0.336
0.004390999994939193, 96, 29536.0, 0.336
0.0037545999948633835, 97, 29536.0, 0.336
0.005088699996122159, 98, 29536.0, 0.336
0.003259400007664226, 99, 29536.0, 0.336
0.0038531000027433038, 100, 29536.0, 0.336
0.0035192000068491325, 101, 29536.0, 0.336
0.003526500004227273, 102, 29536.0, 0.336
0.0035136000078637153, 103, 29536.0, 0.336
0.003370200007339008, 104, 29536.0, 0.336
0.004159899996011518, 105, 29536.0, 0.336
0.0034687000006670132, 106, 29536.0, 0.336
0.003284099992015399, 107, 29536.0, 0.336
0.004059999992023222, 108, 29536.0, 0.336
0.003675300002214499, 109, 29536.0, 0.336
0.0037243999977363274, 110, 29536.0, 0.336
0.003524699990521185, 111, 29536.0, 0.336
0.0036287999973865226, 112, 29536.0, 0.336
0.003795399999944493, 113, 29536.0, 0.336
0.00424629999906756, 114, 29536.0, 0.336

tour:
[169 148  69 197  38  39 189 116 193  66 196   4 131  61  25  99  55 100
 149  68  74  29 180 133  48  85 137 165 107 151  37  19  79 126 123  64
 187  78 112  80 178  46 140 183  36  71 114 172 138  87 170  21  22 192
 103  54 143 159 152  23  17  44  35 118  95 136 161 134  18 150  91 199
 129  43 101 147  40 191  16  77 154  12 186 125  62  30  47 194 155  50
 127 111  14   5   3  82 181  32 146 120  81  63  13 124 119  41 109 108
   1  15 104  76 102 182 139 105 117 184 158  49 163 142 176 190 153  53
 162 115  51  57  83   6 168  33  56 179  93 177  73 164  59 185 195  42
  88  86 113 167 132  65 144 198 130 156 171  34  60 175  26   8  24  45
 145  20  89   0  94  97 173  11 160  70 106  31 166 174  58 135  28   7
  98  75  96  90 128  27 157   2  10  92 121  84  72 141 122   9  67 110
 188  52]

eliteFit: 29536.0
percentError: 0.33631144478037844
computationTime: 0.616s