instanceName: fl1577
n: 1577
optFit: 22249

genTime, gen, eliteFit, percentError:
0.0021486000041477382, 0, 1319174.0, 5829.138
1.8425130999967223, 1, 23885.0, 7.353
0.9339670000044862, 2, 23678.0, 6.423
0.9448811000038404, 3, 23471.0, 5.492
0.924244899986661, 4, 23268.0, 4.580
0.9505348999955459, 5, 23185.0, 4.207
0.8676530999946408, 6, 22963.0, 3.209
0.9003721999906702, 7, 22880.0, 2.836
0.854344499995932, 8, 22880.0, 2.836
0.8519221000024118, 9, 22846.0, 2.683
0.853306100005284, 10, 22817.0, 2.553
0.8667992999980925, 11, 22762.0, 2.306
0.871408999999403, 12, 22762.0, 2.306
0.7322565999929793, 13, 22715.0, 2.094
0.6314600000041537, 14, 22715.0, 2.094
0.5742420999886235, 15, 22706.0, 2.054
0.6044769000000088, 16, 22702.0, 2.036
0.6048767000029329, 17, 22684.0, 1.955
0.6346562999970047, 18, 22683.0, 1.951
0.6025004999974044, 19, 22669.0, 1.888
0.5511534999968717, 20, 22655.0, 1.825
0.49197909999929834, 21, 22645.0, 1.780
0.46161680000659544, 22, 22642.0, 1.766
0.4175069000048097, 23, 22626.0, 1.694
0.38275699999940116, 24, 22602.0, 1.587
0.3998734999913722, 25, 22601.0, 1.582
0.35634810000192374, 26, 22587.0, 1.519
0.3103774000046542, 27, 22587.0, 1.519
0.33591249999881256, 28, 22576.0, 1.470
0.3138800999877276, 29, 22568.0, 1.434
0.23586910001176875, 30, 22563.0, 1.411
0.3002868000039598, 31, 22558.0, 1.389
0.27436549999401905, 32, 22558.0, 1.389
0.26937949999410193, 33, 22553.0, 1.366
0.24519640000653453, 34, 22545.0, 1.330
0.22059059998719022, 35, 22545.0, 1.330
0.25137150000955444, 36, 22545.0, 1.330
0.25922730000456795, 37, 22545.0, 1.330
0.2468080000107875, 38, 22545.0, 1.330
0.26466359999903943, 39, 22545.0, 1.330
0.2458379000017885, 40, 22545.0, 1.330
0.22812630000407808, 41, 22545.0, 1.330
0.2667129999899771, 42, 22545.0, 1.330
0.32748419999552425, 43, 22545.0, 1.330
0.22369939999771304, 44, 22545.0, 1.330
0.26277549999940675, 45, 22545.0, 1.330
0.254821800001082, 46, 22545.0, 1.330
0.24870860000373796, 47, 22545.0, 1.330
0.24267960000724997, 48, 22545.0, 1.330
0.24949450000713114, 49, 22545.0, 1.330
0.24125040000944864, 50, 22545.0, 1.330
0.27128190000075847, 51, 22545.0, 1.330
0.23718920000828803, 52, 22545.0, 1.330
0.2516636000073049, 53, 22545.0, 1.330
0.2916572999965865, 54, 22545.0, 1.330
0.21881350000330713, 55, 22545.0, 1.330
0.25688020000234246, 56, 22545.0, 1.330
0.28074230000493117, 57, 22545.0, 1.330
0.2609682999900542, 58, 22545.0, 1.330
0.2208420999959344, 59, 22545.0, 1.330
0.2455984999978682, 60, 22545.0, 1.330
0.2194922999915434, 61, 22545.0, 1.330
0.25027799999224953, 62, 22545.0, 1.330
0.2557909000024665, 63, 22545.0, 1.330
0.267995999995037, 64, 22545.0, 1.330
0.2388310999958776, 65, 22545.0, 1.330
0.3249525999999605, 66, 22545.0, 1.330
0.2957970999996178, 67, 22545.0, 1.330
0.28738300000259187, 68, 22544.0, 1.326
0.29357949999393895, 69, 22536.0, 1.290
0.3375378000055207, 70, 22536.0, 1.290
0.2606927999877371, 71, 22536.0, 1.290
0.2801328000059584, 72, 22536.0, 1.290
0.2917328999901656, 73, 22536.0, 1.290
0.2836819999938598, 74, 22536.0, 1.290
0.2674958000134211, 75, 22536.0, 1.290
0.24469459999818355, 76, 22536.0, 1.290
0.284436400004779, 77, 22536.0, 1.290
0.2614285000017844, 78, 22536.0, 1.290
0.26911269999982323, 79, 22536.0, 1.290
0.28236009999818634, 80, 22536.0, 1.290
0.22497870000370312, 81, 22536.0, 1.290
0.23675440000079107, 82, 22536.0, 1.290
0.22559790000377689, 83, 22536.0, 1.290
0.29634850000729784, 84, 22536.0, 1.290
0.2350772999925539, 85, 22536.0, 1.290
0.2672001999890199, 86, 22536.0, 1.290
0.2262157999939518, 87, 22536.0, 1.290
0.22075779999431688, 88, 22536.0, 1.290
0.23405780000030063, 89, 22536.0, 1.290
0.28149489998759236, 90, 22535.0, 1.285
0.21379639999940991, 91, 22525.0, 1.241
0.24268569999549072, 92, 22525.0, 1.241
0.19799950000015087, 93, 22525.0, 1.241
0.23012290000042412, 94, 22525.0, 1.241
0.23682779999217018, 95, 22525.0, 1.241
0.25094699999317527, 96, 22525.0, 1.241
0.2249599000060698, 97, 22525.0, 1.241
0.274600200005807, 98, 22525.0, 1.241
0.25191150000318885, 99, 22525.0, 1.241
0.25580640000407584, 100, 22525.0, 1.241
0.23858560000371654, 101, 22525.0, 1.241
0.22754389999317937, 102, 22525.0, 1.241
0.28166049999708775, 103, 22525.0, 1.241
0.2428693999972893, 104, 22525.0, 1.241
0.2510321000008844, 105, 22525.0, 1.241
0.25088550000509713, 106, 22525.0, 1.241
0.2348311000096146, 107, 22525.0, 1.241
0.27644460000738036, 108, 22525.0, 1.241
0.2581392000138294, 109, 22498.0, 1.119
0.23328200000105426, 110, 22498.0, 1.119
0.29248139999981504, 111, 22489.0, 1.079
0.22852000000420958, 112, 22489.0, 1.079
0.2719323999917833, 113, 22489.0, 1.079
0.2712710999912815, 114, 22489.0, 1.079
0.2230909000063548, 115, 22489.0, 1.079
0.23189010001078714, 116, 22489.0, 1.079
0.2889798999967752, 117, 22489.0, 1.079
0.20918229999369942, 118, 22489.0, 1.079
0.2501229999907082, 119, 22489.0, 1.079
0.25663910000002943, 120, 22489.0, 1.079
0.2455298999993829, 121, 22489.0, 1.079
0.23242159999790601, 122, 22489.0, 1.079
0.26461460000427905, 123, 22489.0, 1.079
0.2663193000043975, 124, 22489.0, 1.079
0.278085199999623, 125, 22489.0, 1.079
0.20298879999609198, 126, 22489.0, 1.079
0.2559253999934299, 127, 22489.0, 1.079
0.2199587000068277, 128, 22489.0, 1.079
0.20693570000003092, 129, 22489.0, 1.079
0.2551781999936793, 130, 22489.0, 1.079
0.26956430000427645, 131, 22489.0, 1.079
0.23100600000179838, 132, 22489.0, 1.079
0.2599350999953458, 133, 22489.0, 1.079
0.24577470000076573, 134, 22489.0, 1.079
0.24270960000285413, 135, 22489.0, 1.079
0.22040749998996034, 136, 22489.0, 1.079
0.23135270000784658, 137, 22489.0, 1.079
0.2188698999962071, 138, 22489.0, 1.079
0.25408100000640843, 139, 22489.0, 1.079
0.26181899999210145, 140, 22489.0, 1.079
0.25631880000582896, 141, 22489.0, 1.079
0.2590111000026809, 142, 22489.0, 1.079
0.2460614000010537, 143, 22489.0, 1.079
0.2068035999982385, 144, 22489.0, 1.079
0.23568820000218693, 145, 22489.0, 1.079
0.2766472000075737, 146, 22488.0, 1.074
0.24746020000020508, 147, 22488.0, 1.074
0.34903480000502896, 148, 22488.0, 1.074
0.5057286000082968, 149, 22488.0, 1.074
0.3562651999964146, 150, 22488.0, 1.074
0.25513419999333564, 151, 22488.0, 1.074
0.294433700008085, 152, 22488.0, 1.074
0.2698128999909386, 153, 22488.0, 1.074
0.27904880000278354, 154, 22488.0, 1.074
0.2518056999979308, 155, 22488.0, 1.074
0.25353410000388976, 156, 22488.0, 1.074
0.21587539999745786, 157, 22488.0, 1.074
0.21642320000682957, 158, 22488.0, 1.074
0.273036200000206, 159, 22488.0, 1.074
0.2250927999994019, 160, 22486.0, 1.065
0.2764928999968106, 161, 22486.0, 1.065
0.2739811999927042, 162, 22486.0, 1.065
0.2639065999974264, 163, 22486.0, 1.065
0.2520457000064198, 164, 22486.0, 1.065
0.24571329999889713, 165, 22486.0, 1.065
0.25311049999436364, 166, 22486.0, 1.065
0.29610300000058487, 167, 22486.0, 1.065
0.23559469998872373, 168, 22486.0, 1.065
0.2684917000005953, 169, 22486.0, 1.065
0.2725020000070799, 170, 22486.0, 1.065
0.2276761999964947, 171, 22486.0, 1.065
0.22883760000695474, 172, 22486.0, 1.065
0.2293580999976257, 173, 22486.0, 1.065
0.24198160000378266, 174, 22486.0, 1.065
0.2491297999949893, 175, 22486.0, 1.065
0.23266209999565035, 176, 22486.0, 1.065
0.2580630000011297, 177, 22486.0, 1.065
0.262979399994947, 178, 22486.0, 1.065
0.24457219999749213, 179, 22486.0, 1.065
0.22766600000613835, 180, 22485.0, 1.061
0.28612849999626633, 181, 22485.0, 1.061
0.39089379999495577, 182, 22476.0, 1.020
0.48427269999228884, 183, 22476.0, 1.020
0.44387440000718925, 184, 22476.0, 1.020
0.40647609998995904, 185, 22476.0, 1.020
0.22168640000745654, 186, 22464.0, 0.966
0.2627906999987317, 187, 22464.0, 0.966
0.3261634999944363, 188, 22464.0, 0.966
0.43139879999216646, 189, 22464.0, 0.966
0.4278702999872621, 190, 22464.0, 0.966
0.252604400011478, 191, 22464.0, 0.966
0.24828730001172516, 192, 22464.0, 0.966
0.22986870000022464, 193, 22464.0, 0.966
0.2184970000089379, 194, 22464.0, 0.966
0.2895568999956595, 195, 22464.0, 0.966
0.24596010000095703, 196, 22464.0, 0.966
0.27965759999642614, 197, 22464.0, 0.966
0.24051089999557007, 198, 22464.0, 0.966
0.2542987000051653, 199, 22464.0, 0.966
0.25930130000051577, 200, 22464.0, 0.966
0.21687539998674765, 201, 22464.0, 0.966
0.2963542000070447, 202, 22464.0, 0.966
0.27493369999865536, 203, 22464.0, 0.966
0.29857800000172574, 204, 22464.0, 0.966
0.22235929999442305, 205, 22464.0, 0.966
0.21800940000684932, 206, 22464.0, 0.966
0.25072730000829324, 207, 22464.0, 0.966
0.31560639999224804, 208, 22464.0, 0.966
0.26673940000182483, 209, 22464.0, 0.966
0.2699575000006007, 210, 22464.0, 0.966
0.2519175999914296, 211, 22464.0, 0.966
0.28001440000662114, 212, 22464.0, 0.966
0.24256499999319203, 213, 22464.0, 0.966
0.2112557999935234, 214, 22464.0, 0.966
0.23939729999983683, 215, 22464.0, 0.966
0.2342114000057336, 216, 22464.0, 0.966
0.267796800006181, 217, 22464.0, 0.966
0.2616303000104381, 218, 22464.0, 0.966
0.2544707000051858, 219, 22464.0, 0.966
0.24936059999163263, 220, 22464.0, 0.966
0.2618616999970982, 221, 22464.0, 0.966
0.2652547999896342, 222, 22464.0, 0.966
0.26197669999965, 223, 22464.0, 0.966
0.23666870000306517, 224, 22464.0, 0.966
0.2556635999935679, 225, 22464.0, 0.966
0.2598123000061605, 226, 22464.0, 0.966
0.23327090000384487, 227, 22464.0, 0.966
0.22707520000403747, 228, 22464.0, 0.966
0.24097349999647122, 229, 22464.0, 0.966
0.2970548000012059, 230, 22464.0, 0.966
0.25911890000861604, 231, 22463.0, 0.962
0.3034305999899516, 232, 22463.0, 0.962
0.4452755999955116, 233, 22463.0, 0.962
0.4549828000017442, 234, 22463.0, 0.962
0.28784839999570977, 235, 22463.0, 0.962
0.3051899999991292, 236, 22463.0, 0.962
0.23143050000362564, 237, 22463.0, 0.962
0.22261209999851417, 238, 22463.0, 0.962
0.2595050999952946, 239, 22463.0, 0.962
0.22796749998815358, 240, 22463.0, 0.962
0.23008839999965858, 241, 22463.0, 0.962
0.29228680000233, 242, 22463.0, 0.962
0.25286100000084843, 243, 22463.0, 0.962
0.2367985999881057, 244, 22463.0, 0.962
0.22510300000431016, 245, 22463.0, 0.962
0.2515182999923127, 246, 22463.0, 0.962
0.2319114999991143, 247, 22463.0, 0.962
0.2470671999908518, 248, 22463.0, 0.962
0.24589500000001863, 249, 22459.0, 0.944
0.30311059999803547, 250, 22459.0, 0.944
0.36124140000902116, 251, 22459.0, 0.944
0.39550460000464227, 252, 22459.0, 0.944
0.25046009999641683, 253, 22459.0, 0.944
0.25082230000407435, 254, 22459.0, 0.944
0.2725981999974465, 255, 22459.0, 0.944
0.25602580000122543, 256, 22459.0, 0.944
0.275170299995807, 257, 22459.0, 0.944
0.24381559999892488, 258, 22459.0, 0.944
0.2818812000041362, 259, 22459.0, 0.944
0.2452344999910565, 260, 22459.0, 0.944
0.29002840000612196, 261, 22459.0, 0.944
0.2603619000001345, 262, 22459.0, 0.944
0.24103180000383873, 263, 22459.0, 0.944
0.2862829000077909, 264, 22459.0, 0.944
0.23238959998707287, 265, 22459.0, 0.944
0.24573870000313036, 266, 22459.0, 0.944
0.22819439999875613, 267, 22459.0, 0.944
0.3044987999892328, 268, 22459.0, 0.944
0.26506600000720937, 269, 22459.0, 0.944
0.24120659999607597, 270, 22459.0, 0.944
0.2346121000009589, 271, 22459.0, 0.944
0.3062509000010323, 272, 22459.0, 0.944
0.28943750000325963, 273, 22459.0, 0.944
0.23233610000170302, 274, 22459.0, 0.944
0.24019299999054056, 275, 22459.0, 0.944
0.22577960000489838, 276, 22459.0, 0.944
0.23780279999482445, 277, 22459.0, 0.944
0.29351970000425354, 278, 22459.0, 0.944
0.2526894999900833, 279, 22459.0, 0.944
0.22890750000078697, 280, 22459.0, 0.944
0.2816677999944659, 281, 22459.0, 0.944
0.22499319999769796, 282, 22459.0, 0.944
0.31107839998730924, 283, 22459.0, 0.944
0.26287890000094194, 284, 22459.0, 0.944
0.28047609998611733, 285, 22459.0, 0.944
0.22076019999803975, 286, 22459.0, 0.944
0.23316249999334104, 287, 22459.0, 0.944
0.2773948999965796, 288, 22459.0, 0.944
0.23904220000258647, 289, 22459.0, 0.944
0.2714624000072945, 290, 22459.0, 0.944
0.2773266000003787, 291, 22459.0, 0.944
0.24499229999491945, 292, 22459.0, 0.944
0.3019149000028847, 293, 22459.0, 0.944
0.2363377000001492, 294, 22459.0, 0.944
0.25657860000501387, 295, 22459.0, 0.944
0.18671830001403578, 296, 22459.0, 0.944
0.2695913999923505, 297, 22459.0, 0.944
0.2426497999986168, 298, 22459.0, 0.944
0.2789671000064118, 299, 22459.0, 0.944

tour:
[ 830  831  832  833  834  835  836  837  838  839  840  841  842  843
  844  845  846  847  848  849  850  851  852  853  854  855  856  857
  858  859  860  861  862  863  864  865  866  867  868  869  870  871
  872  873  874 1047 1046 1045 1044 1043 1042 1041 1040 1039 1038 1037
 1036 1035 1034 1033 1032 1031 1030 1029 1028 1027 1026 1025 1024 1023
 1022 1021 1020 1019  959  958  960  957  961  956  962  955  963  992
  954  964  991  965  990  966  953  989  967  952  968 1010 1048 1011
 1012 1013 1014 1015 1016 1017 1018 1064 1065 1066 1067 1068 1083 1085
 1084 1096 1095 1094 1093 1092 1091 1136 1137 1138 1201 1202 1203 1204
 1135 1134 1133 1132 1131 1130 1129 1128 1127 1126 1125 1124 1123 1122
 1121 1120 1119 1118 1117 1116 1115 1114 1113 1112 1111 1110 1109 1108
 1107 1106 1105 1104 1103 1102 1426 1425 1471 1470 1424 1423 1469 1422
 1421 1467 1420 1466 1419 1465 1418 1417 1416 1464 1415 1463 1547 1505
 1548 1549 1506 1550 1507 1508 1551 1552 1468 1553 1554 1509 1555 1510
 1556 1557 1511 1558 1512 1559 1513 1560 1561 1546 1545 1504 1462 1414
 1461 1413 1412 1460 1503 1544 1502 1459 1411 1458 1501 1543 1542 1500
 1410 1457 1541 1499 1540 1539 1498 1456 1409 1408 1455 1407 1497 1538
 1537 1496 1454 1406 1453 1405 1495 1452 1404 1451 1494 1536 1535 1493
 1403 1562 1472 1427 1514 1563 1473 1428 1429 1430 1515 1564 1565 1516
 1474 1517 1566 1475 1431 1432 1476 1567 1568 1477 1433 1434 1478 1435
 1518 1569 1570 1519 1436 1571 1572 1479 1520 1480 1573 1521 1574 1575
 1522 1437 1438 1576 1534 1533 1492 1450 1402 1449 1401 1448 1491 1532
 1490 1400 1399 1446 1447 1531 1489 1530 1488 1529 1487 1445 1398 1397
 1444 1396 1443 1486 1528 1527 1485 1526 1525 1484 1442 1395 1394 1441
 1393 1483 1524 1523 1481 1482 1440 1392 1439 1391 1200 1199 1198 1197
 1196 1195 1194 1193 1192 1191 1190 1189 1188 1187 1186 1185 1184 1183
 1182 1181 1180 1179 1178 1177 1176 1175 1174 1173 1172 1171 1170 1169
 1168 1167 1166 1165 1164 1163 1162 1161 1160 1159 1158 1157 1156 1155
 1154 1153 1152 1151 1150 1149 1148 1147 1146 1145 1144 1143 1142 1141
 1140 1139 1099 1098 1097 1100 1101 1088 1089 1076 1054 1005 1055 1004
 1056 1003 1057 1058 1059  936  937  938  939  940  979  980  981  978
  982 1002  983  977  941  942  976 1001  984 1000 1053 1077 1078 1079
 1060 1052  999  998 1051 1075 1074 1090 1073 1049 1050  997  943  944
  945  975  946  974  947  973  948  972  986  985 1006 1007 1072 1087
 1086 1071 1061 1070 1062 1080 1069 1081 1082 1063  993  994 1009  995
 1008  996  987  971  988  970  949  950  969  951  935  934  928  933
  929  930  931  932  881  882  883  799  884  885  886  887  756  757
  888  889  758  759  890  891  760  892  761  762  893  894  763  764
  895  896  765  766  897  898  767  768  899  900  769  901  770  771
  902  903  772  773  904  905  774  775  906  907  776  777  908  909
  778  779  910  911  780  781  912  913  782  783  914  915  784  785
  916  917  786  787  918  919  788  789  920  921  790  791  922  923
  792  793  924  794  925  926  927  795  796  797  711  703  710  709
  708  707  706  705  704  506  507  508  509  510  511  512  513  514
  515  516  517  518  519  520  521  522  523  524  525  526  527  528
  529  530  531  532  533  534  535  536  537  538  539  540  541  542
  543  544  545  546  547  548  549  550  551  552  553  554  555  447
  446  445  444  443  442  441  448  449  450  451  452  453  454  455
  456  457  458  459  460  461  462  463  464  465  466  467  468  469
  470  471  501  500  472  440  439  473  499  498  474  438  437  475
  497  496  476  436  435  477  495  494  493  478  434  433  479  432
  431  480  492  491  481  430  482  490  502  489  503  504  505  488
  487  486  485  484  483  429  428  427  426  425  424  423  422  421
  420  419  418  417  416  415  414  413  412  411  410  409  408  407
  406  405  404  403  402  401  400  399  398  397  396  395  394  393
  392  391  390  389  388  387  386  385  384  379  378  377  376  375
  374  373  372  371  370  369  368  367  366  365  364  363  362  361
  360  359  358  357  356  355  354  353  352  351  350  349  348  347
  346  345  344  343  342  341  340  339  338  337  336  335  334  157
  158  159  160  161  333  332  331  330  329  328  327  326  325  324
  323  322  321  320  319  318  317  316  315  314  313  312  311  148
  149  147  146  145  144  143  142  134 1374 1309 1375 1308 1376 1307
 1377 1378 1379 1306 1380 1305 1381 1304 1382 1303 1383 1384 1302 1288
 1301 1385 1300 1386 1387 1298 1388 1389 1390 1295 1294 1205 1206 1296
 1297 1293 1207 1292 1208 1209 1291 1299 1290 1210 1289 1211 1212 1287
 1213 1286 1214 1285 1215 1284 1216 1283 1217 1218 1282 1281 1373 1219
 1310 1372 1371 1311 1220 1280 1221 1222 1279 1370 1369 1278 1223 1277
 1368 1312 1224 1276 1313 1367 1366 1314 1225 1226 1227 1275 1228 1274
 1315 1365 1364    9    8    7   17   18   19   20   55   56   57   95
   96   97  109  110  108  111  107  112  106  113  105  114   94   79
   78   74   77   75   76   41   40   16   15   39   42   43   38   44
   37   45   54   36   10    6    5    4    3    2    1    0   25   14
   13   12   11   34   49   35   48   61   50   47   46   51   60   59
   58   24   23   22   21   52   53   73   80   72   71   70   69   84
   83   82   81  100   91   99   92   93   98  133  132  131  130  129
  128  115  127  116  126  117  125  118  119  120  121  122  123  124
  101  102  103  104   90   62   63   64   89   88   65   66   87   86
   85   67   68   33   26   32   27   31   28   29   30 1363 1316 1273
 1229 1230 1317 1362 1361 1318 1272 1231 1271 1232 1319 1360 1359 1320
 1270 1233 1269 1321 1358 1268 1234 1235 1322 1357 1356 1323 1267 1236
 1266 1237 1324 1355 1354 1325 1265 1238 1264 1239 1263 1326 1353 1327
 1240 1262 1352 1351 1350 1241 1242 1328 1349 1329 1348 1261 1330 1260
 1347 1346 1243 1331 1345 1344 1332 1244 1259 1245 1246 1258 1343 1342
 1257 1247 1256 1248 1255 1334 1335 1249 1250 1251 1254 1252 1253 1336
 1337 1338 1339 1340 1333 1341  135  136  137  138  139  140  141  151
  150  182  183  184  185  186  187  188  189  190  191  192  193  194
  195  196  197  156  198  155  199  154  200  153  201  152  202  203
  204  205  206  207  208  209  210  211  212  213  214  215  216  217
  218  219  220  221  222  223  224  225  226  227  228  229  230  231
  232  233  234  235  236  237  238  239  240  241  242  243  244  245
  246  247  248  249  250  251  252  253  254  255  256  257  258  259
  260  261  262  263  264  265  266  267  268  269  270  271  272  273
  274  275  276  277  278  279  280  281  282  283  284  285  286  287
  288  289  290  291  292  293  181  180  179  178  177  176  175  174
  173  172  171  170  169  168  167  166  165  164  163  162  380  381
  382  383  310  309  308  307  306  305  304  303  302  301  300  299
  298  297  296  295  294  556  557  558  559  560  561  562  563  564
  565  566  656  567  655  568  654  569  653  570  652  571  651  572
  650  573  649  574  648  575  647  576  646  577  645  578  644  579
  643  580  642  581  641  582  640  583  639  584  638  585  637  586
  636  587  635  588  634  589  633  590  632  591  631  592  630  593
  629  594  628  595  627  596  626  597  625  598  624  599  623  600
  622  601  621  602  620  603  619  604  618  605  617  606  616  607
  615  608  614  613  612  611  610  609  702  712  701  713  700  714
  699  715  698  716  697  717  696  718  695  719  694  720  693  721
  692  722  691  723  690  724  689  725  688  726  687  727  686  728
  685  729  684  730  683  731  682  732  681  733  680  734  679  735
  678  736  677  737  676  738  675  739  674  740  673  741  672  742
  671  743  670  744  669  668  667  666  665  664  663  662  661  660
  659  658  657  755  754  798  753  752  800  751  801  750  802  880
  749  803  748  879  804  747  878  805  746  877  876  806  745  807
  875  808  809  810  811  812  813  814  815  816  817  818  819  820
  821  822  823  824  825  826  827  828  829]

eliteFit: 22459.0
percentError: 0.9438626455121578
computationTime: 91.153s