instanceName: fl1577
n: 1577
optFit: 22249

genTime, gen, eliteFit, percentError:
0.0020382999937282875, 0, 1322854.0, 5845.678
1.8015143999946304, 1, 23737.0, 6.688
1.1022553999937372, 2, 23644.0, 6.270
0.9400131000002148, 3, 23437.0, 5.340
0.9985583999950904, 4, 23112.0, 3.879
0.9459056999912718, 5, 23112.0, 3.879
1.0531367999938084, 6, 23112.0, 3.879
1.0062464000075124, 7, 23067.0, 3.677
0.7829173999925843, 8, 23040.0, 3.555
0.7336153000069316, 9, 22994.0, 3.348
0.7396051000105217, 10, 22988.0, 3.321
0.7665378999954555, 11, 22948.0, 3.142
0.7754281999950763, 12, 22880.0, 2.836
0.7211397000064608, 13, 22866.0, 2.773
0.7568731999926968, 14, 22864.0, 2.764
0.7917226999998093, 15, 22856.0, 2.728
0.8593233999999939, 16, 22834.0, 2.629
0.755865500002983, 17, 22809.0, 2.517
0.7746489999990445, 18, 22781.0, 2.391
0.703913300007116, 19, 22754.0, 2.270
0.7225592000031611, 20, 22723.0, 2.130
0.6453681999992114, 21, 22713.0, 2.085
0.645682799993665, 22, 22694.0, 2.000
0.5815825000026962, 23, 22688.0, 1.973
0.5846866999927443, 24, 22658.0, 1.838
0.6871903999999631, 25, 22642.0, 1.766
0.6065575000102399, 26, 22629.0, 1.708
0.5055110000103014, 27, 22629.0, 1.708
0.5921950000047218, 28, 22623.0, 1.681
0.5610211000021081, 29, 22617.0, 1.654
0.553129899999476, 30, 22603.0, 1.591
0.5536066000058781, 31, 22602.0, 1.587
0.5006454000103986, 32, 22587.0, 1.519
0.5302509000030113, 33, 22583.0, 1.501
0.4465287999919383, 34, 22568.0, 1.434
0.41437020000012126, 35, 22554.0, 1.371
0.455357599988929, 36, 22549.0, 1.348
0.29842720000306144, 37, 22539.0, 1.303
0.2863292999973055, 38, 22527.0, 1.249
0.2752399000019068, 39, 22523.0, 1.232
0.24688700000115205, 40, 22523.0, 1.232
0.2724319999979343, 41, 22523.0, 1.232
0.2351185000006808, 42, 22523.0, 1.232
0.2639884000091115, 43, 22523.0, 1.232
0.24598669999977574, 44, 22523.0, 1.232
0.22699930000817403, 45, 22523.0, 1.232
0.3085288000002038, 46, 22523.0, 1.232
0.24568639999779407, 47, 22523.0, 1.232
0.22158440000202972, 48, 22523.0, 1.232
0.23021940000762697, 49, 22523.0, 1.232
0.2485142000077758, 50, 22523.0, 1.232
0.2594059999973979, 51, 22523.0, 1.232
0.2524291000008816, 52, 22523.0, 1.232
0.2945801999885589, 53, 22523.0, 1.232
0.2563663000037195, 54, 22523.0, 1.232
0.2539775000041118, 55, 22523.0, 1.232
0.2672288000030676, 56, 22523.0, 1.232
0.21337860000494402, 57, 22523.0, 1.232
0.32509749999735504, 58, 22523.0, 1.232
0.3052998000057414, 59, 22523.0, 1.232
0.23334519998752512, 60, 22523.0, 1.232
0.23156730001210235, 61, 22523.0, 1.232
0.22319460001017433, 62, 22523.0, 1.232
0.2349443999992218, 63, 22523.0, 1.232
0.2548584000032861, 64, 22523.0, 1.232
0.2830476999952225, 65, 22519.0, 1.214
0.24286519999441225, 66, 22519.0, 1.214
0.2693199000059394, 67, 22519.0, 1.214
0.25076899999112356, 68, 22519.0, 1.214
0.2659752000035951, 69, 22519.0, 1.214
0.27957909999531694, 70, 22519.0, 1.214
0.25372009999409784, 71, 22519.0, 1.214
0.23335039999801666, 72, 22519.0, 1.214
0.26052499999059364, 73, 22519.0, 1.214
0.24787190000643022, 74, 22519.0, 1.214
0.22505409999575932, 75, 22519.0, 1.214
0.2667183000012301, 76, 22519.0, 1.214
0.2681130000128178, 77, 22519.0, 1.214
0.29975439999543596, 78, 22519.0, 1.214
0.2157918000011705, 79, 22519.0, 1.214
0.2828702999977395, 80, 22519.0, 1.214
0.24991070000396576, 81, 22519.0, 1.214
0.2389586000062991, 82, 22519.0, 1.214
0.22250519999943208, 83, 22519.0, 1.214
0.2759117000096012, 84, 22519.0, 1.214
0.2547251000069082, 85, 22519.0, 1.214
0.22958569999900647, 86, 22519.0, 1.214
0.20780210000521038, 87, 22519.0, 1.214
0.24700210000446532, 88, 22519.0, 1.214
0.24061839999922086, 89, 22519.0, 1.214
0.26870109999435954, 90, 22508.0, 1.164
0.24530339999182615, 91, 22508.0, 1.164
0.28508159999910276, 92, 22508.0, 1.164
0.27550419999170117, 93, 22508.0, 1.164
0.3268302000069525, 94, 22508.0, 1.164
0.26539269999193493, 95, 22508.0, 1.164
0.21212630000081845, 96, 22508.0, 1.164
0.3335462999966694, 97, 22508.0, 1.164
0.25341109999862965, 98, 22508.0, 1.164
0.2703056000027573, 99, 22508.0, 1.164
0.255150600001798, 100, 22508.0, 1.164
0.2548681000043871, 101, 22508.0, 1.164
0.2992952999920817, 102, 22508.0, 1.164
0.2610576000006404, 103, 22508.0, 1.164
0.22943880000093486, 104, 22508.0, 1.164
0.28853309999976773, 105, 22508.0, 1.164
0.24488440000277478, 106, 22508.0, 1.164
0.26493039999331813, 107, 22508.0, 1.164
0.28114300000015646, 108, 22508.0, 1.164
0.22668120000162162, 109, 22508.0, 1.164
0.2272979999979725, 110, 22508.0, 1.164
0.25423700000101235, 111, 22508.0, 1.164
0.27678599998762365, 112, 22508.0, 1.164
0.25805920000129845, 113, 22508.0, 1.164
0.2481975999980932, 114, 22508.0, 1.164
0.25339520000852644, 115, 22508.0, 1.164
0.2549124000070151, 116, 22508.0, 1.164
0.25521210000442807, 117, 22508.0, 1.164
0.2566164000018034, 118, 22508.0, 1.164
0.2943888000008883, 119, 22508.0, 1.164
0.25025840000307653, 120, 22508.0, 1.164
0.28127009999298025, 121, 22502.0, 1.137
0.23479619999125134, 122, 22502.0, 1.137
0.2372514000016963, 123, 22502.0, 1.137
0.20822630000475328, 124, 22502.0, 1.137
0.21759880000900012, 125, 22502.0, 1.137
0.2902785999904154, 126, 22502.0, 1.137
0.30621689998952206, 127, 22502.0, 1.137
0.2644012999953702, 128, 22500.0, 1.128
0.2995526000013342, 129, 22500.0, 1.128
0.2608747000049334, 130, 22500.0, 1.128
0.2485642999963602, 131, 22500.0, 1.128
0.25385900000401307, 132, 22500.0, 1.128
0.2395974999963073, 133, 22500.0, 1.128
0.2556635999935679, 134, 22500.0, 1.128
0.22165330000279937, 135, 22500.0, 1.128
0.2884157999942545, 136, 22500.0, 1.128
0.24769620000733994, 137, 22500.0, 1.128
0.304273399990052, 138, 22500.0, 1.128
0.23281539999879897, 139, 22500.0, 1.128
0.2790307999966899, 140, 22500.0, 1.128
0.23084849999577273, 141, 22494.0, 1.101
0.2699760999967111, 142, 22494.0, 1.101
0.2406590999889886, 143, 22494.0, 1.101
0.23812429999816231, 144, 22494.0, 1.101
0.24301860001287423, 145, 22494.0, 1.101
0.27564439999696333, 146, 22494.0, 1.101
0.3445080999954371, 147, 22494.0, 1.101
0.2558223999949405, 148, 22483.0, 1.052
0.21657430000777822, 149, 22483.0, 1.052
0.2759291999973357, 150, 22483.0, 1.052
0.22364469998865388, 151, 22483.0, 1.052
0.25143990000651684, 152, 22483.0, 1.052
0.2572216999978991, 153, 22483.0, 1.052
0.23055240001122002, 154, 22483.0, 1.052
0.20706950000021607, 155, 22483.0, 1.052
0.2850351000088267, 156, 22473.0, 1.007
0.24976930000411812, 157, 22473.0, 1.007
0.27745389999472536, 158, 22473.0, 1.007
0.26046170000336133, 159, 22473.0, 1.007
0.21688469999935478, 160, 22473.0, 1.007
0.2887980000086827, 161, 22473.0, 1.007
0.25198610000370536, 162, 22471.0, 0.998
0.2869055000046501, 163, 22471.0, 0.998
0.25198960000125226, 164, 22471.0, 0.998
0.29503970000951085, 165, 22471.0, 0.998
0.29243529999803286, 166, 22471.0, 0.998
0.31587540000327863, 167, 22471.0, 0.998
0.2220006999996258, 168, 22471.0, 0.998
0.29134609999891836, 169, 22471.0, 0.998
0.25969760000589304, 170, 22471.0, 0.998
0.3031889999983832, 171, 22471.0, 0.998
0.21523220000381116, 172, 22471.0, 0.998
0.21735820001049433, 173, 22471.0, 0.998
0.2625195000000531, 174, 22471.0, 0.998
0.28885409999929834, 175, 22471.0, 0.998
0.2739806000026874, 176, 22471.0, 0.998
0.2882289999979548, 177, 22466.0, 0.975
0.2757838000106858, 178, 22466.0, 0.975
0.334865600001649, 179, 22455.0, 0.926
0.24829329999920446, 180, 22455.0, 0.926
0.2722593000071356, 181, 22455.0, 0.926
0.25773579999804497, 182, 22455.0, 0.926
0.20291129998804536, 183, 22455.0, 0.926
0.2757637999893632, 184, 22455.0, 0.926
0.21386839999468066, 185, 22455.0, 0.926
0.2346945000026608, 186, 22455.0, 0.926
0.2460232999874279, 187, 22455.0, 0.926
0.24750490000587888, 188, 22455.0, 0.926
0.29899190001015086, 189, 22455.0, 0.926
0.2417593999998644, 190, 22455.0, 0.926
0.26330209999287035, 191, 22455.0, 0.926
0.22233400000550319, 192, 22455.0, 0.926
0.27691309999499936, 193, 22455.0, 0.926
0.31227849998685997, 194, 22455.0, 0.926
0.2548110999923665, 195, 22455.0, 0.926
0.28443410000181757, 196, 22455.0, 0.926
0.24040349999268074, 197, 22455.0, 0.926
0.22324150000349618, 198, 22455.0, 0.926
0.2550206000014441, 199, 22455.0, 0.926
0.26947369999834336, 200, 22455.0, 0.926
0.25895229999150615, 201, 22455.0, 0.926
0.22887020000780467, 202, 22455.0, 0.926
0.2481532999954652, 203, 22450.0, 0.903
0.22210569999879226, 204, 22450.0, 0.903
0.23086139999213628, 205, 22444.0, 0.876
0.29972949999501, 206, 22444.0, 0.876
0.2404479000106221, 207, 22444.0, 0.876
0.23794479999924079, 208, 22444.0, 0.876
0.277399400001741, 209, 22444.0, 0.876
0.25373640000179876, 210, 22444.0, 0.876
0.24404940000385977, 211, 22444.0, 0.876
0.2796868000004906, 212, 22444.0, 0.876
0.27805999999691267, 213, 22444.0, 0.876
0.26250849998905323, 214, 22444.0, 0.876
0.2393638999928953, 215, 22444.0, 0.876
0.23349300000700168, 216, 22444.0, 0.876
0.24690240000199992, 217, 22444.0, 0.876
0.2631695000018226, 218, 22444.0, 0.876
0.22325340000679716, 219, 22444.0, 0.876
0.23781260001123883, 220, 22444.0, 0.876
0.2914619999937713, 221, 22444.0, 0.876
0.29621299999416806, 222, 22444.0, 0.876
0.2740315999981249, 223, 22444.0, 0.876
0.24188889999641106, 224, 22444.0, 0.876
0.23666880000382662, 225, 22444.0, 0.876
0.27120259999355767, 226, 22444.0, 0.876
0.27384860000165645, 227, 22444.0, 0.876
0.24038639999344014, 228, 22444.0, 0.876
0.22277579999354202, 229, 22444.0, 0.876
0.2839501999987988, 230, 22444.0, 0.876
0.26305589999537915, 231, 22444.0, 0.876
0.25418299999728333, 232, 22444.0, 0.876
0.19907799999054987, 233, 22444.0, 0.876
0.28487600000516977, 234, 22444.0, 0.876
0.23039240000071004, 235, 22444.0, 0.876
0.29108419999829493, 236, 22444.0, 0.876
0.2929230000008829, 237, 22444.0, 0.876
0.2454135000007227, 238, 22444.0, 0.876
0.23077629999897908, 239, 22444.0, 0.876
0.24500130000524223, 240, 22444.0, 0.876
0.26584819999698084, 241, 22444.0, 0.876
0.26107259999844246, 242, 22444.0, 0.876
0.3070450999948662, 243, 22444.0, 0.876
0.2303511000063736, 244, 22444.0, 0.876
0.2644289000018034, 245, 22444.0, 0.876
0.25602600000274833, 246, 22444.0, 0.876
0.2739438999997219, 247, 22444.0, 0.876
0.24069360000430606, 248, 22444.0, 0.876
0.2226747999957297, 249, 22444.0, 0.876
0.22508419999212492, 250, 22444.0, 0.876
0.24147619999712333, 251, 22444.0, 0.876
0.25648919999366626, 252, 22444.0, 0.876
0.23293510000803508, 253, 22444.0, 0.876
0.2603813000023365, 254, 22444.0, 0.876
0.30300859999260865, 255, 22444.0, 0.876

tour:
[ 763  894  895  764  765  896  897  766  767  898  899  768  769  900
  901  770  771  902  903  772  773  904  905  774  775  906  907  776
  777  908  909  778  779  910  911  780  781  912  913  782  783  914
  915  784  785  916  917  786  787  918  919  788  789  920  921  790
  791  922  923  792  793  924  925  794  795  926  927  796  797  710
  703  711  702  712  701  713  700  714  699  715  698  716  697  717
  696  718  695  719  694  720  693  721  692  722  691  723  690  724
  689  725  688  726  687  727  686  728  685  729  684  730  683  731
  682  732  681  733  680  734  679  735  678  736  677  737  676  738
  675  739  674  740  673  741  672  742  671  743  670  744  669  668
  667  666  665  649  574  648  575  647  576  646  577  645  578  644
  579  643  580  642  581  641  582  640  583  639  584  638  585  637
  586  636  587  635  588  634  589  633  590  632  591  631  592  630
  593  629  594  628  595  627  596  626  597  625  598  624  599  623
  600  622  601  621  602  620  603  619  604  618  605  617  606  616
  607  615  608  614  613  612  611  610  609  709  708  707  706  705
  704  506  507  508  509  510  511  512  513  514  515  516  517  518
  519  520  521  522  523  524  525  526  527  528  529  530  531  532
  533  534  535  536  537  538  539  540  541  542  543  544  545  546
  547  548  447  446  445  444  443  442  441  448  449  450  451  452
  453  454  455  456  457  458  459  460  461  462  463  464  465  466
  467  468  469  470  501  471  440  472  500  499  498  473  439  438
  474  437  475  497  496  476  436  435  477  495  494  478  434  433
  479  493  492  491  480  432  431  481  430  482  490  502  489  503
  504  505  488  487  486  485  484  483  429  428  427  426  425  424
  423  422  421  420  419  418  417  416  415  414  413  412  411  410
  409  408  407  406  405  404  403  402  401  400  399  398  397  396
  395  394  393  392  391  390  389  388  387  386  385  384  379  378
  377  376  375  374  373  372  371  370  369  368  367  366  365  364
  363  362  361  360  359  358  357  356  355  354  353  352  351  350
  349  348  347  346  345  344  343  342  341  340  339  338  337  336
  335  157  158  159  160  161  334  333  332  331  330  329  328  327
  326  325  324  323  322  321  320  319  318  317  316  315  314  313
  312  311  148  149  147  146  145  144  143  142  134 1375 1308 1376
 1307 1377 1378 1379 1306 1380 1305 1381 1304 1382 1303 1383 1302 1288
 1301 1384 1385 1300 1386 1387 1388 1389 1297 1293 1296 1390 1295 1205
 1294 1206 1207 1292 1298 1291 1208 1209 1299 1290 1210 1289 1211 1212
 1287 1213 1286 1214 1285 1215 1284 1216 1283 1217 1218 1282 1309 1281
 1374 1373 1219 1310 1372 1371 1311 1220 1280 1221 1222 1279 1370 1369
 1278 1223 1277 1368 1312 1224 1276 1313 1367 1366 1314 1225 1226 1227
 1275 1228 1274 1315 1365 1364    9    8   20   19   18   17   16    7
   15   40   41   42   39   43   38   44   37   45   36   10    6    5
    4    3    2    1    0   14   13   12   11   34   49   35   48   61
   50   60   51   59   58   46   47   25   24   23   22   21   69   84
   83   82   70   52   53   54   73   80   72   71   81   91  100   99
   92   98   93   94   79   78   74   77   75   76   55   56   57   95
   96   97  109  110  108  111  107  112  106  113  105  114  133  132
  131  130  129  128  115  127  116  126  117  125  118  119  120  121
  122  123  124  101  102  103  104   90   89   88   65   66   87   86
   67   85   68   33   26   32   27   31   28   29   30   64   63   62
 1363 1316 1229 1273 1230 1272 1317 1362 1318 1361 1271 1231 1232 1270
 1319 1360 1320 1359 1321 1269 1233 1234 1268 1235 1322 1358 1357 1323
 1267 1236 1266 1356 1324 1355 1325 1265 1237 1238 1264 1239 1263 1326
 1354 1353 1327 1240 1262 1352 1351 1350 1241 1242 1328 1349 1329 1348
 1261 1330 1260 1347 1346 1243 1331 1345 1344 1332 1244 1259 1245 1246
 1258 1343 1342 1257 1247 1256 1248 1255 1333 1341 1334 1340 1339 1335
 1249 1250 1251 1254 1252 1253 1336 1337 1338  135  136  137  138  139
  140  141  151  150  183  184  185  186  187  188  189  190  191  192
  193  194  195  196  197  156  198  155  199  154  200  153  201  152
  202  203  204  205  206  207  208  209  210  211  212  213  214  215
  216  217  218  219  220  221  222  223  224  225  226  227  228  229
  230  231  232  233  234  235  236  237  238  239  240  241  242  243
  244  245  246  247  248  249  250  251  252  253  254  255  256  257
  258  259  260  261  262  263  264  265  266  267  268  269  270  271
  272  273  274  275  276  277  278  279  280  281  282  283  284  285
  286  287  288  289  290  291  292  293  182  181  180  179  178  177
  176  175  174  173  172  171  170  169  168  167  166  165  164  163
  162  380  381  382  383  310  309  308  307  306  305  304  303  302
  301  300  299  298  297  296  295  294  556  557  558  559  560  561
  562  563  564  565  566  555  554  553  552  551  550  549  573  650
  572  651  571  652  570  653  569  654  568  655  567  656  657  658
  659  660  661  662  663  664  761  760  759  758  757  756  755  754
  798  753  799  752  800  751  801  750  802  880  749  803  879  748
  804  878  747  805  746  806  877  876  745  807  875  808  809  810
  811  812  813  814  815  816  817  818  819  820  821  822  823  824
  825  826  827  828  829  830  831  832  833  834  835  836  837  838
  839  840  841  842  843  844  845  846  847  848  849  850  851  852
  853  854  855  856  857  858  859  860  861  862  863  864  865  866
  867  868  869  870  871  872  873  874 1047 1046 1045 1044 1043 1042
 1041 1040 1039 1038 1037 1036 1035 1034 1033 1032 1031 1030 1029 1028
 1027 1026 1025 1024 1023 1022 1021 1020 1019  959  958  960  957  961
  956  962  955  963  954  964  992 1014 1015 1016 1017 1018 1064 1065
 1066 1067 1068 1083 1085 1084 1096 1095 1094 1093 1092 1091 1135 1136
 1137 1138 1201 1202 1203 1204 1134 1133 1132 1131 1130 1129 1128 1127
 1126 1125 1124 1123 1122 1121 1120 1119 1118 1117 1116 1115 1114 1113
 1112 1111 1110 1109 1108 1107 1106 1105 1104 1103 1102 1426 1425 1471
 1470 1424 1423 1469 1422 1468 1421 1467 1420 1466 1419 1465 1418 1417
 1416 1464 1505 1415 1463 1547 1548 1549 1506 1550 1507 1508 1551 1552
 1553 1554 1509 1555 1510 1556 1557 1511 1558 1512 1559 1513 1560 1561
 1546 1462 1414 1461 1504 1545 1503 1544 1502 1460 1413 1412 1459 1411
 1410 1458 1501 1543 1542 1500 1457 1409 1408 1456 1499 1541 1540 1498
 1539 1497 1455 1407 1406 1454 1496 1538 1537 1536 1495 1453 1405 1452
 1404 1494 1535 1493 1451 1403 1562 1563 1514 1472 1427 1473 1428 1429
 1430 1515 1564 1565 1516 1566 1517 1474 1431 1475 1432 1476 1567 1568
 1477 1433 1434 1478 1435 1518 1569 1570 1519 1436 1571 1572 1479 1520
 1573 1480 1521 1574 1522 1437 1438 1575 1576 1534 1533 1491 1449 1492
 1450 1402 1401 1448 1400 1399 1447 1490 1532 1531 1489 1530 1488 1446
 1398 1445 1397 1396 1444 1487 1529 1528 1486 1527 1485 1443 1395 1442
 1394 1441 1484 1526 1525 1483 1524 1523 1481 1439 1482 1440 1393 1392
 1391 1200 1199 1198 1197 1196 1195 1194 1193 1192 1191 1190 1189 1188
 1187 1186 1185 1184 1183 1182 1181 1180 1179 1178 1177 1176 1175 1174
 1173 1172 1171 1170 1169 1168 1167 1166 1165 1164 1163 1162 1161 1160
 1159 1158 1157 1156 1155 1154 1153 1152 1151 1150 1149 1148 1147 1146
 1145 1144 1143 1142 1141 1140 1139 1099 1098 1097 1100 1101 1088 1089
 1076 1053 1054 1005 1055 1004  981  979  980 1003 1056 1057 1058 1059
  936  937  938  939  940  941  978  982  977  942  976  983 1002 1001
  984 1000 1052 1060 1077 1078 1079 1075 1074 1090 1073 1072 1087 1086
 1071 1061 1008  995 1009  994  993 1063 1069 1062 1070 1080 1081 1082
 1010 1048 1011 1012 1013  991  965  990  966  953  989  967  952  968
  951  969  950  949  970  988  971  987  972  948  973  986  996 1007
 1006  985  947  974  946  975  945  997 1049 1050 1051  998  999  943
  944  935  934  928  933  929  930  931  932  881  882  883  884  885
  886  887  888  889  890  891  892  893  762]

eliteFit: 22444.0
percentError: 0.8764438851184322
computationTime: 83.280s