instanceName: fl1577
n: 1577
optFit: 22249

genTime, gen, eliteFit, percentError:
0.0018834999937098473, 0, 1315629.0, 5813.205
1.7286504000076093, 1, 23936.0, 7.582
1.1577836999931606, 2, 23703.0, 6.535
0.9196232999966014, 3, 23433.0, 5.322
0.9454174999991665, 4, 23407.0, 5.205
0.8457904999959283, 5, 23207.0, 4.306
0.9561646999936784, 6, 23146.0, 4.032
0.9783121000073152, 7, 23123.0, 3.928
0.9036605000001146, 8, 23040.0, 3.555
0.8632059000083245, 9, 22974.0, 3.259
0.8948902999982238, 10, 22958.0, 3.187
0.9376851999986684, 11, 22929.0, 3.056
0.9493710999959148, 12, 22921.0, 3.020
0.8454541000101017, 13, 22860.0, 2.746
0.8643682999972953, 14, 22830.0, 2.611
0.7728743999905419, 15, 22794.0, 2.450
0.7261421000002883, 16, 22771.0, 2.346
0.6322636999975657, 17, 22750.0, 2.252
0.6369681999931345, 18, 22713.0, 2.085
0.5208907000051113, 19, 22676.0, 1.919
0.38791150000179186, 20, 22668.0, 1.883
0.3836454000120284, 21, 22663.0, 1.861
0.29079599998658523, 22, 22663.0, 1.861
0.2502896000078181, 23, 22656.0, 1.829
0.2333859000063967, 24, 22653.0, 1.816
0.2796922999987146, 25, 22653.0, 1.816
0.25093559999368154, 26, 22653.0, 1.816
0.27821159998711664, 27, 22653.0, 1.816
0.24358149999170564, 28, 22653.0, 1.816
0.2908673999918392, 29, 22653.0, 1.816
0.2668162000045413, 30, 22653.0, 1.816
0.272127600008389, 31, 22653.0, 1.816
0.3116624999966007, 32, 22653.0, 1.816
0.23898639999970328, 33, 22653.0, 1.816
0.23311950000061188, 34, 22653.0, 1.816
0.23097910000069533, 35, 22652.0, 1.811
0.24437639999086969, 36, 22652.0, 1.811
0.2251659000030486, 37, 22634.0, 1.730
0.29369130000122823, 38, 22633.0, 1.726
0.25865580000390764, 39, 22600.0, 1.578
0.2916981000016676, 40, 22584.0, 1.506
0.2524567000073148, 41, 22584.0, 1.506
0.25913959999161307, 42, 22582.0, 1.497
0.2373615999968024, 43, 22582.0, 1.497
0.22488159999193158, 44, 22582.0, 1.497
0.30994349998945836, 45, 22582.0, 1.497
0.22403029999986757, 46, 22582.0, 1.497
0.243926700000884, 47, 22582.0, 1.497
0.24218269999255426, 48, 22582.0, 1.497
0.24316549999639392, 49, 22582.0, 1.497
0.24582149999332614, 50, 22582.0, 1.497
0.19861500000115484, 51, 22582.0, 1.497
0.22316400001000147, 52, 22582.0, 1.497
0.2649676000000909, 53, 22582.0, 1.497
0.27807929999835324, 54, 22582.0, 1.497
0.2903026999993017, 55, 22582.0, 1.497
0.24998899998900015, 56, 22582.0, 1.497
0.2794776000082493, 57, 22582.0, 1.497
0.326711300003808, 58, 22582.0, 1.497
0.24240769998868927, 59, 22582.0, 1.497
0.29032139999617357, 60, 22582.0, 1.497
0.26279860000067856, 61, 22582.0, 1.497
0.24555939999117982, 62, 22579.0, 1.483
0.24310460001288448, 63, 22579.0, 1.483
0.30234850000124425, 64, 22579.0, 1.483
0.30641389999073, 65, 22579.0, 1.483
0.32340530000510626, 66, 22579.0, 1.483
0.2689756000036141, 67, 22579.0, 1.483
0.22668079999857582, 68, 22579.0, 1.483
0.24553179999929853, 69, 22579.0, 1.483
0.23926420000498183, 70, 22579.0, 1.483
0.29485940000449773, 71, 22579.0, 1.483
0.24040539999259636, 72, 22579.0, 1.483
0.29882419999921694, 73, 22578.0, 1.479
0.3374469999980647, 74, 22578.0, 1.479
0.2606431000021985, 75, 22569.0, 1.438
0.22340000000258442, 76, 22569.0, 1.438
0.25493889999052044, 77, 22560.0, 1.398
0.24247270000341814, 78, 22559.0, 1.393
0.23620169999776408, 79, 22559.0, 1.393
0.2520968000026187, 80, 22556.0, 1.380
0.24330049999116454, 81, 22556.0, 1.380
0.2805778000038117, 82, 22556.0, 1.380
0.40980080000008456, 83, 22545.0, 1.330
0.3262405000132276, 84, 22526.0, 1.245
0.2775658000027761, 85, 22519.0, 1.214
0.3046318999986397, 86, 22514.0, 1.191
0.22549340000841767, 87, 22505.0, 1.151
0.2527453999937279, 88, 22504.0, 1.146
0.2217516000091564, 89, 22504.0, 1.146
0.25629349998780526, 90, 22504.0, 1.146
0.2151735999941593, 91, 22504.0, 1.146
0.2703051999997115, 92, 22504.0, 1.146
0.25794510000559967, 93, 22504.0, 1.146
0.24201189998711925, 94, 22504.0, 1.146
0.22732220000762027, 95, 22504.0, 1.146
0.22598369998740964, 96, 22504.0, 1.146
0.23662380001042038, 97, 22504.0, 1.146
0.2779389000061201, 98, 22504.0, 1.146
0.26315600000089034, 99, 22504.0, 1.146
0.22516219998942688, 100, 22504.0, 1.146
0.3229886000044644, 101, 22504.0, 1.146
0.22173690001363866, 102, 22500.0, 1.128
0.27608569999574684, 103, 22496.0, 1.110
0.35301419999450445, 104, 22496.0, 1.110
0.32364180000149645, 105, 22494.0, 1.101
0.27589869999792427, 106, 22491.0, 1.088
0.32596070000727195, 107, 22487.0, 1.070
0.2742004000028828, 108, 22487.0, 1.070
0.2989866999996593, 109, 22478.0, 1.029
0.27220340000349097, 110, 22478.0, 1.029
0.2742582000064431, 111, 22470.0, 0.993
0.34185989999969024, 112, 22470.0, 0.993
0.394756800000323, 113, 22470.0, 0.993
0.3606170999992173, 114, 22470.0, 0.993
0.2661915000062436, 115, 22470.0, 0.993
0.22618420000071637, 116, 22470.0, 0.993
0.22542460000840947, 117, 22470.0, 0.993
0.3111384000076214, 118, 22470.0, 0.993
0.24185429999488406, 119, 22470.0, 0.993
0.2725135000073351, 120, 22470.0, 0.993
0.2811692000104813, 121, 22470.0, 0.993
0.3172257999976864, 122, 22470.0, 0.993
0.2635314999934053, 123, 22470.0, 0.993
0.2458318999997573, 124, 22470.0, 0.993
0.3024466999922879, 125, 22468.0, 0.984
0.30941239999083336, 126, 22468.0, 0.984
0.27141950000077486, 127, 22468.0, 0.984
0.2963801000005333, 128, 22468.0, 0.984
0.30816220000269823, 129, 22468.0, 0.984
0.32580930000403896, 130, 22468.0, 0.984
0.30364389999886043, 131, 22468.0, 0.984
0.3049294000084046, 132, 22466.0, 0.975
0.24636720000125933, 133, 22458.0, 0.939
0.29791279998607934, 134, 22458.0, 0.939
0.30110929999500513, 135, 22456.0, 0.930
0.34224499999254476, 136, 22456.0, 0.930
0.2922938999981852, 137, 22456.0, 0.930
0.22268060001078993, 138, 22456.0, 0.930
0.24414619999879505, 139, 22456.0, 0.930
0.23819930000172462, 140, 22456.0, 0.930
0.2760983999905875, 141, 22456.0, 0.930
0.2736319999967236, 142, 22456.0, 0.930
0.2888760000059847, 143, 22456.0, 0.930
0.26568529999349266, 144, 22456.0, 0.930
0.3273712000082014, 145, 22456.0, 0.930
0.24879939999664202, 146, 22456.0, 0.930
0.21092279998993035, 147, 22455.0, 0.926
0.23556330001156311, 148, 22455.0, 0.926
0.2412899000046309, 149, 22455.0, 0.926
0.2201748000079533, 150, 22455.0, 0.926
0.25289459999476094, 151, 22455.0, 0.926
0.31420529999013525, 152, 22455.0, 0.926
0.23978340000030585, 153, 22455.0, 0.926
0.24850240000523627, 154, 22455.0, 0.926
0.24099380000552628, 155, 22455.0, 0.926
0.26210570000694133, 156, 22455.0, 0.926
0.2793232999974862, 157, 22455.0, 0.926
0.3452052999928128, 158, 22450.0, 0.903
0.3014753000024939, 159, 22450.0, 0.903
0.2615174000093248, 160, 22450.0, 0.903
0.2158973000041442, 161, 22450.0, 0.903
0.3258638000115752, 162, 22450.0, 0.903
0.2704072000051383, 163, 22450.0, 0.903
0.2517172999941977, 164, 22450.0, 0.903
0.23368150000169408, 165, 22450.0, 0.903
0.24232789999223314, 166, 22450.0, 0.903
0.21730879999813624, 167, 22450.0, 0.903
0.2953503000026103, 168, 22450.0, 0.903
0.24729909999587107, 169, 22450.0, 0.903
0.2164277999982005, 170, 22450.0, 0.903
0.23827309999614954, 171, 22450.0, 0.903
0.22909469998558052, 172, 22450.0, 0.903
0.23173260000476148, 173, 22450.0, 0.903
0.24073269999644253, 174, 22450.0, 0.903
0.22932480000599753, 175, 22450.0, 0.903
0.23250839998945594, 176, 22450.0, 0.903
0.24531080000451766, 177, 22450.0, 0.903
0.31435689999489114, 178, 22450.0, 0.903
0.23833690000174101, 179, 22450.0, 0.903
0.2654852999985451, 180, 22450.0, 0.903
0.21412550000241026, 181, 22450.0, 0.903
0.3140463000017917, 182, 22450.0, 0.903
0.22062849999929313, 183, 22450.0, 0.903
0.29010750001179986, 184, 22450.0, 0.903
0.28707439999561757, 185, 22450.0, 0.903
0.283005499994033, 186, 22450.0, 0.903
0.25450439999985974, 187, 22450.0, 0.903
0.2213439000042854, 188, 22450.0, 0.903
0.22843969998939428, 189, 22450.0, 0.903
0.23073930000828113, 190, 22450.0, 0.903
0.24009229999501258, 191, 22450.0, 0.903
0.2855712000018684, 192, 22450.0, 0.903
0.2883311000041431, 193, 22450.0, 0.903
0.26098979999369476, 194, 22450.0, 0.903
0.3102631000074325, 195, 22450.0, 0.903
0.2380657999892719, 196, 22450.0, 0.903
0.2513716999965254, 197, 22447.0, 0.890
0.23712330000125803, 198, 22447.0, 0.890
0.2350917000003392, 199, 22437.0, 0.845
0.24662330000137445, 200, 22437.0, 0.845
0.20355460001155734, 201, 22437.0, 0.845
0.2574246000003768, 202, 22437.0, 0.845
0.22203989999252371, 203, 22437.0, 0.845
0.27342650000355206, 204, 22437.0, 0.845
0.2318063999991864, 205, 22437.0, 0.845
0.27794810000341386, 206, 22437.0, 0.845
0.29138579999562353, 207, 22435.0, 0.836
0.31654090000665747, 208, 22435.0, 0.836
0.2859081999922637, 209, 22432.0, 0.823
0.3330844000010984, 210, 22427.0, 0.800
0.35068909999972675, 211, 22425.0, 0.791
0.29759509999712463, 212, 22422.0, 0.778
0.3716514000116149, 213, 22422.0, 0.778
0.3045492000092054, 214, 22422.0, 0.778
0.24285110000346322, 215, 22422.0, 0.778
0.2105269000021508, 216, 22422.0, 0.778
0.26616279999143444, 217, 22422.0, 0.778
0.2531567999976687, 218, 22422.0, 0.778
0.22156140000151936, 219, 22422.0, 0.778
0.2417245999968145, 220, 22422.0, 0.778
0.242608200001996, 221, 22422.0, 0.778
0.23640739999245852, 222, 22422.0, 0.778
0.2464732000080403, 223, 22422.0, 0.778
0.21620090000214987, 224, 22422.0, 0.778
0.18633019999833778, 225, 22422.0, 0.778
0.2295146999967983, 226, 22422.0, 0.778
0.24220699998841155, 227, 22422.0, 0.778
0.23907219999819063, 228, 22422.0, 0.778
0.21748739999020472, 229, 22414.0, 0.742
0.27952539999387227, 230, 22414.0, 0.742
0.22222230001352727, 231, 22414.0, 0.742
0.27795859999605455, 232, 22414.0, 0.742
0.22920869999506976, 233, 22414.0, 0.742
0.20752709999214858, 234, 22414.0, 0.742
0.2767711999913445, 235, 22414.0, 0.742
0.25374919999740086, 236, 22414.0, 0.742
0.25715990000753663, 237, 22414.0, 0.742
0.22208549999049865, 238, 22414.0, 0.742
0.24668039999960456, 239, 22414.0, 0.742
0.22878119999950286, 240, 22414.0, 0.742
0.25910909999220166, 241, 22414.0, 0.742
0.2793073000066215, 242, 22414.0, 0.742
0.2620026999939, 243, 22414.0, 0.742
0.2937688999954844, 244, 22414.0, 0.742
0.22318349999841303, 245, 22414.0, 0.742
0.23754610000469256, 246, 22414.0, 0.742
0.27016980000189506, 247, 22414.0, 0.742
0.2739153000002261, 248, 22414.0, 0.742
0.22938769999018405, 249, 22414.0, 0.742
0.2885018999950262, 250, 22414.0, 0.742
0.22914609999861568, 251, 22413.0, 0.737
0.22039199998835102, 252, 22413.0, 0.737
0.25362249999307096, 253, 22413.0, 0.737
0.2804586999991443, 254, 22413.0, 0.737
0.21379500000330154, 255, 22413.0, 0.737
0.26048109999101143, 256, 22413.0, 0.737
0.23626949999015778, 257, 22413.0, 0.737
0.2113577999989502, 258, 22413.0, 0.737
0.28256239999609534, 259, 22413.0, 0.737
0.24792350000643637, 260, 22413.0, 0.737
0.20587060000980273, 261, 22405.0, 0.701
0.3052190000016708, 262, 22405.0, 0.701
0.3108871000004001, 263, 22405.0, 0.701
0.24619199999142438, 264, 22405.0, 0.701
0.24711709999246523, 265, 22405.0, 0.701
0.26571059999696445, 266, 22405.0, 0.701
0.2232545000006212, 267, 22405.0, 0.701
0.2551268999959575, 268, 22405.0, 0.701
0.22033689999079797, 269, 22405.0, 0.701
0.3545828999922378, 270, 22405.0, 0.701
0.22392049999325536, 271, 22405.0, 0.701
0.27346789999864995, 272, 22405.0, 0.701
0.2808170000062091, 273, 22405.0, 0.701
0.25742059999902267, 274, 22405.0, 0.701
0.2053102000063518, 275, 22405.0, 0.701
0.22617609999724664, 276, 22405.0, 0.701
0.2971668999962276, 277, 22405.0, 0.701
0.2909413000015775, 278, 22405.0, 0.701
0.27646170000662096, 279, 22405.0, 0.701
0.23084970000491012, 280, 22405.0, 0.701
0.2566837999911513, 281, 22405.0, 0.701
0.22402949999377597, 282, 22405.0, 0.701
0.24761259999650065, 283, 22405.0, 0.701
0.22295180000946857, 284, 22405.0, 0.701
0.23188549999031238, 285, 22405.0, 0.701
0.2232668999931775, 286, 22405.0, 0.701
0.26364279999688733, 287, 22405.0, 0.701
0.2777615999948466, 288, 22405.0, 0.701
0.22076329999254085, 289, 22405.0, 0.701
0.2561516000132542, 290, 22405.0, 0.701
0.21680949999426957, 291, 22405.0, 0.701
0.23073900000599679, 292, 22405.0, 0.701
0.2535607000027085, 293, 22405.0, 0.701
0.2477239999861922, 294, 22405.0, 0.701
0.23294170000008307, 295, 22405.0, 0.701
0.25589810000383295, 296, 22405.0, 0.701
0.25369680000585504, 297, 22405.0, 0.701
0.2281152000068687, 298, 22405.0, 0.701
0.23688399999809917, 299, 22405.0, 0.701
0.22699499998998363, 300, 22405.0, 0.701
0.23327599999902304, 301, 22405.0, 0.701
0.2497148999973433, 302, 22405.0, 0.701
0.23906550000538118, 303, 22405.0, 0.701
0.2302056999906199, 304, 22405.0, 0.701
0.278316600000835, 305, 22405.0, 0.701
0.3426847000082489, 306, 22405.0, 0.701
0.24183630000334233, 307, 22405.0, 0.701
0.2128666000062367, 308, 22405.0, 0.701
0.26110819999303203, 309, 22405.0, 0.701
0.23892250000790227, 310, 22405.0, 0.701
0.2572401999932481, 311, 22405.0, 0.701

tour:
[ 569  653  570  652  571  651  572  650  573  649  574  648  575  647
  576  646  577  645  578  644  579  643  580  642  581  641  582  640
  583  639  584  638  585  637  586  636  587  635  588  634  589  633
  590  632  591  631  592  630  593  629  594  628  595  627  596  626
  597  625  598  624  599  623  600  622  601  621  602  620  603  619
  604  618  605  617  606  616  607  615  608  614  613  612  700  714
  699  715  698  716  697  717  696  718  695  719  694  720  693  721
  692  722  691  723  690  724  689  725  688  726  687  727  686  728
  685  729  684  730  683  731  682  732  681  733  680  734  679  735
  678  736  677  737  676  738  675  739  674  740  673  741  672  742
  671  743  670  744  669  668  667  666  665  664  663  662  661  660
  659  658  657  754  798  753  752  751  750  749  748  804  747  746
  805  878  877  806  745  807  876  875  808  809  810  811  812  813
  814  815  816  817  818  819  820  821  822  823  824  825  826  827
  828  829  830  831  832  833  834  835  836  837  838  839  840  841
  842  843  844  845  846  847  848  849  850  851  852  853  854  855
  856  857  858  859  860  861  862  863  864  865  866  867  868  869
  870  871  872  873  874 1047 1046 1045 1044 1043 1042 1041 1040 1039
 1038 1037 1036 1035 1034 1033 1032 1031 1030 1029 1028 1027 1026 1025
 1024 1023 1022 1021 1020 1019  959  958  960  957  961  956  962  955
  963  954  964  992 1014 1015 1016 1017 1018 1064 1065 1066 1067 1068
 1083 1085 1084 1096 1095 1094 1093 1092 1091 1136 1137 1138 1201 1202
 1203 1204 1135 1134 1133 1132 1131 1130 1129 1128 1127 1126 1125 1124
 1123 1122 1121 1120 1119 1118 1117 1116 1115 1114 1113 1112 1111 1110
 1109 1108 1107 1106 1105 1104 1103 1102 1426 1425 1471 1470 1424 1423
 1469 1422 1468 1421 1467 1420 1466 1419 1465 1418 1417 1416 1415 1463
 1547 1548 1505 1464 1549 1506 1550 1507 1508 1551 1552 1553 1554 1509
 1555 1510 1556 1557 1511 1558 1512 1559 1513 1560 1561 1546 1462 1414
 1461 1504 1545 1503 1544 1502 1460 1413 1412 1459 1411 1410 1458 1501
 1543 1542 1500 1541 1499 1540 1498 1456 1457 1409 1408 1455 1539 1497
 1538 1496 1454 1407 1406 1453 1405 1404 1452 1495 1537 1536 1535 1494
 1451 1403 1493 1472 1427 1514 1562 1563 1473 1428 1429 1430 1515 1564
 1565 1516 1474 1517 1566 1475 1431 1432 1476 1567 1568 1477 1433 1434
 1478 1435 1518 1569 1570 1519 1436 1571 1572 1479 1520 1480 1573 1521
 1574 1522 1437 1438 1575 1576 1534 1492 1450 1402 1449 1401 1448 1491
 1533 1532 1531 1490 1400 1447 1399 1398 1445 1446 1489 1530 1488 1529
 1528 1487 1397 1444 1396 1486 1527 1485 1443 1395 1442 1526 1484 1394
 1393 1441 1525 1483 1524 1482 1523 1481 1439 1440 1392 1391 1200 1199
 1198 1197 1196 1195 1194 1193 1192 1191 1190 1189 1188 1187 1186 1185
 1184 1183 1182 1181 1180 1179 1178 1177 1176 1175 1174 1173 1172 1171
 1170 1169 1168 1167 1166 1165 1164 1163 1162 1161 1160 1159 1158 1157
 1156 1155 1154 1153 1152 1151 1150 1149 1148 1147 1146 1145 1144 1143
 1142 1141 1140 1139 1099 1098 1097 1100 1101 1088 1089 1076 1054 1053
 1001  983 1002 1005 1055 1004 1056 1003 1057 1058 1059  936  937  938
  939  980  979  981  982  978  940  941  977  942  976  984 1000  999
  943  944  945  975  946  974  985  947  973  948  972  986  996 1007
 1006 1049 1050  997  998 1051 1052 1060 1077 1078 1079 1075 1074 1090
 1073 1072 1087 1086 1071 1061 1062 1070 1080 1069 1063 1081 1082 1010
 1048 1011 1012 1013  991  965  990  966  989  967  953  952  968  951
  969  950  993  994 1009 1008  995  987  971  988  970  949  935  934
  928  933  929  930  931  932  879  803  880  802  881  801  882  800
  883  799  884  885  886  755  756  887  888  757  758  889  890  759
  760  891  892  761  762  893  894  763  764  895  896  765  766  897
  898  767  768  899  900  769  770  901  902  771  772  903  904  773
  774  905  906  775  776  907  908  777  778  909  910  779  780  911
  912  781  782  913  914  783  784  915  916  785  786  917  918  787
  788  919  920  789  790  921  922  791  792  923  924  925  793  794
  795  926  927  796  797  713  701  712  702  711  710  703  611  610
  609  709  708  707  706  705  704  506  507  508  509  510  511  512
  513  514  515  516  517  518  519  520  521  522  523  524  525  526
  527  528  529  530  531  532  533  534  535  536  537  538  539  540
  541  542  543  544  545  546  547  548  549  550  551  552  553  554
  555  447  446  445  444  443  442  441  448  449  450  451  452  453
  454  455  456  457  458  459  460  461  462  463  464  465  466  467
  468  469  470  471  501  500  472  440  439  473  499  498  474  438
  437  475  497  496  476  436  435  477  495  494  478  434  433  479
  493  492  491  490  502  489  503  504  505  488  487  486  485  484
  483  429  482  430  481  431  480  432  428  427  426  425  424  423
  422  421  420  419  418  417  416  415  414  413  412  411  410  409
  408  407  406  405  404  403  402  401  400  399  398  397  396  395
  394  393  392  391  390  389  388  387  386  385  384  380  379  378
  377  376  375  374  373  372  371  370  369  368  367  366  365  364
  363  362  361  360  359  358  357  356  355  354  353  352  351  350
  349  348  347  346  345  344  343  342  341  340  339  338  337  336
  335  157  158  159  160  161  334  333  332  331  330  329  328  327
  326  325  324  323  322  321  320  319  318  317  316  315  314  313
  312  311  148  149  147  146  145  144  143  142  134 1373 1374 1309
 1375 1308 1376 1307 1377 1378 1379 1306 1380 1381 1304 1382 1303 1383
 1302 1384 1301 1385 1300 1386 1299 1387 1298 1388 1297 1389 1296 1390
 1295 1205 1294 1206 1293 1207 1292 1208 1291 1209 1290 1210 1289 1211
 1288 1212 1287 1213 1286 1214 1285 1305 1284 1215 1216 1283 1217 1218
 1282 1281 1219 1310 1372 1371 1311 1220 1280 1221 1222 1279 1370 1369
 1278 1223 1277 1368 1312 1224 1276 1313 1367 1366 1314 1225 1226 1227
 1275 1228 1274 1315 1365 1364    9    8    7   15   39   43   38   44
   37   45   36   10    6    5    4    3    2    1    0   14   13   12
   11   26   27   28   29   30   31   32   33   34   49   35   48   61
   50   47   60   59   58   51   46   25   24   23   22   21   52   53
   54   79   78   74   77   75   76   41   42   40   16   17   18   19
   20   55   56   57   95   96   97  109  110  108  111  107  112  106
  113  105  114   94   93   80   73   72   71   70   69   84   83   82
   81  100   91   99   92   98  133  132  131  130  129  128  115  127
  116  126  117  125  118  119  120  121  122  123  124  101  102  103
  104   90   89   88   87   86   85   68   67   66   65   64   63   62
 1363 1316 1229 1273 1317 1362 1361 1318 1272 1230 1231 1271 1319 1360
 1359 1320 1270 1232 1233 1269 1234 1321 1358 1357 1322 1268 1235 1236
 1267 1323 1356 1355 1324 1266 1237 1265 1325 1238 1264 1354 1353 1326
 1239 1263 1240 1262 1327 1352 1351 1241 1242 1328 1350 1349 1329 1261
 1348 1330 1260 1347 1346 1243 1331 1345 1344 1332 1244 1259 1245 1246
 1258 1343 1342 1257 1247 1256 1248 1255 1249 1250 1251 1252 1253 1254
 1336 1337 1338 1339 1335 1340 1334 1333 1341  135  136  137  138  139
  140  141  151  150  182  183  184  185  186  187  188  189  190  191
  192  193  194  195  196  197  156  198  155  199  154  200  153  201
  152  202  203  204  205  206  207  208  209  210  211  212  213  214
  215  216  217  218  219  220  221  222  223  224  225  226  227  228
  229  230  231  232  233  234  235  236  237  238  239  240  241  242
  243  244  245  246  247  248  249  250  251  252  253  254  255  256
  257  258  259  260  261  262  263  264  265  266  267  268  269  270
  271  272  273  274  275  276  277  278  279  280  281  282  283  284
  285  286  287  288  289  290  291  292  293  294  181  180  179  178
  177  176  175  174  173  172  171  170  169  168  167  166  165  164
  163  162  381  382  383  310  309  308  307  306  305  304  303  302
  301  300  299  298  297  296  295  556  557  558  559  560  561  562
  563  564  565  566  656  567  655  568  654]

eliteFit: 22405.0
percentError: 0.7011551080947458
computationTime: 93.823s