instanceName: fl1577
n: 1577
optFit: 22249

genTime, gen, eliteFit, percentError:
0.0022195000055944547, 0, 1312923.0, 5801.043
1.7857605000026524, 1, 23891.0, 7.380
1.0338243000005605, 2, 23630.0, 6.207
0.9843708999978844, 3, 23333.0, 4.872
0.9258560999878682, 4, 23240.0, 4.454
0.9571469999937108, 5, 23158.0, 4.086
0.9520967999997083, 6, 23003.0, 3.389
0.9681332000036491, 7, 22958.0, 3.187
0.9886650000116788, 8, 22904.0, 2.944
0.8822527000011178, 9, 22765.0, 2.319
0.8976633999991463, 10, 22765.0, 2.319
0.8946694000042044, 11, 22727.0, 2.148
0.8866870000056224, 12, 22727.0, 2.148
0.8176756000029854, 13, 22716.0, 2.099
0.7867691999999806, 14, 22709.0, 2.068
0.5632564999978058, 15, 22690.0, 1.982
0.4143735999969067, 16, 22688.0, 1.973
0.474782299992512, 17, 22672.0, 1.901
0.5258717999968212, 18, 22645.0, 1.780
0.5364018999971449, 19, 22632.0, 1.721
0.5936217999988003, 20, 22615.0, 1.645
0.5042823999974644, 21, 22596.0, 1.560
0.5445253999932902, 22, 22580.0, 1.488
0.5330424999992829, 23, 22573.0, 1.456
0.49069479999889154, 24, 22572.0, 1.452
0.5095987999957288, 25, 22562.0, 1.407
0.41137620000517927, 26, 22561.0, 1.402
0.5223752000019886, 27, 22548.0, 1.344
0.43613709999772254, 28, 22543.0, 1.321
0.4402179000026081, 29, 22538.0, 1.299
0.4453674999967916, 30, 22532.0, 1.272
0.38438220000534784, 31, 22525.0, 1.241
0.38911750000261236, 32, 22522.0, 1.227
0.3073945999931311, 33, 22511.0, 1.178
0.262593100007507, 34, 22509.0, 1.169
0.2500735000066925, 35, 22503.0, 1.142
0.2788548999960767, 36, 22499.0, 1.124
0.2657498000044143, 37, 22488.0, 1.074
0.3104118000046583, 38, 22488.0, 1.074
0.39168010000139475, 39, 22477.0, 1.025
0.5261538000049768, 40, 22473.0, 1.007
0.4773985000065295, 41, 22472.0, 1.002
0.300633699996979, 42, 22463.0, 0.962
0.3318033999967156, 43, 22463.0, 0.962
0.25740370000130497, 44, 22463.0, 0.962
0.23504830000456423, 45, 22458.0, 0.939
0.28421009999874514, 46, 22458.0, 0.939
0.27723550000519026, 47, 22458.0, 0.939
0.2753636999987066, 48, 22458.0, 0.939
0.2118664000008721, 49, 22458.0, 0.939
0.27602579999074806, 50, 22450.0, 0.903
0.2145195000048261, 51, 22450.0, 0.903
0.24237790000915993, 52, 22450.0, 0.903
0.21535339999536518, 53, 22450.0, 0.903
0.2756020999950124, 54, 22450.0, 0.903
0.23653470000135712, 55, 22450.0, 0.903
0.25060929999744985, 56, 22450.0, 0.903
0.22646769999118987, 57, 22450.0, 0.903
0.25511830000323243, 58, 22450.0, 0.903
0.22371869999915361, 59, 22450.0, 0.903
0.2702701999951387, 60, 22450.0, 0.903
0.23068209999473765, 61, 22450.0, 0.903
0.2634068999905139, 62, 22450.0, 0.903
0.20498070000030566, 63, 22450.0, 0.903
0.2153626999934204, 64, 22450.0, 0.903
0.30387449999398086, 65, 22450.0, 0.903
0.23237250000238419, 66, 22450.0, 0.903
0.2557483999989927, 67, 22450.0, 0.903
0.26580800001102034, 68, 22450.0, 0.903
0.26448190001246985, 69, 22450.0, 0.903
0.2413154000096256, 70, 22450.0, 0.903
0.2708787999872584, 71, 22450.0, 0.903
0.24152409999805968, 72, 22450.0, 0.903
0.2431905999983428, 73, 22448.0, 0.894
0.29320759999973234, 74, 22448.0, 0.894
0.22034060000441968, 75, 22448.0, 0.894
0.2567358000087552, 76, 22448.0, 0.894
0.24345579999499023, 77, 22448.0, 0.894
0.2639102999964962, 78, 22448.0, 0.894
0.2705125000065891, 79, 22440.0, 0.858
0.2526646000042092, 80, 22440.0, 0.858
0.33825359999900684, 81, 22440.0, 0.858
0.26064760000735987, 82, 22436.0, 0.840
0.36087800000677817, 83, 22433.0, 0.827
0.3349770000058925, 84, 22433.0, 0.827
0.2433716999948956, 85, 22433.0, 0.827
0.2635569999984, 86, 22433.0, 0.827
0.21757419999630656, 87, 22433.0, 0.827
0.23416720000386704, 88, 22433.0, 0.827
0.23088370000186842, 89, 22433.0, 0.827
0.21352599999227095, 90, 22433.0, 0.827
0.2349802999960957, 91, 22433.0, 0.827
0.23672430000442546, 92, 22433.0, 0.827
0.2600356000039028, 93, 22433.0, 0.827
0.22665430000051856, 94, 22433.0, 0.827
0.26117620000150055, 95, 22433.0, 0.827
0.22534360000281595, 96, 22433.0, 0.827
0.21841619999031536, 97, 22433.0, 0.827
0.2865790000068955, 98, 22433.0, 0.827
0.23521500000788365, 99, 22433.0, 0.827
0.22116589998768177, 100, 22433.0, 0.827
0.25547269999515265, 101, 22433.0, 0.827
0.24490080001123715, 102, 22433.0, 0.827
0.2582514999958221, 103, 22428.0, 0.805
0.266930500001763, 104, 22424.0, 0.787
0.2694190000038361, 105, 22424.0, 0.787
0.2766291000007186, 106, 22421.0, 0.773
0.24015359999611974, 107, 22421.0, 0.773
0.2285725999972783, 108, 22420.0, 0.769
0.21735780000744853, 109, 22408.0, 0.715
0.213609099999303, 110, 22408.0, 0.715
0.23316740000154823, 111, 22408.0, 0.715
0.20636330000706948, 112, 22408.0, 0.715
0.24302629999874625, 113, 22408.0, 0.715
0.22970989999885205, 114, 22408.0, 0.715
0.2553526999981841, 115, 22408.0, 0.715
0.265429299994139, 116, 22408.0, 0.715
0.2129113000119105, 117, 22408.0, 0.715
0.2835095999907935, 118, 22408.0, 0.715
0.26237090000358876, 119, 22400.0, 0.679
0.24775739999313373, 120, 22400.0, 0.679
0.29037390000303276, 121, 22400.0, 0.679
0.22299259999999776, 122, 22400.0, 0.679
0.2521845999872312, 123, 22400.0, 0.679
0.2206173000013223, 124, 22400.0, 0.679
0.23341070000606123, 125, 22400.0, 0.679
0.2677644999930635, 126, 22393.0, 0.647
0.2908559000061359, 127, 22393.0, 0.647
0.40760029999364633, 128, 22393.0, 0.647
0.3388797999941744, 129, 22393.0, 0.647
0.21928930000285618, 130, 22393.0, 0.647
0.3046308999910252, 131, 22393.0, 0.647
0.24285100000270177, 132, 22393.0, 0.647
0.2391036999906646, 133, 22393.0, 0.647
0.24558930000057444, 134, 22393.0, 0.647
0.23614580000867136, 135, 22393.0, 0.647
0.2521005000016885, 136, 22393.0, 0.647
0.28833239999949, 137, 22393.0, 0.647
0.29758420000143815, 138, 22393.0, 0.647
0.25323450000723824, 139, 22393.0, 0.647
0.23675710000679828, 140, 22393.0, 0.647
0.24228750000474975, 141, 22393.0, 0.647
0.21627220000664238, 142, 22393.0, 0.647
0.33124350001162384, 143, 22393.0, 0.647
0.26184059999650344, 144, 22391.0, 0.638
0.28084279999893624, 145, 22391.0, 0.638
0.377143799996702, 146, 22391.0, 0.638
0.28919469998800196, 147, 22391.0, 0.638
0.2552904999902239, 148, 22391.0, 0.638
0.26846250001108274, 149, 22391.0, 0.638
0.22033680000458844, 150, 22391.0, 0.638
0.20013969999854453, 151, 22391.0, 0.638
0.24360010000236798, 152, 22391.0, 0.638
0.24449450000247452, 153, 22391.0, 0.638
0.2705271000013454, 154, 22391.0, 0.638
0.2143530000030296, 155, 22391.0, 0.638
0.24311959999613464, 156, 22391.0, 0.638
0.28127790000871755, 157, 22391.0, 0.638
0.2702022000012221, 158, 22391.0, 0.638
0.2834688000002643, 159, 22391.0, 0.638
0.2679508999863174, 160, 22391.0, 0.638
0.25330359999497887, 161, 22391.0, 0.638
0.23869290000584442, 162, 22389.0, 0.629
0.29492349999782164, 163, 22389.0, 0.629
0.2982900999923004, 164, 22389.0, 0.629
0.35353379999287426, 165, 22389.0, 0.629
0.3878188999951817, 166, 22389.0, 0.629
0.27658920000249054, 167, 22389.0, 0.629
0.2693610999995144, 168, 22389.0, 0.629
0.26682369998889044, 169, 22389.0, 0.629
0.23008600001048762, 170, 22389.0, 0.629
0.2290618999977596, 171, 22389.0, 0.629
0.27720890000637155, 172, 22389.0, 0.629
0.23077809999813326, 173, 22389.0, 0.629
0.2565773999958765, 174, 22389.0, 0.629
0.24090040000737645, 175, 22387.0, 0.620
0.2403963999968255, 176, 22387.0, 0.620
0.24501849999069236, 177, 22387.0, 0.620
0.27799729999969713, 178, 22387.0, 0.620
0.22369039998739026, 179, 22387.0, 0.620
0.2560158999986015, 180, 22387.0, 0.620
0.23016089999873657, 181, 22387.0, 0.620
0.22700909999548458, 182, 22387.0, 0.620
0.24922260000312235, 183, 22387.0, 0.620
0.2287339000031352, 184, 22387.0, 0.620
0.2474997999961488, 185, 22387.0, 0.620
0.27380759999505244, 186, 22387.0, 0.620
0.2540481999894837, 187, 22387.0, 0.620
0.2647151999990456, 188, 22387.0, 0.620
0.24459699999715667, 189, 22387.0, 0.620
0.2493767999985721, 190, 22387.0, 0.620
0.31561340000189375, 191, 22387.0, 0.620
0.23604720000003, 192, 22387.0, 0.620
0.21685620000062045, 193, 22387.0, 0.620
0.2633044999965932, 194, 22387.0, 0.620
0.2471026000130223, 195, 22387.0, 0.620
0.23548220000520814, 196, 22387.0, 0.620
0.21270050000748597, 197, 22387.0, 0.620
0.2213874000008218, 198, 22387.0, 0.620
0.26146859998698346, 199, 22387.0, 0.620
0.2107834000053117, 200, 22387.0, 0.620
0.25120280000555795, 201, 22387.0, 0.620
0.2760930000076769, 202, 22387.0, 0.620
0.3068935000046622, 203, 22387.0, 0.620
0.2526637999981176, 204, 22387.0, 0.620
0.23156099999323487, 205, 22387.0, 0.620
0.2558259000070393, 206, 22387.0, 0.620
0.25066960000549443, 207, 22387.0, 0.620
0.2007012000103714, 208, 22387.0, 0.620
0.2563238000002457, 209, 22387.0, 0.620
0.23406059999251738, 210, 22387.0, 0.620
0.21537540000281297, 211, 22387.0, 0.620
0.22379809999256395, 212, 22387.0, 0.620
0.23363989999052137, 213, 22387.0, 0.620
0.31433940000715666, 214, 22387.0, 0.620
0.23344470000301953, 215, 22387.0, 0.620
0.2315316000021994, 216, 22387.0, 0.620
0.2258748000022024, 217, 22387.0, 0.620
0.23530200000095647, 218, 22387.0, 0.620
0.29823319999559317, 219, 22387.0, 0.620
0.2269345999957295, 220, 22387.0, 0.620
0.25757259999227244, 221, 22387.0, 0.620
0.2399444000038784, 222, 22387.0, 0.620
0.21525880000262987, 223, 22387.0, 0.620
0.2584746999928029, 224, 22387.0, 0.620
0.24184790000435896, 225, 22387.0, 0.620

tour:
[1013  991  965  990 1012 1011 1048 1010  989  966  953  967  952  968
  951  969  950  949  970  988  994  993 1062 1070 1080 1069 1063 1081
 1082 1091 1092 1093 1094 1095 1096 1136 1137 1138 1201 1202 1203 1204
 1135 1134 1133 1132 1131 1130 1129 1128 1127 1126 1125 1124 1123 1122
 1121 1120 1119 1118 1117 1116 1115 1114 1113 1112 1111 1110 1109 1108
 1107 1106 1105 1104 1103 1102 1426 1425 1471 1470 1424 1423 1469 1422
 1468 1421 1467 1420 1466 1419 1465 1418 1417 1416 1464 1415 1463 1505
 1547 1548 1549 1506 1550 1507 1508 1551 1552 1553 1554 1509 1555 1510
 1556 1557 1511 1558 1512 1559 1513 1560 1561 1546 1504 1462 1414 1461
 1545 1503 1544 1460 1413 1412 1502 1543 1542 1501 1459 1411 1458 1410
 1500 1541 1499 1457 1409 1456 1540 1498 1408 1455 1407 1406 1454 1497
 1539 1538 1496 1537 1536 1495 1453 1405 1452 1494 1535 1493 1451 1404
 1403 1472 1427 1514 1562 1563 1473 1428 1429 1430 1515 1564 1565 1516
 1474 1431 1517 1566 1475 1432 1476 1567 1568 1477 1433 1434 1478 1435
 1518 1569 1570 1519 1436 1571 1572 1573 1520 1479 1480 1521 1574 1522
 1437 1438 1575 1576 1534 1492 1450 1402 1449 1401 1491 1533 1532 1490
 1448 1400 1447 1489 1531 1530 1529 1528 1487 1445 1488 1446 1399 1398
 1397 1444 1396 1486 1527 1526 1485 1443 1395 1442 1484 1525 1441 1394
 1393 1440 1483 1524 1482 1523 1481 1439 1392 1391 1200 1199 1198 1197
 1196 1195 1194 1193 1192 1191 1190 1189 1188 1187 1186 1185 1184 1183
 1182 1181 1180 1179 1178 1177 1176 1175 1174 1173 1172 1171 1170 1169
 1168 1167 1166 1165 1164 1163 1162 1161 1160 1159 1158 1157 1156 1155
 1154 1153 1152 1151 1150 1149 1148 1147 1146 1145 1144 1143 1142 1141
 1140 1139 1099 1098 1097 1100 1101 1088 1089 1076 1054 1005 1055 1004
 1056 1003 1057 1058 1059  936  937  938  939  980  979  940  981  978
  941  942  977  982 1002  983  976  984 1000 1001 1053 1077 1078 1079
 1060 1052 1051 1075 1074 1090 1073 1072 1087 1086 1071 1061 1009  995
 1008 1007  996  987  971  972  986  973  985 1006 1049 1050  997  998
  999  943  944  945  975  946  974  947  948  935  934  928  933  929
  930  931  932  881  802  880  879  878  747  804  748  803  749  750
  801  751  882  800  752  883  799  753  754  798  884  885  886  755
  756  757  887  888  889  890  758  759  760  891  892  761  762  893
  894  763  764  895  896  765  766  897  898  767  768  899  900  769
  770  901  902  771  772  903  904  773  774  905  906  775  776  907
  908  777  778  909  910  779  780  911  912  781  782  913  914  783
  784  915  916  785  786  917  918  919  920  921  922  923  924  925
  926  927  797  796  795  794  793  792  791  790  789  788  787  723
  690  724  689  725  688  726  687  727  686  728  685  729  684  730
  683  731  682  732  681  733  680  734  679  735  678  736  677  737
  676  738  675  739  674  740  673  741  672  742  671  743  670  744
  669  668  667  666  665  664  663  662  661  660  659  658  657  656
  567  655  568  654  569  653  570  652  571  651  572  650  573  649
  574  648  575  647  576  646  577  645  578  644  579  643  580  642
  581  641  582  640  583  639  584  638  585  637  586  636  587  635
  588  634  589  633  590  632  591  631  592  630  593  629  594  628
  595  627  596  626  597  625  598  624  599  623  600  622  691  722
  692  721  693  720  694  719  695  718  696  717  697  716  698  715
  699  714  700  713  701  712  702  711  703  710  709  708  707  706
  705  704  609  610  611  612  613  614  608  615  607  616  606  617
  605  618  604  619  603  620  602  621  601  520  519  518  517  516
  515  514  513  512  511  510  509  508  507  506  505  504  503  489
  502  490  491  492  493  494  478  434  433  479  432  480  431  481
  430  482  429  483  484  485  486  487  488  331  330  329  328  327
  326  325  324  323  322  321  320  319  318  317  316  315  314  313
  312  311  148  149  147  146  145  144  143  142  134 1379 1306 1380
 1305 1381 1304 1382 1303 1383 1302 1384 1301 1385 1300 1386 1290 1299
 1387 1298 1388 1297 1389 1296 1390 1295 1205 1294 1206 1293 1207 1292
 1208 1291 1209 1210 1289 1211 1288 1212 1287 1213 1286 1214 1285 1215
 1284 1216 1283 1378 1217 1218 1307 1377 1376 1375 1308 1282 1309 1281
 1374 1373 1219 1310 1372 1371 1311 1220 1280 1221 1222 1279 1370 1369
 1278 1223 1277 1368 1312 1224 1276 1313 1367 1366 1314 1225 1226 1227
 1275 1228 1274 1315 1365 1364    9    8    7   15   39   42   43   38
   44   37   45   54   36   10    6    5    4    3    2    1    0   13
   12   11   34   49   35   48   61   60   50   47   51   59   58   46
   14   25   24   23   22   21   52   53   72   71   70   69   84   83
   82   81  100   91   99   92   98   93   73   80   79   94   78   74
   77   75   76   41   40   16   17   18   19   20   55   56   57   95
   96   97  109  110  108  111  107  112  106  113  105  114  133  132
  131  130  129  128  115  127  116  126  117  125  118  119  120  121
  122  123  124  101  102   88   89  103  104   90   62   63   64   65
   66   87   86   67   85   68   33   26   32   27   31   28   29   30
 1363 1316 1273 1229 1230 1272 1317 1362 1318 1361 1319 1271 1231 1232
 1270 1233 1269 1320 1360 1359 1321 1234 1268 1235 1236 1267 1322 1358
 1357 1323 1356 1324 1266 1237 1265 1355 1325 1354 1264 1238 1239 1326
 1353 1263 1240 1262 1327 1352 1351 1350 1241 1242 1328 1349 1348 1329
 1261 1330 1260 1347 1346 1243 1331 1345 1344 1332 1244 1259 1245 1246
 1258 1343 1342 1257 1247 1256 1248 1255 1249 1250 1251 1254 1252 1253
 1336 1337 1338 1339 1335 1340 1334 1333 1341  135  136  137  138  139
  140  141  151  150  170  171  172  173  174  175  176  177  178  179
  180  181  182  183  184  185  186  187  188  189  190  191  192  193
  194  195  196  197  156  198  155  199  154  200  153  201  152  202
  203  204  205  206  207  208  209  210  211  212  213  214  215  216
  217  218  219  220  221  222  223  224  225  226  227  228  229  230
  231  232  233  234  235  236  237  238  239  240  241  242  243  244
  245  246  247  248  249  250  251  252  253  254  255  256  257  258
  259  260  261  262  263  264  265  266  267  268  269  270  271  272
  273  274  275  276  277  278  279  280  281  282  283  284  285  286
  287  288  289  290  291  292  293  294  295  296  297  298  299  300
  301  302  303  304  305  306  307  308  169  168  167  166  165  164
  163  162  310  309  383  382  381  380  379  378  377  376  375  374
  373  372  371  370  369  368  367  366  365  364  363  362  361  360
  359  358  357  356  355  354  353  352  351  350  349  348  347  346
  345  344  343  342  341  340  339  338  337  336  157  158  159  160
  161  332  333  334  335  428  427  426  425  424  423  422  421  420
  419  418  417  416  415  414  413  412  411  410  409  408  407  406
  405  404  403  402  401  400  399  398  397  396  395  394  393  392
  391  390  389  388  387  386  385  384  447  446  445  444  443  442
  441  448  449  450  451  452  453  454  455  456  457  458  459  460
  461  462  463  464  465  466  467  468  469  470  471  440  472  439
  473  438  474  437  475  436  476  435  477  495  496  497  498  499
  500  501  521  522  523  524  525  526  527  528  529  530  531  532
  533  534  535  536  537  538  539  540  541  542  543  544  545  546
  547  548  549  550  551  552  553  554  555  566  565  564  563  562
  561  560  559  558  557  556  746  805  877  806  876  745  807  875
  808  809  810  811  812  813  814  815  816  817  818  819  820  821
  822  823  824  825  826  827  828  829  830  831  832  833  834  835
  836  837  838  839  840  841  842  843  844  845  846  847  848  849
  850  851  852  853  854  855  856  857  858  859  860  861  862  863
  864  865  866  867  868  869  870  871  872  873  874 1047 1046 1045
 1044 1043 1042 1041 1040 1039 1038 1037 1036 1035 1034 1033 1032 1031
 1030 1029 1028 1027 1026 1025 1024 1023 1022 1021 1020 1019  959  958
  960  957  961  956  962  955  963  954  964  992 1014 1015 1016 1017
 1018 1064 1065 1066 1067 1084 1085 1083 1068]

eliteFit: 22387.0
percentError: 0.6202525956222752
computationTime: 72.641s