instanceName: kroD100
n: 100
optFit: 21294

genTime, gen, eliteFit, percentError:
0.00011899998935405165, 0, 144231.0, 577.332
0.005061299991211854, 1, 21692.0, 1.869
0.0028904999926453456, 2, 21559.0, 1.244
0.0026298000011593103, 3, 21552.0, 1.212
0.0033748999994713813, 4, 21449.0, 0.728
0.0024354999914066866, 5, 21410.0, 0.545
0.0020348999969428405, 6, 21329.0, 0.164
0.0022255000076256692, 7, 21294.0, 0.000

tour:
[36 18 50 34 29 99  1 47 91 54 86 25 94 55 27 11 46 20  9  8 19 24 81 17
  5 39 82  2 58 84 63 42 76 90 53 62 15 95 85 64 13 67 32 44 98 77 30 56
 71 79 75 60 73  6 74 66 35 28 57 21 69 48 97 96 31 93 16 89 10 88 41 22
 45 51  7 65 37 80 33 49  0 12 78 87 26 23 40 83 68 14 72 38 70  3 92 43
 59 52  4 61]

eliteFit: 21294.0
percentError: 0.0
computationTime: 0.027s