instanceName: pcb442
n: 442
optFit: 50778

genTime, gen, eliteFit, percentError:
0.00039509999623987824, 0, 731297.0, 1340.185
0.09711879999667872, 1, 54990.0, 8.295
0.05767950000881683, 2, 54365.0, 7.064
0.060471499993582256, 3, 53757.0, 5.867
0.06299130000115838, 4, 53518.0, 5.396
0.06184880000364501, 5, 53437.0, 5.237
0.05741480000142474, 6, 53215.0, 4.799
0.05839050000940915, 7, 52912.0, 4.203
0.053829500000574626, 8, 52720.0, 3.824
0.05778429999190848, 9, 52720.0, 3.824
0.05460099999618251, 10, 52232.0, 2.863
0.054599999988568015, 11, 52232.0, 2.863
0.05409879999933764, 12, 52099.0, 2.602
0.05405370000516996, 13, 52045.0, 2.495
0.044418699995731004, 14, 51975.0, 2.357
0.03287490000366233, 15, 51900.0, 2.210
0.034285899993847124, 16, 51883.0, 2.176
0.029671700001927093, 17, 51835.0, 2.082
0.027846400000271387, 18, 51825.0, 2.062
0.02535399999760557, 19, 51825.0, 2.062
0.026441599999088794, 20, 51803.0, 2.019
0.02589990000706166, 21, 51774.0, 1.961
0.02747409998846706, 22, 51774.0, 1.961
0.022857899995869957, 23, 51738.0, 1.891
0.021077899989904836, 24, 51738.0, 1.891
0.023693299997830763, 25, 51738.0, 1.891
0.026383999997051433, 26, 51635.0, 1.688
0.03779059999214951, 27, 51631.0, 1.680
0.03402510000159964, 28, 51631.0, 1.680
0.03066479999688454, 29, 51540.0, 1.501
0.030232799996156245, 30, 51479.0, 1.381
0.02747020000242628, 31, 51479.0, 1.381
0.029716799996094778, 32, 51479.0, 1.381
0.0216567000024952, 33, 51479.0, 1.381
0.018190999995567836, 34, 51479.0, 1.381
0.01874060000409372, 35, 51458.0, 1.339
0.018592799999169074, 36, 51458.0, 1.339
0.019710199994733557, 37, 51458.0, 1.339
0.016467699999338947, 38, 51458.0, 1.339
0.017723400000249967, 39, 51458.0, 1.339
0.033612500003073364, 40, 51458.0, 1.339
0.02836740000930149, 41, 51458.0, 1.339
0.025643499990110286, 42, 51458.0, 1.339
0.02844320000440348, 43, 51458.0, 1.339
0.02346419999958016, 44, 51458.0, 1.339
0.026913699999568053, 45, 51458.0, 1.339
0.028810899995733052, 46, 51458.0, 1.339
0.02764819998992607, 47, 51458.0, 1.339
0.024732799996854737, 48, 51458.0, 1.339
0.027927800008910708, 49, 51396.0, 1.217
0.020760899991728365, 50, 51396.0, 1.217
0.030696099987835623, 51, 51396.0, 1.217
0.032284000000800006, 52, 51396.0, 1.217
0.027298899993184023, 53, 51396.0, 1.217
0.01782690000254661, 54, 51396.0, 1.217
0.01695040000777226, 55, 51373.0, 1.172
0.01781160000246018, 56, 51314.0, 1.056
0.017142499986221083, 57, 51314.0, 1.056
0.01633600000059232, 58, 51314.0, 1.056
0.017864599998574704, 59, 51314.0, 1.056
0.020596699992893264, 60, 51314.0, 1.056
0.015916000003926456, 61, 51314.0, 1.056
0.01551159999507945, 62, 51314.0, 1.056
0.016646899995976128, 63, 51314.0, 1.056
0.0170908000000054, 64, 51314.0, 1.056
0.018217399992863648, 65, 51314.0, 1.056
0.017744499986292794, 66, 51314.0, 1.056
0.018025000012130477, 67, 51314.0, 1.056
0.016466100001707673, 68, 51314.0, 1.056
0.015602200001012534, 69, 51314.0, 1.056
0.017528399999719113, 70, 51314.0, 1.056
0.016460800005006604, 71, 51314.0, 1.056
0.01587380000273697, 72, 51314.0, 1.056
0.01495380001142621, 73, 51314.0, 1.056
0.017345900007057935, 74, 51314.0, 1.056
0.016518100004759617, 75, 51314.0, 1.056
0.017685200000414625, 76, 51314.0, 1.056
0.016821500001242384, 77, 51314.0, 1.056
0.022125699993921444, 78, 51314.0, 1.056
0.017503900002338924, 79, 51314.0, 1.056
0.01708140000118874, 80, 51314.0, 1.056
0.017215100000612438, 81, 51314.0, 1.056
0.019737099995836616, 82, 51314.0, 1.056
0.01639699999941513, 83, 51314.0, 1.056
0.01797689999511931, 84, 51314.0, 1.056
0.018110400007572025, 85, 51314.0, 1.056
0.01585559999512043, 86, 51314.0, 1.056
0.015648400003556162, 87, 51314.0, 1.056
0.016037800000049174, 88, 51297.0, 1.022
0.018749599999864586, 89, 51297.0, 1.022
0.0275718000048073, 90, 51297.0, 1.022
0.02263370000582654, 91, 51297.0, 1.022
0.023973300005309284, 92, 51297.0, 1.022
0.023967700006323867, 93, 51297.0, 1.022
0.028808000002754852, 94, 51297.0, 1.022
0.022693799997796305, 95, 51297.0, 1.022
0.02287909999722615, 96, 51297.0, 1.022
0.02033270000538323, 97, 51297.0, 1.022
0.023983799997949973, 98, 51297.0, 1.022
0.020392699996591546, 99, 51297.0, 1.022
0.02305550000164658, 100, 51297.0, 1.022
0.027734600007534027, 101, 51215.0, 0.861
0.023985499996342696, 102, 51215.0, 0.861
0.020725800000946037, 103, 51215.0, 0.861
0.019104199993307702, 104, 51215.0, 0.861
0.017101700010243803, 105, 51215.0, 0.861
0.01699709999957122, 106, 51215.0, 0.861
0.01645480000297539, 107, 51215.0, 0.861
0.01794650001102127, 108, 51215.0, 0.861
0.01570279999577906, 109, 51215.0, 0.861
0.016365500006941147, 110, 51215.0, 0.861
0.017887699999846518, 111, 51215.0, 0.861
0.019718099996680394, 112, 51215.0, 0.861
0.016913499988731928, 113, 51215.0, 0.861
0.018167599992011674, 114, 51215.0, 0.861
0.01618749999033753, 115, 51215.0, 0.861
0.016283500008285046, 116, 51215.0, 0.861
0.015587700007017702, 117, 51215.0, 0.861
0.017113100009737536, 118, 51215.0, 0.861
0.019159000003128313, 119, 51215.0, 0.861
0.015626000007614493, 120, 51215.0, 0.861
0.01610380000784062, 121, 51215.0, 0.861
0.01755790000606794, 122, 51215.0, 0.861
0.01857039998867549, 123, 51215.0, 0.861
0.017512999998871237, 124, 51215.0, 0.861
0.017619599995668977, 125, 51215.0, 0.861
0.016472799994517118, 126, 51215.0, 0.861
0.018211499991593882, 127, 51215.0, 0.861
0.015872300005867146, 128, 51215.0, 0.861
0.021988899999996647, 129, 51215.0, 0.861
0.019853699996019714, 130, 51215.0, 0.861
0.017895400000270456, 131, 51215.0, 0.861
0.020323199991253205, 132, 51215.0, 0.861
0.016998299994156696, 133, 51215.0, 0.861
0.018751499999780208, 134, 51215.0, 0.861
0.019857999999658205, 135, 51215.0, 0.861
0.018676799998502247, 136, 51215.0, 0.861
0.016119399995659478, 137, 51215.0, 0.861
0.017274099998758174, 138, 51215.0, 0.861
0.021630999995977618, 139, 51215.0, 0.861
0.01564069998858031, 140, 51215.0, 0.861
0.017521099987789057, 141, 51215.0, 0.861
0.02608670000336133, 142, 51215.0, 0.861
0.015115600006538443, 143, 51215.0, 0.861
0.016086000003269874, 144, 51215.0, 0.861
0.019259900000179186, 145, 51215.0, 0.861
0.01804749999428168, 146, 51215.0, 0.861
0.01543320000928361, 147, 51215.0, 0.861
0.018705900001805276, 148, 51215.0, 0.861
0.019444599995040335, 149, 51215.0, 0.861
0.01617600000463426, 150, 51215.0, 0.861
0.015545200003543869, 151, 51215.0, 0.861

tour:
[ 66  65  33 441   0   1   2   3   4   5   6   7   8   9  10  43  44  11
  12  45  46  13  14  47  48  15  16  17  18  19  52  84 380 381  85  53
  20  21  22  23  24  25  26  27  60  59  58  57  56  55  54  86 377  87
  88  89  90  91  92 100 435  93  61  28  29  30  31 375 376  32  64  63
  62  94 378  95 379  96  97 383 382 112 124 134 147 159 170 183 198 209
 219 225 236 264 413 409 410 218 208 197 182 169 158 146 133 123 111 110
 122 132 145 157 168 181 196 207 217 206 195 194 205 204 216 403 408 407
 411 412 260 261 235 262 263 415 267 419 271 436 274 422 437 421 418 259
 258 257 256 255 254 253 252 417 416 277 296 295 294 293 319 320 321 322
 429 428 323 297 298 299 324 325 300 301 326 327 302 303 328 329 304 305
 330 331 332 431 333 306 334 335 426 336 337 374 373 372 371 370 369 368
 367 366 344 365 364 430 363 362 361 343 360 359 358 434 357 356 355 433
 354 353 352 342 351 350 349 348 432 347 346 345 341 340 427 281 280 278
 275 272 268 265 238 237 233 226 404 399 184 171 160 148 135 125 113 102
 101 440 103 114 385 126 386 388 136 149 161 150 151 115 137 391 174 186
 398 395 173 172 185 400 405 227 406 402 210 211 220 228 245 244 243 242
 241 240 234 239 266 270 269 273 276 425 279 439 307 308 282 283 309 338
 310 284 285 311 339 312 286 287 313 314 315 316 317 318 292 291 290 289
 288 423 420 424 246 247 248 414 249 250 251 230 222 229 221 212 199 187
 175 162 392 152 139 138 127 116 104 105 106 117 128 140 153 164 163 396
 176 188 200 213 401 201 189 190 202 214 223 231 232 224 215 203 191 179
 192 193 180 167 156 144 143 390 131 121 109 120 384 108 119 130 142 155
 166 393 394 178 397 177 165 154 141 389 387 129 118 107 438  82  83  51
  50  49  81  80  99  79  78  77  98  76  75  74  42  41  40  73  72  71
  39  38  70  69  37  36  68  67  35  34]

eliteFit: 51215.0
percentError: 0.8606089251250542
computationTime: 3.753s