instanceName: eil101
n: 101
optFit: 629

genTime, gen, eliteFit, percentError:
0.00019880000036209822, 0, 2969.0, 372.019
0.008470799992210232, 1, 653.0, 3.816
0.004134599992539734, 2, 652.0, 3.657
0.003890300009516068, 3, 643.0, 2.226
0.0033808000007411465, 4, 639.0, 1.590
0.004032999990158714, 5, 636.0, 1.113
0.0034949000109918416, 6, 634.0, 0.795
0.004593499994371086, 7, 629.0, 0.000

tour:
[100  52  27  25  11  79  67  28  23  53   3  54  24  38  66  22  55  74
  40  21  73  71  72  20  39  57  12  93  94  96  86   1  56  14  42  41
  13  37  43  85  15  60  84  90  99  36  97  91  58  92  98  95   5  88
  51  17  82  59   4  83  16  44   7  45  46  35  48  63  62  89  31   9
  61  10  18  47  81   6  87  30  69  29  19  65  64  70  34   8  50  32
  80  33  77  78   2  76  75  49   0  68  26]

eliteFit: 629.0
percentError: 0.0
computationTime: 0.037s