instanceName: eil101
n: 101
optFit: 629

genTime, gen, eliteFit, percentError:
0.00016419999883510172, 0, 3037.0, 382.830
0.005814400006784126, 1, 663.0, 5.405
0.0038544999988516793, 2, 657.0, 4.452
0.002522900002077222, 3, 651.0, 3.498
0.003560600001947023, 4, 638.0, 1.431
0.0023344000073848292, 5, 638.0, 1.431
0.004126300002099015, 6, 638.0, 1.431
0.0022908000100869685, 7, 634.0, 0.795
0.002635200013173744, 8, 634.0, 0.795
0.0018880999996326864, 9, 633.0, 0.636
0.0023791999992681667, 10, 631.0, 0.318
0.0015799999964656308, 11, 631.0, 0.318
0.0016021000046748668, 12, 631.0, 0.318
0.0016574999899603426, 13, 631.0, 0.318
0.006254399995668791, 14, 631.0, 0.318
0.0035109000018564984, 15, 631.0, 0.318
0.00508490001084283, 16, 631.0, 0.318
0.002768100006505847, 17, 631.0, 0.318
0.001563700003316626, 18, 631.0, 0.318
0.0013535999896703288, 19, 631.0, 0.318
0.0015299999940907583, 20, 631.0, 0.318
0.0018835999944712967, 21, 631.0, 0.318
0.0018464000022504479, 22, 631.0, 0.318
0.0016420999891124666, 23, 631.0, 0.318
0.0010151999886147678, 24, 631.0, 0.318
0.0009825000015553087, 25, 631.0, 0.318
0.000945399995543994, 26, 631.0, 0.318
0.0016092000005301088, 27, 631.0, 0.318
0.0010089999996125698, 28, 631.0, 0.318
0.0009438999986741692, 29, 631.0, 0.318
0.0010326999909011647, 30, 631.0, 0.318
0.0018305999983567744, 31, 631.0, 0.318
0.0011289999965811148, 32, 631.0, 0.318
0.001005699989036657, 33, 631.0, 0.318
0.0010986999986926094, 34, 631.0, 0.318
0.0017590000061318278, 35, 631.0, 0.318
0.0010574000043561682, 36, 631.0, 0.318
0.0011180000001331791, 37, 631.0, 0.318
0.001084700008505024, 38, 631.0, 0.318
0.0016616999928373843, 39, 631.0, 0.318
0.00119339999218937, 40, 631.0, 0.318
0.0009769999887794256, 41, 631.0, 0.318
0.0010355999984312803, 42, 631.0, 0.318
0.0012568999954964966, 43, 631.0, 0.318
0.0013484999944921583, 44, 631.0, 0.318
0.0009987000084947795, 45, 631.0, 0.318
0.0011209999938728288, 46, 631.0, 0.318
0.0012549999955808744, 47, 631.0, 0.318
0.0015402999997604638, 48, 631.0, 0.318
0.001051800005370751, 49, 630.0, 0.159
0.0010130000009667128, 50, 630.0, 0.159
0.0012373999925330281, 51, 630.0, 0.159
0.0019415999995544553, 52, 630.0, 0.159
0.001254800008609891, 53, 630.0, 0.159
0.0009021000005304813, 54, 630.0, 0.159
0.001165000008768402, 55, 629.0, 0.000

tour:
[ 31  89  62  63  48  35  46  45   7  44  16  83   4  59  82  17  51  88
   5  95  98  58  91  92  97  36  99  90  84  60  15  85  37  43  13  41
  42  14  56   1  86  96  94  93  12  57  39  20  72  71  73  40  21  74
  55  22  66  38   3  24  54  53  23  28  67  79  11  25  27  52 100  26
  68   0  49  75  76   2  78  32  50   8  80  77  33  34  64  70  65  19
  29  69  30  87   6  81  47  18  10  61   9]

eliteFit: 629.0
percentError: 0.0
computationTime: 0.134s