instanceName: rl1889
n: 1889
optFit: 316536

genTime, gen, eliteFit, percentError:
0.15819159999955446, 0, 14325285.0, 4425.642
4.678159400005825, 1, 349200.0, 10.319
2.475311199988937, 2, 345769.0, 9.235
2.3557703000115, 3, 343639.0, 8.562
2.157006300010835, 4, 342085.0, 8.071
2.3659122999961255, 5, 338569.0, 6.961
2.324604099994758, 6, 336850.0, 6.418
2.1041258000041125, 7, 334825.0, 5.778
2.2643051000050036, 8, 334796.0, 5.769
2.391904699994484, 9, 334796.0, 5.769
2.285659499990288, 10, 333628.0, 5.400
2.0578303999936907, 11, 333306.0, 5.298
2.2719221000006655, 12, 331777.0, 4.815
2.1154412000032607, 13, 331588.0, 4.755
2.0819577000074787, 14, 330527.0, 4.420
2.0922629999986384, 15, 330421.0, 4.387
2.3091990999964764, 16, 330096.0, 4.284
2.1347160000004806, 17, 329492.0, 4.093
1.9320318999962183, 18, 328782.0, 3.869
2.09004600001208, 19, 328769.0, 3.865
2.0900360999949044, 20, 327329.0, 3.410
1.7641399999993155, 21, 327329.0, 3.410
1.3211781999998493, 22, 326687.0, 3.207
1.0545257000048878, 23, 326687.0, 3.207
1.1780685000121593, 24, 326492.0, 3.145
1.086272900007316, 25, 325559.0, 2.851
0.8858287999901222, 26, 325356.0, 2.786
0.9649191000062274, 27, 325168.0, 2.727
1.0523332999873674, 28, 324534.0, 2.527
1.0622072999976808, 29, 324439.0, 2.497
0.9906263000011677, 30, 324282.0, 2.447
0.8179018999944674, 31, 324188.0, 2.417
0.9621750000078464, 32, 324001.0, 2.358
0.7893596000067191, 33, 323879.0, 2.320
0.6947785999946063, 34, 323722.0, 2.270
0.7680263999936869, 35, 323722.0, 2.270
0.9985003000037977, 36, 323596.0, 2.230
1.0106332000141265, 37, 323480.0, 2.194
0.9979668999876594, 38, 323256.0, 2.123
0.7943415999907302, 39, 323194.0, 2.103
0.7668494999961695, 40, 323098.0, 2.073
0.5927833000023384, 41, 323098.0, 2.073
0.566538600003696, 42, 323038.0, 2.054
0.5999636000051396, 43, 322947.0, 2.025
0.5753965999901993, 44, 322887.0, 2.006
0.6959204000013415, 45, 322639.0, 1.928
0.7460161000053631, 46, 322488.0, 1.880
0.927908199999365, 47, 322400.0, 1.853
0.860304100002395, 48, 322400.0, 1.853
0.6123657999996794, 49, 322215.0, 1.794
0.5623704999889014, 50, 322215.0, 1.794
0.5750221999915084, 51, 322215.0, 1.794
0.64445490000071, 52, 322104.0, 1.759
0.5462762999959523, 53, 322104.0, 1.759
0.6708687000063946, 54, 322104.0, 1.759
0.5665567000105511, 55, 322104.0, 1.759
0.561500799987698, 56, 322104.0, 1.759
0.5715789999958361, 57, 322104.0, 1.759
0.6419285000010859, 58, 322104.0, 1.759
0.5263237999897683, 59, 322104.0, 1.759
0.6550641000067117, 60, 322012.0, 1.730
0.5565309999947203, 61, 322012.0, 1.730
0.6102331000001868, 62, 322012.0, 1.730
0.6202534000040032, 63, 322012.0, 1.730
0.599651399999857, 64, 322012.0, 1.730
0.6012016000022413, 65, 322012.0, 1.730
0.5447371999907773, 66, 322012.0, 1.730
0.5943875999946613, 67, 322012.0, 1.730
0.6306125999981305, 68, 322012.0, 1.730
0.5623493000020972, 69, 322012.0, 1.730
0.5807745000056457, 70, 322012.0, 1.730
0.5912597999995342, 71, 322012.0, 1.730
0.6855343000061112, 72, 322012.0, 1.730
0.6023436999967089, 73, 322012.0, 1.730
0.5409072000038577, 74, 322012.0, 1.730
0.5936455000046408, 75, 322012.0, 1.730
0.576435400012997, 76, 322012.0, 1.730
0.535590500003309, 77, 322012.0, 1.730
0.5447952999966219, 78, 322012.0, 1.730
0.5671283999981824, 79, 322012.0, 1.730
0.5944879000016954, 80, 322012.0, 1.730
0.6145252999995137, 81, 322012.0, 1.730
0.5058546000072965, 82, 322012.0, 1.730
0.5736302000004798, 83, 322012.0, 1.730
0.6802486999949906, 84, 322012.0, 1.730
0.5860117999982322, 85, 322012.0, 1.730
0.5321672999998555, 86, 321972.0, 1.717
0.5443661000026623, 87, 321833.0, 1.673
0.5937970000086352, 88, 321833.0, 1.673
0.5824662000086391, 89, 321833.0, 1.673
0.5977199999906588, 90, 321833.0, 1.673
0.5755090000020573, 91, 321833.0, 1.673
0.5565541999967536, 92, 321833.0, 1.673
0.5290115999960108, 93, 321833.0, 1.673
0.5191006000095513, 94, 321833.0, 1.673
0.6766517000069143, 95, 321833.0, 1.673
0.5709272999956738, 96, 321833.0, 1.673
0.6397571999987122, 97, 321833.0, 1.673
0.5837736000103178, 98, 321833.0, 1.673
0.6285805999941658, 99, 321833.0, 1.673
0.5780296000011731, 100, 321833.0, 1.673
0.5080617000057828, 101, 321833.0, 1.673
0.6661523999937344, 102, 321833.0, 1.673
0.6310818000056315, 103, 321833.0, 1.673
0.5759558999998262, 104, 321833.0, 1.673
0.6433888999890769, 105, 321833.0, 1.673
0.6518675999977859, 106, 321833.0, 1.673
0.6228908999910345, 107, 321833.0, 1.673
0.5198359999922104, 108, 321833.0, 1.673
0.5268931999889901, 109, 321833.0, 1.673
0.5644664999999804, 110, 321833.0, 1.673
0.555361399994581, 111, 321773.0, 1.654
0.6798290000006091, 112, 321773.0, 1.654
0.7742567999957828, 113, 321773.0, 1.654
0.9831604000064544, 114, 321773.0, 1.654
0.6214885999943363, 115, 321722.0, 1.638
0.5443543000001227, 116, 321722.0, 1.638
0.577084400007152, 117, 321528.0, 1.577
0.5905903999955626, 118, 321528.0, 1.577
0.49744140000257175, 119, 321528.0, 1.577
0.5606041999999434, 120, 321528.0, 1.577
0.593143100006273, 121, 321528.0, 1.577
0.7421038000029512, 122, 321528.0, 1.577
0.5528571999893757, 123, 321528.0, 1.577
0.5489704999927199, 124, 321528.0, 1.577
0.5238140000001295, 125, 321528.0, 1.577
0.530280799997854, 126, 321528.0, 1.577
0.700388599987491, 127, 321528.0, 1.577
0.5915783999953419, 128, 321528.0, 1.577
0.5768449000024702, 129, 321528.0, 1.577
0.4921981999941636, 130, 321528.0, 1.577
0.592561299999943, 131, 321528.0, 1.577
0.5494500999921001, 132, 321528.0, 1.577
0.5707707999972627, 133, 321528.0, 1.577
0.544116999997641, 134, 321528.0, 1.577
0.6674272999953246, 135, 321528.0, 1.577
0.6185855000076117, 136, 321528.0, 1.577
0.666113300001598, 137, 321528.0, 1.577
0.6088490999973146, 138, 321528.0, 1.577
0.49327389999234583, 139, 321528.0, 1.577
0.5912840999953914, 140, 321528.0, 1.577
0.526033499991172, 141, 321428.0, 1.545
0.598485200011055, 142, 321424.0, 1.544
0.5194099000073038, 143, 321424.0, 1.544
0.6158175000018673, 144, 321424.0, 1.544
0.5129108999972232, 145, 321424.0, 1.544
0.5868895000021439, 146, 321424.0, 1.544
0.5773448999971151, 147, 321424.0, 1.544
0.6156946999981301, 148, 321424.0, 1.544
0.5276891999965301, 149, 321424.0, 1.544
0.48364489999949, 150, 321424.0, 1.544
0.5313039000029676, 151, 321424.0, 1.544
0.5362938000034774, 152, 321424.0, 1.544
0.6519923000014387, 153, 321424.0, 1.544
0.6936494999972638, 154, 321424.0, 1.544
0.5208961000025738, 155, 321424.0, 1.544
0.7159983000019565, 156, 321424.0, 1.544
0.5425813999900129, 157, 321424.0, 1.544
0.5296894999919459, 158, 321424.0, 1.544
0.5256872000027215, 159, 321424.0, 1.544
0.5620295000117039, 160, 321424.0, 1.544
0.5321787999855587, 161, 321424.0, 1.544
0.5633638999861432, 162, 321424.0, 1.544
0.5150764999998501, 163, 321424.0, 1.544
0.512334600003669, 164, 321424.0, 1.544
0.5884508999879472, 165, 321385.0, 1.532
0.5794438000011723, 166, 321385.0, 1.532
0.6195855999976629, 167, 321385.0, 1.532
0.5168037999974331, 168, 321328.0, 1.514
0.7162205000058748, 169, 321328.0, 1.514
0.7596919999923557, 170, 321328.0, 1.514
0.9336069999990286, 171, 321328.0, 1.514
0.6543078999966383, 172, 321328.0, 1.514
0.8574380000063684, 173, 321328.0, 1.514
1.2265417000016896, 174, 321328.0, 1.514
1.0735755000059726, 175, 321328.0, 1.514
1.2280674999929033, 176, 321328.0, 1.514
1.1270696999999927, 177, 321238.0, 1.485
0.6288059999933466, 178, 321238.0, 1.485
0.629062599997269, 179, 321238.0, 1.485
0.6392849999974715, 180, 321238.0, 1.485
0.48586990000330843, 181, 321238.0, 1.485
0.5646720000077039, 182, 321238.0, 1.485
0.5744995999993989, 183, 321125.0, 1.450
0.7037464000022737, 184, 321024.0, 1.418
0.9655133000051137, 185, 321024.0, 1.418
1.098391099993023, 186, 320978.0, 1.403
0.9969827000022633, 187, 320965.0, 1.399
0.7518437999970047, 188, 320895.0, 1.377
0.8226082999899518, 189, 320836.0, 1.358
0.890561100008199, 190, 320782.0, 1.341
0.7766926999902353, 191, 320774.0, 1.339
0.6804679000051692, 192, 320774.0, 1.339
0.6394808000040939, 193, 320774.0, 1.339
0.6013815999904182, 194, 320774.0, 1.339
0.6467084000032628, 195, 320774.0, 1.339
0.5528247999900486, 196, 320774.0, 1.339
0.5192010000027949, 197, 320774.0, 1.339
0.5848771000019042, 198, 320774.0, 1.339
0.5854763999959687, 199, 320774.0, 1.339
0.5181087000091793, 200, 320774.0, 1.339
0.6396720000047935, 201, 320774.0, 1.339
0.5170666000049096, 202, 320774.0, 1.339
0.5248147999955108, 203, 320774.0, 1.339
0.5301394999987679, 204, 320774.0, 1.339
0.5606111000088276, 205, 320712.0, 1.319
0.5727265999885276, 206, 320712.0, 1.319
0.5920398000016576, 207, 320712.0, 1.319
0.5385860000096727, 208, 320712.0, 1.319
0.590029200000572, 209, 320712.0, 1.319
0.696303299991996, 210, 320712.0, 1.319
0.5561472999979742, 211, 320670.0, 1.306
0.6553018999984488, 212, 320670.0, 1.306
0.6984389999997802, 213, 320670.0, 1.306
0.9774178999941796, 214, 320670.0, 1.306
0.7428337000019383, 215, 320670.0, 1.306
0.6259585999941919, 216, 320670.0, 1.306
0.5712631000060355, 217, 320670.0, 1.306
0.5052682999958051, 218, 320654.0, 1.301
0.7172795999940718, 219, 320654.0, 1.301
0.5542825000011362, 220, 320654.0, 1.301
0.6011721999966539, 221, 320654.0, 1.301
0.6596785000001546, 222, 320654.0, 1.301
0.5599556000088342, 223, 320654.0, 1.301
0.5871457000030205, 224, 320654.0, 1.301
0.5146226999931969, 225, 320654.0, 1.301
0.5526872000045842, 226, 320654.0, 1.301
0.6158178000041516, 227, 320654.0, 1.301
0.5769098000018857, 228, 320654.0, 1.301
0.5500152000022354, 229, 320654.0, 1.301
0.6001675000006799, 230, 320654.0, 1.301
0.5680892999953358, 231, 320654.0, 1.301
0.6232075000007171, 232, 320654.0, 1.301
0.5689469999924768, 233, 320654.0, 1.301
0.5448493000003509, 234, 320654.0, 1.301
0.641340999995009, 235, 320654.0, 1.301
0.5405693999928189, 236, 320654.0, 1.301
0.5139611999911722, 237, 320654.0, 1.301
0.5437407999997959, 238, 320654.0, 1.301
0.6572048000089126, 239, 320654.0, 1.301
0.5440008000005037, 240, 320654.0, 1.301
0.591450400010217, 241, 320654.0, 1.301
0.5061203000077512, 242, 320654.0, 1.301
0.5172043000056874, 243, 320654.0, 1.301
0.6088098999898648, 244, 320654.0, 1.301
0.5686871999932919, 245, 320654.0, 1.301
0.5772978999884799, 246, 320654.0, 1.301
0.5937065000034636, 247, 320654.0, 1.301
0.5657399999909103, 248, 320654.0, 1.301
0.6088660000095842, 249, 320654.0, 1.301
0.5480311999999685, 250, 320654.0, 1.301
0.6375960999866948, 251, 320654.0, 1.301
0.6072007000038866, 252, 320654.0, 1.301
0.6306085999967763, 253, 320654.0, 1.301
0.5872858999937307, 254, 320654.0, 1.301
0.5558003000041936, 255, 320654.0, 1.301
0.6233426999970106, 256, 320654.0, 1.301
0.5269067000044743, 257, 320654.0, 1.301
0.6798719000071287, 258, 320654.0, 1.301
0.6177870999963488, 259, 320654.0, 1.301
0.5372964999987744, 260, 320654.0, 1.301
0.4996599000005517, 261, 320654.0, 1.301
0.5886624999984633, 262, 320654.0, 1.301
0.5030063000012888, 263, 320654.0, 1.301
0.6184951000032015, 264, 320520.0, 1.259
0.5734720000036759, 265, 320520.0, 1.259
0.666904900004738, 266, 320520.0, 1.259
0.9882350999978371, 267, 320520.0, 1.259
1.1051411999942502, 268, 320520.0, 1.259
0.5927075999934459, 269, 320440.0, 1.233
0.5090240999998059, 270, 320440.0, 1.233
0.583345899998676, 271, 320440.0, 1.233
0.7073743000073591, 272, 320440.0, 1.233
0.6173300000082236, 273, 320440.0, 1.233
0.5415966000000481, 274, 320440.0, 1.233
0.60232810000889, 275, 320440.0, 1.233
0.5411740999988979, 276, 320440.0, 1.233
0.5853783000056865, 277, 320440.0, 1.233
0.526420700000017, 278, 320440.0, 1.233
0.6471266000007745, 279, 320440.0, 1.233
0.6414005999977235, 280, 320440.0, 1.233
0.5153946000064025, 281, 320440.0, 1.233
0.6039842999889515, 282, 320440.0, 1.233
0.6075125000061234, 283, 320440.0, 1.233
0.5240052000008291, 284, 320440.0, 1.233
0.5120007999939844, 285, 320440.0, 1.233
0.5283293999964371, 286, 320440.0, 1.233
0.528051500004949, 287, 320440.0, 1.233
0.5706265000044368, 288, 320440.0, 1.233
0.6129860999935772, 289, 320440.0, 1.233
0.6136332000023685, 290, 320440.0, 1.233
0.5757912999979453, 291, 320440.0, 1.233
0.8418451999896206, 292, 320440.0, 1.233
0.5936376000026939, 293, 320440.0, 1.233
0.5271023000095738, 294, 320440.0, 1.233
0.614496300011524, 295, 320440.0, 1.233
0.5379610000090906, 296, 320440.0, 1.233
0.6370190999878105, 297, 320330.0, 1.199
0.6247492999973474, 298, 320330.0, 1.199
0.5568659999989904, 299, 320330.0, 1.199
0.6921213000023272, 300, 320330.0, 1.199
0.6362394000025233, 301, 320330.0, 1.199
0.5605177999968873, 302, 320330.0, 1.199
0.6310888000007253, 303, 320250.0, 1.173
0.6529920999892056, 304, 320250.0, 1.173
0.5603253000008408, 305, 320250.0, 1.173
0.533907699995325, 306, 320250.0, 1.173
0.6490767000068445, 307, 320250.0, 1.173
0.6102451000042493, 308, 320250.0, 1.173
0.5970802000083495, 309, 320250.0, 1.173
0.5765574000106426, 310, 320250.0, 1.173
0.5872481999977026, 311, 320250.0, 1.173
0.6281890999962343, 312, 320250.0, 1.173
0.5140590000082739, 313, 320250.0, 1.173
0.636047400010284, 314, 320250.0, 1.173
0.5200254999945173, 315, 320250.0, 1.173
0.5624758000049042, 316, 320250.0, 1.173
0.6002393999951892, 317, 320250.0, 1.173
0.5344174999918323, 318, 320250.0, 1.173
0.527219800002058, 319, 320250.0, 1.173
0.5372174999938579, 320, 320250.0, 1.173
0.5375131000037072, 321, 320250.0, 1.173
0.5512580000067828, 322, 320250.0, 1.173
0.6616969000024255, 323, 320250.0, 1.173
0.533685799993691, 324, 320250.0, 1.173
0.6313894999912009, 325, 320250.0, 1.173
0.5968458999996074, 326, 320250.0, 1.173
0.849788699997589, 327, 320250.0, 1.173
0.6075865000020713, 328, 320250.0, 1.173
0.5428416000067955, 329, 320250.0, 1.173
0.5793286999978591, 330, 320250.0, 1.173
0.6161465999903157, 331, 320250.0, 1.173
0.5531772999966051, 332, 320250.0, 1.173
0.6533861000061734, 333, 320250.0, 1.173
0.6499920999922324, 334, 320250.0, 1.173
0.7684874999977183, 335, 320250.0, 1.173
0.6508474000002025, 336, 320250.0, 1.173
0.5974264999968, 337, 320250.0, 1.173
0.7327036999922711, 338, 320250.0, 1.173
0.5892776999971829, 339, 320250.0, 1.173
0.5385204000049271, 340, 320250.0, 1.173
0.5499231000139844, 341, 320250.0, 1.173
0.50956709998718, 342, 320250.0, 1.173
0.5460498000029474, 343, 320250.0, 1.173
0.53821450000396, 344, 320250.0, 1.173
0.542299799999455, 345, 320250.0, 1.173
0.6230993000062881, 346, 320250.0, 1.173
0.5537347000063164, 347, 320250.0, 1.173
0.5154275999957463, 348, 320250.0, 1.173
0.619296699995175, 349, 320250.0, 1.173
0.5961699000035878, 350, 320250.0, 1.173
0.6427967000054196, 351, 320250.0, 1.173
0.5343349000031594, 352, 320250.0, 1.173
0.675220300006913, 353, 320250.0, 1.173

tour:
[1415 1780  646  657  106 1332  820  821  822  658  647  707  823  557
  721  475  670  720  824  474  731  825  685  515  826  786   69 1333
   70   71 1089   79   80   81   82   83   84  579  873   85   86   87
   88   89 1087   90 1775  802 1778 1063 1779 1776  935 1777 1513 1486
 1088   91   92   93   94  938  762  902  235  289  290  291  292  293
 1132 1627 1222  294  295  296  297  298 1864  939 1515  425 1516 1386
  744 1387 1614 1616 1615  299  300  301  118  302   99  303  304 1542
 1804 1791 1521 1118  305 1135 1134 1771  898   34   40  716 1772   47
  946  828  992 1884 1843 1645 1682 1566 1402 1334 1495 1077 1635 1878
 1271 1531 1074 1296 1871 1290 1274 1477 1236 1266 1324 1474 1438 1500
 1073 1677 1869 1457 1448 1433 1431 1572 1467 1873 1484 1482 1788 1679
 1145 1670 1564 1668 1119  249  248  247   98  246  117  245  244  243
  242  241 1114  240 1113  239  238  237  236 1115 1112  234  917  761
  901  878  877  876  875  874 1406 1405 1455  801 1568 1865  995  806
 1456 1570 1866  225  224 1141 1109  223  222  221  220  219  218  217
 1052  816  840  841 1359 1207 1086 1137 1160 1126 1200 1425 1696 1551
 1468 1309 1371 1345 1318 1550 1676 1868 1203 1382 1393 1447 1253 1606
 1389 1667 1298 1193 1400 1421 1216 1678 1338 1488 1539 1651 1279 1247
 1282 1272 1194 1278 1243 1418 1630 1281 1280 1248 1277 1215 1416 1512
 1738 1317 1263 1267  372  371  370  369  368  367 1157  366  365  364
  363  105 1158   25 1140   24  316 1420  709 1198 1196  104  317  318
  319  320 1138  321  322  323  324  325  326  327  328  329  330  331
  332  333  334  335  336  337  338  339  272   78  340  341  342  216
  346  940  894  890  839  789  800  922  805 1823 1836 1837 1830 1829
 1826 1820 1827 1821  965  936  970  763  764  765 1312  766  767  768
  769  770  423 1313  771  743 1014 1013 1591 1840  424 1012  928  976
  978  856  896  915  759  879  971  937  966 1824 1556 1555 1143 1142
 1110  226 1111  227  228  229  230  231  232  233 1144  760  916  897
 1557  857  979 1549 1526 1469 1178 1523 1863 1707 1653 1349 1598 1302
 1621 1426 1848 1860 1613 1517 1710 1845 1094 1536 1161 1558 1841 1817
 1592 1090 1442 1174 1440 1814 1806 1577 1314 1117 1520 1790 1803 1541
 1133 1655 1639  116  377   97  415  776  775  774  773  772  742 1026
  967   96  641 1443  376  982  115 1025  741  969  114  981  375   95
  905  252  642  643   33  710  907   39 1449  910   46  945  827  829
   38   41   44   45   48 1336 1883 1644 1681 1459 1565 1401 1079 1494
 1634 1877 1451 1076 1533 1270 1273   37 1476 1441 1289 1295 1870   31
  250  348 1039   32  347  251  417  904  987  374  980  113  968  996
  740 1427 1537  378  100  903  416  778 1473  112 1000  999  893  739
  847  998 1708 1525 1816 1839 1535 1587 1597 1287 1460 1206 1599  814
  813  543  812  811  810  809  808  807  803 1353  848  344  483  484
  485  486  487  488  489  490  491  492  493  494  495  496  497  498
  499  500  501  502  503  504  505  506  507  508  509  510  539  726
 1611 1478  930  919 1586  925 1470  420  931 1479 1612  846  738  892
 1805 1518 1711 1093 1538 1235 1162 1802 1559 1472 1483 1091 1444 1175
 1563 1789 1638 1315 1654 1671 1146 1540 1136 1116 1522 1787 1669 1481
 1680 1872 1888 1466 1072 1842 1432 1434 1323 1265  900   36  729 1269
 1636  871  872  830 1404 1684 1647  918   49 1882 1032 1065  909   43
  715 1064  717 1276   35 1291 1297 1268 1532 1075 1450 1876 1637 1078
 1458 1496 1335 1567 1403 1683 1646 1875  908   42  714 1874 1275 1881
 1545  923  983  254 1543 1657 1640  777 1658 1656 1544 1465   30  924
  253  306 1095  640 1234  119  639  638  637  636  635  634 1233  633
  418 1232  632  631  511  630  629  628  627  626 1231  541  625  624
  623  622  621  620  619  618  617  616  615  614  613  279  612  611
  610  609   72  414  309  213  343  782  836  929  280  895  899  831
  891  790  943  920  993 1028  990  906 1018 1010  984  949  542 1029
 1030  732  733  734  512  725  735 1299  419  736 1300  737 1350 1303
 1571 1428 1301 1348 1813 1652 1480 1709 1576 1524 1815 1527 1471 1176
 1590 1838 1534 1585 1596 1286 1461 1205 1548 1844 1201 1719 1519 1439
 1407 1626 1880 1662 1861 1210 1487 1369 1885 1514 1499 1547 1833 1584
 1818 1600 1445 1828 1562 1822 1569 1835 1462 1819 1493 1625 1430  278
  277  276  275  274  273  212  211  210  209  208   73  207  206  205
  204  574  681  561 1024  661  478  718  833  697  648  779  941  457
  933  651  704  109 1610  817 1694 1693  181 1107  182 1108  108  183
  184  185  186  187  188  189  190  191  192  193  194  195  196  197
  198  199  200  201  202  203  373  413  412  411  410  409  408  407
  406  405  404  403  402  401  400  399  398  397  396  395  394  393
 1173 1172 1361 1362 1358 1357 1340 1341  107  149  150  151  152  153
  154  155  156  157  158  159  160  161  162  163  164  165  166  167
  168  169  608  607  573  606  560  605  604  477  603  559  602  148
 1230 1344  147 1101  146  145  144  143  142  141 1343 1229  136  137
  138  139  140 1100 1339 1356 1360 1171 1168 1691 1250 1254 1099 1085
 1704 1712 1622 1573 1394 1246 1725 1756 1607 1397  172  569 1053 1812
  546  545 1501  951  568  171  359  952  552 1617  791  834  835  665
   64  129  134  135    5  128   63   29   28   27   26  358  170  567
  601 1228  544  600  599 1226 1784 1783 1047 1734 1015  349  255 1593
    1 1239 1061  380  745  911   50  354  842 1006  120  429 1354 1182
 1096 1579 1750 1435 1346 1383 1149 1080 1452 1739 1304 1165 1292 1742
 1745 1377 1408 1068 1240 1127 1509 1752 1731 1120 1799 1147 1748 1594
 1757 1699 1886 1735 1794 1720 1688 1729 1785 1641 1723 1774 1781 1759
 1659 1762 1325 1793 1373 1188 1179 1227 1702 1810 1798 1365 1211 1717
 1809 1218 1507 1102 1530 1237 1768 1697 1560 1588 1153 1411 1602 1715
 1505 1672 1582 1502 1214 1631 1618 1374 1320 1398 1021 1022  666 1623
   65  130  686  677  584 1001    6 1023  881  284  985  390  587  174
 1608 1692  867  311  480  563  178  850 1609 1422 1706  818  887 1463
  851  179  564  481  312  868 1705  175  588  391  986 1163  285  882
 1037    7 1002  585  678  687  131   66 1027  667 1041 1040  792  553
  953 1009  554  793 1019 1020  668   67  132  688  679  586 1003    8
 1038  883  286  379  392  589  176 1673  869  313  482  565  180  852
  888  819  728  991  110  705  652  934  458  942  780  649  698  555
  558  673  719  476  479 1489  815  562  682  575 1251  576  577  578
  516  517  270   74  310  214  345  518  519  520  521  522  523  524
  525  526  527  528  529  530  531  532  533  534  535  536  537 1204
  538 1834 1620  727 1285  724  723 1858 1846 1847 1859  974  926  421
 1016 1017  972 1177 1051  973  422 1011  927  975 1862 1370  855  854
  758  853 1879 1311 1284 1546 1601 1283 1310 1208  540 1209 1368 1367
 1831 1832  950 1498  948 1497  804  947  921  944  837 1342 1329 1490
 1492  849  889  838  787 1825  994  788  799  798 1429  797  796  215
  795  794   77  271  757  785 1056  514  684 1728  472 1666  473  730
 1650  660 1244  713  556  712  711 1034  964  706  781  645 1649 1727
 1665  656  932  832  886  103   23  315  870  177  591 1726 1664  288
  885 1663 1005  989  690  675  752 1033 1648  314  566  699  102  700
  701  655 1260  644  702  703 1316 1485  654 1491 1337 1675  708  963
  672  671  471 1328 1388 1605 1252 1446 1392 1381 1202 1867  784  756
 1695 1424 1159 1199 1125   76  307  308 1737   75  755  783 1380 1319
  513  722  683  470  469  468  467  466  465  464  463  462  461  460
  459 1604 1575 1714 1258  653  696  695  111  694  693  692 1603 1574
 1713 1257 1674   15   14   13   12   11   10  583  582  581  669   68
  676  691    9  680  133  997 1395 1321 1632  551  550  962  961  173
  360  664   59   60   61   62 1628  753 1413 1130 1552  590 1390 1103
   16 1070   17   18   19   20 1106   21 1363 1330  101 1262   22 1351
 1195 1104 1169 1553  287  884 1036  754 1308 1004 1031  689  674  127
  580  988   57  662  954  959  361  455  977  571 1035 1660 1764 1763
  548  427 1050  598 1049 1055  859 1059 1046 1048  353 1008 1732 1436
 1753 1510 1241 1069 1409 1121 1128  352  351 1721 1045 1058  858  861
  860 1057 1795 1642 1760 1326  426  862 1180  450  451 1189  452 1190
  453 1529  454 1219  570 1054 1808  547 1191  449  448 1187  447  446
  445  444 1186  443  442 1044 1689 1687 1800  441  440  350  256  283
    3  382  436  437  438  439  282  281    2  864 1043 1042  381  746
  912   51  355 1007  121 1686 1185  122  432  433  434  435   52  356
  124  123  430  431 1184  843  357 1378 1746 1743 1293 1166 1453 1305
 1740 1081 1384 1150  383  384  385  386  257 1595 1060  258  880  659
    4 1067 1062  749  748  747 1097 1685 1355 1183 1347 1751   53 1151
 1082   54 1306 1741 1454 1083 1385 1152  750  913   55 1851  865  844
  125 1850 1853 1849 1854 1855  126  845  866 1856   56  914  751  592
  593    0 1852  387  388  259 1857  594  595  596  389  597 1225 1766
  428 1123  956  549 1767  572  650 1770 1155 1376  863   58  663  955
  960  362  456  958  957 1504 1124  269  268  267  266  265  264  263
  262  261  260 1167 1744 1066 1747 1294 1242 1379 1437 1410 1511 1129
 1122 1733 1754 1736 1749 1580 1758 1148 1700 1722 1801 1773 1690 1796
 1786 1730 1643 1372 1724 1782 1792 1761 1701 1224 1327 1797 1807 1181
 1887 1811 1703 1366 1212 1718 1765 1220 1528 1238 1769 1698 1755 1192
 1154 1412 1213 1716 1506 1503 1245 1508 1633 1399 1619 1375 1084 1322
 1221 1396 1624 1098 1583 1589 1249 1255 1256 1561 1629 1307 1578 1581
 1414 1131 1164 1661 1554 1170 1223 1417 1105 1391 1197 1264 1419 1475
 1217 1139 1156 1071 1261 1259 1364 1464 1423 1352 1331 1092 1288]

eliteFit: 320250.0
percentError: 1.1733262567290923
computationTime: 259.000s