instanceName: u2319
n: 2319
optFit: 234256

genTime, gen, eliteFit, percentError:
0.0029831999991074554, 0, 5803315.0, 2377.339
4.159184099999948, 1, 251377.0, 7.309
2.603657900000144, 2, 249472.0, 6.495
2.584794399999737, 3, 248695.0, 6.164
2.707805400000325, 4, 248515.0, 6.087
2.659726099999716, 5, 247771.0, 5.769
2.5205933999995978, 6, 247284.0, 5.561
2.742701500000294, 7, 247284.0, 5.561
2.4788283999996565, 8, 247218.0, 5.533
2.59569829999964, 9, 247001.0, 5.441
2.355629200000294, 10, 246649.0, 5.290
2.1965061999999307, 11, 246503.0, 5.228
2.4324298999999883, 12, 246113.0, 5.062
2.3902366000002075, 13, 245978.0, 5.004
2.357370699999592, 14, 245785.0, 4.922
2.4581426000004285, 15, 245646.0, 4.862
2.3993781999997736, 16, 245604.0, 4.844
2.4742213999998057, 17, 245604.0, 4.844
2.359508200000164, 18, 245379.0, 4.748
2.4302624000001742, 19, 245213.0, 4.677
2.380670800000189, 20, 245192.0, 4.668
2.270084200000383, 21, 244887.0, 4.538
2.3361636999998154, 22, 244887.0, 4.538
2.25991779999913, 23, 244849.0, 4.522
2.192520599999625, 24, 244662.0, 4.442
2.1149390999999014, 25, 244500.0, 4.373
1.7811587999995027, 26, 244212.0, 4.250
1.8484103999999206, 27, 244212.0, 4.250
1.8623121000000538, 28, 244155.0, 4.226
1.7858875000001717, 29, 244088.0, 4.197
1.6303604999993695, 30, 243949.0, 4.138
1.4237641999998232, 31, 243949.0, 4.138
1.4426578000002337, 32, 243720.0, 4.040
1.2730311000004804, 33, 243718.0, 4.039
1.1950211000003037, 34, 243556.0, 3.970
1.2974995000004128, 35, 243531.0, 3.959
1.266376599999603, 36, 243432.0, 3.917
1.2201359000000593, 37, 243432.0, 3.917
1.207078100000217, 38, 243350.0, 3.882
0.9190678999993906, 39, 243268.0, 3.847
0.7581897999998546, 40, 243268.0, 3.847
0.7306269999999131, 41, 243268.0, 3.847
0.7517416999999114, 42, 243186.0, 3.812
0.8387889000005089, 43, 243186.0, 3.812
0.9621782000003805, 44, 243186.0, 3.812
0.6816152999999758, 45, 243186.0, 3.812
0.6869997000003423, 46, 243186.0, 3.812
0.7359014999992723, 47, 243186.0, 3.812
0.7059575000002951, 48, 243186.0, 3.812
0.6795094999997673, 49, 243186.0, 3.812
0.7656386000007842, 50, 243104.0, 3.777
0.6605540000000474, 51, 243104.0, 3.777
0.9607779999996637, 52, 243064.0, 3.760
1.0322715000002063, 53, 243022.0, 3.742
0.6926228000002084, 54, 242940.0, 3.707
0.8696431999997003, 55, 242940.0, 3.707
0.928630699999303, 56, 242858.0, 3.672
1.019006999999874, 57, 242858.0, 3.672
0.9547000000002299, 58, 242776.0, 3.637
0.9848685999995723, 59, 242694.0, 3.602
1.152069400000073, 60, 242694.0, 3.602
0.9982073999999557, 61, 242612.0, 3.567
0.9757397000003039, 62, 242612.0, 3.567
0.8408867999996801, 63, 242448.0, 3.497
0.9745401999998649, 64, 242448.0, 3.497
1.0801385999993727, 65, 242448.0, 3.497
1.0057815999998638, 66, 242366.0, 3.462
0.8540672999997696, 67, 242366.0, 3.462
0.8317344999995839, 68, 242366.0, 3.462
0.7647270000006756, 69, 242366.0, 3.462
0.7350521999997, 70, 242366.0, 3.462
0.7909096000003046, 71, 242366.0, 3.462
0.6836535000002186, 72, 242284.0, 3.427
0.711381000000074, 73, 242284.0, 3.427
1.0274749999998676, 74, 242284.0, 3.427
0.9821021999996447, 75, 242225.0, 3.402
1.1844159000002037, 76, 242202.0, 3.392
1.2646284000002197, 77, 242120.0, 3.357
1.1016261000004306, 78, 242120.0, 3.357
0.8590218999997887, 79, 242061.0, 3.332
1.0188723000001119, 80, 242061.0, 3.332
0.8394015000003492, 81, 242061.0, 3.332
0.694993500000237, 82, 242061.0, 3.332
0.6169849999996586, 83, 242061.0, 3.332
0.6348539000000528, 84, 242061.0, 3.332
0.6735315999994782, 85, 242061.0, 3.332
0.7070905000000494, 86, 242061.0, 3.332
0.6949559999993653, 87, 241979.0, 3.297
0.6618348000001788, 88, 241979.0, 3.297
0.6420393999997032, 89, 241979.0, 3.297
0.7072411999997712, 90, 241897.0, 3.262
0.7386974999999438, 91, 241897.0, 3.262
0.7586270000001605, 92, 241855.0, 3.244
0.7681498000001739, 93, 241773.0, 3.209
0.7145915999999488, 94, 241733.0, 3.192
0.7060900999995283, 95, 241691.0, 3.174
0.6653623999991396, 96, 241691.0, 3.174
0.6389275999999882, 97, 241691.0, 3.174
0.6790585999997347, 98, 241691.0, 3.174
0.7463736999998218, 99, 241691.0, 3.174
0.6527703000001566, 100, 241691.0, 3.174
0.6449726000000737, 101, 241691.0, 3.174
0.650343299999804, 102, 241651.0, 3.157
0.8013802999994368, 103, 241651.0, 3.157
1.027722900000299, 104, 241651.0, 3.157
1.275598600000194, 105, 241651.0, 3.157
1.3506899999993038, 106, 241651.0, 3.157
1.4378733000003194, 107, 241651.0, 3.157
0.7295290000001842, 108, 241651.0, 3.157
0.6992734999994354, 109, 241651.0, 3.157
0.8040900000005422, 110, 241569.0, 3.122
0.6694799000006242, 111, 241527.0, 3.104
0.8127894999997807, 112, 241527.0, 3.104
0.7226972000007663, 113, 241445.0, 3.069
1.2435739000002286, 114, 241363.0, 3.034
1.461924799999906, 115, 241363.0, 3.034
1.155146799999784, 116, 241363.0, 3.034
1.0952637000000323, 117, 241304.0, 3.009
1.3073307000004206, 118, 241281.0, 2.999
0.8409898999998404, 119, 241281.0, 2.999
0.8150015999999596, 120, 241199.0, 2.964
0.7472986000002493, 121, 241199.0, 2.964
0.6808631000003516, 122, 241199.0, 2.964
0.7276479000001927, 123, 241140.0, 2.939
0.6907662000003256, 124, 241140.0, 2.939
0.7015705000003436, 125, 241140.0, 2.939
0.609687600000143, 126, 241140.0, 2.939
0.7465556999995897, 127, 241058.0, 2.904
0.6716128000007302, 128, 240976.0, 2.869
0.898744799999804, 129, 240976.0, 2.869
1.3625683000000208, 130, 240976.0, 2.869
1.048853400000553, 131, 240976.0, 2.869
0.8284780000003593, 132, 240976.0, 2.869
0.881424799999877, 133, 240976.0, 2.869
0.7660864999998012, 134, 240976.0, 2.869
0.879146899999796, 135, 240894.0, 2.834
0.8324224999996659, 136, 240894.0, 2.834
0.8461218999991615, 137, 240894.0, 2.834
0.9602457999999388, 138, 240894.0, 2.834
0.8021764999994048, 139, 240812.0, 2.799
0.8738805000002685, 140, 240812.0, 2.799
0.9292305999997552, 141, 240812.0, 2.799
0.8873281999995015, 142, 240812.0, 2.799
0.7852318000004743, 143, 240730.0, 2.764
0.6743222000004607, 144, 240730.0, 2.764
0.7389807999998084, 145, 240730.0, 2.764
0.6213757000004989, 146, 240730.0, 2.764
0.6196660000005068, 147, 240730.0, 2.764
0.6973250999999436, 148, 240730.0, 2.764
0.7614397999996072, 149, 240730.0, 2.764
0.6704636999993454, 150, 240730.0, 2.764
0.7175907999999254, 151, 240730.0, 2.764
0.6555871999998999, 152, 240730.0, 2.764
0.6051728000002186, 153, 240730.0, 2.764
0.620452799999839, 154, 240730.0, 2.764
0.6388391000000411, 155, 240730.0, 2.764
0.6911590999998225, 156, 240730.0, 2.764
0.7169770999998946, 157, 240730.0, 2.764
0.6718062999998438, 158, 240730.0, 2.764
0.6740676999997959, 159, 240730.0, 2.764
0.6652862999999343, 160, 240730.0, 2.764
0.6799525000005815, 161, 240730.0, 2.764
0.7655053999997108, 162, 240730.0, 2.764
0.6571966999999859, 163, 240730.0, 2.764
0.6757256999999299, 164, 240730.0, 2.764
0.6384398999998666, 165, 240730.0, 2.764
0.622065599999587, 166, 240730.0, 2.764
0.7601306000005934, 167, 240730.0, 2.764
0.6114579999994021, 168, 240730.0, 2.764
0.6193137000000206, 169, 240730.0, 2.764
0.5978304000000207, 170, 240730.0, 2.764
0.7329752999994525, 171, 240730.0, 2.764
0.6448085000001811, 172, 240730.0, 2.764
0.7114824000000226, 173, 240730.0, 2.764
0.7403446999996959, 174, 240730.0, 2.764
0.7556062000003294, 175, 240688.0, 2.746
0.7242245999996157, 176, 240688.0, 2.746
0.8656547000000501, 177, 240688.0, 2.746
1.0364399999998568, 178, 240665.0, 2.736
0.77870940000048, 179, 240606.0, 2.711
0.6391697999997632, 180, 240583.0, 2.701
0.9722781000000396, 181, 240583.0, 2.701
0.944490400000177, 182, 240583.0, 2.701
0.9742238999997426, 183, 240524.0, 2.676
0.7845022000001336, 184, 240501.0, 2.666
1.0186703999997917, 185, 240501.0, 2.666
0.8930412999998225, 186, 240501.0, 2.666
0.7519246000001658, 187, 240501.0, 2.666
0.6367129999998724, 188, 240501.0, 2.666
0.6368128000003708, 189, 240501.0, 2.666
0.693515999999363, 190, 240501.0, 2.666
0.7783779999999751, 191, 240501.0, 2.666
0.6507790000005116, 192, 240501.0, 2.666
0.6246801000006599, 193, 240501.0, 2.666
0.6991633999996338, 194, 240501.0, 2.666
0.6667904999994789, 195, 240501.0, 2.666
0.7152948000002652, 196, 240501.0, 2.666
0.6834054999999353, 197, 240501.0, 2.666
0.6383099000004222, 198, 240501.0, 2.666
0.6830560999997033, 199, 240501.0, 2.666
0.6367979999995441, 200, 240501.0, 2.666
0.6896304000001692, 201, 240501.0, 2.666
0.6322191999997813, 202, 240501.0, 2.666
0.6683292000006986, 203, 240501.0, 2.666
0.7160758999998507, 204, 240501.0, 2.666
0.655189000000064, 205, 240501.0, 2.666
0.7221291000005294, 206, 240501.0, 2.666
0.7103805999995529, 207, 240501.0, 2.666
0.6413558999993256, 208, 240501.0, 2.666
0.7857734999997774, 209, 240501.0, 2.666
0.6424426000003223, 210, 240501.0, 2.666
0.6370822999997472, 211, 240501.0, 2.666
0.6943335999994815, 212, 240501.0, 2.666
0.6565392000002248, 213, 240501.0, 2.666
0.6474958999997398, 214, 240501.0, 2.666
0.6335761000000275, 215, 240501.0, 2.666
0.7246494999999413, 216, 240501.0, 2.666
0.6805947000002561, 217, 240501.0, 2.666
0.6955095000002984, 218, 240501.0, 2.666
0.6116136000000552, 219, 240501.0, 2.666
0.6623368000000482, 220, 240501.0, 2.666
0.6298398999997517, 221, 240501.0, 2.666
0.6204706999997143, 222, 240501.0, 2.666
0.6809943999996904, 223, 240501.0, 2.666
0.6862860000001092, 224, 240419.0, 2.631
0.664782899999409, 225, 240419.0, 2.631
0.7383990999996968, 226, 240337.0, 2.596
0.9374434000001202, 227, 240337.0, 2.596
0.9202980000000025, 228, 240337.0, 2.596
0.7667842999999266, 229, 240255.0, 2.561
0.6747814999998809, 230, 240255.0, 2.561
0.6880068999998912, 231, 240255.0, 2.561
0.7427360000001499, 232, 240255.0, 2.561
0.6224879999999757, 233, 240255.0, 2.561
0.6510949000003166, 234, 240255.0, 2.561
0.656827599999815, 235, 240255.0, 2.561
0.6114814000002298, 236, 240255.0, 2.561
0.6244751000003816, 237, 240255.0, 2.561
0.6104077999998481, 238, 240255.0, 2.561
0.6328847000004316, 239, 240255.0, 2.561
0.6488774999997986, 240, 240255.0, 2.561
0.7026905999991868, 241, 240255.0, 2.561
0.7737234000005628, 242, 240255.0, 2.561
0.6250569000003452, 243, 240196.0, 2.536
0.7542045000000144, 244, 240196.0, 2.536
0.7407381000002715, 245, 240196.0, 2.536
0.7643377000003966, 246, 240114.0, 2.501
0.6949991000001319, 247, 240114.0, 2.501
0.8114534999995158, 248, 240114.0, 2.501
0.6832057999999961, 249, 240114.0, 2.501
0.6570620000002236, 250, 240114.0, 2.501
0.6529209000000264, 251, 240114.0, 2.501
0.6676766000000498, 252, 240114.0, 2.501
0.6548200000006545, 253, 240114.0, 2.501
0.6546189000000595, 254, 240114.0, 2.501
0.6687771000006251, 255, 240114.0, 2.501
0.6897414000004574, 256, 240114.0, 2.501
0.7196907999996256, 257, 240114.0, 2.501
0.6526063000001159, 258, 240114.0, 2.501
0.6234051000001273, 259, 240114.0, 2.501
0.6727195000003121, 260, 240114.0, 2.501
0.6758050999997067, 261, 240114.0, 2.501
0.7358868000001166, 262, 240114.0, 2.501
0.7549065000002884, 263, 240114.0, 2.501
0.6689650000007532, 264, 240114.0, 2.501
0.6611499000000549, 265, 240114.0, 2.501
0.681242800000291, 266, 240114.0, 2.501
0.6394232000002376, 267, 240114.0, 2.501
0.7501510000001872, 268, 240114.0, 2.501
0.6524268000002849, 269, 240114.0, 2.501
0.6499349000005168, 270, 240114.0, 2.501
0.7473568000004889, 271, 240114.0, 2.501
0.6645822000000408, 272, 240114.0, 2.501
0.6783574999999473, 273, 240114.0, 2.501
0.5789826000000176, 274, 240114.0, 2.501
0.6834324999999808, 275, 240114.0, 2.501
0.6605595000000903, 276, 240114.0, 2.501
0.7243090999991182, 277, 240114.0, 2.501
0.5998432000005778, 278, 240114.0, 2.501
0.709497900000315, 279, 240114.0, 2.501
0.5999517000000196, 280, 240114.0, 2.501
0.7372589000005974, 281, 240114.0, 2.501
0.7032986000003802, 282, 240114.0, 2.501
0.7463426999993317, 283, 240114.0, 2.501
0.6384341000002678, 284, 240114.0, 2.501
0.6838212000002386, 285, 240114.0, 2.501
0.6574630999994042, 286, 240114.0, 2.501
0.708884599999692, 287, 240114.0, 2.501
0.6678020999997898, 288, 240114.0, 2.501
0.6584874000000127, 289, 240114.0, 2.501
0.6972680999997465, 290, 240114.0, 2.501
0.6300976000002265, 291, 240114.0, 2.501
0.8880516999997781, 292, 240114.0, 2.501
0.5952306999997745, 293, 240114.0, 2.501
0.6820697000002838, 294, 240114.0, 2.501
0.6040608000002976, 295, 240114.0, 2.501
0.7380509999993592, 296, 240114.0, 2.501

tour:
[ 407  354  359  358  357  352  345  351  346  347  342  339  331  338
  428  426  427  430  434  436  438  437  435  433  432 1422 1421 1416
 1420 1415 1413 1414 1144 1145 1149 1148 1151 1150 1152 1153 1388 1400
 1387 1399 1398 1405 1401 1406 1407 1412 1408 1409 1410 1403 1411 1402
 1404 1397  444  446  452  453  455  454 1394 1395 1396 1393 1391 1392
 1390 1386 1389 1383 1380 1159 1157 1154 1156 1160 1158 1379 1381 1382
  488 1376 1375  489  491  493  492  487  479  486  480  478 1384 1385
  475  476  474  477  482  483  472  473  468  466  465  467  470  469
  471  257  258  259  260  256  255  253  254  484  481  485  247  249
  252  250 2245  243  238  241  242 2244 2246 2243 2242 2238 2237  251
 2233 2235 2236 2230 2239 2240 2241 2250 2248 2247 2249 2251 2252 2253
 2254 2256 2255 2257 2258 2264 2265 2263 2266 2273 2274 2272 2271 2270
 2269 2267  212  211  210  204  207  205  206  524  214  213  215 2268
  224  225 2262 2261 2259 2260  226  220  222  229  227  228  240  239
  234  237  244  248  245  246  494  236  235  496  495  490 1374 1373
 1370 1372 1377 1378 1161 1165 1371 1369 1166 1169 1368 1367 1362 1361
 1359 1360 1363 1364 1366  499 1365  498  500  497  501  502  232  231
  233  230  221  223  219  513  511  510  503  507  506  508  509  512
  514  218  216  217  523  527  525  528  533  534  536  535  529  540
  539 1328 1329  538  541  537  543  542  544  201  202  203  200  199
  198  208  209 2278 2279 2277 2276 2275 2280 2281 2282 2283 2284 2285
 2286 2287 2293 2290 2288 2289  197  195  193  194  192  196  191 2291
 2296 2292 2294 2295 2299 2298 2297  181 2311 2310 2304  178 2305  174
  173  169  168  167   43  171  170  172   30 2306   29   31   32   33
   36   34   22   25   26   28 2307    4    3 2308 2309 2314 2312 2303
 2302 2300 2301 2316 2313 2315 2317 2318    7    8   11   12   14   15
    9    6    0    1    5    2   10   19   27   20   18   16   13   17
   21   24   23   35   37   41   42   44   38   40   39   48   49   50
   46   47   45  163  162  161   52  160  158   51   53   59   58   57
   60   61   62   56   55   54  156  154  151  150   72   70   69   71
   64   63   65   68   66   76   67   77   75   80   78   79   87   86
   84   83   81  138  137  625  635  634  630  631  633  636  133  135
  136  134  131  129   98  100  127  642  641  117  116  126   99  106
  101   94   97   92  130   90   85   88   89   91   93   96   95  104
  102 1638  103  105  109 1636 1639 1637 1640 1641 1648 1643 1646 1645
 1678 1679 1680 1696 1683 1681 1677 1673 1674 1676 1644 1647 1655 1657
 1675 1656 1672 1670 1661 1659 1619 1658 1654 1642 1649 1652 1650 1635
 1651 1653 1620 1618 1621 1622 1616 1623  687  685  684  686 1624 1625
 1628 1629 1630 1633 1634  110  108  107  115  112  111 1632 1631  113
  114  125  123  124  120 1627 1626  121  650  649  681  682  675  679
  676  677  706  670  669  671  668  672  674  680  665  666  656  647
  648  652  651  653  654  645  122  119  118  644  640  643  638  128
  132  637  639  632 1276 1277 1275 1272 1259 1273 1274  646  655  657
 1260 1271 1269 1267 1249 1248 1251 1252 1245 1246 1239 1288 1287 1290
  618  619  628 1285 1286 1247 1250 1282 1280 1268 1278 1279 1281 1283
 1284  627  629  626  622  620  617  615  616 1295  610  612  608  613
  614  621  623  624  139  140   82  141  142  144  145  143   74   73
  147  146  148  149  152  153  155  157  159  164  165  166  577  579
  576  574  572  568  565  573  575  175  176  177  184  179  180  182
  183  185  186  189  190  188  187  564  563  562  545  546  547  550
 1327  549  548  551  561  560  567  566  559  552  558  571  569  580
  581  578  593  592  591  589  582  570  557  553  556 1320 1318 1317
 1321 1322 1326 1323 1325 1324 1316 1314 1315 1312 1310  586  587 1319
  555  554  583  584  588  585  600  590  594  595  596  598  599  602
 1307 1308 1309 1311 1301 1304 1305 1306  603  604  601  597  605  606
  607  609  611 1303 1302 1296 1297 1293 1294 1291 1292 1289 1240 1238
 1241 1237 1242 1244 1235 1225  895  893  892  894 1243 1254  870  871
  867  865  864  873  872  891  875  876  877  885  886  901  887  889
  888  890  897  896 1226 1224 1223 1236 1234 1232 1231 1233 1229 1230
 1298 1300 1299 1313 1216 1215 1221 1228 1222 1227 1204 1205 1202 1203
  898  899  900 1187 1186 1188 1189 1185 1184 1190 1191 1201 1206 1219
 1220 1212 1200 1208 1211 1218 1214 1217 1213 1332 1331 1330 1335 1333
 1209 1210 1334 1337 1338 1336  530  532  531 1339 1344 1345  521  526
  522  519  515  518 1354  505  504 1356 1355 1353 1348  517  516  520
 1347 1346 1349 1350 1196 1343 1342 1340 1341 1195 1194 1197 1199 1207
 1198 1192 1182 1193 1183 1181 1180 1178 1351 1352 1357 1358 1179 1177
 1171 1172 1174 1176 1175 1173  942  941  933  932  931  928  926  929
  930  934  940  935  939  936  937  984  921  922  923  924  925  912
  904  927  903  902  911  910  906  905  913  914  915  916  920  983
  990  917  918 1028  919 1029 1027 1014 1013  995  989  994  996 1001
 1005 1006 1012 1011 1016 1024 1025 1015 1026 1030  909  907  884  878
  874  883  879  908 1031  882  880  859  858  881 1023 1022 1021 1017
 1010 1007 1004 1003 1050 1057 1058 1002  998 1000  968 1069  999 1060
 1059 1061 1068 1065 1062 1056 1054 1051 1052 1053 1055 1063 1064  796
  795  797  801  803  804  808  802  798  800  799  759  757  752  751
  749  750  806  807  805  809 1044 1045 1048 1049 1008 1009 1018 1019
 1047 1046 1043 1042  810  811  812  738  739  740  743  748  745  744
  742  741  736  734  737  735  730  731  732  733  813  814  816  815
 1040 1041 1039 1038 1037  840  819  818  817  822  820  827  842  841
  839  838  837 1034 1036 1020 1033 1032  857  846 1035  836  843  828
  826  823  821  721  723  724  725  729  728 1561 1560 1550 1549 1548
 1551 1552 1547 1544 1555 1553 1556 1557 1559 1558 1757 1756 1566 1750
 1749 1565 1567 1564 1563 1562 1572  727  726  722  720  715  719  717
  824  825  829  833  660  834  835  844  849  845  847  854  855  856
  860  863  861  862  866  868  869 1253 1255 1266 1256 1257 1265 1258
 1264  852  853  851  848  850 1262 1263 1270 1261  658  659  662  663
  664  667  661  673  832  830  831  718  716  708  707  705  714  713
  712  711  710  709 1584 1574 1573 1571 1569 1568 1570 1575 1576 1579
 1577 1580 1581 1583 1585  704  703  699  700  701  702 1586 1595 1587
 1594 1596 1597  694  693  695  692  697  698  678  683  696  691  688
 1615  690  689 1610 1613 1614 1617 1660 1612 1611 1662 1668 1667 1665
 1712 1713 1707 1704 1708 1711 1710 1669 1671 1682 1703 1709 1702 1697
 1701 1705 1836 1834 1706 1714 1715 1828 1716 1727 1724 1723 1722 1605
 1607 1721 1719 1718 1717 1720 1666 1664 1663 1608 1609 1606 1604 1598
 1603 1600 1601 1728 1725 1726 1826 1827 1829 1833 1835 1837 1700 1698
 1694 1684 1695 1685 1693 1686 1699 1838 1843 1844 1845 1848 1830 1832
 1831 1851 1825 1824 1853 1854 1852 1850 1849 1847 1846 1842 1841 1840
 1839 1688 1692 1691 1687 1689 1690 1861 1862 1863 1864 1865 1866 1867
 1868 1869 1870 1860 1857 1855 1856 1823 1822 1821 1818 1820 1819 1729
 1730 1734 1817 1812 1813 1858 1814 1875 1877 1807 1808 1805 1809 1806
 1815 1816 1811 1735 1740 1739 1737 1590 1736 1733 1731 1732 1602 1599
 1593 1591 1589 1592 1588 1582 1738 1578 1748 1744 1741 1743 1810 1742
 1804 1802 1752 1746 1745 1747 1751 1754 1755 1759 1758 1554 1763 1764
 1543 1539 2053 2052 2054 2050 2049 2040 2037 2038 2035 2036 2042 2045
 2046 2041 2048 2047 1771 1772 1769 1770 1768 1766 1779 1782 1780 1784
 1787 1783 1778 1765 1775 1773 1774 1776 1777 1761 1762 1760 1753 1794
 1795 1801 1790 1800 1798 1796 1803 1797 1880 1882 1799 1885 1887 1791
 1789 1793 1788 1792 1786 1785 1888 1886 1884 1883 1881 1879 1878 1876
 1874 1859 1873 1871 1872 1890 1891 1892 1893 1894 1895 1896 1897 1898
 1889 1902 1903 1905 1904 1901 1899 1900 1924 1925 1926 1927 1928 1929
 1930 1931 1932 1923 1922 1937 1934 1933 1935 1936 1954 1951 1952 1950
 1953 1957 1949 1955 1946 1947 1948 1956 1967 1968 1966 1958 1965 1969
 2007 2010 2008 2015 2016 2017 2014 2009 2012 2013 2020 2019 2022 2021
 2069 2068 2066 2067 2028 2023 2024 2018 1944 1943 1945 1938 1939 1921
 1918 1919 1915 1912 1911 1913 1909 1907 1906 1781 1908 1910 1767 2043
 2044 1914 1916 2034 2033 1917 1920 1940 1941 1942 2025 2026 2032 2031
 2027 2029 2030 2039 2059 2057 1519 1520 2061 2060 2064 2063 2065 2062
 1512 1510 1508 1509 1487 2070 2071 2073 2072 2074 2075 1490 1489 1488
 1500 1498 1499 1482 1478 1501 1502 1507 1503 1504 1505 1506 1511 1514
  776  777 1479 1477 1481 1476 1468 1467 1469 1472  780  781  774  779
 1473 1475 1480 1474  775  778  773  766 1515 1513 1518 1521 1522 1523
 1527 1532 1531 1528 1530 2056 2058 2055 2051 1529 1540 1538 1542 1545
 1541 1537 1534 1536 1546 1535  746  747  756  753  755  754 1533 1526
 1525  763  761  760  762  768  764 1524 1517 1516  765  767  772  769
  771  770  786  787  789  788 1076 1075 1078  790  793  792  758  791
  794 1066 1067 1070 1071  969 1098 1072 1080 1079 1077 1074 1082 1073
 1081 1095 1097 1099 1100 1102 1104  963  974  986  973  964  965  971
  967  970  997  993  966  972  992  991  988  985  982  981  979  980
  987  962  975 1124 1122 1117 1123 1103 1105 1101 1106 1096 1094 1083
 1091 1093 1110 1109 1444 1111 1108 1113 1107 1116 1115 1118 1121 1120
 1128 1126 1125  960  961  976  977  958  978  938  951  949  944  943
 1170  945 1168 1167 1162 1164 1163 1139  947  946  948  950  952  953
  954  959  955 1132 1127 1131 1135 1133  956 1136  957 1138 1137 1140
 1155 1147 1141 1146 1142 1134 1143 1419 1417 1423 1418 1130 1129 1427
 1426 1424  431  425 1425 1428 1429 1430 1432 1435 1433 1434  423  424
  337  336  332  335  333  420  421  422  419 1436 1440 1441 1431 1119
 1114 1112 1442 1443 1445 1439 1437 1438 1446 1450 1447 1449 1092 1090
 1084 1085 1086 1087  784  785  783  782 1471 1461 1460 1459 1088 1089
 1457 1448 1453 1456 1458 1455 1464 1462 1465 1470 1466 1463  397  396
  374  375  376  395  394  393  392  391  390  389  387  385  388 1483
 1497 1496 1495 1491 2076 2078 2011 2004 2003 1998 2005 2006 1970 1972
 1964 1959 1960 1961 1962 1977 1978 1979 1963 1973 1974 1971 1997 1996
 1999 1987 1975 1976 1986 1988 1989 1981 1980 1985 1984 1983 1982 1990
 1991 1992 1993 1994 1995 2000 2088 2089 2087 2090 2098 2103 2099 2100
 2101 2102 2104 2105 2106 2107 2108 2109 2096 2095 2093 2080 2083 2081
 2092 2094 2097 2091 2086 2085 2001 2002 2084 2082 2077 2079 1492 1493
 1486 1494 1484 1485  386 2113 2110 2112 2114  384  383 2115 2116 2117
  381  382  377  378  364  379  363  380 2123 2118 2111 2119 2120 2121
 2122 2124 2125  362  365  361  369  366 2131 2128 2127 2126 2129 2130
 2133 2134 2137 2139 2141 2142 2144 2146 2147 2149 2150 2153 2152 2155
 2154 2157 2156 2158 2159 2161 2162 2164 2166 2165 2167  298  300  297
  299 2168 2169 2170 2172 2171  289  290  292  291  274  296  293  295
  449  450  275  273  288  286 2174 2173 2176 2175  287  282 2179 2177
 2178 2180 2181 2182 2198 2183  283  281 2185 2184 2187 2189 2194 2188
 2197 2199 2200 2201 2203 2204 2202 2196 2195 2205 2207 2206 2212 2213
 2214 2215 2217 2222 2221 2225 2224 2226 2223 2228 2229 2227 2231 2232
 2234  261  262  263 2219  264  265  269  266 2220 2218 2216 2211 2209
 2208 2210 2193 2191 2192  268  267 2190  279 2186  280  271  284  285
  276  272  277  458  460  278  270  461  462  463  464  459  457  456
  451  448  447  445  443  442  441  440  439  311  319  318  313  316
  429  315  314  317  323  322  312  321  303  306  308  320  310  294
  309  307  301  302 2163 2160  305  304  325  324  326  329  330  327
  328 2151 2148  341  340  343  344 2145 2143 2140 2138 2136 2135 2132
  360  367  368  370  373  371  399  398  400  401  372  406  402  403
 1454 1452 1451  411  413  418  414  417  334  348  416  349  350  356
  353  355  408  415  412  409  410  404  405]

eliteFit: 240114.0
percentError: 2.500683013455365
computationTime: 278.218s