instanceName: eil101
n: 101
optFit: 629

genTime, gen, eliteFit, percentError:
0.0001171000039903447, 0, 3132.0, 397.933
0.004768400001921691, 1, 660.0, 4.928
0.003869100008159876, 2, 646.0, 2.703
0.003068000005441718, 3, 646.0, 2.703
0.00243429999682121, 4, 645.0, 2.544
0.0028780000138795003, 5, 641.0, 1.908
0.002361199993174523, 6, 638.0, 1.431
0.002132900001015514, 7, 637.0, 1.272
0.0023687000066274777, 8, 635.0, 0.954
0.0039084000018192455, 9, 635.0, 0.954
0.003079100002651103, 10, 635.0, 0.954
0.0037431999953696504, 11, 630.0, 0.159
0.0025671999901533127, 12, 630.0, 0.159
0.0027741999947465956, 13, 630.0, 0.159
0.0018135999998776242, 14, 630.0, 0.159
0.001252100002602674, 15, 630.0, 0.159
0.001078299988876097, 16, 629.0, 0.000

tour:
[  4  83  16  44   7  45  46  35  48  63  62  89  31   9  61  10  18  47
  81   6  87  30  69  29  19  65  64  70  34   8  50  32  80  33  77  78
   2  76  75  49   0  68  26 100  52  27  25  11  79  67  28  23  53   3
  54  24  38  66  22  55  74  21  40  73  71  72  20  39  57  12  93  94
  96  86   1  56  14  42  41  13  37  43  85  15  60  84  90  99  36  97
  91  58  92  98  95   5  88  51  17  82  59]

eliteFit: 629.0
percentError: 0.0
computationTime: 0.054s