instanceName: eil101
n: 101
optFit: 629

genTime, gen, eliteFit, percentError:
0.000112599998828955, 0, 3071.0, 388.235
0.006081200001062825, 1, 655.0, 4.134
0.003722399997059256, 2, 641.0, 1.908
0.0025421000027563423, 3, 641.0, 1.908
0.002638000005390495, 4, 641.0, 1.908
0.0022387999924831092, 5, 639.0, 1.590
0.0022018999879946932, 6, 636.0, 1.113
0.0025996000040322542, 7, 636.0, 1.113
0.0019402000034460798, 8, 635.0, 0.954
0.0020087000011699274, 9, 635.0, 0.954
0.0012561999901663512, 10, 635.0, 0.954
0.001086899996153079, 11, 635.0, 0.954
0.0009904999897116795, 12, 635.0, 0.954
0.0017912999901454896, 13, 635.0, 0.954
0.0010506999969948083, 14, 635.0, 0.954
0.001326899990090169, 15, 635.0, 0.954
0.0012987999944016337, 16, 634.0, 0.795
0.0015577000012854114, 17, 634.0, 0.795
0.0010308999917469919, 18, 634.0, 0.795
0.0013797999999951571, 19, 634.0, 0.795
0.0011012000031769276, 20, 634.0, 0.795
0.0014586000033887103, 21, 634.0, 0.795
0.0011505000002216548, 22, 634.0, 0.795
0.0010611000034259632, 23, 634.0, 0.795
0.0012300000089453533, 24, 634.0, 0.795
0.0014285999932326376, 25, 634.0, 0.795
0.0010981999948853627, 26, 634.0, 0.795
0.001491799994255416, 27, 634.0, 0.795
0.00149859998782631, 28, 634.0, 0.795
0.001486799999838695, 29, 634.0, 0.795
0.0014398999919649214, 30, 634.0, 0.795
0.0015211999998427927, 31, 634.0, 0.795
0.0022216000070329756, 32, 634.0, 0.795
0.0014987000031396747, 33, 634.0, 0.795
0.00148530000296887, 34, 634.0, 0.795
0.0018134999991161749, 35, 634.0, 0.795
0.0014119999977992848, 36, 634.0, 0.795
0.001627700010430999, 37, 634.0, 0.795
0.0020064999989699572, 38, 634.0, 0.795
0.0017336000018985942, 39, 634.0, 0.795
0.0015946000057738274, 40, 634.0, 0.795
0.0018312000029254705, 41, 634.0, 0.795
0.0016493000002810732, 42, 634.0, 0.795
0.0014670000091427937, 43, 634.0, 0.795
0.0017530999903101474, 44, 634.0, 0.795
0.001485000000684522, 45, 634.0, 0.795
0.0016004000062821433, 46, 634.0, 0.795
0.001385600000503473, 47, 634.0, 0.795
0.0014377000043168664, 48, 634.0, 0.795
0.0013771999947493896, 49, 634.0, 0.795
0.0014976000093156472, 50, 634.0, 0.795
0.0014242000033846125, 51, 634.0, 0.795
0.0014064000133657828, 52, 634.0, 0.795
0.0012406000023474917, 53, 634.0, 0.795
0.0013272999931359664, 54, 634.0, 0.795
0.0018808999884640798, 55, 634.0, 0.795
0.001280700002098456, 56, 634.0, 0.795
0.0012663999950746074, 57, 634.0, 0.795
0.001226299995323643, 58, 634.0, 0.795
0.001301900003454648, 59, 634.0, 0.795
0.0012274000036995858, 60, 634.0, 0.795
0.0014123000000836328, 61, 634.0, 0.795
0.0014591999934054911, 62, 634.0, 0.795
0.0016146999987540767, 63, 634.0, 0.795
0.0012238999916007742, 64, 634.0, 0.795
0.001606199992238544, 65, 634.0, 0.795
0.0016700999985914677, 66, 634.0, 0.795

tour:
[  8  50  32  78   2  76  75  49   0  68  26 100  52  27  25  11  79  67
  28  23  53  54  24   3  38  66  22  55  74  21  40  73  71  72  20  39
  57  12  93  94  96  86   1  56  14  42  41  13  43  37  85  15  60  84
  90  99  36  97  92  91  58  98  95   5  88  51  17  82  59   4  83  16
  44  45   7  81  47   6  87  30  69   9  61  10  18  46  35  48  63  62
  89  31  29  19  65  70  64  34  33  77  80]

eliteFit: 634.0
percentError: 0.7949125596184419
computationTime: 0.142s