instanceName: eil101
n: 101
optFit: 629

genTime, gen, eliteFit, percentError:
0.00018899999849963933, 0, 3094.0, 391.892
0.00464710000960622, 1, 665.0, 5.723
0.003013900000951253, 2, 653.0, 3.816
0.0031759999983478338, 3, 649.0, 3.180
0.0031783000013092533, 4, 638.0, 1.431
0.00248239999928046, 5, 636.0, 1.113
0.0028089000115869567, 6, 635.0, 0.954
0.0024642999924253672, 7, 635.0, 0.954
0.0023392000002786517, 8, 630.0, 0.159
0.0029002000082982704, 9, 630.0, 0.159
0.0013688000035472214, 10, 630.0, 0.159
0.0016943000082392246, 11, 630.0, 0.159
0.0019038999889744446, 12, 630.0, 0.159
0.0017426000122213736, 13, 629.0, 0.000

tour:
[ 20  39  57  12  93  94  96  86   1  56  14  42  41  13  43  37  85  15
  60  84  90  99  36  97  91  58  92  98  95   5  88  51  17  82  59   4
  83  16  44   7  45  46  35  48  63  62  89  31   9  61  10  18  47  81
   6  87  30  69  29  19  65  64  70  34  33  77  80   8  50  32  78   2
  76  75  49   0  68  26 100  52  27  25  11  79  67  28  23  53  54  24
   3  38  66  22  55  74  21  40  73  71  72]

eliteFit: 629.0
percentError: 0.0
computationTime: 0.042s