instanceName: kroA150
n: 150
optFit: 26524

genTime, gen, eliteFit, percentError:
0.000149500003317371, 0, 231188.0, 771.618
0.011125599994556978, 1, 27509.0, 3.714
0.006540000002132729, 2, 27376.0, 3.212
0.006208399994648062, 3, 27117.0, 2.236
0.0056607000005897135, 4, 27117.0, 2.236
0.007436200001393445, 5, 26922.0, 1.501
0.006541999988257885, 6, 26906.0, 1.440
0.005982399990898557, 7, 26722.0, 0.746
0.00591829999757465, 8, 26722.0, 0.746
0.006158899996080436, 9, 26657.0, 0.501
0.006280899993726052, 10, 26657.0, 0.501
0.004816300002858043, 11, 26657.0, 0.501
0.0031358999985968694, 12, 26657.0, 0.501
0.0019277999963378534, 13, 26657.0, 0.501
0.0028217999933985993, 14, 26644.0, 0.452
0.0020315000001573935, 15, 26620.0, 0.362
0.0023551999911433086, 16, 26620.0, 0.362
0.0022237000084714964, 17, 26620.0, 0.362
0.002103399994666688, 18, 26620.0, 0.362
0.0026797000027727336, 19, 26620.0, 0.362
0.0022229000023799017, 20, 26620.0, 0.362
0.0023758000024827197, 21, 26620.0, 0.362
0.0019688000029418617, 22, 26620.0, 0.362
0.002155099995434284, 23, 26620.0, 0.362
0.003125399991404265, 24, 26620.0, 0.362
0.0023482999968109652, 25, 26620.0, 0.362
0.0026406999968457967, 26, 26620.0, 0.362
0.001926100012497045, 27, 26620.0, 0.362
0.0018060000002151355, 28, 26620.0, 0.362
0.0023686000058660284, 29, 26620.0, 0.362
0.0018713000026764348, 30, 26620.0, 0.362
0.002380500009167008, 31, 26620.0, 0.362
0.0020610000065062195, 32, 26620.0, 0.362
0.002029199997195974, 33, 26620.0, 0.362
0.00269129998923745, 34, 26620.0, 0.362
0.0023418000055244192, 35, 26620.0, 0.362
0.0022090999991633, 36, 26620.0, 0.362
0.0022502000065287575, 37, 26620.0, 0.362
0.0020081999973626807, 38, 26620.0, 0.362
0.0030372000037459657, 39, 26620.0, 0.362
0.0019037000020034611, 40, 26620.0, 0.362
0.0021055999968666583, 41, 26620.0, 0.362
0.0021389000030467287, 42, 26620.0, 0.362
0.0018588999955682084, 43, 26620.0, 0.362
0.00265650000073947, 44, 26620.0, 0.362
0.0020936000073561445, 45, 26620.0, 0.362
0.002076200005831197, 46, 26620.0, 0.362
0.0025396999990334734, 47, 26620.0, 0.362
0.0022735000093234703, 48, 26620.0, 0.362
0.002555300001404248, 49, 26620.0, 0.362
0.002187999998568557, 50, 26620.0, 0.362
0.002606300011393614, 51, 26620.0, 0.362
0.0023159999982453883, 52, 26620.0, 0.362
0.002098000011756085, 53, 26620.0, 0.362
0.002763500000583008, 54, 26620.0, 0.362
0.0023467999999411404, 55, 26620.0, 0.362
0.0021066000044811517, 56, 26620.0, 0.362
0.0021385000000009313, 57, 26620.0, 0.362
0.0019154000037815422, 58, 26620.0, 0.362
0.0028676000074483454, 59, 26620.0, 0.362
0.001843999998527579, 60, 26620.0, 0.362
0.002303399989614263, 61, 26620.0, 0.362
0.002142400000593625, 62, 26620.0, 0.362
0.0020949000027030706, 63, 26620.0, 0.362
0.0027637999883154407, 64, 26620.0, 0.362
0.0021477000118466094, 65, 26620.0, 0.362

tour:
[ 60  57 107  66 104 141 147 132 137  88  41 121  30  79  55 142 118 117
 123  25 128  65  64   3  18  74  96 138   7  91   0 129  27  92 130  46
 112  62   5  48  89 105  78 136 133  52  87  15  69  21  93  17  23  37
 103 110 101  98  35  83   9  71  20  73 126  58 140  16  14  10  31 108
  44  90  97  22 109  76  59  61 149  34  85  26  11  19  56   6   8 116
  33  82  54 148 119 114 122  42 127 135  40  70  99  47  13   2  45  28
 131 111 106  29 120 100  38  95  77  51   4  36 146 102 145  32  75  12
  94 125  81 115  49  43 113 143   1  53  39  63  68  72  67  84 134 139
 144  86  50 124  24  80]

eliteFit: 26620.0
percentError: 0.36193635952345043
computationTime: 0.231s