instanceName: kroA150
n: 150
optFit: 26524

genTime, gen, eliteFit, percentError:
0.0003828999906545505, 0, 231747.0, 773.726
0.010863300005439669, 1, 27542.0, 3.838
0.0065304000017931685, 2, 27421.0, 3.382
0.006074299992178567, 3, 27402.0, 3.310
0.006014700004016049, 4, 27095.0, 2.153
0.006312700003036298, 5, 26999.0, 1.791
0.005821700004162267, 6, 26999.0, 1.791
0.02572890000010375, 7, 26846.0, 1.214
0.00958149999496527, 8, 26819.0, 1.112
0.007175099992309697, 9, 26819.0, 1.112
0.005455000005895272, 10, 26819.0, 1.112
0.005491000003530644, 11, 26722.0, 0.746
0.005339399998774752, 12, 26722.0, 0.746
0.004828999997698702, 13, 26722.0, 0.746
0.0068688000028487295, 14, 26659.0, 0.509
0.0073361999966437, 15, 26599.0, 0.283
0.003683000002638437, 16, 26599.0, 0.283
0.003834499992080964, 17, 26565.0, 0.155
0.003965099997003563, 18, 26565.0, 0.155
0.0033051999926101416, 19, 26525.0, 0.004
0.004168300001765601, 20, 26525.0, 0.004
0.0037127999967196956, 21, 26525.0, 0.004
0.0030968000064603984, 22, 26525.0, 0.004
0.0031716000084998086, 23, 26525.0, 0.004
0.0027974000113317743, 24, 26525.0, 0.004
0.0032610000052955, 25, 26525.0, 0.004
0.002958899989607744, 26, 26525.0, 0.004
0.0030429999897023663, 27, 26525.0, 0.004
0.003484300003037788, 28, 26525.0, 0.004
0.003252399998018518, 29, 26525.0, 0.004
0.002783899995847605, 30, 26525.0, 0.004
0.003596900001866743, 31, 26525.0, 0.004
0.0035195999953430146, 32, 26525.0, 0.004
0.0030518999992636964, 33, 26525.0, 0.004
0.0030436000088229775, 34, 26525.0, 0.004
0.003005299993674271, 35, 26525.0, 0.004
0.004186000005574897, 36, 26525.0, 0.004
0.003076099994359538, 37, 26525.0, 0.004
0.0038786000077379867, 38, 26525.0, 0.004
0.0024951999948825687, 39, 26525.0, 0.004
0.003414500009967014, 40, 26525.0, 0.004
0.002623899999889545, 41, 26525.0, 0.004
0.002875499994843267, 42, 26525.0, 0.004
0.0027725000109057873, 43, 26525.0, 0.004
0.0032078999938676134, 44, 26525.0, 0.004
0.0024201000051107258, 45, 26525.0, 0.004
0.0031366000039270148, 46, 26525.0, 0.004
0.003440600004978478, 47, 26525.0, 0.004
0.002888699993491173, 48, 26525.0, 0.004
0.0022867999941809103, 49, 26525.0, 0.004
0.003430799988564104, 50, 26525.0, 0.004
0.002980799996294081, 51, 26525.0, 0.004
0.002870600001187995, 52, 26525.0, 0.004
0.003154899997753091, 53, 26525.0, 0.004
0.0028925999940838665, 54, 26525.0, 0.004
0.0028159999928902835, 55, 26525.0, 0.004
0.0031710000039311126, 56, 26525.0, 0.004
0.0025782000011531636, 57, 26525.0, 0.004
0.003036699999938719, 58, 26525.0, 0.004
0.002405700011877343, 59, 26525.0, 0.004
0.0027095999976154417, 60, 26525.0, 0.004
0.002398299999185838, 61, 26525.0, 0.004
0.0031853999971644953, 62, 26525.0, 0.004
0.002731200002017431, 63, 26525.0, 0.004
0.003352600004291162, 64, 26525.0, 0.004
0.002678899996681139, 65, 26525.0, 0.004
0.002868700001272373, 66, 26525.0, 0.004
0.0032407999970018864, 67, 26525.0, 0.004
0.002249400000437163, 68, 26525.0, 0.004
0.0022176000056788325, 69, 26525.0, 0.004

tour:
[147 132 137  88  30  79 121  41   7  91   0 129  27  92 130  46 112  62
   5  48  89 105 133  52  18  74  96 138  55 142 118   3  64 117 123  25
 128  65  69  21  93  15  87 136  78  17  23  37 103 110 101  98  35  83
   9  71  20  73 126  58 140  16  14  10  31 108  44  90  97  22 109  76
  59  61 149  34  85  26  11  19  56   6   8 116  33  82  54 148 119 114
 122  42 127 135  40  70  99  47  13   2  45  28 131 111 106  29 120 100
  38  95  77  51   4  36 146 102 145  32  75  12  94 125  81 115  49  43
 113 143   1  53  39  63  68  72  67  84 134 139 144  86  50 124  24  80
  60  57 107  66 104 141]

eliteFit: 26525.0
percentError: 0.003770170411702609
computationTime: 0.325s