instanceName: lin318
n: 318
optFit: 42029

genTime, gen, eliteFit, percentError:
0.00029519999225158244, 0, 542517.0, 1190.816
0.050933899998199195, 1, 44663.0, 6.267
0.03013460000511259, 2, 44315.0, 5.439
0.029942599998321384, 3, 43804.0, 4.223
0.032873700009076856, 4, 43620.0, 3.785
0.029492500005289912, 5, 43587.0, 3.707
0.02555900000152178, 6, 43251.0, 2.908
0.02686649998940993, 7, 43251.0, 2.908
0.023990400004549883, 8, 42972.0, 2.244
0.02855289999570232, 9, 42972.0, 2.244
0.029044000009889714, 10, 42972.0, 2.244
0.027001799986464903, 11, 42750.0, 1.715
0.022463200002675876, 12, 42750.0, 1.715
0.01952839999285061, 13, 42750.0, 1.715
0.01595469999301713, 14, 42750.0, 1.715
0.015299699996830896, 15, 42670.0, 1.525
0.01117510000767652, 16, 42644.0, 1.463
0.013743600007728674, 17, 42585.0, 1.323
0.014890799997374415, 18, 42454.0, 1.011
0.014620000001741573, 19, 42454.0, 1.011
0.011217200008104555, 20, 42438.0, 0.973
0.009376200003316626, 21, 42438.0, 0.973
0.010671399999409914, 22, 42438.0, 0.973
0.010709399997722358, 23, 42433.0, 0.961
0.009302699996624142, 24, 42433.0, 0.961
0.010090199997648597, 25, 42433.0, 0.961
0.007837900004233234, 26, 42433.0, 0.961
0.008163600010448135, 27, 42433.0, 0.961
0.008954600009019487, 28, 42433.0, 0.961
0.00842430000193417, 29, 42433.0, 0.961
0.008424200001172721, 30, 42433.0, 0.961
0.008136799995554611, 31, 42433.0, 0.961
0.00930589999188669, 32, 42433.0, 0.961
0.008401200000662357, 33, 42433.0, 0.961
0.008667799993418157, 34, 42433.0, 0.961
0.009705800010124221, 35, 42433.0, 0.961
0.009597199998097494, 36, 42433.0, 0.961
0.009818199992878363, 37, 42433.0, 0.961
0.009012400012579747, 38, 42433.0, 0.961
0.008510700004990213, 39, 42433.0, 0.961
0.010344599999370985, 40, 42433.0, 0.961
0.00788730000203941, 41, 42433.0, 0.961
0.010591700003715232, 42, 42433.0, 0.961
0.008604500006185845, 43, 42433.0, 0.961
0.010289400001056492, 44, 42433.0, 0.961
0.00827910000225529, 45, 42433.0, 0.961
0.009007899992866442, 46, 42433.0, 0.961
0.010583399998722598, 47, 42433.0, 0.961
0.01021049999690149, 48, 42433.0, 0.961
0.009976699991966598, 49, 42433.0, 0.961
0.008733000009669922, 50, 42433.0, 0.961
0.009308799999416806, 51, 42433.0, 0.961
0.01227659999858588, 52, 42433.0, 0.961
0.010635500002535991, 53, 42433.0, 0.961
0.008357800004887395, 54, 42433.0, 0.961
0.00904150000133086, 55, 42433.0, 0.961
0.008335100006661378, 56, 42433.0, 0.961
0.008345599999302067, 57, 42433.0, 0.961
0.008289999997941777, 58, 42433.0, 0.961
0.008881000001565553, 59, 42433.0, 0.961
0.008852400002069771, 60, 42433.0, 0.961
0.009411099992576055, 61, 42433.0, 0.961
0.008323300004121847, 62, 42433.0, 0.961
0.009427800003322773, 63, 42433.0, 0.961
0.008555899999919347, 64, 42433.0, 0.961
0.008754800001042895, 65, 42433.0, 0.961
0.00875120000273455, 66, 42433.0, 0.961
0.009821100000408478, 67, 42433.0, 0.961
0.011329300003126264, 68, 42433.0, 0.961
0.009064600002602674, 69, 42433.0, 0.961
0.009113299995078705, 70, 42433.0, 0.961
0.009877000004053116, 71, 42433.0, 0.961
0.010803600001963787, 72, 42433.0, 0.961
0.012208000000100583, 73, 42433.0, 0.961

tour:
[ 13  12 115 114 111 110   4   3 106 105 107 112 113 109 108 210 211 215
 216 219 220 117 118 224 221 212 217 218 214 213 222 223 243 244 247 248
 317 269 270 274 275 296 297 303 304 309 308 307 302 300 301 305 306 310
 311 204 199 198 192 191 294 292 291 287 293 295 298 299 290 284 283 279
 278 282 285 289 288 286 281 273 276 277 280 169 170 165 164 268 314 271
 272 267 262 261 255 252 251 250 253 256 260 263 266 265 264 259 257 254
 258 249 313 245 246 235 234 227 226 225 228 233 236 242 237 232 229 312
 230 231 238 239 240 241 138 139 142 143 141 140 130 129 122 121 120 123
 128 131 137 132 127 124 116 119 207 125 126 133 134 135 136  33  34  38
  37 144 208 149 153 152 154 159 160 163 209 161 158 155 151 148 145 146
 147 150 156 157 162 166 167 174 173 178 179 185 177 180 184 190 193 194
 203 202 197 195 196 200 201 205 206  99  94  93  87  86 189 187 186 182
 188 183 181 176 168 171 172 175  64  65  59  60  62  61  69  68  73  74
  80  79  75  72  71  76  78  83  85  88  89  98  97  92 101 100  96  95
  91  90  84  82  81  77  70  67  66  63 104  58  55  54  49  47  44  48
 316 315  39 103  43  46  50  53  56  57  52  51  45  42  40  41  36  35
  32  31  30  29  27  22  19 102  28  21  20  14  10   9   6   5   1   0
   2   7   8  11  18  23  26  25  24  17  15  16]

eliteFit: 42433.0
percentError: 0.9612410478479145
computationTime: 1.008s