instanceName: lin318
n: 318
optFit: 42029

genTime, gen, eliteFit, percentError:
0.0002989999920828268, 0, 549522.0, 1207.483
0.048763999991933815, 1, 44302.0, 5.408
0.030043999999179505, 2, 43739.0, 4.069
0.03654580000147689, 3, 43739.0, 4.069
0.03623969999898691, 4, 43393.0, 3.245
0.028682100004516542, 5, 42855.0, 1.965
0.0292081999941729, 6, 42855.0, 1.965
0.030077500006882474, 7, 42855.0, 1.965
0.027727700013201684, 8, 42729.0, 1.666
0.023122999991755933, 9, 42728.0, 1.663
0.016278700000839308, 10, 42728.0, 1.663
0.022093299994594418, 11, 42610.0, 1.382
0.024820699996780604, 12, 42610.0, 1.382
0.030776800005696714, 13, 42411.0, 0.909
0.024542200000723824, 14, 42411.0, 0.909
0.023509799997555092, 15, 42411.0, 0.909
0.016216600008192472, 16, 42411.0, 0.909
0.01319080000394024, 17, 42369.0, 0.809
0.010303499992005527, 18, 42369.0, 0.809
0.014041100002941675, 19, 42369.0, 0.809
0.017279299994697794, 20, 42329.0, 0.714
0.014483999999356456, 21, 42329.0, 0.714
0.019539000000804663, 22, 42304.0, 0.654
0.020358299996587448, 23, 42304.0, 0.654
0.019768600002862513, 24, 42304.0, 0.654
0.018981199988047592, 25, 42304.0, 0.654
0.02027799999632407, 26, 42304.0, 0.654
0.012981899999431334, 27, 42228.0, 0.473
0.010179999997490086, 28, 42219.0, 0.452
0.009250600007362664, 29, 42219.0, 0.452
0.009649700004956685, 30, 42219.0, 0.452
0.010890200006542727, 31, 42219.0, 0.452
0.00877559999935329, 32, 42219.0, 0.452
0.008819499998935498, 33, 42219.0, 0.452
0.008721699996385723, 34, 42219.0, 0.452
0.010091199990711175, 35, 42219.0, 0.452
0.00861119999899529, 36, 42219.0, 0.452
0.008148300010361709, 37, 42219.0, 0.452
0.00994310001260601, 38, 42219.0, 0.452
0.007962599993334152, 39, 42219.0, 0.452
0.00840289999905508, 40, 42219.0, 0.452
0.009057500006747432, 41, 42219.0, 0.452
0.008082899992587045, 42, 42219.0, 0.452
0.009619399992516264, 43, 42219.0, 0.452
0.009108600002946332, 44, 42219.0, 0.452
0.009094199995161034, 45, 42219.0, 0.452
0.008394199991016649, 46, 42219.0, 0.452
0.009795899997698143, 47, 42219.0, 0.452
0.008883200003765523, 48, 42219.0, 0.452
0.009500000000116415, 49, 42219.0, 0.452
0.008897299994714558, 50, 42219.0, 0.452
0.010884200004511513, 51, 42219.0, 0.452
0.008525099998223595, 52, 42219.0, 0.452
0.008288799988804385, 53, 42219.0, 0.452
0.009741400004713796, 54, 42219.0, 0.452
0.008878699998604134, 55, 42219.0, 0.452
0.008985399996163324, 56, 42219.0, 0.452
0.00864079999155365, 57, 42219.0, 0.452
0.008747200001380406, 58, 42219.0, 0.452
0.009471099998336285, 59, 42219.0, 0.452
0.00819319998845458, 60, 42219.0, 0.452
0.008461899997200817, 61, 42219.0, 0.452
0.009620299999369308, 62, 42219.0, 0.452
0.009625000006053597, 63, 42219.0, 0.452
0.009937000009813346, 64, 42219.0, 0.452
0.008284800002002157, 65, 42219.0, 0.452
0.009656300011556596, 66, 42219.0, 0.452
0.009181200002785772, 67, 42219.0, 0.452
0.009110600003623404, 68, 42219.0, 0.452
0.009366700003738515, 69, 42219.0, 0.452
0.00972380000166595, 70, 42219.0, 0.452
0.00965929999074433, 71, 42219.0, 0.452
0.015550700001767837, 72, 42219.0, 0.452
0.01428479999594856, 73, 42219.0, 0.452
0.00829630000225734, 74, 42219.0, 0.452
0.008165600011125207, 75, 42219.0, 0.452
0.014836499991361052, 76, 42219.0, 0.452
0.00938819999282714, 77, 42219.0, 0.452
0.008450799999991432, 78, 42219.0, 0.452

tour:
[201 200 196 195 197 202 203 194 193 185 179 178 173 174 170 169 165 164
 268 314 271 272 279 278 283 284 290 282 285 289 295 288 286 281 273 276
 277 280 287 291 292 293 294 191 192 198 199 204 311 310 306 305 301 300
 302 298 299 307 308 309 304 303 297 296 275 274 270 269 317 248 247 244
 243 223 222 213 214 218 217 212 221 229 232 237 242 236 233 228 225 226
 227 234 235 245 246 251 250 252 255 261 262 267 266 263 260 256 253 313
 254 257 259 264 265 258 249 142 143 139 138 241 240 239 238 231 230 312
 224 118 117 220 219 216 215 211 210 108 109 113 112 107 116 124 127 132
 137 131 128 123 120 121 122 129 130 141 140 208 149 152 154 159 160 153
 144  37  38  34  33 136 135 134 133 126 125 207 119  13  12 115 114 111
 110 106 105   3   4   8   7   2   0   1   5   6   9  10  14 102  20  21
  28  29  30  31  32  27  22  19  11  18  23  26  15  16  17  24  25  36
  35 103  39 315 316  48  44  47  49  54  55  58 104  56  53  50  46  43
  40  41  42  45  51  52  57  62  61  63  66  67  70  77  81  82  84  90
  91  95  96 100 101  92  97  98  89  88  85  83  78  76  71  72  75  79
  80  74  73  68  69  65  64  60  59 163 209 161 158 155 151 148 145 146
 147 150 156 157 162 167 166 168 177 180 184 190 183 181 176 171 172 175
 182 186 187 188 189  86  87  93  94  99 206 205]

eliteFit: 42219.0
percentError: 0.45206880963144497
computationTime: 1.156s