instanceName: lin318
n: 318
optFit: 42029

genTime, gen, eliteFit, percentError:
0.0002869999880203977, 0, 539436.0, 1183.485
0.05015840000123717, 1, 44745.0, 6.462
0.032265000001643784, 2, 43949.0, 4.568
0.028427400000509806, 3, 43614.0, 3.771
0.030548900002031587, 4, 43613.0, 3.769
0.029265800010762177, 5, 43345.0, 3.131
0.028930899992701598, 6, 43345.0, 3.131
0.02638460000162013, 7, 43228.0, 2.853
0.024211099997046404, 8, 42983.0, 2.270
0.02803269999276381, 9, 42881.0, 2.027
0.025829000005614944, 10, 42751.0, 1.718
0.025775500005693175, 11, 42726.0, 1.658
0.02335760000278242, 12, 42635.0, 1.442
0.022527700013597496, 13, 42562.0, 1.268
0.023676199998590164, 14, 42528.0, 1.187
0.02432649998809211, 15, 42446.0, 0.992
0.02580600000510458, 16, 42393.0, 0.866
0.02799409998988267, 17, 42390.0, 0.859
0.025418199991690926, 18, 42284.0, 0.607
0.01937369999359362, 19, 42284.0, 0.607
0.018183899999712594, 20, 42276.0, 0.588
0.01620879999245517, 21, 42267.0, 0.566
0.008783400000538677, 22, 42267.0, 0.566
0.010284400006639771, 23, 42251.0, 0.528
0.012076400002115406, 24, 42240.0, 0.502
0.008324700000230223, 25, 42240.0, 0.502
0.012821500000427477, 26, 42240.0, 0.502
0.010731400005170144, 27, 42240.0, 0.502
0.010017399996286258, 28, 42240.0, 0.502
0.009765700000571087, 29, 42240.0, 0.502
0.010408399990410544, 30, 42240.0, 0.502
0.008450299996184185, 31, 42169.0, 0.333
0.009061400007340126, 32, 42169.0, 0.333
0.008318699998199008, 33, 42169.0, 0.333
0.009629899999708869, 34, 42169.0, 0.333
0.00966589999734424, 35, 42169.0, 0.333
0.008287300006486475, 36, 42169.0, 0.333
0.010497799987206236, 37, 42169.0, 0.333
0.010131999995792285, 38, 42169.0, 0.333
0.00930809999408666, 39, 42169.0, 0.333
0.00855470000533387, 40, 42169.0, 0.333
0.008637300008558668, 41, 42169.0, 0.333
0.00824359999387525, 42, 42169.0, 0.333
0.008899799999198876, 43, 42169.0, 0.333
0.009121099996264093, 44, 42169.0, 0.333
0.01194480000413023, 45, 42169.0, 0.333
0.01038239999616053, 46, 42169.0, 0.333
0.010142500002984889, 47, 42169.0, 0.333
0.009554999996908009, 48, 42169.0, 0.333
0.00929859999450855, 49, 42169.0, 0.333
0.009626899991417304, 50, 42169.0, 0.333
0.008470600005239248, 51, 42169.0, 0.333
0.01057790000049863, 52, 42169.0, 0.333
0.026657499998691492, 53, 42169.0, 0.333
0.01264620000438299, 54, 42169.0, 0.333
0.009487100003752857, 55, 42169.0, 0.333
0.014037799992365763, 56, 42169.0, 0.333
0.008813799999188632, 57, 42169.0, 0.333
0.009598799995728768, 58, 42169.0, 0.333
0.014084599999478087, 59, 42169.0, 0.333
0.010523400007514283, 60, 42169.0, 0.333
0.009248600006685592, 61, 42169.0, 0.333
0.009525099987513386, 62, 42169.0, 0.333
0.008671300005516969, 63, 42169.0, 0.333
0.008278199995402247, 64, 42169.0, 0.333
0.008087000009254552, 65, 42169.0, 0.333
0.009341799988760613, 66, 42169.0, 0.333
0.009141300004557706, 67, 42169.0, 0.333
0.009929499996360391, 68, 42169.0, 0.333
0.011042899990570731, 69, 42169.0, 0.333
0.008337300008861348, 70, 42169.0, 0.333
0.008681799998157658, 71, 42169.0, 0.333
0.009088699996937066, 72, 42169.0, 0.333
0.0103023999981815, 73, 42169.0, 0.333
0.009333200010587461, 74, 42169.0, 0.333
0.009074300003703684, 75, 42169.0, 0.333
0.00921109999762848, 76, 42169.0, 0.333
0.009406699988176115, 77, 42169.0, 0.333
0.009036699993885122, 78, 42169.0, 0.333
0.009585500010871328, 79, 42169.0, 0.333
0.009253299998817965, 80, 42169.0, 0.333
0.008663200002047233, 81, 42169.0, 0.333

tour:
[220 219 216 215 109 108 211 210 212 217 218 214 213 222 223 243 244 247
 248 317 269 270 274 275 296 297 303 304 309 308 307 299 298 302 300 301
 305 306 310 311 204 199 198 192 191 294 292 291 287 293 295 288 286 281
 282 285 289 290 284 283 278 279 272 271 273 276 277 280 169 170 165 164
 268 314 265 264 259 257 254 258 249 313 253 256 260 263 266 267 262 261
 255 252 250 251 246 245 235 234 227 226 225 228 233 236 242 237 232 229
 221 224 312 230 231 238 239 240 241 138 139 142 143 146 145 147 150 156
 157 162 166 167 174 173 178 179 185 184 180 177 176 181 183 190 193 194
 203 202 197 195 196 200 201 205 206  99  94  93  87  86 189 188 187 186
 182 175 172 171 168 209 163  59  60  64  65  69  68  73  74  80  79  75
  72  71  76  78  85  88  89  98  97  92 101 100  96  95  91  90  84  83
  82  81  77  70  67  66  63  61  62  57  52  51  45  42  41  40  43  46
  50  53  56 104  58  55  54  49  47  44  48 316 315  39 103  35  36  25
  24  17  16  15  26  23  18  11  19  22  27  32  31  30  29  28  21  20
 102  14  10   9   6   5   1   0   2   7   8   4   3 105 106 110 111 114
 115  12  13 119 207 125 126 133 134 135 136  33  34  38  37 144 153 149
 152 154 159 160 161 158 155 151 148 208 140 141 130 129 122 121 120 123
 128 131 137 132 127 124 116 107 112 113 118 117]

eliteFit: 42169.0
percentError: 0.33310333341264364
computationTime: 1.203s