instanceName: kroB100
n: 100
optFit: 22141

genTime, gen, eliteFit, percentError:
0.00016150000737980008, 0, 141454.0, 538.878
0.0045489000040106475, 1, 22520.0, 1.712
0.003525899999658577, 2, 22432.0, 1.314
0.0026169000047957525, 3, 22360.0, 0.989
0.0032245000038528815, 4, 22360.0, 0.989
0.002468400009092875, 5, 22270.0, 0.583
0.0032857999904081225, 6, 22246.0, 0.474
0.001710199998342432, 7, 22246.0, 0.474
0.0016097000043373555, 8, 22246.0, 0.474
0.0022400000016205013, 9, 22246.0, 0.474
0.0019852999976137653, 10, 22141.0, 0.000

tour:
[30 47 50 81 32 14  5  3 82 63 13 41  1 15 49 42 88 86 65 73 59 56 93 34
 60 26 70 11  0 94 97 31 58 75 28  7 98 96 90 27  2 10 92 84 72 52 69 38
 39 66  4 61 68 25 99 55 80 78 46 64 36 71 37 19 79 74 29 48 85 67  9 20
 89 45 24  8 33  6 83 57 51 53 87 22 21 54 76 23 17 44 35 95 91 18 43 40
 16 77 12 62]

eliteFit: 22141.0
percentError: 0.0
computationTime: 0.034s