instanceName: kroB100
n: 100
optFit: 22141

genTime, gen, eliteFit, percentError:
0.000295000005280599, 0, 148506.0, 570.729
0.007504100009100512, 1, 22553.0, 1.861
0.0025738000113051385, 2, 22351.0, 0.948
0.0028795999969588593, 3, 22325.0, 0.831
0.002605799993034452, 4, 22270.0, 0.583
0.0029202000005170703, 5, 22219.0, 0.352
0.003021900003659539, 6, 22219.0, 0.352
0.003262800004449673, 7, 22141.0, 0.000

tour:
[75 58 31 97 94  0 11 70 26 60 34 93 56 59 73 65 86 88 42 49 15  1 41 13
 63 82  3  5 14 32 81 50 47 30 62 12 77 16 40 43 18 91 95 35 44 17 23 76
 54 21 22 87 53 51 57 83  6 33  8 24 45 89 20  9 67 85 48 29 74 79 19 37
 71 36 64 46 78 80 55 99 25 68 61  4 66 39 38 69 52 72 84 92 10  2 27 90
 96 98  7 28]

eliteFit: 22141.0
percentError: 0.0
computationTime: 0.030s