instanceName: kroB100
n: 100
optFit: 22141

genTime, gen, eliteFit, percentError:
0.00010960000508930534, 0, 133719.0, 503.943
0.0053669000044465065, 1, 22589.0, 2.023
0.0024781999964034185, 2, 22482.0, 1.540
0.0033306999976048246, 3, 22356.0, 0.971
0.002608199996757321, 4, 22350.0, 0.944
0.003031800006283447, 5, 22286.0, 0.655
0.0023899999941932037, 6, 22209.0, 0.307
0.0031321999995270744, 7, 22209.0, 0.307
0.002295300000696443, 8, 22179.0, 0.172
0.002402999991318211, 9, 22141.0, 0.000

tour:
[45 24  8 33  6 83 57 51 53 87 22 21 54 76 23 17 44 35 95 91 18 43 40 16
 77 12 62 30 47 50 81 32 14  5  3 82 63 13 41  1 15 49 42 88 86 65 73 59
 56 93 34 60 26 70 11  0 94 97 31 58 75 28  7 98 96 90 27  2 10 92 84 72
 52 69 38 39 66  4 61 68 25 99 55 80 78 46 64 36 71 37 19 79 74 29 48 85
 67  9 20 89]

eliteFit: 22141.0
percentError: 0.0
computationTime: 0.032s