instanceName: kroB100
n: 100
optFit: 22141

genTime, gen, eliteFit, percentError:
0.00011490000179037452, 0, 148207.0, 569.378
0.004580200009513646, 1, 22841.0, 3.162
0.0031912000122247264, 2, 22407.0, 1.201
0.0049233000027015805, 3, 22376.0, 1.061
0.004206200013868511, 4, 22357.0, 0.976
0.0027632999990601093, 5, 22225.0, 0.379
0.0023498999944422394, 6, 22225.0, 0.379
0.0029620999994222075, 7, 22146.0, 0.023
0.0023092000046744943, 8, 22146.0, 0.023
0.0024542000028304756, 9, 22146.0, 0.023
0.0021975000126985833, 10, 22141.0, 0.000

tour:
[21 54 76 23 17 44 35 95 91 18 43 40 16 77 12 62 30 47 50 81 32 14  5  3
 82 63 13 41  1 15 49 42 88 86 65 73 59 56 93 34 60 26 70 11  0 94 97 31
 58 75 28  7 98 96 90 27  2 10 92 84 72 52 69 38 39 66  4 61 68 25 99 55
 80 78 46 64 36 71 37 19 79 74 29 48 85 67  9 20 89 45 24  8 33  6 83 57
 51 53 87 22]

eliteFit: 22141.0
percentError: 0.0
computationTime: 0.039s