instanceName: a280
n: 280
optFit: 2579

genTime, gen, eliteFit, percentError:
0.0002423999976599589, 0, 31367.0, 1116.247
0.041654600005131215, 1, 2770.0, 7.406
0.02564229999552481, 2, 2740.0, 6.243
0.022889100000611506, 3, 2690.0, 4.304
0.024431400001049042, 4, 2652.0, 2.831
0.023268200005986728, 5, 2648.0, 2.675
0.0189743999944767, 6, 2647.0, 2.637
0.02050710000912659, 7, 2630.0, 1.978
0.024027599996770732, 8, 2630.0, 1.978
0.018291800006409176, 9, 2617.0, 1.473
0.019740600007935427, 10, 2616.0, 1.435
0.01587170000129845, 11, 2611.0, 1.241
0.017763099996955134, 12, 2603.0, 0.931
0.01805120000790339, 13, 2597.0, 0.698
0.020073699997738004, 14, 2597.0, 0.698
0.01868510000349488, 15, 2593.0, 0.543
0.009968500002287328, 16, 2593.0, 0.543
0.009312099995440803, 17, 2593.0, 0.543
0.009890800007269718, 18, 2593.0, 0.543
0.005844100000103936, 19, 2593.0, 0.543
0.009219100000336766, 20, 2593.0, 0.543
0.008274400010122918, 21, 2593.0, 0.543
0.008829700003843755, 22, 2593.0, 0.543
0.007292900001630187, 23, 2593.0, 0.543
0.00794369999493938, 24, 2593.0, 0.543
0.006727799991494976, 25, 2593.0, 0.543
0.006279100009123795, 26, 2593.0, 0.543
0.00745390000520274, 27, 2593.0, 0.543
0.006631399999605492, 28, 2593.0, 0.543
0.007801700005074963, 29, 2593.0, 0.543
0.0064565999928163365, 30, 2593.0, 0.543
0.007590000008349307, 31, 2593.0, 0.543
0.007177300009061582, 32, 2593.0, 0.543
0.009115299995755777, 33, 2593.0, 0.543
0.00712510000448674, 34, 2593.0, 0.543
0.007593100002850406, 35, 2593.0, 0.543
0.007475599995814264, 36, 2593.0, 0.543
0.009249999988242052, 37, 2593.0, 0.543
0.006849299999885261, 38, 2593.0, 0.543
0.0064131999970413744, 39, 2593.0, 0.543
0.00801330000103917, 40, 2593.0, 0.543
0.00810369999089744, 41, 2593.0, 0.543
0.007645400008186698, 42, 2591.0, 0.465
0.006269899997278117, 43, 2591.0, 0.465
0.009555700002238154, 44, 2585.0, 0.233
0.009233400007360615, 45, 2585.0, 0.233
0.012599499998032115, 46, 2585.0, 0.233
0.012417799996910617, 47, 2585.0, 0.233
0.013226000010035932, 48, 2585.0, 0.233
0.0157242999994196, 49, 2585.0, 0.233
0.012651800003368407, 50, 2585.0, 0.233
0.013736199995037168, 51, 2585.0, 0.233
0.010893900005612522, 52, 2585.0, 0.233
0.010500099990167655, 53, 2585.0, 0.233
0.008432800008449703, 54, 2585.0, 0.233
0.011602400001720525, 55, 2585.0, 0.233
0.00829919999523554, 56, 2585.0, 0.233
0.007485000009182841, 57, 2585.0, 0.233
0.010514599998714402, 58, 2585.0, 0.233
0.009004200008348562, 59, 2585.0, 0.233
0.007927300001028925, 60, 2585.0, 0.233
0.00962979999894742, 61, 2585.0, 0.233
0.007105900003807619, 62, 2585.0, 0.233
0.008114299998851493, 63, 2585.0, 0.233
0.00830060000589583, 64, 2585.0, 0.233
0.007301799996639602, 65, 2585.0, 0.233
0.007664599994313903, 66, 2585.0, 0.233
0.008564699994167313, 67, 2585.0, 0.233
0.009111099992878735, 68, 2585.0, 0.233
0.008197400005883537, 69, 2585.0, 0.233
0.008685699998750351, 70, 2585.0, 0.233
0.007162100009736605, 71, 2585.0, 0.233
0.008716700001969002, 72, 2585.0, 0.233
0.00836080001317896, 73, 2585.0, 0.233
0.007679300004383549, 74, 2585.0, 0.233
0.010117099998751655, 75, 2585.0, 0.233
0.008219600000302307, 76, 2585.0, 0.233
0.009846899993135594, 77, 2585.0, 0.233
0.007827599998563528, 78, 2585.0, 0.233
0.00789259999874048, 79, 2585.0, 0.233
0.008687399997143075, 80, 2585.0, 0.233
0.009524199995212257, 81, 2585.0, 0.233
0.008783700002823025, 82, 2585.0, 0.233
0.008531999992555939, 83, 2585.0, 0.233
0.009456500003580004, 84, 2585.0, 0.233
0.008043599998927675, 85, 2585.0, 0.233
0.008190499996999279, 86, 2585.0, 0.233
0.008960500010289252, 87, 2585.0, 0.233
0.007461899993359111, 88, 2585.0, 0.233
0.007667400001082569, 89, 2585.0, 0.233
0.007008999993558973, 90, 2585.0, 0.233
0.009014600000227802, 91, 2585.0, 0.233
0.00871539999207016, 92, 2585.0, 0.233
0.006224500000826083, 93, 2585.0, 0.233
0.008820100003504194, 94, 2583.0, 0.155
0.008462699988740496, 95, 2583.0, 0.155
0.00832139998965431, 96, 2583.0, 0.155
0.012563599986606278, 97, 2583.0, 0.155
0.008357200000318699, 98, 2583.0, 0.155
0.010291899990988895, 99, 2583.0, 0.155
0.008768700005020946, 100, 2583.0, 0.155
0.009135400003287941, 101, 2583.0, 0.155
0.008124299987684935, 102, 2583.0, 0.155
0.008731599999009632, 103, 2583.0, 0.155
0.010812299995450303, 104, 2583.0, 0.155
0.006542300005094148, 105, 2583.0, 0.155
0.008779600000707433, 106, 2583.0, 0.155
0.006542399991303682, 107, 2583.0, 0.155
0.0072847000119509175, 108, 2583.0, 0.155
0.009254700009478256, 109, 2583.0, 0.155
0.009101599993300624, 110, 2583.0, 0.155
0.008023999995202757, 111, 2583.0, 0.155
0.006851199999800883, 112, 2579.0, 0.000

tour:
[ 89  88 108 107 109 111 110 113 112  86  83  82  87  81  80  79  78  77
  76  75  74  73  72  71  70  69  66  68  67  57  56  55  54  53  52  51
  50  49  48  47  46  45  44  43  58  62  63  65  64  84  85 115 114 116
 117  61  60  59  42  41  40  39  38  37  36  35  34  33  32  31  30  29
  28  27  26  25  21  24  22  23  13  14  12  11  10   9   7   8   6   5
   4   3 276 275 274 273 272 271 270  15  16  17  18  19  20 129 130 131
 132 133 269 268 134 135 267 266 136 137 138 148 147 146 145 144 143 142
 141 140 139 265 264 263 262 261 260 259 258 257 256 253 252 207 208 251
 254 255 248 247 277 278   2 279   0   1 241 242 243 240 239 238 237 236
 235 234 233 232 231 230 245 244 246 249 250 229 228 227 226 225 224 223
 222 221 220 219 218 217 216 215 214 213 212 211 210 209 206 205 204 203
 202 201 199 198 197 200 195 194 193 196 192 191 190 189 188 187 186 185
 184 183 182 181 180 175 179 178 149 177 176 150 151 155 152 154 153 128
 127 126 125 124 123 122 121 120 119 118 156 157 158 159 174 160 161 162
 163 164 165 166 167 168 169 170 171 172 173 106 105 104 103 102 101 100
  99  98  97  96  95  94  93  92  91  90]

eliteFit: 2579.0
percentError: 0.0
computationTime: 1.234s