instanceName: a280
n: 280
optFit: 2579

genTime, gen, eliteFit, percentError:
0.00029779999749735, 0, 31487.0, 1120.900
0.03958650000276975, 1, 2766.0, 7.251
0.03273939999053255, 2, 2715.0, 5.273
0.021103000006405637, 3, 2694.0, 4.459
0.022886200007633306, 4, 2670.0, 3.528
0.022575599999981932, 5, 2660.0, 3.141
0.020099200002732687, 6, 2653.0, 2.869
0.04267999999865424, 7, 2650.0, 2.753
0.02015780001238454, 8, 2635.0, 2.171
0.019882100008544512, 9, 2622.0, 1.667
0.020764500004588626, 10, 2613.0, 1.318
0.019472300002234988, 11, 2596.0, 0.659
0.021731399989221245, 12, 2596.0, 0.659
0.01952099999471102, 13, 2593.0, 0.543
0.017696800001431257, 14, 2590.0, 0.427
0.014557700007571839, 15, 2583.0, 0.155
0.01027849999081809, 16, 2583.0, 0.155
0.009545699998852797, 17, 2581.0, 0.078
0.00892730000487063, 18, 2581.0, 0.078
0.007421800008160062, 19, 2581.0, 0.078
0.008589999997639097, 20, 2581.0, 0.078
0.009751999998115934, 21, 2581.0, 0.078
0.007291100002476014, 22, 2581.0, 0.078
0.008782599994447082, 23, 2581.0, 0.078
0.006849600002169609, 24, 2581.0, 0.078
0.007784499990520999, 25, 2581.0, 0.078
0.006370500006596558, 26, 2581.0, 0.078
0.00720500000170432, 27, 2581.0, 0.078
0.006428499997127801, 28, 2581.0, 0.078
0.007836399992811494, 29, 2581.0, 0.078
0.007063900004141033, 30, 2581.0, 0.078
0.007794400007696822, 31, 2581.0, 0.078
0.0063858000066829845, 32, 2581.0, 0.078
0.007364000004599802, 33, 2581.0, 0.078
0.007349399995291606, 34, 2581.0, 0.078
0.007708400007686578, 35, 2581.0, 0.078
0.005934299988439307, 36, 2581.0, 0.078
0.007826899993233383, 37, 2581.0, 0.078
0.0069226999912643805, 38, 2581.0, 0.078
0.009187999996356666, 39, 2581.0, 0.078
0.005932700005359948, 40, 2581.0, 0.078
0.007425999996485189, 41, 2581.0, 0.078
0.007086099998559803, 42, 2581.0, 0.078
0.0074508000107016414, 43, 2581.0, 0.078
0.0061671000003116205, 44, 2581.0, 0.078
0.007864700004574843, 45, 2581.0, 0.078
0.006368200003635138, 46, 2581.0, 0.078
0.008222000004025176, 47, 2581.0, 0.078
0.006255200001760386, 48, 2581.0, 0.078
0.007724299997789785, 49, 2581.0, 0.078
0.007623099998454563, 50, 2581.0, 0.078
0.008260999995400198, 51, 2581.0, 0.078
0.007191800003056414, 52, 2581.0, 0.078
0.007605999999213964, 53, 2581.0, 0.078
0.006885900002089329, 54, 2581.0, 0.078
0.007922000004327856, 55, 2581.0, 0.078
0.0069337000022642314, 56, 2581.0, 0.078
0.008585200004745275, 57, 2581.0, 0.078
0.00821699999505654, 58, 2581.0, 0.078
0.010573799998383038, 59, 2581.0, 0.078
0.009025999999721535, 60, 2581.0, 0.078
0.009057999996002764, 61, 2581.0, 0.078
0.009177700005238876, 62, 2581.0, 0.078
0.007349699997575954, 63, 2581.0, 0.078
0.009404299999005161, 64, 2581.0, 0.078
0.007459000000380911, 65, 2581.0, 0.078
0.00698210000700783, 66, 2581.0, 0.078
0.007230300005176105, 67, 2581.0, 0.078

tour:
[124 123 122 121 120 119 118 156 157 158 159 174 160 161 162 163 164 165
 166 167 168 169 171 170 172 173 106 105 104 103 102 101 100  99  98  97
  96  95  94  93  92  91  90  89  88 108 107 109 110 113 112 111  87  86
  83  82  81  80  79  78  77  76  74  75  73  72  71  70  69  66  68  67
  57  56  55  54  53  52  51  50  49  48  47  46  45  44  43  58  62  63
  65  64  84  85 115 114 116 117  61  60  59  42  41  40  39  38  37  36
  35  34  33  32  31  30  29  28  27  26  25  21  24  22  23  13  12  14
  11  10   9   8   7   6   5   4   3 276 275 274 273 272 271 270  15  16
  17  18  19 130 131 132 133 269 268 134 135 267 266 136 137 138 148 147
 146 145 144 143 142 141 140 139 265 264 263 262 261 260 259 258 257 256
 255 248 247 277 278   2 279   0   1 241 242 240 239 238 237 236 235 234
 233 232 231 230 245 244 243 246 249 250 229 228 227 226 225 224 223 222
 218 221 220 219 216 217 214 215 212 213 210 211 206 209 208 251 254 253
 252 207 205 204 203 202 201 199 198 197 200 195 194 193 196 192 191 190
 189 188 187 186 185 184 183 182 181 180 175 179 178 149 177 176 150 151
 155 152 154 153 128 129  20 127 126 125]

eliteFit: 2581.0
percentError: 0.07754943776657619
computationTime: 0.796s