instanceName: a280
n: 280
optFit: 2579

genTime, gen, eliteFit, percentError:
0.00024109998776111752, 0, 31819.0, 1133.773
0.04096759999811184, 1, 2791.0, 8.220
0.02048619999550283, 2, 2756.0, 6.863
0.020905900004436262, 3, 2724.0, 5.622
0.02313079999294132, 4, 2708.0, 5.002
0.021580400003585964, 5, 2672.0, 3.606
0.021805500000482425, 6, 2654.0, 2.908
0.020006900012958795, 7, 2654.0, 2.908
0.02162769999995362, 8, 2654.0, 2.908
0.021435500006191432, 9, 2648.0, 2.675
0.030320600009872578, 10, 2628.0, 1.900
0.02105529999244027, 11, 2626.0, 1.822
0.023717599993688054, 12, 2623.0, 1.706
0.019891300005838275, 13, 2608.0, 1.124
0.016427700000349432, 14, 2607.0, 1.086
0.015413600005558692, 15, 2593.0, 0.543
0.014452600007643923, 16, 2590.0, 0.427
0.013190799989388324, 17, 2587.0, 0.310
0.012207500010845251, 18, 2587.0, 0.310
0.012338000000454485, 19, 2587.0, 0.310
0.009918700001435354, 20, 2587.0, 0.310
0.01066309999441728, 21, 2587.0, 0.310
0.010092099997564219, 22, 2587.0, 0.310
0.008789900006377138, 23, 2587.0, 0.310
0.011658300005365163, 24, 2587.0, 0.310
0.009833400006755255, 25, 2587.0, 0.310
0.009442499998840503, 26, 2587.0, 0.310
0.022146799994516186, 27, 2587.0, 0.310
0.013237800012575462, 28, 2587.0, 0.310
0.009736799998790957, 29, 2587.0, 0.310
0.010040099994512275, 30, 2587.0, 0.310
0.008036600003833883, 31, 2584.0, 0.194
0.010177499993005767, 32, 2584.0, 0.194
0.007959099995787255, 33, 2584.0, 0.194
0.007342699987930246, 34, 2584.0, 0.194
0.008667499991133809, 35, 2584.0, 0.194
0.006889199998113327, 36, 2584.0, 0.194
0.009611500005121343, 37, 2584.0, 0.194
0.0068281999992905185, 38, 2584.0, 0.194
0.009879000004730187, 39, 2584.0, 0.194
0.006636000005528331, 40, 2584.0, 0.194
0.008383199994568713, 41, 2584.0, 0.194
0.010370500007411465, 42, 2584.0, 0.194
0.009728400007588789, 43, 2584.0, 0.194
0.009342000004835427, 44, 2584.0, 0.194
0.009472100005950779, 45, 2584.0, 0.194
0.006477100003394298, 46, 2584.0, 0.194
0.009229499992216006, 47, 2584.0, 0.194
0.006750699991243891, 48, 2584.0, 0.194
0.008701200000359677, 49, 2584.0, 0.194
0.00644500000635162, 50, 2584.0, 0.194
0.00862960000813473, 51, 2584.0, 0.194
0.007536100005381741, 52, 2584.0, 0.194
0.006666600005701184, 53, 2584.0, 0.194
0.008318299995153211, 54, 2584.0, 0.194
0.0067269999999552965, 55, 2584.0, 0.194
0.008545400007278658, 56, 2584.0, 0.194
0.006135099989478476, 57, 2584.0, 0.194
0.008172999994712882, 58, 2584.0, 0.194
0.007497800004784949, 59, 2583.0, 0.155
0.009587399996235035, 60, 2583.0, 0.155
0.0068241999979363754, 61, 2583.0, 0.155
0.009009100002003834, 62, 2583.0, 0.155
0.007154399994760752, 63, 2583.0, 0.155
0.007744599992292933, 64, 2583.0, 0.155
0.00610789998609107, 65, 2583.0, 0.155
0.009901700002956204, 66, 2583.0, 0.155
0.0066140999988419935, 67, 2583.0, 0.155
0.009788399998797104, 68, 2583.0, 0.155
0.006658199999947101, 69, 2583.0, 0.155
0.007852999988244846, 70, 2583.0, 0.155
0.006437799995183013, 71, 2583.0, 0.155
0.008757399991736747, 72, 2583.0, 0.155
0.0066181000001961365, 73, 2583.0, 0.155
0.006153900001663715, 74, 2583.0, 0.155
0.007015900002443232, 75, 2583.0, 0.155
0.006488799990620464, 76, 2583.0, 0.155
0.007140600006096065, 77, 2583.0, 0.155
0.008141099999193102, 78, 2583.0, 0.155
0.011260900006163865, 79, 2583.0, 0.155
0.006801699986681342, 80, 2583.0, 0.155
0.010808000006363727, 81, 2583.0, 0.155
0.007100299990270287, 82, 2583.0, 0.155
0.00825759999861475, 83, 2583.0, 0.155
0.006164299993542954, 84, 2583.0, 0.155
0.009160200002952479, 85, 2583.0, 0.155
0.005891399996471591, 86, 2583.0, 0.155
0.008120200000121258, 87, 2583.0, 0.155
0.0054946000018389896, 88, 2583.0, 0.155
0.00853409999399446, 89, 2583.0, 0.155
0.006509900005767122, 90, 2583.0, 0.155
0.008457100004306994, 91, 2583.0, 0.155
0.006291600002441555, 92, 2583.0, 0.155
0.010856500011868775, 93, 2583.0, 0.155
0.007005799998296425, 94, 2583.0, 0.155
0.008314599996083416, 95, 2583.0, 0.155
0.009224499997799285, 96, 2583.0, 0.155
0.006577100008144043, 97, 2583.0, 0.155
0.009095999994315207, 98, 2583.0, 0.155
0.0069737000012537464, 99, 2583.0, 0.155
0.010653700010152534, 100, 2583.0, 0.155
0.006509900005767122, 101, 2583.0, 0.155
0.007747899988316931, 102, 2583.0, 0.155
0.006514099994092248, 103, 2583.0, 0.155
0.007928199993330054, 104, 2583.0, 0.155
0.008356299993465655, 105, 2583.0, 0.155
0.006599899992579594, 106, 2583.0, 0.155
0.0068537999904947355, 107, 2583.0, 0.155
0.0083512000128394, 108, 2583.0, 0.155
0.006378000005497597, 109, 2583.0, 0.155

tour:
[ 28  27  26  25  21  24  22  23  13  12  14  11  10   9   8   7   6   5
   4   3 276 275 274 273 272 271 270  15  16  17 132 133 269 268 134 135
 267 266 136 137 138 148 147 146 145 144 198 199 143 142 141 140 139 265
 264 263 262 261 260 259 258 257 256 253 252 251 254 255 248 247 277 278
   2 279   0   1 241 242 240 239 238 237 236 235 234 233 232 231 230 245
 244 243 246 249 250 229 228 227 226 225 224 223 222 218 221 220 219 216
 217 214 215 212 213 210 211 206 209 208 207 205 204 203 202 201 200 197
 196 195 194 193 192 191 190 189 188 187 186 185 184 183 182 181 180 179
 178 149 177 175 176 150 151 155 152 154 153 128 129 130 131  18  19  20
 127 126 125  29 124 123 122 121 120 119 118 156 157 158 159 174 160 161
 162 163 164 165 166 167 168 169 171 170 172 173 106 105 104 103 102 101
 100  99  98  97  96  95  94  93  92  91  90  89  88 108 107 109 110 111
  87  82  81  80  79  78  77  76  74  75  73  72  71  70  69  66  68  67
  57  56  55  54  53  52  51  50  49  48  47  46  45  44  43  58  62  63
  64  65  84  83  86  85 115 112 113 114 116 117  61  60  59  42  41  40
  39  38  37  36  35  34  33  32  31  30]

eliteFit: 2583.0
percentError: 0.15509887553315238
computationTime: 1.202s