instanceName: kroB150
n: 150
optFit: 26130

genTime, gen, eliteFit, percentError:
0.00014940000255592167, 0, 232962.0, 791.550
0.011682000011205673, 1, 26860.0, 2.794
0.007006899992120452, 2, 26784.0, 2.503
0.006726599996909499, 3, 26585.0, 1.741
0.006022599991410971, 4, 26535.0, 1.550
0.006632600008742884, 5, 26429.0, 1.144
0.005902499993680976, 6, 26252.0, 0.467
0.0058206999965477735, 7, 26252.0, 0.467
0.008107299989205785, 8, 26252.0, 0.467
0.0056321000010939315, 9, 26230.0, 0.383
0.005289400010951795, 10, 26200.0, 0.268
0.006415199997718446, 11, 26200.0, 0.268
0.0044323000038275495, 12, 26188.0, 0.222
0.0028695999935735017, 13, 26188.0, 0.222
0.0026425000105518848, 14, 26188.0, 0.222
0.001960900000995025, 15, 26188.0, 0.222
0.0018635000014910474, 16, 26188.0, 0.222
0.002560499997343868, 17, 26188.0, 0.222
0.002305100002558902, 18, 26188.0, 0.222
0.002373799987253733, 19, 26188.0, 0.222
0.0022598000068683177, 20, 26188.0, 0.222
0.0019272999925306067, 21, 26188.0, 0.222
0.0024504000029992312, 22, 26188.0, 0.222
0.003105600000708364, 23, 26188.0, 0.222
0.0038198999973246828, 24, 26188.0, 0.222
0.002158999996026978, 25, 26188.0, 0.222
0.002215599990449846, 26, 26188.0, 0.222
0.0019000000029336661, 27, 26188.0, 0.222
0.0022449999960372224, 28, 26188.0, 0.222
0.0026646000042092055, 29, 26188.0, 0.222
0.0022666000004392117, 30, 26188.0, 0.222
0.0023292999976547435, 31, 26188.0, 0.222
0.0018896999972639605, 32, 26188.0, 0.222
0.0023355000012088567, 33, 26188.0, 0.222
0.00268990000768099, 34, 26188.0, 0.222
0.002298999999766238, 35, 26188.0, 0.222
0.0021136999857844785, 36, 26188.0, 0.222
0.0020985000010114163, 37, 26188.0, 0.222
0.002368199988268316, 38, 26188.0, 0.222
0.0026929000014206395, 39, 26188.0, 0.222
0.002101200007018633, 40, 26188.0, 0.222
0.00228610000340268, 41, 26188.0, 0.222
0.0022410000092349946, 42, 26188.0, 0.222
0.0023594999947817996, 43, 26188.0, 0.222
0.0031570999999530613, 44, 26188.0, 0.222
0.0019582999957492575, 45, 26188.0, 0.222
0.0031702999986009672, 46, 26188.0, 0.222
0.0023139999975683168, 47, 26188.0, 0.222
0.0024396999942837283, 48, 26188.0, 0.222
0.003172699987771921, 49, 26188.0, 0.222
0.0031986000103643164, 50, 26188.0, 0.222
0.002868700001272373, 51, 26188.0, 0.222
0.0030122000025585294, 52, 26188.0, 0.222
0.002807800003211014, 53, 26188.0, 0.222
0.0035788999957730994, 54, 26188.0, 0.222
0.0027605000068433583, 55, 26188.0, 0.222
0.0026329999964218587, 56, 26188.0, 0.222
0.002778599999146536, 57, 26188.0, 0.222
0.0030475000094156712, 58, 26188.0, 0.222
0.002832400001352653, 59, 26188.0, 0.222
0.0027025000017601997, 60, 26188.0, 0.222
0.0032198999979300424, 61, 26188.0, 0.222
0.0032052000024123117, 62, 26188.0, 0.222

tour:
[119  15  62  43  65 104  18  91   9  98 140  13  35  56  73  99  32  44
  80 135  96 143  95  86 149  51  10  83  47 102 127 126  50 134 145   8
  77  81   6  25  60 141 131  31 116  23 136 124  45  11  39  52   0  84
  26  14  12  78 109  19  63  41  54  66  46  30 146  64 129 106 114  76
  79 103 148   5  53 133  74  21 111   7 105  16  24  89  33  57  87 147
  97 108 144 113 107 112 137  61  82 125  71 123  70  37  38  27 100  55
 118   4  42  85 132  49  94  90 122  93 128 130 138 120  75 110  69 101
  22  34   1  67  29  20 121  88  40  58 117  72   2  68 139  59 115   3
 142  92  48  17  28  36]

eliteFit: 26188.0
percentError: 0.22196708763872944
computationTime: 0.240s