instanceName: kroB150
n: 150
optFit: 26130

genTime, gen, eliteFit, percentError:
0.00015530000382568687, 0, 228562.0, 774.711
0.011312500006170012, 1, 27118.0, 3.781
0.006670999995549209, 2, 27071.0, 3.601
0.0070358999946620315, 3, 26881.0, 2.874
0.009404800002812408, 4, 26692.0, 2.151
0.010163799990550615, 5, 26486.0, 1.362
0.008368099996005185, 6, 26486.0, 1.362
0.00733839999884367, 7, 26265.0, 0.517
0.0061308000003919005, 8, 26265.0, 0.517
0.005752999990363605, 9, 26192.0, 0.237
0.006294299993896857, 10, 26192.0, 0.237
0.00491600000532344, 11, 26192.0, 0.237
0.005013800007873215, 12, 26192.0, 0.237
0.0042677000019466504, 13, 26192.0, 0.237
0.0037527999957092106, 14, 26188.0, 0.222
0.0026456000050529838, 15, 26188.0, 0.222
0.0022988999990047887, 16, 26188.0, 0.222
0.003504299995256588, 17, 26188.0, 0.222
0.0021983000042382628, 18, 26188.0, 0.222
0.0033838999952422455, 19, 26188.0, 0.222
0.0038268000062089413, 20, 26188.0, 0.222
0.004325100002461113, 21, 26188.0, 0.222
0.0032956000068224967, 22, 26188.0, 0.222
0.0028270000038901344, 23, 26188.0, 0.222
0.0021997000003466383, 24, 26188.0, 0.222
0.0023655999975744635, 25, 26188.0, 0.222
0.0018760000093607232, 26, 26188.0, 0.222
0.002887200011173263, 27, 26188.0, 0.222
0.002134099995600991, 28, 26188.0, 0.222
0.0021601000044029206, 29, 26188.0, 0.222
0.0021370000031311065, 30, 26188.0, 0.222
0.0018779999954858795, 31, 26188.0, 0.222
0.0026620999997248873, 32, 26188.0, 0.222
0.002000599997700192, 33, 26188.0, 0.222
0.002263899994431995, 34, 26188.0, 0.222
0.002282400004332885, 35, 26188.0, 0.222
0.001912599997012876, 36, 26188.0, 0.222
0.002671500013093464, 37, 26188.0, 0.222
0.0027993000112473965, 38, 26188.0, 0.222
0.002391300004092045, 39, 26188.0, 0.222
0.003148000003420748, 40, 26188.0, 0.222
0.002975199997308664, 41, 26188.0, 0.222
0.0024489999923389405, 42, 26188.0, 0.222
0.002569199990830384, 43, 26188.0, 0.222
0.0023015999904600903, 44, 26188.0, 0.222
0.0019982999947387725, 45, 26188.0, 0.222
0.0029094000055920333, 46, 26188.0, 0.222
0.0019967999978689477, 47, 26188.0, 0.222
0.002063699997961521, 48, 26188.0, 0.222
0.0021752999891759828, 49, 26188.0, 0.222
0.0019979999924544245, 50, 26188.0, 0.222
0.003000400000018999, 51, 26188.0, 0.222
0.003129000004264526, 52, 26188.0, 0.222
0.0035047999990638345, 53, 26188.0, 0.222
0.0029729000088991597, 54, 26188.0, 0.222
0.003359700000146404, 55, 26188.0, 0.222
0.0028830999945057556, 56, 26188.0, 0.222
0.0033454999938840047, 57, 26188.0, 0.222
0.002777000001515262, 58, 26188.0, 0.222
0.003075499989790842, 59, 26188.0, 0.222
0.0025434000126551837, 60, 26188.0, 0.222
0.003238899997086264, 61, 26188.0, 0.222
0.0029498000076273456, 62, 26188.0, 0.222
0.0031779999990249053, 63, 26188.0, 0.222
0.0027648999966913834, 64, 26188.0, 0.222

tour:
[ 65  43  62  15 119  36  28  17  48  92 142   3 115  59 139  68   2  72
 117  58  40  88 121  20  29  67   1  34  22 101  69 110  75 120 138 130
 128  93 122  90  94  49 132  85  42   4 118  55 100  27  38  37  70 123
  71 125  82  61 137 112 107 113 144 108  97 147  87  57  33  89  24  16
 105   7 111  21  74 133  53   5 148 103  79  76 114 106 129  64 146  30
  46  66  54  41  63  19 109  78  12  14  26  84   0  52  39  11  45 124
 136  23 116  31 131 141  60  25   6  81  77   8 145 134  50 126 127 102
  47  83  10  51 149  86  95 143  96 135  80  44  32  99  73  56  35  13
 140  98   9  91  18 104]

eliteFit: 26188.0
percentError: 0.22196708763872944
computationTime: 0.266s