instanceName: a280
n: 280
optFit: 2579

genTime, gen, eliteFit, percentError:
0.0002384999970672652, 0, 31873.0, 1135.867
0.04083560001163278, 1, 2802.0, 8.647
0.02077109999663662, 2, 2721.0, 5.506
0.02183119999244809, 3, 2714.0, 5.235
0.020312200009357184, 4, 2680.0, 3.916
0.022800199993071146, 5, 2639.0, 2.326
0.021348100010072812, 6, 2639.0, 2.326
0.02292269999452401, 7, 2636.0, 2.210
0.030858400001307018, 8, 2631.0, 2.016
0.018943899995065294, 9, 2628.0, 1.900
0.01943369999935385, 10, 2622.0, 1.667
0.017930100002558902, 11, 2616.0, 1.435
0.014825200007180683, 12, 2605.0, 1.008
0.016538099996978417, 13, 2602.0, 0.892
0.01468790000944864, 14, 2594.0, 0.582
0.013424899996607564, 15, 2594.0, 0.582
0.011133400010294281, 16, 2591.0, 0.465
0.011180500005139038, 17, 2591.0, 0.465
0.009613300004275516, 18, 2591.0, 0.465
0.009036899995408021, 19, 2591.0, 0.465
0.009326499988674186, 20, 2591.0, 0.465
0.024084499993477948, 21, 2591.0, 0.465
0.01205959999060724, 22, 2591.0, 0.465
0.010853900006623007, 23, 2591.0, 0.465
0.010219299991149455, 24, 2591.0, 0.465
0.00943350000306964, 25, 2591.0, 0.465
0.010127000001375563, 26, 2591.0, 0.465
0.009303200000431389, 27, 2591.0, 0.465
0.010047199990367517, 28, 2591.0, 0.465
0.00848279999627266, 29, 2591.0, 0.465
0.009396199995535426, 30, 2586.0, 0.271
0.0079087000049185, 31, 2586.0, 0.271
0.011027800006559119, 32, 2586.0, 0.271
0.011624900012975559, 33, 2586.0, 0.271
0.011052800007746555, 34, 2586.0, 0.271
0.009875899995677173, 35, 2586.0, 0.271
0.011883599989232607, 36, 2586.0, 0.271
0.00843929999973625, 37, 2586.0, 0.271
0.008618300009402446, 38, 2586.0, 0.271
0.009912300010910258, 39, 2584.0, 0.194
0.008313500002259389, 40, 2584.0, 0.194
0.007676400011405349, 41, 2584.0, 0.194
0.010201900004176423, 42, 2584.0, 0.194
0.011498499996378087, 43, 2584.0, 0.194
0.010049000004073605, 44, 2584.0, 0.194
0.009371899999678135, 45, 2584.0, 0.194
0.012148599998909049, 46, 2584.0, 0.194
0.008863700000802055, 47, 2584.0, 0.194
0.010148100001970306, 48, 2584.0, 0.194
0.008765399994445033, 49, 2584.0, 0.194
0.008795799993094988, 50, 2584.0, 0.194
0.006714899995131418, 51, 2584.0, 0.194
0.007626300008269027, 52, 2584.0, 0.194
0.00658129999646917, 53, 2584.0, 0.194
0.008498499999404885, 54, 2584.0, 0.194
0.007871299996622838, 55, 2584.0, 0.194
0.006813600004534237, 56, 2584.0, 0.194
0.00831399999151472, 57, 2584.0, 0.194
0.006880899993120693, 58, 2584.0, 0.194
0.009447900010854937, 59, 2584.0, 0.194
0.0065916999883484095, 60, 2584.0, 0.194
0.009981800001696683, 61, 2584.0, 0.194
0.008623399990028702, 62, 2584.0, 0.194
0.007215300007374026, 63, 2584.0, 0.194
0.00749540000106208, 64, 2584.0, 0.194
0.007067600003210828, 65, 2584.0, 0.194
0.008727899999939837, 66, 2584.0, 0.194
0.007038600000669248, 67, 2584.0, 0.194
0.008568000004743226, 68, 2584.0, 0.194
0.006620600004680455, 69, 2584.0, 0.194
0.008586299998569302, 70, 2584.0, 0.194
0.007091099992976524, 71, 2584.0, 0.194
0.007211100004496984, 72, 2584.0, 0.194
0.006571400008397177, 73, 2584.0, 0.194
0.007624599995324388, 74, 2584.0, 0.194
0.007936900001368485, 75, 2584.0, 0.194
0.007819699996616691, 76, 2584.0, 0.194
0.00887489999877289, 77, 2584.0, 0.194
0.007672400010051206, 78, 2584.0, 0.194
0.007499399987864308, 79, 2584.0, 0.194
0.00746810001146514, 80, 2584.0, 0.194
0.007115499989595264, 81, 2584.0, 0.194
0.011338900003465824, 82, 2584.0, 0.194
0.008122300001559779, 83, 2584.0, 0.194
0.010358300001826137, 84, 2584.0, 0.194
0.009582600003341213, 85, 2584.0, 0.194
0.007595400005811825, 86, 2584.0, 0.194
0.008394000004045665, 87, 2584.0, 0.194
0.006976699994993396, 88, 2584.0, 0.194
0.007925199999590404, 89, 2584.0, 0.194

tour:
[  7   9  10  11  12  14  13  23  22  24  21  25  26  27  28  30  31  32
  33  34  35  36  37  38  39  40  41  42  59  60  61 117 116 114 115  85
  84  64  65  63  62  58  43  44  45  46  47  48  49  50  51  52  53  54
  55  56  57  67  68  66  69  70  71  72  73  75  74  76  77  78  79  80
  81  82  83  86 112 113 110 109 111  87  88 108  89  90  91  92  93  94
  95  96  97  98  99 100 101 102 103 107 104 105 106 173 172 171 170 169
 168 167 166 165 164 163 162 161 160 174 159 158 157 156 118 119 120 121
 122 123 124  29 125 126 127  20  19 130 129 128 153 154 152 155 151 150
 176 177 149 178 179 175 180 181 182 183 184 185 186 187 188 189 190 191
 192 193 194 195 196 197 198 144 145 146 147 148 138 139 140 141 142 143
 199 200 201 202 203 204 205 206 209 210 211 212 213 214 215 216 217 218
 219 220 221 222 223 224 225 226 227 228 229 250 249 246 243 244 245 230
 231 232 233 234 235 236 237 238 239 240 242 241   1   0 279   2 278 277
 247 248 255 254 251 208 207 252 253 256 257 258 259 260 261 262 263 264
 265 137 136 266 267 135 134 268 269 133 132 131  18  17  16  15 270 271
 272 273 274 275 276   3   4   5   6   8]

eliteFit: 2584.0
percentError: 0.19387359441644048
computationTime: 1.038s