instanceName: d198
n: 198
optFit: 15780

genTime, gen, eliteFit, percentError:
0.00019489999976940453, 0, 172890.0, 995.627
0.019875899990438484, 1, 16225.0, 2.820
0.011959199997363612, 2, 16133.0, 2.237
0.010855999993509613, 3, 16088.0, 1.952
0.010845199998584576, 4, 16041.0, 1.654
0.011847999994643033, 5, 15957.0, 1.122
0.010458200005814433, 6, 15957.0, 1.122
0.011126600002171472, 7, 15957.0, 1.122
0.01106380000419449, 8, 15936.0, 0.989
0.010724899999331683, 9, 15919.0, 0.881
0.009110300001339056, 10, 15911.0, 0.830
0.0089468000078341, 11, 15875.0, 0.602
0.009401100003742613, 12, 15865.0, 0.539
0.010292300008586608, 13, 15862.0, 0.520
0.008156500000040978, 14, 15822.0, 0.266
0.01060449999931734, 15, 15811.0, 0.196
0.009422100003575906, 16, 15811.0, 0.196
0.00785330000508111, 17, 15811.0, 0.196
0.006516499997815117, 18, 15811.0, 0.196
0.011220600004890002, 19, 15811.0, 0.196
0.00741609999386128, 20, 15811.0, 0.196
0.005813899988424964, 21, 15811.0, 0.196
0.004814999992959201, 22, 15811.0, 0.196
0.004434700007550418, 23, 15811.0, 0.196
0.004711899993708357, 24, 15811.0, 0.196
0.004160799988312647, 25, 15811.0, 0.196
0.005051699990872294, 26, 15811.0, 0.196
0.004493400003411807, 27, 15811.0, 0.196
0.0034749000042211264, 28, 15811.0, 0.196
0.003395699997781776, 29, 15811.0, 0.196
0.00399959999776911, 30, 15811.0, 0.196
0.004371499991975725, 31, 15811.0, 0.196
0.00467370000842493, 32, 15811.0, 0.196
0.004065799992531538, 33, 15811.0, 0.196
0.0038712000095983967, 34, 15811.0, 0.196
0.004445700003998354, 35, 15811.0, 0.196
0.003562099998816848, 36, 15811.0, 0.196
0.003573499998310581, 37, 15811.0, 0.196
0.003882499993778765, 38, 15811.0, 0.196
0.00380619999486953, 39, 15811.0, 0.196
0.003956499989726581, 40, 15811.0, 0.196
0.0039890000043669716, 41, 15811.0, 0.196
0.003823899998678826, 42, 15811.0, 0.196
0.003916500005288981, 43, 15811.0, 0.196
0.004778300004545599, 44, 15811.0, 0.196
0.0032881000079214573, 45, 15811.0, 0.196
0.00444259999494534, 46, 15811.0, 0.196
0.004860000000917353, 47, 15811.0, 0.196
0.00410550000378862, 48, 15811.0, 0.196
0.003166199996485375, 49, 15811.0, 0.196
0.003536999996867962, 50, 15811.0, 0.196
0.0034312999923713505, 51, 15811.0, 0.196
0.003533800001605414, 52, 15811.0, 0.196
0.003754099991056137, 53, 15811.0, 0.196
0.004158299998380244, 54, 15811.0, 0.196
0.004148599997279234, 55, 15811.0, 0.196
0.003153900004690513, 56, 15811.0, 0.196
0.0037853999965591356, 57, 15811.0, 0.196
0.0034207999997306615, 58, 15811.0, 0.196
0.004230299993650988, 59, 15811.0, 0.196
0.0048473000060766935, 60, 15811.0, 0.196
0.003270499990321696, 61, 15811.0, 0.196
0.00359809999645222, 62, 15811.0, 0.196
0.0037603999953716993, 63, 15811.0, 0.196
0.003857799994875677, 64, 15811.0, 0.196
0.005269499990390614, 65, 15811.0, 0.196

tour:
[ 73  69  66  59  54  43  55  58  67  71  72  83  86  98  99  85  84  70
  68  57  56  42  41  40  12  11  10   9   8   7   4   3   2   5   6   1
   0  39  13  14  15  16  17  18  19  20  23  24  25  26  27  21  22  28
  29  32  33  34  38  46  50  51  64  80  75  76  77  63  49  47  48  62
  78  79  90  91 104 113 112 111 105 106 110 109 108 107 166 167 181 182
 180 176 175 172 173 174 177 179 183 184 178 193 194 197 196 195 185 192
 191 186 190 187 188 189 170 127 169 126 128 129 132 135 134 133 131 130
 125 124 168 123 137 139 140 142 141 146 145 144 143 136 171 165 164 163
 162 150 149 148 147 152 151 161 160 159 158 157 156 155 154 153 138 122
 119 118 117 116 115 120 121 114 103 102 101 100  92  93  94  95  89  88
  96  97  87  82  81  74  61  52  45  35  36  31  30  37  44  53  60  65]

eliteFit: 15811.0
percentError: 0.19645120405576677
computationTime: 0.426s