instanceName: d198
n: 198
optFit: 15780

genTime, gen, eliteFit, percentError:
0.00021380001271609217, 0, 167387.0, 960.754
0.020162300002994016, 1, 16168.0, 2.459
0.012998500009416603, 2, 16151.0, 2.351
0.014150799994240515, 3, 16049.0, 1.705
0.01320319999649655, 4, 16010.0, 1.458
0.011581500002648681, 5, 15848.0, 0.431
0.012493199988966808, 6, 15848.0, 0.431
0.012468400003854185, 7, 15848.0, 0.431
0.010706900007789955, 8, 15848.0, 0.431
0.01111579999269452, 9, 15848.0, 0.431
0.00976960000116378, 10, 15833.0, 0.336
0.005672300001606345, 11, 15833.0, 0.336
0.005443900008685887, 12, 15813.0, 0.209
0.005239699996309355, 13, 15798.0, 0.114
0.005299800002831034, 14, 15798.0, 0.114
0.005209800001466647, 15, 15798.0, 0.114
0.004864300004555844, 16, 15796.0, 0.101
0.0052647999982582405, 17, 15787.0, 0.044
0.004387299995869398, 18, 15787.0, 0.044
0.005056299996795133, 19, 15787.0, 0.044
0.003556299998308532, 20, 15787.0, 0.044
0.0038881999935256317, 21, 15787.0, 0.044
0.004397500000777654, 22, 15787.0, 0.044
0.003598399998736568, 23, 15787.0, 0.044
0.003536399992299266, 24, 15787.0, 0.044
0.0038321000029100105, 25, 15787.0, 0.044
0.003964399991673417, 26, 15787.0, 0.044
0.0042028000025311485, 27, 15787.0, 0.044
0.004138499993132427, 28, 15787.0, 0.044
0.0035957999934908003, 29, 15787.0, 0.044
0.003678400011267513, 30, 15787.0, 0.044
0.003412899997783825, 31, 15787.0, 0.044
0.003574400005163625, 32, 15787.0, 0.044
0.004824499992537312, 33, 15787.0, 0.044
0.00354850001167506, 34, 15787.0, 0.044
0.003693599996040575, 35, 15787.0, 0.044
0.003619099996285513, 36, 15787.0, 0.044
0.003741400010767393, 37, 15787.0, 0.044
0.004252200000337325, 38, 15787.0, 0.044
0.0034082000056514516, 39, 15787.0, 0.044
0.003683600007207133, 40, 15787.0, 0.044
0.0038090000016381964, 41, 15787.0, 0.044
0.0034669000015128404, 42, 15787.0, 0.044
0.004661899991333485, 43, 15787.0, 0.044
0.0037092999991727993, 44, 15787.0, 0.044
0.003575000009732321, 45, 15787.0, 0.044
0.004596600003424101, 46, 15787.0, 0.044
0.003788899994106032, 47, 15787.0, 0.044
0.0031032999977469444, 48, 15787.0, 0.044
0.0037731000047642738, 49, 15787.0, 0.044
0.003217899997252971, 50, 15787.0, 0.044
0.005139500004588626, 51, 15787.0, 0.044
0.004014299993286841, 52, 15787.0, 0.044
0.00428480000118725, 53, 15787.0, 0.044
0.003367400000570342, 54, 15787.0, 0.044
0.0035131999902660027, 55, 15787.0, 0.044
0.003343400006997399, 56, 15787.0, 0.044
0.0050389999960316345, 57, 15787.0, 0.044
0.004284599999664351, 58, 15787.0, 0.044
0.003683300004922785, 59, 15787.0, 0.044
0.004935399992973544, 60, 15787.0, 0.044
0.005288899992592633, 61, 15787.0, 0.044
0.0033513000089442357, 62, 15787.0, 0.044
0.003362299990840256, 63, 15787.0, 0.044
0.004178800008958206, 64, 15787.0, 0.044
0.003435999999055639, 65, 15787.0, 0.044
0.004091199996764772, 66, 15787.0, 0.044
0.003960499991080724, 67, 15787.0, 0.044

tour:
[ 29  32  33  34  38  46  50  51  64  80  75  76  77  63  49  47  48  62
  78  79  90  91 104 113 112 111 105 106 110 109 108 107 166 167 181 182
 180 175 172 173 174 176 177 179 183 184 178 193 194 197 196 195 185 192
 191 186 190 187 188 189 170 171 165 164 163 162 150 149 144 143 136 127
 169 126 128 135 134 140 142 145 148 151 161 160 159 152 147 146 141 139
 133 131 132 129 130 125 124 168 123 137 158 157 156 155 154 153 138 122
 119 118 117 116 115 120 121 114 103 102 101 100  92  93  94  95  89  88
  96  97  87  82  81  74  61  52  45  35  36  31  30  37  44  53  60  65
  73  69  66  59  54  43  55  58  67  71  72  83  86  98  99  85  84  70
  68  57  56  41  42  40  12  11  10   9   8   7   4   3   2   5   6   1
   0  39  13  14  15  16  17  18  19  20  23  24  25  26  27  21  22  28]

eliteFit: 15787.0
percentError: 0.044359949302915085
computationTime: 0.401s