instanceName: kroA100
n: 100
optFit: 21282

genTime, gen, eliteFit, percentError:
0.00011770000855904073, 0, 150904.0, 609.069
0.0055296999926213175, 1, 21781.0, 2.345
0.0025902000052155927, 2, 21528.0, 1.156
0.003136100000119768, 3, 21335.0, 0.249
0.0027120000013383105, 4, 21335.0, 0.249
0.003332699998281896, 5, 21308.0, 0.122
0.002364200001466088, 6, 21296.0, 0.066
0.0028067999955965206, 7, 21296.0, 0.066
0.002307599992491305, 8, 21292.0, 0.047
0.002406999992672354, 9, 21282.0, 0.000

tour:
[59 76 22 97 90 44 31 10 14 16 58 73 20 71  9 83 35 98 37 23 17 78 52 87
 15 93 21 69 65 25 64  3 96 55 79 30 88 41  7 91 74 18 89 48  5 62  0 46
 92 27 66 57 60 50 86 24 80 68 63 39 53  1 43 49 72 67 84 81 94 12 75 32
 36  4 51 77 95 38 29 47 99 40 70 13  2 42 45 28 33 82 54  6  8 56 19 11
 26 85 34 61]

eliteFit: 21282.0
percentError: 0.0
computationTime: 0.033s