instanceName: kroA100
n: 100
optFit: 21282

genTime, gen, eliteFit, percentError:
0.0005425999988801777, 0, 154922.0, 627.949
0.004632800002582371, 1, 21452.0, 0.799
0.0034654999908525497, 2, 21393.0, 0.522
0.0025533000007271767, 3, 21343.0, 0.287
0.00338180000835564, 4, 21296.0, 0.066
0.0025668000016594306, 5, 21292.0, 0.047
0.0032055000046966597, 6, 21292.0, 0.047
0.0024615000002086163, 7, 21282.0, 0.000

tour:
[40 70 13  2 42 45 28 33 82 54  6  8 56 19 11 26 85 34 61 59 76 22 97 90
 44 31 10 14 16 58 73 20 71  9 83 35 98 37 23 17 78 52 87 15 93 21 69 65
 25 64  3 96 55 79 30 88 41  7 91 74 18 89 48  5 62  0 46 92 27 66 57 60
 50 86 24 80 68 63 39 53  1 43 49 72 67 84 81 94 12 75 32 36  4 51 77 95
 38 29 47 99]

eliteFit: 21282.0
percentError: 0.0
computationTime: 0.027s