instanceName: rd400
n: 400
optFit: 15281

genTime, gen, eliteFit, percentError:
0.00035060000664088875, 0, 200261.0, 1210.523
0.0833688999991864, 1, 16153.0, 5.706
0.05230739999387879, 2, 16153.0, 5.706
0.04913489999307785, 3, 16069.0, 5.157
0.05165439999836963, 4, 16022.0, 4.849
0.04494130000239238, 5, 15941.0, 4.319
0.044393200005288236, 6, 15901.0, 4.057
0.04350719999638386, 7, 15821.0, 3.534
0.04765389999374747, 8, 15739.0, 2.997
0.0445499000052223, 9, 15739.0, 2.997
0.04516690000309609, 10, 15739.0, 2.997
0.0450181999913184, 11, 15722.0, 2.886
0.04259890000685118, 12, 15704.0, 2.768
0.045511999996961094, 13, 15694.0, 2.703
0.041410200006794184, 14, 15618.0, 2.205
0.04176279999956023, 15, 15610.0, 2.153
0.044637900005909614, 16, 15591.0, 2.029
0.040472099994076416, 17, 15574.0, 1.917
0.04403070000989828, 18, 15542.0, 1.708
0.02582300000358373, 19, 15534.0, 1.656
0.026060400006826967, 20, 15524.0, 1.590
0.024854100003722124, 21, 15478.0, 1.289
0.021684899998945184, 22, 15474.0, 1.263
0.02771809999831021, 23, 15438.0, 1.027
0.021653800009517, 24, 15432.0, 0.988
0.01639170000271406, 25, 15432.0, 0.988
0.01659519999520853, 26, 15432.0, 0.988
0.014297200003056787, 27, 15432.0, 0.988
0.016644899995299056, 28, 15432.0, 0.988
0.015255999998771586, 29, 15432.0, 0.988
0.01304169998911675, 30, 15432.0, 0.988
0.01598349999403581, 31, 15432.0, 0.988
0.013819500003592111, 32, 15432.0, 0.988
0.018470900002284907, 33, 15432.0, 0.988
0.013326699991011992, 34, 15432.0, 0.988
0.014261000003898516, 35, 15432.0, 0.988
0.024788800001260825, 36, 15432.0, 0.988
0.01875659999495838, 37, 15432.0, 0.988
0.016255299997283146, 38, 15432.0, 0.988
0.014028799996594898, 39, 15432.0, 0.988
0.015097700001206249, 40, 15432.0, 0.988
0.03249179999693297, 41, 15432.0, 0.988
0.016719599996577017, 42, 15432.0, 0.988
0.015776600004755892, 43, 15432.0, 0.988
0.01659119999385439, 44, 15432.0, 0.988
0.014568500002496876, 45, 15432.0, 0.988
0.015040800004499033, 46, 15432.0, 0.988
0.01671389999683015, 47, 15432.0, 0.988
0.0169437000004109, 48, 15432.0, 0.988
0.015208900003926829, 49, 15432.0, 0.988
0.018390300014289096, 50, 15432.0, 0.988
0.014126900001429021, 51, 15432.0, 0.988
0.015234100006637163, 52, 15432.0, 0.988
0.014772399998037145, 53, 15432.0, 0.988
0.017036400007782504, 54, 15432.0, 0.988
0.014964100002544, 55, 15432.0, 0.988
0.015777999986312352, 56, 15432.0, 0.988
0.01484040000650566, 57, 15432.0, 0.988
0.014145099994493648, 58, 15432.0, 0.988
0.014598800000385381, 59, 15432.0, 0.988
0.015765300006023608, 60, 15432.0, 0.988
0.014303000003565103, 61, 15432.0, 0.988
0.016723500011721626, 62, 15432.0, 0.988
0.015696300004492514, 63, 15432.0, 0.988
0.01520870000240393, 64, 15432.0, 0.988
0.01556039998831693, 65, 15432.0, 0.988
0.013101800010190345, 66, 15432.0, 0.988
0.016562100005103275, 67, 15432.0, 0.988
0.013835000005201437, 68, 15432.0, 0.988
0.01644369999121409, 69, 15432.0, 0.988
0.014747400011401623, 70, 15416.0, 0.883
0.017196400003740564, 71, 15416.0, 0.883
0.013921000005211681, 72, 15416.0, 0.883
0.017567699993378483, 73, 15414.0, 0.870
0.020271000001230277, 74, 15414.0, 0.870
0.018082199996570125, 75, 15414.0, 0.870
0.013852700009010732, 76, 15414.0, 0.870
0.015285199988284148, 77, 15414.0, 0.870
0.015309800000977702, 78, 15414.0, 0.870
0.014593400002922863, 79, 15414.0, 0.870
0.01635260001057759, 80, 15407.0, 0.825
0.015097700001206249, 81, 15405.0, 0.811
0.016526300008990802, 82, 15405.0, 0.811
0.016666499999701045, 83, 15404.0, 0.805
0.01429150000330992, 84, 15402.0, 0.792
0.01642219998757355, 85, 15402.0, 0.792
0.01578519999748096, 86, 15402.0, 0.792
0.016332099999999627, 87, 15402.0, 0.792
0.013479200002620928, 88, 15402.0, 0.792
0.015583900007186458, 89, 15402.0, 0.792
0.014915399995516054, 90, 15402.0, 0.792
0.014970699994591996, 91, 15402.0, 0.792
0.014027600002009422, 92, 15402.0, 0.792
0.014176299999235198, 93, 15402.0, 0.792
0.015245900009176694, 94, 15402.0, 0.792
0.014495900002657436, 95, 15402.0, 0.792
0.012781899989931844, 96, 15402.0, 0.792
0.020981099994969554, 97, 15402.0, 0.792
0.01373819999571424, 98, 15402.0, 0.792
0.015295000004698522, 99, 15402.0, 0.792
0.015424400000483729, 100, 15397.0, 0.759
0.01669739998760633, 101, 15397.0, 0.759
0.015116099995793775, 102, 15397.0, 0.759
0.016696500009857118, 103, 15397.0, 0.759
0.013869900009012781, 104, 15397.0, 0.759
0.014562399999704212, 105, 15397.0, 0.759
0.01419760000135284, 106, 15397.0, 0.759
0.014927700001862831, 107, 15397.0, 0.759
0.015039399993838742, 108, 15397.0, 0.759
0.015669699991121888, 109, 15397.0, 0.759
0.01573389999975916, 110, 15397.0, 0.759
0.015564400004222989, 111, 15397.0, 0.759
0.01360989999375306, 112, 15394.0, 0.739
0.016198099998291582, 113, 15394.0, 0.739
0.014140500003122725, 114, 15394.0, 0.739
0.01557459999457933, 115, 15394.0, 0.739
0.015846700000111014, 116, 15394.0, 0.739
0.01572949999535922, 117, 15394.0, 0.739
0.01433980000729207, 118, 15394.0, 0.739
0.016402400011429563, 119, 15394.0, 0.739
0.015881600003922358, 120, 15394.0, 0.739
0.01576999999815598, 121, 15394.0, 0.739
0.014240099990274757, 122, 15394.0, 0.739
0.01564709999365732, 123, 15394.0, 0.739
0.015077699994435534, 124, 15394.0, 0.739
0.0235394999908749, 125, 15394.0, 0.739
0.015068799999426119, 126, 15394.0, 0.739
0.014402000000700355, 127, 15394.0, 0.739
0.016946899995673448, 128, 15394.0, 0.739
0.01850620000914205, 129, 15394.0, 0.739
0.014371099998243153, 130, 15394.0, 0.739
0.013716200002818368, 131, 15394.0, 0.739
0.01360630000999663, 132, 15394.0, 0.739
0.016782100006821565, 133, 15394.0, 0.739
0.018805600004270673, 134, 15394.0, 0.739
0.0133988000015961, 135, 15394.0, 0.739
0.0223175999999512, 136, 15394.0, 0.739
0.020925800010445528, 137, 15394.0, 0.739
0.015165499993599951, 138, 15394.0, 0.739
0.013813400000799447, 139, 15394.0, 0.739
0.01570269999501761, 140, 15394.0, 0.739
0.01532940000470262, 141, 15394.0, 0.739
0.015838999999687076, 142, 15394.0, 0.739
0.01684590001241304, 143, 15394.0, 0.739
0.014814199996180832, 144, 15394.0, 0.739
0.016785799991339445, 145, 15394.0, 0.739
0.017145499994512647, 146, 15392.0, 0.726
0.014061299996683374, 147, 15392.0, 0.726
0.014380199994775467, 148, 15392.0, 0.726
0.01566790000651963, 149, 15392.0, 0.726
0.016996299993479624, 150, 15392.0, 0.726
0.014488200002233498, 151, 15392.0, 0.726
0.015320000005885959, 152, 15392.0, 0.726
0.01721380000526551, 153, 15392.0, 0.726
0.015768600002047606, 154, 15392.0, 0.726
0.014769799992791377, 155, 15387.0, 0.694
0.014710599993122742, 156, 15387.0, 0.694
0.0174059999990277, 157, 15387.0, 0.694
0.027812300002551638, 158, 15387.0, 0.694
0.017361599995638244, 159, 15387.0, 0.694
0.01396549999481067, 160, 15387.0, 0.694
0.015723699994850904, 161, 15387.0, 0.694
0.015690600004745647, 162, 15387.0, 0.694
0.013896200005547144, 163, 15387.0, 0.694
0.015596200013533235, 164, 15387.0, 0.694
0.014149599999655038, 165, 15387.0, 0.694
0.014710499992361292, 166, 15387.0, 0.694
0.01445370000146795, 167, 15387.0, 0.694
0.01436789998842869, 168, 15387.0, 0.694
0.01494349999120459, 169, 15387.0, 0.694
0.015720399998826906, 170, 15387.0, 0.694
0.015420399999129586, 171, 15387.0, 0.694
0.015860300001804717, 172, 15387.0, 0.694
0.014821299992036074, 173, 15381.0, 0.654
0.016883899996173568, 174, 15381.0, 0.654
0.015137200010940433, 175, 15375.0, 0.615
0.014861999996355735, 176, 15375.0, 0.615
0.017158000002382323, 177, 15375.0, 0.615
0.015146200006711297, 178, 15375.0, 0.615
0.01672159999725409, 179, 15375.0, 0.615
0.01426490000449121, 180, 15375.0, 0.615
0.015366000006906688, 181, 15375.0, 0.615
0.01652079999621492, 182, 15375.0, 0.615
0.016915200001676567, 183, 15375.0, 0.615
0.014938799999072216, 184, 15375.0, 0.615
0.01425310000195168, 185, 15375.0, 0.615
0.017232300000614487, 186, 15375.0, 0.615
0.015012899995781481, 187, 15375.0, 0.615
0.015258800005540252, 188, 15375.0, 0.615
0.016895100008696318, 189, 15375.0, 0.615
0.015500599998631515, 190, 15375.0, 0.615
0.015748700010590255, 191, 15375.0, 0.615
0.01636999999755062, 192, 15375.0, 0.615
0.020601299998816103, 193, 15375.0, 0.615
0.014829699997790158, 194, 15375.0, 0.615
0.015569900002446957, 195, 15375.0, 0.615
0.014979400002630427, 196, 15375.0, 0.615
0.016531000001123175, 197, 15375.0, 0.615
0.024325299993506633, 198, 15375.0, 0.615
0.014044600000488572, 199, 15375.0, 0.615
0.014961099994252436, 200, 15375.0, 0.615
0.015300899991416372, 201, 15375.0, 0.615
0.014600399998016655, 202, 15375.0, 0.615
0.015313500000047497, 203, 15375.0, 0.615
0.015022099993075244, 204, 15375.0, 0.615
0.013485300005413592, 205, 15375.0, 0.615
0.015338500001234934, 206, 15375.0, 0.615
0.019264800008386374, 207, 15375.0, 0.615
0.014413400000194088, 208, 15375.0, 0.615
0.01701790001243353, 209, 15375.0, 0.615
0.016270599997369573, 210, 15375.0, 0.615
0.01425000000745058, 211, 15375.0, 0.615
0.015285699992091395, 212, 15375.0, 0.615
0.014535099995555356, 213, 15375.0, 0.615
0.014752100003533997, 214, 15375.0, 0.615
0.017170399994938634, 215, 15375.0, 0.615
0.015397399998619221, 216, 15375.0, 0.615
0.01608059999125544, 217, 15375.0, 0.615
0.014334399995277636, 218, 15375.0, 0.615
0.018490900009055622, 219, 15375.0, 0.615
0.016793499991763383, 220, 15375.0, 0.615
0.014526800005114637, 221, 15375.0, 0.615
0.0159395999944536, 222, 15375.0, 0.615
0.01314690000435803, 223, 15375.0, 0.615
0.01741189998574555, 224, 15375.0, 0.615
0.013734799998928793, 225, 15375.0, 0.615

tour:
[ 34 270  71 322 278 153 183  35 118 378 345 229 212 341  48  57 135   5
 150 287  97 239  23 305  88 267 316 185  16  66 204 356 210 154 235 262
 283  76 198 233 394  53 399 288 347 277  86 311 186 242 355 388 330 199
  24 162  28 196 368  94  52 397 173 380  83  64 365 189 307 158  84 358
 155 191 203 209 179 295 151 393  49  82 318  90 148   7 334 192 337 398
 364  17 304 232 181 216 139 187 266 171 133 363  69  80 240  93 234  60
 332 218  73  96 379 263 111 245  39 108 167  54 238  37 127  43 180 144
 174 228 258 161 312 348  78 374 120 236 257  89 231 382 101 260 224 314
 286 391 113 342  40  70 339 152 126 184 251  87 243  50 164 237 308 177
 346 285  33 294  38 303 114 221 246 119 128 335 215 284 213 201 281 116
  25 327 166 163 172  12  18 383 297  41 390 300  14  20  29 117 195 106
 159  63   6 340 315  68  75 396 299 338 156  91 357 202 274 272  55 136
   8 200   0   3 168 255  44 160 248 132 351 289 146 370  65  21 366 256
 226 214  19 273 367 165 110 103  98 385 269  81 325 105  56 178  95 102
 107 353 359 298 384 138   1 121 208 264 381  72 211 280 225 227  79 259
 279   4 254 265 352  51  13 140 376 336 249 222 268  27 377  36  74 219
 230 290 369 142 333 309 302 193  32 323 176 143 197  77 207 276 321 350
 373 291 324 301  85 371 282 182  45 137 149 293 170 104 354 247 317 169
 217  26 125 130 375  42  11 320  62 296 175 220 387 261  30 241 124   9
 188 145 372 392  15 360 206   2  92 134 329 386 194 313 115 389 271 331
 131  10  99 362 244 223  58  31 361  61 328 253 344  59 147 292 109 343
 326 157 306 129 310 250 275 319  67 395 100 349 112 141  22 190 123  47
 252  46 122 205]

eliteFit: 15375.0
percentError: 0.615142988024344
computationTime: 4.325s