instanceName: pr264
n: 264
optFit: 49135

genTime, gen, eliteFit, percentError:
0.00023160000273492187, 0, 1031922.0, 2000.177
0.03657530000782572, 1, 51428.0, 4.667
0.02013450000958983, 2, 50903.0, 3.598
0.02023330000520218, 3, 50879.0, 3.549
0.017652099995757453, 4, 49389.0, 0.517
0.0161692999972729, 5, 49389.0, 0.517
0.013715699999011122, 6, 49211.0, 0.155
0.015393399997265078, 7, 49211.0, 0.155
0.008098999998765066, 8, 49160.0, 0.051
0.007405700001982041, 9, 49160.0, 0.051
0.006800499992095865, 10, 49151.0, 0.033
0.007427399992593564, 11, 49151.0, 0.033
0.006845600000815466, 12, 49151.0, 0.033
0.008181500001228414, 13, 49151.0, 0.033
0.006292899997788481, 14, 49151.0, 0.033
0.008336999992025085, 15, 49151.0, 0.033
0.007325600003241561, 16, 49151.0, 0.033
0.007043099991278723, 17, 49151.0, 0.033
0.005695799991372041, 18, 49151.0, 0.033
0.007436800005962141, 19, 49151.0, 0.033
0.0055705999984638765, 20, 49151.0, 0.033
0.007612600005813874, 21, 49151.0, 0.033
0.006105400010710582, 22, 49151.0, 0.033
0.007934200009913184, 23, 49151.0, 0.033
0.007884499995270744, 24, 49151.0, 0.033
0.009019799996167421, 25, 49151.0, 0.033
0.008732000002055429, 26, 49151.0, 0.033
0.009508800008916296, 27, 49151.0, 0.033
0.00873479999427218, 28, 49151.0, 0.033
0.009231400006683543, 29, 49151.0, 0.033
0.008656699996208772, 30, 49151.0, 0.033
0.010145499996724539, 31, 49151.0, 0.033
0.01005280000390485, 32, 49151.0, 0.033
0.009004799998365343, 33, 49151.0, 0.033
0.008173700000043027, 34, 49151.0, 0.033
0.007127100005163811, 35, 49151.0, 0.033
0.00872809998691082, 36, 49151.0, 0.033
0.008281099988380447, 37, 49151.0, 0.033
0.008967800007667392, 38, 49151.0, 0.033
0.008648100003483705, 39, 49151.0, 0.033
0.008965700006228872, 40, 49151.0, 0.033
0.008278799999970943, 41, 49151.0, 0.033
0.007391700011794455, 42, 49151.0, 0.033
0.007566400003270246, 43, 49151.0, 0.033
0.007635999994818121, 44, 49151.0, 0.033
0.009233700009644963, 45, 49151.0, 0.033
0.008615300001110882, 46, 49151.0, 0.033
0.010190699991653673, 47, 49151.0, 0.033
0.008459999997285195, 48, 49151.0, 0.033
0.008234999986598268, 49, 49151.0, 0.033
0.00812949999817647, 50, 49151.0, 0.033
0.007747300012852065, 51, 49151.0, 0.033
0.007021899989922531, 52, 49151.0, 0.033
0.006666000001132488, 53, 49151.0, 0.033
0.006377400000928901, 54, 49151.0, 0.033
0.0070620000042254105, 55, 49151.0, 0.033
0.0065156000055139884, 56, 49151.0, 0.033
0.006121400001575239, 57, 49151.0, 0.033
0.005591299996012822, 58, 49151.0, 0.033
0.0072822999936761335, 59, 49151.0, 0.033
0.006681400001980364, 60, 49151.0, 0.033

tour:
[186 187 188 207 208 252 253 262 261 260 254 255 205 206 189 190 191 135
 134 194 193 192 204 203 257 256 259 258 199 202 201 200 197 196 195 198
 132 133 129 130 131  87  86  84  83   1   2   3   4   5  81  82  85  88
  89  90  79  80   6   7   8   9  10  11  77  78  91  92  93  94  95  96
  75  76  12  13  14  15  16  17  73  74  97  98  99 100 101 102  71  72
  18  19  20  21  22  23  69  70 103 104 105 106 107 108  67  68  24  25
  26  27  28  29  65  66 109 110 111 112 113 114  63  64  30  31  32  33
  34  35  61  62 115 116 117 128 118 119 120  59  60  36  37  38   0  39
  40  41  42  58  43  44  45  46  47  48  56  57 121 122 123 124 125 126
  54  55  49  50  51  52  53 127 149 153 152 151 150 230 229 228 233 231
 232 235 234 227 226 156 155 154 148 157 158 159 225 160 161 147 146 145
 144 164 163 162 224 223 237 236 263 239 238 222 221 167 166 165 143 142
 170 169 168 220 219 241 240 243 242 218 217 173 172 171 141 140 174 175
 176 215 216 244 245 246 247 213 214 177 178 179 139 138 180 181 182 211
 212 248 249 250 251 209 210 183 184 185 137 136]

eliteFit: 49151.0
percentError: 0.03256334588378956
computationTime: 0.589s