instanceName: bier127
n: 127
optFit: 118282

genTime, gen, eliteFit, percentError:
0.00014709999959450215, 0, 566200.0, 378.687
0.008679999999003485, 1, 122460.0, 3.532
0.004363300002296455, 2, 120759.0, 2.094
0.005403700008173473, 3, 119585.0, 1.102
0.004743799989228137, 4, 118708.0, 0.360
0.004430900007719174, 5, 118708.0, 0.360
0.005092100007459521, 6, 118708.0, 0.360
0.006203600001754239, 7, 118706.0, 0.358
0.003659999987576157, 8, 118706.0, 0.358
0.0028994000022066757, 9, 118588.0, 0.259
0.004826899996260181, 10, 118399.0, 0.099
0.0031670000025769696, 11, 118399.0, 0.099
0.0033399000094505027, 12, 118325.0, 0.036
0.003128700001980178, 13, 118313.0, 0.026
0.0027542000025277957, 14, 118282.0, 0.000

tour:
[ 69  68  74  75  77 116  83  80 125  81  82 100 101  62 118  95 108  87
  86  85  84 109 103 124  88  91  98  64 112  65  54  46  48  52  47 117
  45  93 111 110 106 126  92  94 122  96  97  31  28  27 121  32  24  25
  37  38  41  33  42  39  34  36  35  40  13  11  29  26  30  79  78  76
  17  20  16  19 107  14 105   5 113 104   6   0  15   1  50  43 102  44
  53  56 120  55 123  51   4  49 114  12 119   9  99  63  57  90  60  61
  58  59 115  89   2  10   8  23  22   3  21  18  71   7  66  72  73  67
  70]

eliteFit: 118282.0
percentError: 0.0
computationTime: 0.071s