instanceName: bier127
n: 127
optFit: 118282

genTime, gen, eliteFit, percentError:
0.00016399999731220305, 0, 576849.0, 387.690
0.008107399989967234, 1, 121664.0, 2.859
0.004540399997495115, 2, 120363.0, 1.759
0.0048396000056527555, 3, 120221.0, 1.639
0.006553800005349331, 4, 119340.0, 0.894
0.00627310000709258, 5, 118909.0, 0.530
0.004446599996299483, 6, 118671.0, 0.329
0.004582499997923151, 7, 118671.0, 0.329
0.004180500007350929, 8, 118600.0, 0.269
0.005322500001057051, 9, 118510.0, 0.193
0.005697199987480417, 10, 118510.0, 0.193
0.005164999995031394, 11, 118490.0, 0.176
0.003653899999335408, 12, 118361.0, 0.067
0.0037336000095820054, 13, 118361.0, 0.067
0.005154200000106357, 14, 118282.0, 0.000

tour:
[ 39  42  33  41  38  37  25  24  32 121  27  28  31  97  96 122  94  92
 126 106 110 111  93  45 117  47  52  48  46  54  65 112  64  98  91  88
 124 103 109  84  85  86  87 108  95 118  62 101 100  82  81 125  80  83
 116  77  75  74  68  69  70  67  73  72  66   7  71  18  21   3  22  23
   8  10   2  89 115  59  58  61  60  90  57  63  99   9 119  12 114  49
   4  51 123  55 120  56  53  44 102  43  50   1  15   0   6 104 113   5
 105  14 107  19  16  20  17  76  78  79  30  26  29  11  13  40  35  36
  34]

eliteFit: 118282.0
percentError: 0.0
computationTime: 0.082s