instanceName: u574
n: 574
optFit: 36905

genTime, gen, eliteFit, percentError:
0.0004913000157102942, 0, 645363.0, 1648.714
0.16867049998836592, 1, 39723.0, 7.636
0.10640230000717565, 2, 39723.0, 7.636
0.10098070002277382, 3, 39546.0, 7.156
0.09680389999994077, 4, 39386.0, 6.723
0.10308900001109578, 5, 38745.0, 4.986
0.10077900000032969, 6, 38745.0, 4.986
0.10941890001413412, 7, 38712.0, 4.896
0.09263719999580644, 8, 38562.0, 4.490
0.09568529998068698, 9, 38488.0, 4.289
0.09652479999931529, 10, 38460.0, 4.214
0.0981960000062827, 11, 38391.0, 4.027
0.10341039998456836, 12, 38341.0, 3.891
0.09341599998879246, 13, 38097.0, 3.230
0.09749009998631664, 14, 38097.0, 3.230
0.08941779998713173, 15, 38097.0, 3.230
0.09097019999171607, 16, 38097.0, 3.230
0.09102150000398979, 17, 38097.0, 3.230
0.05044610000913963, 18, 38039.0, 3.073
0.029364799993345514, 19, 38031.0, 3.051
0.048993100004736334, 20, 37946.0, 2.821
0.04199440000229515, 21, 37910.0, 2.723
0.045576400007121265, 22, 37896.0, 2.685
0.03583129998878576, 23, 37891.0, 2.672
0.040919599996414036, 24, 37833.0, 2.515
0.05209070001728833, 25, 37803.0, 2.433
0.04742319998331368, 26, 37756.0, 2.306
0.05037139999330975, 27, 37737.0, 2.254
0.03930440000840463, 28, 37692.0, 2.133
0.04132590000517666, 29, 37681.0, 2.103
0.034687999985180795, 30, 37677.0, 2.092
0.03810869998415001, 31, 37671.0, 2.076
0.030932599998777732, 32, 37671.0, 2.076
0.03381729999091476, 33, 37646.0, 2.008
0.039697600004728884, 34, 37646.0, 2.008
0.05326389998663217, 35, 37636.0, 1.981
0.06069069998920895, 36, 37602.0, 1.889
0.03932589999749325, 37, 37602.0, 1.889
0.03569629997946322, 38, 37602.0, 1.889
0.05189780000364408, 39, 37602.0, 1.889
0.0530737999943085, 40, 37602.0, 1.889
0.02802920000976883, 41, 37602.0, 1.889
0.025860199995804578, 42, 37602.0, 1.889
0.025801000010687858, 43, 37602.0, 1.889
0.02648810000391677, 44, 37602.0, 1.889
0.027362900000298396, 45, 37602.0, 1.889
0.030752499995287508, 46, 37602.0, 1.889
0.028197499981615692, 47, 37602.0, 1.889
0.033219900011317804, 48, 37602.0, 1.889
0.031179999990854412, 49, 37602.0, 1.889
0.032607900007860735, 50, 37602.0, 1.889
0.029277099994942546, 51, 37602.0, 1.889
0.03149419999681413, 52, 37602.0, 1.889
0.03141759999562055, 53, 37602.0, 1.889
0.026288399996701628, 54, 37602.0, 1.889
0.03537329999380745, 55, 37602.0, 1.889
0.02615470002638176, 56, 37602.0, 1.889
0.028216100006829947, 57, 37602.0, 1.889
0.030234700010623783, 58, 37602.0, 1.889
0.03068110000458546, 59, 37602.0, 1.889
0.02889430001960136, 60, 37602.0, 1.889
0.027874099992914125, 61, 37602.0, 1.889
0.02821429999312386, 62, 37602.0, 1.889
0.03166670000064187, 63, 37602.0, 1.889
0.030496799998218194, 64, 37602.0, 1.889
0.026856600015889853, 65, 37602.0, 1.889
0.032216899999184534, 66, 37602.0, 1.889
0.040562800015322864, 67, 37602.0, 1.889
0.03363059999537654, 68, 37602.0, 1.889
0.027970900002401322, 69, 37602.0, 1.889
0.029081799992127344, 70, 37602.0, 1.889
0.035378600005060434, 71, 37602.0, 1.889
0.02553529999568127, 72, 37602.0, 1.889
0.027022499998565763, 73, 37556.0, 1.764
0.04300459998194128, 74, 37556.0, 1.764
0.02954009998939, 75, 37556.0, 1.764
0.031235700007528067, 76, 37556.0, 1.764
0.03128229998401366, 77, 37556.0, 1.764
0.029860699985874817, 78, 37556.0, 1.764
0.025372100004460663, 79, 37556.0, 1.764
0.02920809999341145, 80, 37556.0, 1.764
0.03345740001532249, 81, 37556.0, 1.764
0.02700080000795424, 82, 37556.0, 1.764
0.03137310000602156, 83, 37556.0, 1.764
0.03209560000686906, 84, 37504.0, 1.623
0.03271390000008978, 85, 37504.0, 1.623
0.02809999999590218, 86, 37486.0, 1.574
0.028556799981743097, 87, 37486.0, 1.574
0.02686879999237135, 88, 37486.0, 1.574
0.031028299999888986, 89, 37482.0, 1.563
0.032772300008218735, 90, 37482.0, 1.563
0.03385159999015741, 91, 37482.0, 1.563
0.03742580002290197, 92, 37482.0, 1.563
0.029592799983220175, 93, 37482.0, 1.563
0.02733839998836629, 94, 37482.0, 1.563
0.0302660999877844, 95, 37482.0, 1.563
0.03769360002479516, 96, 37482.0, 1.563
0.02788690000306815, 97, 37482.0, 1.563
0.02683459999389015, 98, 37482.0, 1.563
0.026455900020664558, 99, 37482.0, 1.563
0.035785699990810826, 100, 37482.0, 1.563
0.033390399999916553, 101, 37482.0, 1.563
0.026831299997866154, 102, 37482.0, 1.563
0.027022399997804314, 103, 37481.0, 1.561
0.032101299992064014, 104, 37481.0, 1.561
0.02679609999177046, 105, 37481.0, 1.561
0.02603639999870211, 106, 37481.0, 1.561
0.025559800007613376, 107, 37481.0, 1.561
0.031074900005478412, 108, 37481.0, 1.561
0.02776090000406839, 109, 37481.0, 1.561
0.030434100015554577, 110, 37481.0, 1.561
0.03272119999746792, 111, 37481.0, 1.561
0.030085999984294176, 112, 37481.0, 1.561
0.02948249998735264, 113, 37481.0, 1.561
0.03946140001062304, 114, 37481.0, 1.561
0.03552340000169352, 115, 37481.0, 1.561
0.029565000004367903, 116, 37481.0, 1.561
0.02709099999628961, 117, 37481.0, 1.561
0.028327699983492494, 118, 37481.0, 1.561
0.03449459999683313, 119, 37481.0, 1.561
0.02638760002446361, 120, 37481.0, 1.561
0.026322999998228624, 121, 37481.0, 1.561
0.028850800008513033, 122, 37481.0, 1.561
0.030867399997077882, 123, 37481.0, 1.561
0.03010899998480454, 124, 37481.0, 1.561
0.030491699988488108, 125, 37481.0, 1.561
0.02870930000790395, 126, 37481.0, 1.561
0.0299253000121098, 127, 37481.0, 1.561
0.026352699991548434, 128, 37481.0, 1.561
0.02865269998437725, 129, 37481.0, 1.561
0.02926909999223426, 130, 37481.0, 1.561
0.02719359999173321, 131, 37481.0, 1.561
0.02903350000269711, 132, 37481.0, 1.561
0.034263000008650124, 133, 37481.0, 1.561
0.027992500021355227, 134, 37481.0, 1.561
0.026740600005723536, 135, 37481.0, 1.561
0.027241300005698577, 136, 37464.0, 1.515
0.0296645000053104, 137, 37450.0, 1.477
0.03502330000628717, 138, 37434.0, 1.433
0.036375700001372024, 139, 37434.0, 1.433
0.02806609999970533, 140, 37434.0, 1.433
0.030689299979712814, 141, 37409.0, 1.366
0.030609200010076165, 142, 37409.0, 1.366
0.02939769998192787, 143, 37409.0, 1.366
0.029247200000099838, 144, 37409.0, 1.366
0.025530199985951185, 145, 37409.0, 1.366
0.029477300005964935, 146, 37409.0, 1.366
0.028035399998771027, 147, 37409.0, 1.366
0.03357010000036098, 148, 37409.0, 1.366
0.03217140000197105, 149, 37409.0, 1.366
0.029409300012048334, 150, 37409.0, 1.366
0.028751200006809086, 151, 37409.0, 1.366
0.027829700004076585, 152, 37409.0, 1.366
0.025755600014235824, 153, 37409.0, 1.366
0.026545600005192682, 154, 37409.0, 1.366
0.029029700002865866, 155, 37409.0, 1.366
0.03148689999943599, 156, 37409.0, 1.366
0.032494700019015, 157, 37409.0, 1.366
0.030111500003840774, 158, 37409.0, 1.366
0.033452600007876754, 159, 37409.0, 1.366
0.03218949999427423, 160, 37409.0, 1.366
0.029879000008804724, 161, 37409.0, 1.366
0.030174999992595986, 162, 37409.0, 1.366
0.029127499990863726, 163, 37409.0, 1.366
0.026931100001093, 164, 37402.0, 1.347
0.028743900009430945, 165, 37402.0, 1.347
0.02675309998448938, 166, 37402.0, 1.347
0.029628300020704046, 167, 37402.0, 1.347
0.02719200000865385, 168, 37402.0, 1.347
0.027294400002574548, 169, 37402.0, 1.347
0.028678999980911613, 170, 37402.0, 1.347
0.024131899990607053, 171, 37402.0, 1.347
0.029322900023544207, 172, 37402.0, 1.347
0.02876670000841841, 173, 37402.0, 1.347
0.033704200002830476, 174, 37402.0, 1.347
0.02616060001309961, 175, 37402.0, 1.347
0.02792530000442639, 176, 37402.0, 1.347
0.027957000012975186, 177, 37402.0, 1.347
0.02918030001455918, 178, 37402.0, 1.347
0.03644749999511987, 179, 37402.0, 1.347
0.02859670002362691, 180, 37402.0, 1.347
0.024258000019472092, 181, 37402.0, 1.347
0.02844100000220351, 182, 37402.0, 1.347
0.028753099992172793, 183, 37402.0, 1.347
0.030913199996575713, 184, 37402.0, 1.347
0.028347100014798343, 185, 37402.0, 1.347
0.024092000006930903, 186, 37402.0, 1.347
0.028475900006014854, 187, 37389.0, 1.311
0.02780239999992773, 188, 37389.0, 1.311
0.034413899993523955, 189, 37389.0, 1.311
0.029062799992971122, 190, 37389.0, 1.311
0.026221000007353723, 191, 37389.0, 1.311
0.030779399996390566, 192, 37389.0, 1.311
0.0326710999943316, 193, 37389.0, 1.311
0.02782010001828894, 194, 37389.0, 1.311
0.026884099992457777, 195, 37389.0, 1.311
0.026410799997393042, 196, 37389.0, 1.311
0.03249300000607036, 197, 37389.0, 1.311
0.02583309999317862, 198, 37389.0, 1.311
0.029387899994617328, 199, 37389.0, 1.311
0.03237349999835715, 200, 37389.0, 1.311
0.03164669999387115, 201, 37389.0, 1.311
0.02772070001810789, 202, 37389.0, 1.311
0.02886779999244027, 203, 37389.0, 1.311
0.025795299996389076, 204, 37389.0, 1.311
0.027035300008719787, 205, 37389.0, 1.311
0.027564399992115796, 206, 37389.0, 1.311
0.027300899993861094, 207, 37389.0, 1.311
0.029700999992201105, 208, 37389.0, 1.311
0.026865100022405386, 209, 37389.0, 1.311
0.027336200000718236, 210, 37389.0, 1.311
0.02834459999576211, 211, 37389.0, 1.311
0.023777399997925386, 212, 37389.0, 1.311
0.030868700006976724, 213, 37389.0, 1.311
0.026836599980015308, 214, 37373.0, 1.268
0.027048799995100126, 215, 37373.0, 1.268
0.02805710001848638, 216, 37373.0, 1.268
0.030253400007495657, 217, 37373.0, 1.268
0.02687470000819303, 218, 37373.0, 1.268
0.02387740000267513, 219, 37373.0, 1.268
0.029210399981820956, 220, 37373.0, 1.268
0.0314141999988351, 221, 37373.0, 1.268
0.026608899992424995, 222, 37373.0, 1.268
0.03130079997936264, 223, 37373.0, 1.268
0.039516500022727996, 224, 37373.0, 1.268
0.040450200001941994, 225, 37373.0, 1.268
0.032932400004938245, 226, 37373.0, 1.268
0.02572489998419769, 227, 37373.0, 1.268
0.027666699985275045, 228, 37373.0, 1.268
0.027720400015823543, 229, 37373.0, 1.268
0.03032249998068437, 230, 37360.0, 1.233
0.02848680000170134, 231, 37318.0, 1.119
0.044290399993769825, 232, 37318.0, 1.119
0.03777009999612346, 233, 37318.0, 1.119
0.03129310000804253, 234, 37318.0, 1.119
0.03154050000011921, 235, 37318.0, 1.119
0.033399100007954985, 236, 37318.0, 1.119
0.02943819999927655, 237, 37318.0, 1.119
0.029247300000861287, 238, 37318.0, 1.119
0.026769199990667403, 239, 37318.0, 1.119
0.026786900009028614, 240, 37318.0, 1.119
0.030241300002671778, 241, 37318.0, 1.119
0.03194879999500699, 242, 37318.0, 1.119
0.027423899999121204, 243, 37318.0, 1.119
0.028827799978898838, 244, 37318.0, 1.119
0.027429499983554706, 245, 37318.0, 1.119
0.029418099991744384, 246, 37318.0, 1.119
0.02539589998195879, 247, 37318.0, 1.119
0.028284499974688515, 248, 37318.0, 1.119
0.028912700014188886, 249, 37318.0, 1.119
0.029720299993641675, 250, 37318.0, 1.119
0.029291599988937378, 251, 37318.0, 1.119
0.026416099979542196, 252, 37318.0, 1.119
0.03198780000093393, 253, 37318.0, 1.119
0.03069290000712499, 254, 37318.0, 1.119
0.030201499990653247, 255, 37318.0, 1.119
0.027108400012366474, 256, 37318.0, 1.119
0.03060119997826405, 257, 37318.0, 1.119
0.026009099994553253, 258, 37318.0, 1.119
0.029165999992983416, 259, 37318.0, 1.119
0.02860369998961687, 260, 37318.0, 1.119
0.026675100001739338, 261, 37318.0, 1.119
0.030661500000860542, 262, 37318.0, 1.119
0.030905799998436123, 263, 37318.0, 1.119
0.03253640001639724, 264, 37318.0, 1.119
0.028693400003248826, 265, 37318.0, 1.119
0.030991900013759732, 266, 37318.0, 1.119
0.029928100004326552, 267, 37318.0, 1.119
0.02875949998269789, 268, 37318.0, 1.119
0.03155230000265874, 269, 37318.0, 1.119
0.04441669999505393, 270, 37318.0, 1.119
0.03049149998696521, 271, 37318.0, 1.119
0.03797239999403246, 272, 37318.0, 1.119
0.03055639998638071, 273, 37318.0, 1.119
0.026377699978183955, 274, 37318.0, 1.119
0.033726699999533594, 275, 37318.0, 1.119
0.031780999997863546, 276, 37318.0, 1.119
0.028489000018453225, 277, 37318.0, 1.119
0.030095399997662753, 278, 37318.0, 1.119
0.036506099975667894, 279, 37318.0, 1.119
0.030073999980231747, 280, 37318.0, 1.119
0.025835599983111024, 281, 37318.0, 1.119

tour:
[571 572 573   0 567 568 569 566 565 564 563   1   2   3   4   5 562 561
 560 559 558 554 555 556 557   6   7   8   9  10  11 553 552 551 550 549
 548 547 546 545  12  13 544 543 542 540 541 539 538 537 536 535 528 529
 530 531 532 534 533 525 526 527 524 523 522 521 519 520 518 517 516 515
 514 476 512 513 477 478 479 480 506 505 507 508 509 511 510 504 503 502
 501 500 499 498 497 496 492 493 494 495 490 491 489 488 487 486 485 484
 483 482 481 471 470 472 473 469 466 468 467 456 458 457 459 462 461 460
 395 396 394 255 254 256 257 258 259 260 390 391 392 393 404 403 402 401
 397 398 399 400 448 447 449 455 450 454 453 451 452 441 442 446 443 440
 444 445 432 431 429 430 433 434 435 439 436 437 438 428 427 426 423 422
 421 420 419 418 417 416 424 425 415 414 413 412 411 356 357 355 354 353
 352 359 358 410 409 408 407 405 406 360 361 362 363 351 349 350 348 347
 346 345 344 370 369 368 367 366 365 364 375 376 377 374 373 372 371 338
 337 339 340 343 342 341 336 335 334 330 329 326 327 328 331 332 333 268
 378 379 380 381 384 382 383 385 386 387 389 388 265 266 267 269 270 271
 272 263 264 261 262 273 274 275 276 277 278 279 280 188 189 190 191 192
 193 194 195 196 197 198 199 200 248 249 250 252 251 253 463 464 465 474
 475 247 201 246 245 202 244 243 242 241 203 204 205 206 238 237 207 185
 186 187 283 282 281 306 307 308 311 312 313 314 315 316 321 320 322 325
 324 323 319 317 318 309 310 299 300 301 302 303 298 297 296 305 304 295
 294 293 292 291 290 289 288 287 286 285 284 179 180 181 182 183 184 208
 231 232 233 234 235 236 239 240 225 224 223 222 226 227 228 229 230 215
 216 217 218 219 220 221  15  14  16  17  19  32  33  34  30  31  18  20
  21  22  23  24 164  25  26  29  27  28  87  86  35  36  37  38  39  40
  41  42  79  80  78  81  82  83  85  84 109 108  88  89  90  91  92  93
  94 158 157 156 152 155 159 160 161 162 163 154 153 166 165 212 213 214
 211 210 209 178 177 176 175 174 173 172 171 170 169 168 167 151 150 149
 148 147 146 145 143 144 142 141 140 139 138 137 136 135 134 133 132 130
 131 125 124 123  97  96  95  99  98 100 101 102 103 105 104 106 107 110
 111 112 119 120 121 122 118 117 113 116 115 114  73  72  71  70  69  68
  67  66 126 127 129 128  65  64  63  62  61  60  75  74  76  77  59  58
  57  56  55  54  53  43  44  45  46  52  51  50  49  48  47 570]

eliteFit: 37318.0
percentError: 1.1190895542609403
computationTime: 10.059s