instanceName: d198
n: 198
optFit: 15780

genTime, gen, eliteFit, percentError:
0.00018679999629966915, 0, 171761.0, 988.473
0.017764900010661222, 1, 16212.0, 2.738
0.013921400008257478, 2, 16124.0, 2.180
0.011209800009964965, 3, 16011.0, 1.464
0.012040899993735366, 4, 15992.0, 1.343
0.012050200006342493, 5, 15960.0, 1.141
0.011689400009345263, 6, 15877.0, 0.615
0.0106482999981381, 7, 15877.0, 0.615
0.012323000002652407, 8, 15877.0, 0.615
0.017167800004244782, 9, 15859.0, 0.501
0.009633200010284781, 10, 15859.0, 0.501
0.006318599989754148, 11, 15845.0, 0.412
0.00803240000095684, 12, 15845.0, 0.412
0.009548400004860014, 13, 15845.0, 0.412
0.007111200000508688, 14, 15839.0, 0.374
0.005744300011429004, 15, 15839.0, 0.374
0.005117599997902289, 16, 15839.0, 0.374
0.005417600012151524, 17, 15839.0, 0.374
0.005802900006528944, 18, 15832.0, 0.330
0.005612399996607564, 19, 15832.0, 0.330
0.008010800011106767, 20, 15830.0, 0.317
0.009413899999344721, 21, 15828.0, 0.304
0.007358999995631166, 22, 15826.0, 0.292
0.005147400006535463, 23, 15826.0, 0.292
0.004446200007805601, 24, 15826.0, 0.292
0.004513100007898174, 25, 15826.0, 0.292
0.0038179999974090606, 26, 15826.0, 0.292
0.004677000004448928, 27, 15826.0, 0.292
0.0032205999887082726, 28, 15826.0, 0.292
0.003715699989697896, 29, 15826.0, 0.292
0.0036850000033155084, 30, 15826.0, 0.292
0.003900800002156757, 31, 15826.0, 0.292
0.004579000000376254, 32, 15826.0, 0.292
0.004167399994912557, 33, 15826.0, 0.292
0.0035287000064272434, 34, 15826.0, 0.292
0.004523700001300313, 35, 15826.0, 0.292
0.0049512999976286665, 36, 15826.0, 0.292
0.004770599989569746, 37, 15826.0, 0.292
0.004556100000627339, 38, 15826.0, 0.292
0.005680999995092861, 39, 15826.0, 0.292
0.005845799998496659, 40, 15826.0, 0.292
0.006296300009125844, 41, 15826.0, 0.292
0.004590600001392886, 42, 15826.0, 0.292
0.0039840999961597845, 43, 15826.0, 0.292
0.0042707999964477494, 44, 15826.0, 0.292
0.004207900012261234, 45, 15826.0, 0.292
0.004756499998620711, 46, 15826.0, 0.292
0.0060357000038493425, 47, 15826.0, 0.292
0.0034999000054085627, 48, 15826.0, 0.292
0.003761899992241524, 49, 15826.0, 0.292
0.004030199997941963, 50, 15826.0, 0.292
0.0045107999903848395, 51, 15826.0, 0.292
0.004324400011682883, 52, 15826.0, 0.292
0.004015500002424233, 53, 15826.0, 0.292
0.0032190000056289136, 54, 15826.0, 0.292
0.0034116000024368986, 55, 15826.0, 0.292
0.0038053999887779355, 56, 15826.0, 0.292
0.004344799992395565, 57, 15826.0, 0.292
0.0036527000047499314, 58, 15826.0, 0.292
0.003350599989062175, 59, 15826.0, 0.292
0.0035939999943366274, 60, 15826.0, 0.292
0.003724900001543574, 61, 15826.0, 0.292
0.005141999994521029, 62, 15826.0, 0.292
0.0036045000015292317, 63, 15826.0, 0.292
0.005640900009893812, 64, 15826.0, 0.292
0.003672300008474849, 65, 15826.0, 0.292
0.00435220000508707, 66, 15826.0, 0.292
0.004450499996892177, 67, 15826.0, 0.292
0.003954199986765161, 68, 15826.0, 0.292
0.003484600005322136, 69, 15826.0, 0.292
0.0032653999951435253, 70, 15826.0, 0.292
0.005622899989248253, 71, 15826.0, 0.292
0.005198800005018711, 72, 15826.0, 0.292

tour:
[ 90  91 104 113 112 111 105 106 110 109 108 107 166 167 181 182 180 176
 175 172 173 174 177 179 183 184 178 193 194 197 196 195 185 192 191 186
 190 187 188 189 170 171 165 164 163 162 150 149 144 148 145 142 140 134
 135 143 136 128 127 126 169 125 168 124 130 129 132 131 133 139 141 146
 147 152 151 161 160 159 158 157 156 155 154 153 138 137 123 122 119 118
 117 116 115 120 121 114 103 102 101  92  93 100  94  95  89  88  96  97
  87  83  86  98  99  85  84  70  68  57  56  41  42  55  58  67  71  72
  69  66  59  54  43  37  30  31  29  28  27  21  22  13  14  39  40  12
  11  10   9   8   7   4   3   2   5   6   1   0  15  16  17  18  19  20
  23  24  25  26  33  32  35  36  44  53  60  65  73  82  81  74  61  52
  45  51  46  38  34  50  64  80  75  76  77  63  49  47  48  62  78  79]

eliteFit: 15826.0
percentError: 0.2915082382762991
computationTime: 0.466s