instanceName: tsp225
n: 225
optFit: 3861

genTime, gen, eliteFit, percentError:
0.0004467000107979402, 0, 38442.0, 895.649
0.024503100008587353, 1, 4114.0, 6.553
0.014141599996946752, 2, 4057.0, 5.076
0.013467199998558499, 3, 4057.0, 5.076
0.014628400007495657, 4, 3989.0, 3.315
0.01256170000124257, 5, 3989.0, 3.315
0.015325200001825579, 6, 3964.0, 2.668
0.021062400002847426, 7, 3964.0, 2.668
0.016330300000845455, 8, 3946.0, 2.202
0.009866599997621961, 9, 3946.0, 2.202
0.010531299994909205, 10, 3935.0, 1.917
0.009495799997239374, 11, 3922.0, 1.580
0.007989600009750575, 12, 3917.0, 1.450
0.008222400007070974, 13, 3909.0, 1.243
0.007022500009043142, 14, 3907.0, 1.191
0.00610709999455139, 15, 3903.0, 1.088
0.00686649999988731, 16, 3901.0, 1.036
0.007635100002516992, 17, 3901.0, 1.036
0.006432399997720495, 18, 3901.0, 1.036
0.0071370999939972535, 19, 3901.0, 1.036
0.005288099986501038, 20, 3901.0, 1.036
0.0065002999908756465, 21, 3901.0, 1.036
0.004716199997346848, 22, 3901.0, 1.036
0.005525800006580539, 23, 3901.0, 1.036
0.004910700008622371, 24, 3887.0, 0.673
0.005259800003841519, 25, 3887.0, 0.673
0.004297899999073707, 26, 3887.0, 0.673
0.004552099999273196, 27, 3883.0, 0.570
0.004883800007519312, 28, 3883.0, 0.570
0.004777900001499802, 29, 3883.0, 0.570
0.0045987999910721555, 30, 3883.0, 0.570
0.0038724000041838735, 31, 3883.0, 0.570
0.004307199997128919, 32, 3883.0, 0.570
0.004774200002430007, 33, 3883.0, 0.570
0.0039582999888807535, 34, 3883.0, 0.570
0.004796099994564429, 35, 3883.0, 0.570
0.0048971999931382015, 36, 3883.0, 0.570
0.004949900001520291, 37, 3883.0, 0.570
0.00486859999364242, 38, 3883.0, 0.570
0.004062899999553338, 39, 3883.0, 0.570
0.004476799993426539, 40, 3883.0, 0.570
0.0043812000076286495, 41, 3883.0, 0.570
0.003938699999707751, 42, 3883.0, 0.570
0.006291699988651089, 43, 3883.0, 0.570
0.004618600010871887, 44, 3883.0, 0.570
0.004027300004963763, 45, 3883.0, 0.570
0.004094100004294887, 46, 3883.0, 0.570
0.006648399998084642, 47, 3883.0, 0.570
0.004463600009330548, 48, 3883.0, 0.570
0.004786899997270666, 49, 3883.0, 0.570
0.004251900012604892, 50, 3883.0, 0.570
0.003876299990224652, 51, 3883.0, 0.570
0.004720500000985339, 52, 3883.0, 0.570
0.0046292000042740256, 53, 3883.0, 0.570
0.004385100008221343, 54, 3883.0, 0.570
0.004454000008990988, 55, 3883.0, 0.570
0.004459799994947389, 56, 3883.0, 0.570
0.004034099998534657, 57, 3883.0, 0.570
0.003864300000714138, 58, 3883.0, 0.570
0.004187699989415705, 59, 3883.0, 0.570
0.00428259999898728, 60, 3883.0, 0.570
0.004069400005391799, 61, 3883.0, 0.570
0.005100200010929257, 62, 3883.0, 0.570
0.005611999993561767, 63, 3883.0, 0.570
0.004215000008116476, 64, 3883.0, 0.570
0.004131800000322983, 65, 3880.0, 0.492
0.004578300009598024, 66, 3880.0, 0.492
0.0041573999915272, 67, 3880.0, 0.492
0.004094900010386482, 68, 3880.0, 0.492
0.005183000001125038, 69, 3880.0, 0.492
0.0042923999862978235, 70, 3880.0, 0.492
0.0043212999880779535, 71, 3880.0, 0.492
0.004140799996093847, 72, 3880.0, 0.492
0.004828499993891455, 73, 3880.0, 0.492
0.005269000001135282, 74, 3880.0, 0.492
0.004125000006752089, 75, 3880.0, 0.492
0.003646500001195818, 76, 3880.0, 0.492
0.005470000003697351, 77, 3880.0, 0.492
0.004221399998641573, 78, 3880.0, 0.492
0.0038161999982548878, 79, 3880.0, 0.492
0.005340100004104897, 80, 3880.0, 0.492
0.004906200003460981, 81, 3880.0, 0.492
0.004746599995996803, 82, 3880.0, 0.492
0.0038416000024881214, 83, 3880.0, 0.492
0.004629899995052256, 84, 3880.0, 0.492
0.004755500005558133, 85, 3880.0, 0.492
0.004131000008783303, 86, 3880.0, 0.492
0.004007700001238845, 87, 3880.0, 0.492
0.005600200005574152, 88, 3880.0, 0.492
0.005386700009694323, 89, 3880.0, 0.492
0.004154199996264651, 90, 3880.0, 0.492
0.0038717999996151775, 91, 3880.0, 0.492
0.005413199993199669, 92, 3880.0, 0.492
0.0056438000028720126, 93, 3880.0, 0.492
0.005555099996854551, 94, 3880.0, 0.492
0.006579799999599345, 95, 3880.0, 0.492
0.005811999988509342, 96, 3880.0, 0.492
0.007443599999533035, 97, 3880.0, 0.492
0.006080099992686883, 98, 3880.0, 0.492
0.006957599995075725, 99, 3880.0, 0.492
0.007111400002031587, 100, 3880.0, 0.492
0.00545820000115782, 101, 3880.0, 0.492
0.004336900005000643, 102, 3880.0, 0.492
0.00398549999226816, 103, 3880.0, 0.492
0.004770299987285398, 104, 3880.0, 0.492
0.005387700002756901, 105, 3880.0, 0.492
0.005027000006521121, 106, 3880.0, 0.492
0.004834300008951686, 107, 3880.0, 0.492
0.003991299992776476, 108, 3880.0, 0.492
0.006374799995683134, 109, 3880.0, 0.492
0.0063926000002538785, 110, 3880.0, 0.492
0.006676699995296076, 111, 3880.0, 0.492
0.00636859999212902, 112, 3880.0, 0.492
0.005408199998782948, 113, 3880.0, 0.492
0.005381499999202788, 114, 3880.0, 0.492
0.005105600008391775, 115, 3880.0, 0.492

tour:
[167 168 169 170 171 172 173 175 176 177 178 179 180 181 183 119 184 185
 118 117 186 116 187  26 188 204 190 191 195 192 217 193 194 196 197 199
   0   2   3   4   5   6   7   8   9  10  11  12  13  14  15  16  17  18
 202  19  20  21  22  23 207  24  25 203  27  28  29 201 205  30  31  34
  32  33  35  36  37  38  39  40  41  42  43  45  44  47 223 198 132  49
  51  52  53  54  55  56  50  48 206 189 224  46   1  58  57  59  60  61
 115 222 114 113 112 111  63  62  64  65  66  67  68  69  70  71  72  73
  74  75 215 218 216  76  77  78  79  80 220  81  82  83  84  85 209  86
  87  88  89  90  91  92  93 208  94  95  96  97  98  99 100 101 102 103
 219 104 105 106 107 108 109 110 120 174 121 122 123 124 125 126 127 128
 221 129 210 130 131 214 133 134 182 135 136 137 138 139 140 141 200 142
 143 144 145 146 147 148 149 150 151 152 153 154 155 156 158 159 160 161
 162 157 212 163 164 165 166 213 211]

eliteFit: 3880.0
percentError: 0.4921004921004921
computationTime: 0.756s