instanceName: tsp225
n: 225
optFit: 3861

genTime, gen, eliteFit, percentError:
0.00019410000822972506, 0, 38328.0, 892.696
0.02415599999949336, 1, 4119.0, 6.682
0.021920900006080046, 2, 4057.0, 5.076
0.02185230000759475, 3, 4030.0, 4.377
0.013594000003649853, 4, 4023.0, 4.196
0.013782399997580796, 5, 4017.0, 4.040
0.015045399995869957, 6, 3994.0, 3.445
0.012527400001999922, 7, 3989.0, 3.315
0.012457099990569986, 8, 3989.0, 3.315
0.012047600001096725, 9, 3970.0, 2.823
0.016214699993724935, 10, 3967.0, 2.745
0.011475999999674968, 11, 3944.0, 2.150
0.008155899995472282, 12, 3940.0, 2.046
0.007590000008349307, 13, 3940.0, 2.046
0.009035099996253848, 14, 3933.0, 1.865
0.00772730000608135, 15, 3933.0, 1.865
0.0074078000034205616, 16, 3927.0, 1.709
0.008165699997334741, 17, 3927.0, 1.709
0.005952799998340197, 18, 3927.0, 1.709
0.0079939999995986, 19, 3927.0, 1.709
0.010406400004285388, 20, 3927.0, 1.709
0.006269099991186522, 21, 3923.0, 1.606
0.005079800001112744, 22, 3923.0, 1.606
0.005445599992526695, 23, 3921.0, 1.554
0.004446699997060932, 24, 3921.0, 1.554
0.0049445999902673066, 25, 3921.0, 1.554
0.004448299994692206, 26, 3921.0, 1.554
0.004463299992494285, 27, 3921.0, 1.554
0.00522409999393858, 28, 3921.0, 1.554
0.004579000000376254, 29, 3921.0, 1.554
0.004459400006453507, 30, 3921.0, 1.554
0.0077056000009179115, 31, 3921.0, 1.554
0.006605300004594028, 32, 3921.0, 1.554
0.005934700006037019, 33, 3921.0, 1.554
0.006296699997619726, 34, 3921.0, 1.554
0.0038576000079046935, 35, 3921.0, 1.554
0.00480930000776425, 36, 3921.0, 1.554
0.00493520000600256, 37, 3921.0, 1.554
0.0037203000101726502, 38, 3921.0, 1.554
0.004473900000448339, 39, 3921.0, 1.554
0.005160999993677251, 40, 3921.0, 1.554
0.00544860000081826, 41, 3921.0, 1.554
0.006323000008706003, 42, 3921.0, 1.554
0.0053330999944591895, 43, 3921.0, 1.554
0.004925200002617203, 44, 3921.0, 1.554
0.004590399999869987, 45, 3921.0, 1.554
0.005192700002226047, 46, 3921.0, 1.554
0.004377199991722591, 47, 3921.0, 1.554
0.004308400006266311, 48, 3921.0, 1.554
0.004689900000812486, 49, 3921.0, 1.554
0.005834399999002926, 50, 3921.0, 1.554
0.005537599994568154, 51, 3921.0, 1.554
0.005750399999669753, 52, 3921.0, 1.554
0.004793600004632026, 53, 3921.0, 1.554
0.004604600006132387, 54, 3921.0, 1.554
0.004708199994638562, 55, 3921.0, 1.554
0.004142799996770918, 56, 3921.0, 1.554
0.004718500000308268, 57, 3921.0, 1.554
0.0041812999988906085, 58, 3921.0, 1.554
0.004124600003706291, 59, 3921.0, 1.554
0.004936900004395284, 60, 3921.0, 1.554
0.004226799996104091, 61, 3921.0, 1.554
0.004271500001777895, 62, 3921.0, 1.554
0.0042523999873083085, 63, 3921.0, 1.554
0.0044387999951140955, 64, 3921.0, 1.554
0.0033856000081868842, 65, 3921.0, 1.554
0.004339200007962063, 66, 3921.0, 1.554
0.004754900000989437, 67, 3921.0, 1.554
0.004467199993086979, 68, 3921.0, 1.554
0.003929400001652539, 69, 3921.0, 1.554
0.004878499996266328, 70, 3921.0, 1.554
0.004615700003341772, 71, 3921.0, 1.554
0.004626900001312606, 72, 3921.0, 1.554
0.004825199997867458, 73, 3921.0, 1.554

tour:
[ 94  79  80 220 208  93  92  90  91  82  81  84  85  83 209  86  89  87
  88 102 103 219 104 105 106 107 108 109  64  66  65  63  62  61  60  59
 115 222 114 113 112 111 110 120 174 121 122 123 124 125 126 127 128 221
 129 210 130 131 214 133 134 182 135 136 137 138 139 140 141 200 142 143
 144 145 146 147 148 149 150 151 152 153 154 155 156 158 159 160 161 162
 157 212 163 164 165 166 213 211 167 168 169 170 171 172 173 175 176 177
 178 179 180 181 183 119 184 185 118 117 186 116 187  26 188 204 190 191
 195 192 217 193 194 196 197 199   0   2   3   4   5   6   7   8   9  10
  11  12  13  14  15  16  17  18 202  19  20  21  22  23 207  24  25 203
  27  28  29 201 205  30  31  34  32  33  35  36  37  38  39  40  41  42
  43  45  44  47 223 198 132  49  50  48 206 189 224  46   1  58  57  56
  55  54  51  52  53  73  75  74  72  71  70  69  67  68 101 100  99  98
  97 215 218 216  76  78  77  96  95]

eliteFit: 3921.0
percentError: 1.554001554001554
computationTime: 0.551s