instanceName: tsp225
n: 225
optFit: 3861

genTime, gen, eliteFit, percentError:
0.00020510000467766076, 0, 37740.0, 877.467
0.024409799996647052, 1, 4106.0, 6.346
0.014240299991797656, 2, 4069.0, 5.387
0.015465800010133535, 3, 4029.0, 4.351
0.012694299992290325, 4, 4015.0, 3.989
0.012628900003619492, 5, 4015.0, 3.989
0.013001899991650134, 6, 3995.0, 3.471
0.012819699986721389, 7, 3962.0, 2.616
0.0165127000072971, 8, 3960.0, 2.564
0.01848069998959545, 9, 3959.0, 2.538
0.0158685000060359, 10, 3946.0, 2.202
0.011543900007382035, 11, 3943.0, 2.124
0.011633600006462075, 12, 3934.0, 1.891
0.010767700005089864, 13, 3912.0, 1.321
0.00944970001000911, 14, 3912.0, 1.321
0.009936799993738532, 15, 3912.0, 1.321
0.006410300004063174, 16, 3909.0, 1.243
0.005171999990125187, 17, 3907.0, 1.191
0.0070398999960161746, 18, 3907.0, 1.191
0.0047011999995447695, 19, 3907.0, 1.191
0.004404000006616116, 20, 3907.0, 1.191
0.005981700000120327, 21, 3907.0, 1.191
0.00406479999946896, 22, 3907.0, 1.191
0.004615400001057424, 23, 3907.0, 1.191
0.0054976999963400885, 24, 3907.0, 1.191
0.0070795000065118074, 25, 3907.0, 1.191
0.004535400003078394, 26, 3907.0, 1.191
0.004775199995492585, 27, 3907.0, 1.191
0.0043520000035641715, 28, 3883.0, 0.570
0.0052863000018987805, 29, 3883.0, 0.570
0.005620900003123097, 30, 3882.0, 0.544
0.0054946000018389896, 31, 3882.0, 0.544
0.004309500000090338, 32, 3882.0, 0.544
0.004192399996099994, 33, 3882.0, 0.544
0.004717200004961342, 34, 3882.0, 0.544
0.0040818999987095594, 35, 3882.0, 0.544
0.004018399995402433, 36, 3882.0, 0.544
0.0045781000080751255, 37, 3882.0, 0.544
0.004777599999215454, 38, 3882.0, 0.544
0.004790399994817562, 39, 3882.0, 0.544
0.003923600001144223, 40, 3882.0, 0.544
0.00514929999189917, 41, 3882.0, 0.544
0.004830299993045628, 42, 3882.0, 0.544
0.006000900000799447, 43, 3882.0, 0.544
0.006517899993923493, 44, 3882.0, 0.544
0.006611400007386692, 45, 3882.0, 0.544
0.006489899998996407, 46, 3882.0, 0.544
0.005917799993767403, 47, 3882.0, 0.544
0.007103999989340082, 48, 3882.0, 0.544
0.006059299994376488, 49, 3882.0, 0.544
0.006761700002243742, 50, 3882.0, 0.544
0.006026800008839928, 51, 3882.0, 0.544
0.005101300004753284, 52, 3877.0, 0.414
0.0055191999999806285, 53, 3877.0, 0.414
0.0051734000007854775, 54, 3877.0, 0.414
0.005024600002798252, 55, 3877.0, 0.414
0.00515599999926053, 56, 3877.0, 0.414
0.005159399996045977, 57, 3877.0, 0.414
0.0037548999971477315, 58, 3877.0, 0.414
0.005948199992417358, 59, 3877.0, 0.414
0.005983199996990152, 60, 3877.0, 0.414
0.005064600001787767, 61, 3877.0, 0.414
0.004940200000419281, 62, 3877.0, 0.414
0.0040529999969294295, 63, 3877.0, 0.414
0.004121399993891828, 64, 3877.0, 0.414
0.004818500005058013, 65, 3877.0, 0.414
0.004717000003438443, 66, 3877.0, 0.414
0.0041809999966062605, 67, 3877.0, 0.414
0.004310699994675815, 68, 3877.0, 0.414
0.005317399991326965, 69, 3863.0, 0.052
0.005821099999593571, 70, 3863.0, 0.052
0.006668999994872138, 71, 3863.0, 0.052
0.00894529999641236, 72, 3863.0, 0.052
0.005356199995731004, 73, 3861.0, 0.000

tour:
[152 153 154 155 156 158 159 160 161 162 157 212 163 164 165 166 213 211
 167 168 169 170 171 172 173 175 176 177 178 179 180 181 183 184 185 186
 187  26 188 204 190 191 195 192 217 193 194 196 197 199   0   2   3   4
   5   6   7   8   9  10  11  12  13  14  15  16  17  18 202  19  20  21
  22  23 207  24  25 203  27  28  29 201 205  30  31  34  32  33  35  36
  37  38  39  40  41  42  43  45  44  47 223 198 132 189 224  46   1 206
  48  50  49  51  52  53  54  55  56  57  58  59  60  61  62  63  64  65
  66  67  68  69  70  71  72  73  74  75 215 218 216  76  77  78  79  80
 220  81  82  83  84  85 209  86  87  88  89  90  91  92  93 208  94  95
  96  97  98  99 100 101 102 103 219 104 105 106 107 108 109 110 111 112
 113 114 222 115 116 117 118 119 174 120 121 122 123 124 125 126 127 128
 221 129 210 130 131 214 133 134 182 135 136 137 138 139 140 141 200 142
 143 144 145 146 147 148 149 150 151]

eliteFit: 3861.0
percentError: 0.0
computationTime: 0.560s