instanceName: kroC100
n: 100
optFit: 20749

genTime, gen, eliteFit, percentError:
0.0002435000060359016, 0, 143479.0, 591.498
0.006348199996864423, 1, 21316.0, 2.733
0.0025557000044500455, 2, 21124.0, 1.807
0.0022951999999349937, 3, 20973.0, 1.080
0.003124399998341687, 4, 20749.0, 0.000

tour:
[96 95 86 51 10 83 47 65 43 62 50 15 36  8 77 81  6 25 60 31 23 45 28 17
 48 11 39 52  0 84 26 14 12 78 63 19 41 54 66 46 30 64 79 76 29 67 34  1
 53  5 74 21  7 16 24 89 33 57 97 87 27 38 37 70 55 42  4 85 71 82 61 49
 94 93 90 75 69 22 20 88 40 58 72  2 68 59  3 92 98 18 91  9 13 35 56 73
 99 32 44 80]

eliteFit: 20749.0
percentError: 0.0
computationTime: 0.018s