instanceName: kroC100
n: 100
optFit: 20749

genTime, gen, eliteFit, percentError:
0.00018999999156221747, 0, 149317.0, 619.635
0.004359699989436194, 1, 20942.0, 0.930
0.003136399987852201, 2, 20879.0, 0.627
0.0024055999965639785, 3, 20819.0, 0.337
0.0028165999974589795, 4, 20816.0, 0.323
0.002207300000009127, 5, 20749.0, 0.000

tour:
[97 57 33 89 24 16  7 21 74  5 53  1 34 67 29 76 79 64 30 46 66 54 41 19
 63 78 12 14 26 84  0 52 39 11 48 17 28 45 23 31 60 25  6 81 77  8 36 15
 50 62 43 65 47 83 10 51 86 95 96 80 44 32 99 73 56 35 13  9 91 18 98 92
  3 59 68  2 72 58 40 88 20 22 69 75 90 93 94 49 61 82 71 85  4 42 55 70
 37 38 27 87]

eliteFit: 20749.0
percentError: 0.0
computationTime: 0.019s