instanceName: u2152
n: 2152
optFit: 64253

genTime, gen, eliteFit, percentError:
0.0023335999999289925, 0, 2473168.0, 3749.109
3.948277300000427, 1, 74224.0, 15.518
2.328144799999791, 2, 72823.0, 13.338
2.2973799000001236, 3, 72345.0, 12.594
2.251205900000059, 4, 71098.0, 10.653
2.2996170000001257, 5, 70700.0, 10.034
2.413962800000263, 6, 70194.0, 9.246
2.0602783999997882, 7, 70194.0, 9.246
2.071139299999686, 8, 70147.0, 9.173
1.8000671999998303, 9, 69602.0, 8.325
1.7682694000000083, 10, 69593.0, 8.311
1.8752126999997927, 11, 69573.0, 8.280
1.9076365000000806, 12, 69428.0, 8.054
1.4996308999998291, 13, 69188.0, 7.681
1.4359440000002905, 14, 69188.0, 7.681
1.6317992999997841, 15, 69140.0, 7.606
1.5442480000001524, 16, 68954.0, 7.316
1.353986999999961, 17, 68954.0, 7.316
1.163803899999948, 18, 68697.0, 6.916
1.140013899999758, 19, 68697.0, 6.916
1.0629626999998436, 20, 68644.0, 6.834
1.0838078000001587, 21, 68497.0, 6.605
1.067057599999771, 22, 68443.0, 6.521
0.8628382000001693, 23, 68443.0, 6.521
0.9833942999998726, 24, 68297.0, 6.294
0.988457500000095, 25, 68297.0, 6.294
1.276277299999947, 26, 68260.0, 6.236
1.3520904000001792, 27, 68155.0, 6.073
1.5563748999998097, 28, 68041.0, 5.895
1.6556350000000748, 29, 68039.0, 5.892
1.7359034000000975, 30, 68002.0, 5.835
1.5082517000000735, 31, 67853.0, 5.603
1.599725699999908, 32, 67835.0, 5.575
1.7704759999996895, 33, 67793.0, 5.509
1.6593161000000691, 34, 67765.0, 5.466
1.601835000000392, 35, 67725.0, 5.404
1.3906956000000719, 36, 67683.0, 5.338
1.0936925999999403, 37, 67673.0, 5.323
1.1342776999999842, 38, 67614.0, 5.231
1.116265199999816, 39, 67568.0, 5.159
1.3339888999998948, 40, 67544.0, 5.122
0.8696335000004183, 41, 67516.0, 5.078
0.6372197000000597, 42, 67476.0, 5.016
0.8341693000002124, 43, 67476.0, 5.016
0.6086651000000529, 44, 67476.0, 5.016
0.516267400000288, 45, 67469.0, 5.005
0.4876453000001675, 46, 67469.0, 5.005
0.5147990000000391, 47, 67469.0, 5.005
0.5676684999998542, 48, 67447.0, 4.971
0.5838072999999895, 49, 67447.0, 4.971
0.48255180000023756, 50, 67447.0, 4.971
0.502249699999993, 51, 67447.0, 4.971
0.502382800000305, 52, 67447.0, 4.971
0.5221962000000531, 53, 67447.0, 4.971
0.495112699999936, 54, 67447.0, 4.971
0.4870101000001341, 55, 67447.0, 4.971
0.5067675000000236, 56, 67447.0, 4.971
0.4724679999999353, 57, 67447.0, 4.971
0.4852238000003126, 58, 67447.0, 4.971
0.4795633000003363, 59, 67447.0, 4.971
0.5037750999999844, 60, 67447.0, 4.971
0.5600840000001881, 61, 67447.0, 4.971
0.47682850000001054, 62, 67447.0, 4.971
0.46290719999979046, 63, 67447.0, 4.971
0.5272525999998834, 64, 67447.0, 4.971
0.5746506999998928, 65, 67447.0, 4.971
0.5423961000001327, 66, 67447.0, 4.971
0.5801102000000355, 67, 67447.0, 4.971
0.47672190000002956, 68, 67447.0, 4.971
0.4972648000002664, 69, 67447.0, 4.971
0.5065717000002223, 70, 67447.0, 4.971
0.518601100000069, 71, 67447.0, 4.971
0.5783307000001514, 72, 67447.0, 4.971
0.4776452999999492, 73, 67433.0, 4.949
0.4955960000002051, 74, 67433.0, 4.949
0.5897781000003306, 75, 67433.0, 4.949
0.4955519000000095, 76, 67433.0, 4.949
0.5727425999998559, 77, 67433.0, 4.949
0.5472358000001805, 78, 67433.0, 4.949
0.5949860999999146, 79, 67433.0, 4.949
0.598088999999618, 80, 67433.0, 4.949
0.5102550000001429, 81, 67433.0, 4.949
0.5190913999999793, 82, 67400.0, 4.898
0.5186766000001626, 83, 67400.0, 4.898
0.4709958000003098, 84, 67400.0, 4.898
0.5624621000001753, 85, 67383.0, 4.871
0.538678599999912, 86, 67371.0, 4.853
0.5764638000000559, 87, 67359.0, 4.834
0.5526360999997451, 88, 67359.0, 4.834
0.4846274999999878, 89, 67359.0, 4.834
0.5420103000001291, 90, 67344.0, 4.811
0.5809755000000223, 91, 67344.0, 4.811
0.5381781999999475, 92, 67344.0, 4.811
0.5376789000001736, 93, 67344.0, 4.811
0.5136815999999271, 94, 67344.0, 4.811
0.487757700000202, 95, 67344.0, 4.811
0.4789898999997604, 96, 67344.0, 4.811
0.5283402000000024, 97, 67344.0, 4.811
0.48308700000006866, 98, 67344.0, 4.811
0.488561899999695, 99, 67341.0, 4.806
0.5642159999997602, 100, 67341.0, 4.806
0.5134555000004184, 101, 67341.0, 4.806
0.546262200000001, 102, 67341.0, 4.806
0.48156799999969735, 103, 67341.0, 4.806
0.6097985999999764, 104, 67341.0, 4.806
0.5561877999998615, 105, 67341.0, 4.806
0.553823299999749, 106, 67341.0, 4.806
0.49481109999987893, 107, 67341.0, 4.806
0.5292924000000312, 108, 67335.0, 4.797
0.6102054000002681, 109, 67335.0, 4.797
0.6205307000000175, 110, 67313.0, 4.762
0.5145335000001978, 111, 67313.0, 4.762
0.48486689999981536, 112, 67313.0, 4.762
0.5390869999996539, 113, 67291.0, 4.728
0.46244519999982003, 114, 67291.0, 4.728
0.5916313000002447, 115, 67291.0, 4.728
0.6105184000002737, 116, 67280.0, 4.711
0.5568526000001839, 117, 67275.0, 4.703
0.5601998000001913, 118, 67275.0, 4.703
0.5015772000001562, 119, 67275.0, 4.703
0.5489670000001752, 120, 67275.0, 4.703
0.4708820000000742, 121, 67275.0, 4.703
0.5437439000002087, 122, 67275.0, 4.703
0.4801860000002307, 123, 67275.0, 4.703
0.6034467999998014, 124, 67275.0, 4.703
0.4726808999998866, 125, 67275.0, 4.703
0.5742261999998846, 126, 67275.0, 4.703
0.534377399999812, 127, 67275.0, 4.703
0.537346399999933, 128, 67257.0, 4.675
0.5482261000001927, 129, 67257.0, 4.675
0.7401294999999664, 130, 67257.0, 4.675
0.811517300000105, 131, 67230.0, 4.633
0.5543631999998979, 132, 67230.0, 4.633
0.5203750000000582, 133, 67230.0, 4.633
0.5600236000000223, 134, 67230.0, 4.633
0.5701759000003221, 135, 67230.0, 4.633
0.5760536000002503, 136, 67230.0, 4.633
0.5642027000003509, 137, 67230.0, 4.633
0.5475106999997479, 138, 67230.0, 4.633
0.5135872999999265, 139, 67230.0, 4.633
0.5243012999999337, 140, 67230.0, 4.633
0.5887995000002775, 141, 67230.0, 4.633
0.5338547000001199, 142, 67230.0, 4.633
0.5261860000000524, 143, 67230.0, 4.633
0.5052823000000899, 144, 67230.0, 4.633
0.58871229999977, 145, 67226.0, 4.627
0.609968199999912, 146, 67226.0, 4.627
0.6686468000002606, 147, 67226.0, 4.627
0.6723062999999456, 148, 67191.0, 4.573
0.48827080000000933, 149, 67144.0, 4.499
0.5283211999999367, 150, 67139.0, 4.492
0.5698531999996703, 151, 67121.0, 4.464
0.5685308999995868, 152, 67106.0, 4.440
0.5214366000000155, 153, 67106.0, 4.440
0.5195148999996491, 154, 67105.0, 4.439
0.57413489999999, 155, 67105.0, 4.439
0.5503442999997787, 156, 67090.0, 4.415
0.46720200000027035, 157, 67040.0, 4.338
0.5915340999999898, 158, 67025.0, 4.314
0.6047434000001886, 159, 67024.0, 4.313
0.5502589000002445, 160, 67008.0, 4.288
0.5478741000001719, 161, 67008.0, 4.288
0.4798505000003388, 162, 67008.0, 4.288
0.49950089999992997, 163, 66945.0, 4.190
0.533639299999777, 164, 66945.0, 4.190
0.6256109000000833, 165, 66945.0, 4.190
0.6047567000000527, 166, 66945.0, 4.190
0.5077438000002985, 167, 66945.0, 4.190
0.45138609999958135, 168, 66945.0, 4.190
0.48189340000044467, 169, 66945.0, 4.190
0.5220911999999771, 170, 66945.0, 4.190
0.46994949999998425, 171, 66945.0, 4.190
0.4352395000000797, 172, 66945.0, 4.190
0.447082600000158, 173, 66945.0, 4.190
0.4911400999999387, 174, 66945.0, 4.190
0.4868700000001809, 175, 66945.0, 4.190
0.5524089999998978, 176, 66945.0, 4.190
0.5111826000002111, 177, 66945.0, 4.190
0.529907799999819, 178, 66945.0, 4.190
0.47589369999968767, 179, 66945.0, 4.190
0.5083751000001939, 180, 66945.0, 4.190
0.4989263999996183, 181, 66945.0, 4.190
0.5639288000002125, 182, 66945.0, 4.190
0.5157527999999729, 183, 66945.0, 4.190
0.49537659999987227, 184, 66945.0, 4.190
0.4646309999998266, 185, 66945.0, 4.190
0.5225544999998419, 186, 66945.0, 4.190
0.534624200000053, 187, 66945.0, 4.190
0.5077272000003177, 188, 66945.0, 4.190
0.6004674000000705, 189, 66945.0, 4.190
0.5550008000000162, 190, 66945.0, 4.190
0.48659649999990506, 191, 66945.0, 4.190
0.4885647999999492, 192, 66945.0, 4.190
0.5064029000000119, 193, 66923.0, 4.155
0.5889241999998376, 194, 66923.0, 4.155
0.5628352999997333, 195, 66923.0, 4.155
0.5292250000002241, 196, 66923.0, 4.155
0.5228440999999293, 197, 66923.0, 4.155
0.5586146000000554, 198, 66923.0, 4.155
0.502605499999845, 199, 66923.0, 4.155
0.5427761999999348, 200, 66923.0, 4.155
0.5447877000001426, 201, 66923.0, 4.155
0.46143739999979516, 202, 66923.0, 4.155
0.5845401000001402, 203, 66923.0, 4.155
0.4987590000000637, 204, 66923.0, 4.155
0.5439008999996986, 205, 66923.0, 4.155
0.5463677000002463, 206, 66923.0, 4.155
0.6179959999999483, 207, 66923.0, 4.155
0.5150361999999404, 208, 66923.0, 4.155
0.5221900999999889, 209, 66923.0, 4.155
0.47071139999980005, 210, 66923.0, 4.155
0.5490726000002724, 211, 66923.0, 4.155
0.5417522000002464, 212, 66923.0, 4.155
0.5377753000002485, 213, 66923.0, 4.155
0.533824199999799, 214, 66923.0, 4.155
0.5202634000002035, 215, 66923.0, 4.155
0.48511740000003556, 216, 66923.0, 4.155
0.4593641999999818, 217, 66923.0, 4.155
0.5440309000000525, 218, 66923.0, 4.155
0.5163381000002119, 219, 66923.0, 4.155
0.5615361000000121, 220, 66902.0, 4.123
0.48583370000005743, 221, 66902.0, 4.123
0.5858481000000211, 222, 66902.0, 4.123
0.5296049000003222, 223, 66902.0, 4.123
0.4750896999998986, 224, 66902.0, 4.123
0.5490515999999843, 225, 66902.0, 4.123
0.5144726999997147, 226, 66902.0, 4.123
0.5228480000000673, 227, 66902.0, 4.123
0.5844660999996449, 228, 66902.0, 4.123
0.5162559000000329, 229, 66902.0, 4.123
0.5055096999999478, 230, 66902.0, 4.123
0.5609193000000232, 231, 66902.0, 4.123
0.6099695999996584, 232, 66902.0, 4.123
0.5610637999998289, 233, 66902.0, 4.123
0.5020245000000614, 234, 66902.0, 4.123
0.5943317000001116, 235, 66902.0, 4.123
0.5799793999999565, 236, 66902.0, 4.123
0.4630442000002404, 237, 66902.0, 4.123
0.5469268000001648, 238, 66902.0, 4.123
0.5517290000002504, 239, 66902.0, 4.123
0.545642399999906, 240, 66902.0, 4.123
0.5162164000003031, 241, 66902.0, 4.123
0.5076567000000978, 242, 66902.0, 4.123
0.562663799999882, 243, 66902.0, 4.123
0.5405708999996932, 244, 66902.0, 4.123
0.5906294000001253, 245, 66902.0, 4.123
0.4863314999997783, 246, 66902.0, 4.123
0.47588390000009895, 247, 66902.0, 4.123
0.5382669999999052, 248, 66902.0, 4.123
0.5784749999997985, 249, 66902.0, 4.123
0.5443889999996827, 250, 66902.0, 4.123
0.516394599999785, 251, 66902.0, 4.123
0.5399451000002955, 252, 66902.0, 4.123
0.5337841000000481, 253, 66902.0, 4.123
0.5071397000001525, 254, 66902.0, 4.123
0.5287350000003244, 255, 66902.0, 4.123
0.49068239999996877, 256, 66902.0, 4.123
0.5365303000003223, 257, 66902.0, 4.123
0.5207258999998885, 258, 66841.0, 4.028
0.4934166000002733, 259, 66841.0, 4.028
0.5793756000002759, 260, 66841.0, 4.028
0.6623342999996567, 261, 66785.0, 3.941
0.4836076999999932, 262, 66737.0, 3.866
0.5543370000000323, 263, 66737.0, 3.866
0.7238327999998546, 264, 66722.0, 3.843
0.5178505999997469, 265, 66722.0, 3.843
0.5382190999998784, 266, 66722.0, 3.843
0.4901952000000165, 267, 66722.0, 3.843
0.5698482000002514, 268, 66722.0, 3.843
0.5074961999998777, 269, 66722.0, 3.843
0.49831189999986236, 270, 66722.0, 3.843
0.5050691999999799, 271, 66722.0, 3.843
0.5290234999997665, 272, 66722.0, 3.843
0.49803039999960674, 273, 66722.0, 3.843
0.5018216999997094, 274, 66722.0, 3.843
0.5723673999996208, 275, 66722.0, 3.843
0.4209859999996297, 276, 66722.0, 3.843
0.4849719999997433, 277, 66722.0, 3.843
0.4955422000002727, 278, 66722.0, 3.843
0.5427548000002389, 279, 66722.0, 3.843
0.5642342999999528, 280, 66722.0, 3.843
0.507728699999916, 281, 66722.0, 3.843
0.47670249999964653, 282, 66722.0, 3.843
0.49300469999980123, 283, 66722.0, 3.843
0.5680793000001358, 284, 66722.0, 3.843
0.49284780000016326, 285, 66713.0, 3.829
0.5689892000000327, 286, 66713.0, 3.829
0.6212749000001168, 287, 66713.0, 3.829
1.045583699999952, 288, 66713.0, 3.829
0.7638756000001194, 289, 66713.0, 3.829
0.5400722999997924, 290, 66713.0, 3.829
0.5571771999998418, 291, 66688.0, 3.790
0.5103447000001324, 292, 66688.0, 3.790
0.514984099999765, 293, 66683.0, 3.782
0.5591193999998723, 294, 66683.0, 3.782
0.5541923000000679, 295, 66678.0, 3.774
0.5584561999999096, 296, 66678.0, 3.774
0.48317739999993137, 297, 66678.0, 3.774
0.5419058000002224, 298, 66678.0, 3.774
0.4836605000000418, 299, 66678.0, 3.774
0.5390843999998651, 300, 66678.0, 3.774
0.4808266999998523, 301, 66678.0, 3.774
0.49986790000002657, 302, 66678.0, 3.774
0.535086599999886, 303, 66678.0, 3.774
0.546829500000058, 304, 66678.0, 3.774
0.5222842999996828, 305, 66656.0, 3.740
0.4593720999996549, 306, 66656.0, 3.740
0.5990704999999252, 307, 66656.0, 3.740
0.5091155999998591, 308, 66656.0, 3.740
0.48852290000013454, 309, 66656.0, 3.740
0.5503309999999146, 310, 66656.0, 3.740
0.5808774000001904, 311, 66656.0, 3.740
0.5391897999998037, 312, 66656.0, 3.740
0.4685204000002159, 313, 66656.0, 3.740
0.5920062999998663, 314, 66656.0, 3.740
0.5965031999999155, 315, 66614.0, 3.675
0.49674000000004526, 316, 66614.0, 3.675
0.5836193999998613, 317, 66614.0, 3.675
0.5361207000000832, 318, 66614.0, 3.675
0.6060348999999405, 319, 66610.0, 3.668
0.5202302000002419, 320, 66598.0, 3.650
0.5194883999997728, 321, 66598.0, 3.650
0.5257526000000325, 322, 66598.0, 3.650
0.48126890000003186, 323, 66598.0, 3.650
0.4954187999996975, 324, 66598.0, 3.650
0.4629210000002786, 325, 66598.0, 3.650
0.5157052000004114, 326, 66598.0, 3.650
0.4991684000001442, 327, 66598.0, 3.650
0.538543799999843, 328, 66598.0, 3.650
0.4965546999997059, 329, 66598.0, 3.650
0.5264818999999079, 330, 66598.0, 3.650
0.4663237999998273, 331, 66598.0, 3.650
0.47410009999975955, 332, 66598.0, 3.650
0.5305526000001919, 333, 66598.0, 3.650
0.5716173000000708, 334, 66598.0, 3.650
0.5082692999999381, 335, 66598.0, 3.650
0.5394304000001284, 336, 66598.0, 3.650
0.4809632999999849, 337, 66598.0, 3.650
0.5549528999999893, 338, 66598.0, 3.650
0.4932400000002417, 339, 66598.0, 3.650
0.47296540000024834, 340, 66598.0, 3.650
0.47648350000008577, 341, 66598.0, 3.650
0.4695839999999407, 342, 66598.0, 3.650
0.5413822000000437, 343, 66598.0, 3.650
0.46301669999957085, 344, 66598.0, 3.650
0.5530871999999363, 345, 66598.0, 3.650
0.5380186000002141, 346, 66598.0, 3.650
0.4935782000002291, 347, 66598.0, 3.650
0.5225296999997227, 348, 66598.0, 3.650
0.5959808999996312, 349, 66598.0, 3.650
0.5768693999998504, 350, 66598.0, 3.650
0.5845318000001498, 351, 66598.0, 3.650
0.4551117000000886, 352, 66598.0, 3.650
0.4972735000001194, 353, 66598.0, 3.650
0.5401235000003908, 354, 66598.0, 3.650
0.5755447999999888, 355, 66598.0, 3.650
0.5489692999999534, 356, 66598.0, 3.650
0.4912579000001642, 357, 66598.0, 3.650
0.49170109999977285, 358, 66598.0, 3.650
0.453716699999859, 359, 66598.0, 3.650
0.5330916999996589, 360, 66598.0, 3.650
0.5436657999998715, 361, 66598.0, 3.650
0.5044880000000376, 362, 66598.0, 3.650
0.5193583000000217, 363, 66598.0, 3.650
0.5575184999997873, 364, 66598.0, 3.650
0.517356700000164, 365, 66598.0, 3.650
0.47610889999987194, 366, 66598.0, 3.650
0.5747765999999501, 367, 66598.0, 3.650
0.49761409999973694, 368, 66598.0, 3.650
0.5300024999996822, 369, 66598.0, 3.650
0.4855115999998816, 370, 66598.0, 3.650

tour:
[ 245  244  243  143  142  141  140  137  136  134  135  138  139  246
  248  249  247  288  287  286  285  284  283  282  281  124  125  126
  127  128  129  130  133  156  157  155  154  153  152  151  160  158
  159  150  149  148  147  167  166  165  164  163  162  161  175  174
  176  178  179  180  177  173  172  181  182  183  189  184  185  171
  170  169  168  186  187  188  213  215  214  212  200  199  198  197
  195  190  191  192  193  194  196  204  201  202  203  205  206  207
  208  209  210  211 1937 1938 1936 1935 1932 1931 1930 1927 1929 1933
 1934 1928 1926 1923 1925 1944 1945 1943 1946 1947 1924 1922 1920 1921
 1919 1910 1911 1905 1904 1901 1900 1897 1896 1893 1892 1894 1891 1861
 1862 1863 1865 1867 1869 1871 1873 1874 1872 1870 1868 1866 1864 1860
 1886 1887 1890 1859 1895 1898 1899 1902 1903 1906 1913 1912 1909 1918
 1948 1949 1916 1917 1914 1915 1908 1907 1958 1959 1956 1957 1955 1953
 1950 1942 1941 1939 1940 1964 1965 1966 1963 1962 1951 1952 1954 1961
 1960 1856 1857 1852 1851 1858 1888 1889 1884 1883 1885 1881 1882 1880
 1879 1878 1876 1877 1875 1522 1523 1521 1520 1519 1518 1517 1516 1515
 1513 1514 1531 1532 1533 1534 1535 1494 1493 1492 1505 1507 1509 1511
 1512 1510 1508 1506 1504 1495 1496 1503 1502 1497 1501 1498 1500 1499
 1491 1490 1489 1488 1487 1486 1485 1483 1484 1482 1481 1477 1478 1475
 1473 1471 1469 1467 1465 1464 1462  899  900  898 1463 1461 1460 1466
 1468 1470 1472 1474 1476 1479 1480 1448 1449 1450 1451 1452 1453 1454
 1434 1455  935  934  933  932  931  930  929  942  941  940  939  938
  937  936  951  950  953  954  955  952  949  948  947  946  945  956
  957  958  964  963  962  961  970  971  972  974  973  969  968  967
  966  965  980  981  982  979  978  977  975  976  984  985  983  986
  987  988  989  990  991  992  816  817  818  809  810  808  807  811
  812  813  814  815  819  820  821  825  824  823  822  804  805  806
  802  803  830  829  828  827  826  833  832  831  800  801  799  843
  842  841  840  839  836  838  837  835  834  959  960  944  943  847
  848  846  845  844  798  797  796  795  849  850  851  852  853  855
  854  794  793  792  788  864  865  866  863  862  857  856  858  859
  861  860  909  910  908  927  928  926  925  923  922  921  920 1456
 1457  917  918  919  916  913  915  914  924  911  912  905  904  903
 1458 1459  901  902  897  896  906  907  895  894  893  892  890  883
  886  889  887  888  885  882  879  878  877  876  874  875  880  881
  884  869  868  891  867  870  871  872  873  787  786  785  784  783
  771  772  773  774  775  776  777  779  778  767  764  763  765  766
  768  769  780  770  781  782  755  789  791  790  756  753  751  757
  758  759  760  762  761  746  747  748  749  750  752  754  738  737
  736  745  744  743  742  732  733  734  735  741  740  739  717  718
  719  720  716  721  722  723  724  725  731  730  729  728  727  726
  713  715  714  702  703  704  705  712  711  710  709  708  707  706
  690  691  693  694  692  695  696  697  689  688  701  700  699  698
  686  687  682  674  675  676  677  679  680  681  683  684  685  598
  597  596  678  599  593  595  592  594  601  602  668  667  666  665
  664  600  669  670  671  672  673  662  663  661  660  659  658  611
  610  609  607  606  608  657  656  615  614  613  612  543  544  545
  546  547  548  492  493  494  495  496  497  475  474  473  472  467
  468  469  470  471 1063 1062 1061 1060  485  486  484  476  477  487
  488  489  490  491  549  551  552  553  554  555  604  605  603  556
  557  558  559  560  562  561  550  478  479  480  481  482  483 1018
 1017 1019 1016 1015 1014 1013 1011 1012  566  565  564  563  571  572
  573  574  575  576  570  569  568  567  585  586  587  588  589  590
  591  577  578  579  580  581  582  583  584  993  994  995  996  997
  998  999 1000 1001 1002 1003 1004 1005 1006 1007 1008 1009 1010 1020
 1021 1022 1053 1054 1059 1058 1055 1056 1057 1105 1104 1103 1106 1107
 1108 1109 1111 1110 1114 1112 1113 1115 1118 1116 1121 1122 1051 1052
 1050 1049 1046 1048 1045 1047 1023 1044 1043 1024 1025 1040 1042 1041
 1039 1035 1038 1037 1123 1124 1120 1117 1119 1128 1127 1126 1125 1036
 1033 1034 1032 1031 1030 1029 1027 1026 1028 1413 1412 1411 1410 1409
 1408 1407 1404 1403 1402 1405 1406 1414 1415 1416 1417 1418 1420 1423
 1401 1400 1399 1398 1425 1424 1422 1421 1419 1427 1428 1426 1393 1394
 1395 1396 1391 1392 1429 1430 1431 1432 1433 1435 1436 1437 1438 1439
 1440 1388 1389 1390 1387 1447 1446 1445 1444 1443 1381 1380 1379 1377
 1376 1378 1382 1383 1442 1441 1386 1385 1384 1372 1373 1374 1375 1371
 1370 1369 1368 1367 1366 1365 1397 1364 1363 1362 1361 1360 1359 1351
 1352 1353 1354 1358 1357 1356 1355 1344 1345 1346 1347 1348 1350 1349
 1543 1542 1541 1539 1538 1540 1537 1536 1529 1530 1528 1527 1526 1524
 1525 1549 1550 1551 1552 1553 1554 1555 1556 1557 1850 1849 1558 1559
 1560 1561 1562 1568 1569 1570 1571 1544 1545 1546 1547 1548 1574 1573
 1572 1586 1585 1584 1582 1581 1575 1576 1577 1578 1579 1580 1583 1587
 1589 1588 1598 1599 1601 1602 1614 1613 1612 1611 1623 1621 1618 1617
 1616 1615 1600 1567 1566 1565 1564 1563 1620 1619 1624 1622 1610 1609
 1608 1607 1606 1605 1604 1603 1597 1596 1595 1594 1593 1592 1591 1590
 1313 1312 1336 1337 1338 1339 1340 1341 1343 1342 1329 1330 1331 1332
 1333 1334 1335 1311 1315 1314 1322 1323 1324 1325 1328 1326 1327 1129
 1130 1131 1321 1320 1319 1318 1316 1317 1310 1309 1308 1307 1306 1305
 1304 1303 1302 1238 1236 1237 1301 1300 1299 1298 1297 1291 1292 1295
 1296 1132 1133 1134 1137 1136 1144 1135 1145 1143 1142 1141 1140 1139
 1138 1294 1293 1290 1289 1288 1287 1247 1246 1245 1244 1243 1242 1239
 1240 1241 1228 1229 1230 1231 1232 1233 1235 1234 1669 1668 1667 1666
 1665 1226 1225 1224 1227 1223 1208 1209 1207 1206 1205 1204 1216 1215
 1214 1261 1262 1263 1264 1265 1266 1276 1280 1279 1278 1277 1260 1259
 1258 1257 1255 1254 1213 1210 1211 1212 1256 1253 1252 1251 1250 1249
 1248 1286 1285 1284 1283 1152 1151 1150 1149 1148 1147 1146 1160 1159
 1158 1157 1156 1155 1154 1153 1282 1281 1271 1275 1274 1273 1272 1165
 1164 1163 1162 1161 1169 1168 1167 1166 1184 1183 1182 1181 1180 1179
 1270 1269 1268 1267 1196 1197 1198 1199 1200 1201 1203 1202 1702 1701
 1703 1704 1705 1706 1707 1709 1708 1195 1194 1193 1189 1188 1185 1178
 1177 1176 1175 1174 1173 1170 1171 1172 1087 1088 1090 1091 1094 1093
 1092 1089 1085 1084 1086 1082 1083 1079 1075 1076  456  455  461  462
  464 1074 1073 1068 1066 1101 1099 1098 1095 1096 1097 1102 1100 1067
 1065 1064 1069 1070 1071 1072  463  465  466  460  459  454  458  457
 1077 1078 1080 1081  429  428  426  427  430  431  453  452  451  450
  449  448  447  501  502  503  500  504  505  506  507  508  509  499
  498  536  537  535  533  532  531  530  534  529  528  622  623  538
  539  541  542  540  620  621  624  625  626  627  619  618  628  617
  616  649  650  652  655  654  653  651  648  647  643  642  644  645
  646  635  634  636  632  633  637  640  639  638  641  631  629  630
  527  526  525  524  523  522  521  510  512  520  511  513  519  518
  514  515  516  517  444  445  446  443  442  440  441  439  438  437
  436  435  434  433  432  425  424  423  422  421  420  419  418  416
  417  415  414  413  412  411  410  408  409  406  407  404  405  392
  393  403  402  401  400  399  398  397  396  395  394 1721 1722 1723
 1724 1725 1726 1727 1735 1736 1737 1738 1734 1733 1732 1731 1730 1729
 1728 1717 1718 1719 1720 1186 1187 1190 1191 1192 1716 1715 1714 1713
 1710 1711 1712 1739 1740 1741 1742 1743 1744 1745 1746 1747 1748  384
  385  391  390  388  389  386  387  383  382  380  381  379  378  376
  377  371  370  368  369  367  366  364  365  362  363  358  359  356
  357 2097 2096 2099 2098 2103 2102 2100  346  347  345  344  343  342
  341 2062 2061  340  339  338  337  336  335  334 2101 2105 2104 2106
 2107 2109 2108 2110 2111 2125 2126 2127 2128 2129 2130 2132 2131 2133
 2134 2136 2135 2137 2138    3    2    1    0 2151 2150 2149 2148   53
   54   55   56   57   58   59   60   62   64   63   61   43   42   41
   40   39   38 2144 2145 2143 2142 2146 2147 2140 2141   47   46   50
   49   48 2139    4    5    9    8    7    6   32   31   30   29   27
   28   34   33   45   44   51   52   37   36   35   26   23   25   22
   24   21   20  104  103  102  101   82   83   72   71   70   68   67
   65   66   69   84   85   86   87   88   89   90   91   92   94   93
   77   76   75   74   73   81   80   78   79   98   97   96   95  117
  118  119  132  131  120  121  123  122  116  115  114  113   99  100
  112  111  110  109  108  105  106  107   19   18   17   16   15   14
   13   12   11   10 2120 2121 2122 2123 2124  318  319  320  325  326
  327  328  329 2113 2112  330  331  332  333  315  314  313  311  312
  316  317  324  323  322  321 2119 2118 2117 2116 2115 2114  272  271
  270  269  268  267  266  265  280  279  278  277  276  275  274  273
  306  307  309  308  299  300  301  263  264  262  296  297  298  302
  303  304  305  310 2060 2059 2058 2057 2056 2055 2038 2037 2030 2029
 2028 2027 2026 2025 2024 2021 2022 2023 1834 1835 1833 1832 1831 1830
 1829 1828 1827 1826 2033 2032 2031 2036 2035 2034 2042 2043 2041 2039
 2040 2054 2046 2047 2050 2049 2048 2045 2044 1808 1809 1807 1806 1805
 1804 1803 1802 2073 2074 2068 2072 2071 2069 2070 2051 2053 2052 2066
 2065 2067 2064 2063  348  349  350  351  352  353  354 2095  355 2094
 2084 2085 2086 2083 2082 2081 2080 2079 2087 2088 2089 2090 2091 2092
 2093  360  361 1779 1780 1781 1782 1783 1784 1785 1773 1775 1776 1770
 1769 1768 1766 1765  372  373 1764 1763 1767 1778 1777 1771 1772 1774
 1789 1786 1788 1787 1688 1689 1690 1687 1685 1686 1684 1683 1681 1680
 1678 1677 1679 1682 1692 1693 1694 1695 1696 1697 1698 1756 1757 1758
 1759 1760 1761 1762  374  375 1749 1750 1751 1752 1753 1754 1755 1699
 1700 1217 1218 1219 1220 1221 1222 1691 1676 1675 1674 1673 1672 1671
 1670 1664 1647 1646 1649 1648 1650 1651 1654 1663 1662 1661 1659 1660
 1658 1657 1656 1655 1653 1652 1823 1822 1821 1820 1819 1818 1817 1816
 1797 1796 1795 1794 1793 1792 1791 1790 2078 2077 2076 2075 1801 1800
 1799 1798 1810 1811 1812 1813 1814 1815 1825 1824 1836 1837 1838 1642
 1643 1644 1645 1641 1640 1639 1638 1637 1839 1840 1843 1842 1841 1636
 1635 1634 1633 1632 1631 1625 1626 1627 1628 1630 1629 1844 1845 1846
 1848 1847 1986 1987 1985 1984 1983 1982 1981 1993 1994 1979 1980 1972
 1971 1967 1968 1855 1854 1853 1969 1970 1973 1974 1975 1976 1978 1977
  227  226  225  224  223  222  221  216  219  220  231  230  236  235
  234  233  232  217  218  146  145  144  242  241  240  239  238  237
  229  228 1995 1996 1997 1998 1999 1992 1991 1990 1989 1988 2000 2001
 2002 2003 2004 2005 2006 2007 2008 2009 2010 2011 2012 2013 2014 2015
 2016 2017 2018 2019 2020  253  255  256  257  258  259  260  261  295
  294  293  292  291  290  289  254  252  251  250]

eliteFit: 66598.0
percentError: 3.64963503649635
computationTime: 241.598s