instanceName: u2152
n: 2152
optFit: 64253

genTime, gen, eliteFit, percentError:
0.0024174999998649582, 0, 2476976.0, 3755.036
3.9186823000000004, 1, 73701.0, 14.704
2.206023499999901, 2, 72779.0, 13.269
2.2257141999998566, 3, 71841.0, 11.810
2.2440387999999984, 4, 71612.0, 11.453
2.0501656999999796, 5, 70743.0, 10.101
2.2018433999996887, 6, 69951.0, 8.868
2.215312199999971, 7, 69951.0, 8.868
2.1731761999999435, 8, 69871.0, 8.744
2.078540200000134, 9, 69584.0, 8.297
2.004977399999916, 10, 69543.0, 8.233
2.051966800000173, 11, 69401.0, 8.012
1.9948504999997567, 12, 69227.0, 7.741
2.013563399999839, 13, 68979.0, 7.355
2.014395600000171, 14, 68979.0, 7.355
2.1331356999999116, 15, 68953.0, 7.315
1.9008730999998988, 16, 68914.0, 7.254
2.003578700000162, 17, 68688.0, 6.902
1.8657886999999391, 18, 68688.0, 6.902
1.9128020000002834, 19, 68600.0, 6.765
1.8989895999998225, 20, 68553.0, 6.692
1.837533099999746, 21, 68519.0, 6.639
1.7307447000002867, 22, 68519.0, 6.639
1.4826364000000467, 23, 68304.0, 6.305
1.6070540999999139, 24, 68285.0, 6.275
1.7665375000001404, 25, 68285.0, 6.275
1.9319233999999597, 26, 68203.0, 6.148
1.7688163000002532, 27, 68144.0, 6.056
1.4399697999997443, 28, 68122.0, 6.022
1.3307762999997976, 29, 68066.0, 5.934
1.3684051000000181, 30, 67929.0, 5.721
1.1684811000000082, 31, 67877.0, 5.640
1.2075402000000395, 32, 67688.0, 5.346
1.0066796000000977, 33, 67603.0, 5.214
0.778377300000102, 34, 67569.0, 5.161
0.8455536999999822, 35, 67479.0, 5.021
0.8989090000000033, 36, 67479.0, 5.021
0.8298250000002554, 37, 67438.0, 4.957
0.6601415999998608, 38, 67420.0, 4.929
0.698499399999946, 39, 67418.0, 4.926
0.6835015000001476, 40, 67396.0, 4.892
0.6901816999998118, 41, 67396.0, 4.892
0.71113269999978, 42, 67324.0, 4.780
0.6035805999999866, 43, 67287.0, 4.722
1.0373520000002827, 44, 67287.0, 4.722
0.8806273000000147, 45, 67287.0, 4.722
1.1710745000000315, 46, 67221.0, 4.619
1.4880901999999878, 47, 67221.0, 4.619
1.4310262000003604, 48, 67189.0, 4.569
1.5591632999999092, 49, 67165.0, 4.532
1.646605300000374, 50, 67165.0, 4.532
1.5780493000002025, 51, 67144.0, 4.499
1.0968594999999368, 52, 67109.0, 4.445
0.6137849000001552, 53, 67093.0, 4.420
0.5818701999996847, 54, 67078.0, 4.397
0.5732230999997228, 55, 67078.0, 4.397
0.5357870000002549, 56, 67078.0, 4.397
0.642406899999969, 57, 67046.0, 4.347
0.574244699999781, 58, 67041.0, 4.339
0.6241073999999571, 59, 67041.0, 4.339
0.8352245999999468, 60, 67041.0, 4.339
0.5292702999995527, 61, 67041.0, 4.339
0.5517955000000256, 62, 67027.0, 4.317
0.5235373999998956, 63, 66995.0, 4.268
0.515087400000084, 64, 66995.0, 4.268
0.49562879999984943, 65, 66991.0, 4.261
0.5324049999999261, 66, 66991.0, 4.261
0.4878371999998308, 67, 66991.0, 4.261
0.5377966000000924, 68, 66991.0, 4.261
0.486695100000361, 69, 66991.0, 4.261
0.5550072999999429, 70, 66991.0, 4.261
0.4803823000002012, 71, 66991.0, 4.261
0.47508030000017243, 72, 66991.0, 4.261
0.4715034000000742, 73, 66945.0, 4.190
0.6602494999997361, 74, 66945.0, 4.190
0.9291942999998355, 75, 66945.0, 4.190
1.100145800000064, 76, 66843.0, 4.031
1.286320700000033, 77, 66828.0, 4.008
1.2559065999998893, 78, 66828.0, 4.008
0.601546899999903, 79, 66748.0, 3.883
0.5782508000002053, 80, 66674.0, 3.768
0.60841180000034, 81, 66674.0, 3.768
0.5296789000003628, 82, 66674.0, 3.768
0.516968800000086, 83, 66674.0, 3.768
0.5370652000001428, 84, 66674.0, 3.768
0.5501604000000953, 85, 66657.0, 3.741
0.6018111999997018, 86, 66657.0, 3.741
0.6762232999999469, 87, 66657.0, 3.741
0.6824541000000863, 88, 66654.0, 3.737
0.8198231999999734, 89, 66652.0, 3.734
0.7251928999999109, 90, 66652.0, 3.734
0.5638845999997102, 91, 66652.0, 3.734
0.5195546999998442, 92, 66562.0, 3.594
0.6105301000002328, 93, 66562.0, 3.594
0.536201699999765, 94, 66562.0, 3.594
0.5599104000002626, 95, 66562.0, 3.594
0.5004924999998366, 96, 66562.0, 3.594
0.497867099999894, 97, 66503.0, 3.502
0.5191709999999148, 98, 66503.0, 3.502
0.5294303999999102, 99, 66503.0, 3.502
0.6100998000001709, 100, 66459.0, 3.433
0.6648123000004489, 101, 66449.0, 3.418
0.6651671999998143, 102, 66377.0, 3.306
0.5743203000001813, 103, 66377.0, 3.306
0.5715494000000945, 104, 66301.0, 3.187
0.5701036999998905, 105, 66301.0, 3.187
0.677545900000041, 106, 66301.0, 3.187
0.5942163999998229, 107, 66280.0, 3.155
0.48421609999968496, 108, 66280.0, 3.155
0.5874782000000778, 109, 66280.0, 3.155
0.5430639000001065, 110, 66280.0, 3.155
0.5408852999998999, 111, 66280.0, 3.155
0.5653262999999242, 112, 66280.0, 3.155
0.539216099999976, 113, 66280.0, 3.155
0.5379410000000462, 114, 66280.0, 3.155
0.6399675000002389, 115, 66280.0, 3.155
0.5445838000000549, 116, 66275.0, 3.147
0.5405198999997083, 117, 66275.0, 3.147
0.6732961000002433, 118, 66275.0, 3.147
0.5186345000001893, 119, 66275.0, 3.147
0.5924629000001005, 120, 66275.0, 3.147
0.6081461999997373, 121, 66275.0, 3.147
0.5769553999998607, 122, 66265.0, 3.131
0.5510603000002448, 123, 66249.0, 3.106
0.4683829999999034, 124, 66249.0, 3.106
0.6061062999997375, 125, 66249.0, 3.106
0.5174035999998523, 126, 66249.0, 3.106
0.48137560000031954, 127, 66249.0, 3.106
0.4876438000001144, 128, 66220.0, 3.061
0.4875004999998964, 129, 66220.0, 3.061
0.558179999999993, 130, 66220.0, 3.061
0.4920713000001342, 131, 66220.0, 3.061
0.5495276000001468, 132, 66220.0, 3.061
0.5556026999997812, 133, 66220.0, 3.061
0.4844785000000229, 134, 66206.0, 3.040
0.5102365000002465, 135, 66206.0, 3.040
0.5843078000002606, 136, 66206.0, 3.040
0.5540755000001809, 137, 66206.0, 3.040
0.5254913000003398, 138, 66206.0, 3.040
0.5147275999997873, 139, 66206.0, 3.040
0.5583117000001039, 140, 66206.0, 3.040
0.45631630000025325, 141, 66206.0, 3.040
0.6303103000000192, 142, 66206.0, 3.040
0.5368644999998651, 143, 66206.0, 3.040
0.5128850000000966, 144, 66206.0, 3.040
0.5445239999999103, 145, 66206.0, 3.040
0.5398004999997283, 146, 66206.0, 3.040
0.518590199999835, 147, 66206.0, 3.040
0.5438414000000193, 148, 66206.0, 3.040
0.5713532999998279, 149, 66206.0, 3.040
0.47121070000002874, 150, 66206.0, 3.040
0.5000466000001325, 151, 66206.0, 3.040
0.5855074999999488, 152, 66206.0, 3.040
0.5630685000000994, 153, 66206.0, 3.040
0.4924676000000545, 154, 66206.0, 3.040
0.5177060000000893, 155, 66206.0, 3.040
0.5507197000001725, 156, 66206.0, 3.040
0.535484500000166, 157, 66206.0, 3.040
0.5581669000002876, 158, 66206.0, 3.040
0.5701238000001467, 159, 66206.0, 3.040
0.5131518999996842, 160, 66206.0, 3.040
0.6006287000000157, 161, 66206.0, 3.040
0.5822134999998525, 162, 66206.0, 3.040
0.5594070000001921, 163, 66206.0, 3.040
0.5884833000000071, 164, 66206.0, 3.040
0.5383723999998438, 165, 66206.0, 3.040
0.5263012999998864, 166, 66206.0, 3.040
0.5011001999996552, 167, 66206.0, 3.040
0.5591504000003624, 168, 66206.0, 3.040
0.5686689000003753, 169, 66206.0, 3.040
0.5390712999997049, 170, 66206.0, 3.040
0.5280642000002445, 171, 66206.0, 3.040
0.5157447000001412, 172, 66206.0, 3.040
0.5190913999999793, 173, 66206.0, 3.040
0.523805799999991, 174, 66206.0, 3.040
0.46485370000027615, 175, 66206.0, 3.040
0.5488162999999986, 176, 66206.0, 3.040
0.5028830000001108, 177, 66206.0, 3.040
0.44785680000040884, 178, 66205.0, 3.038
0.5114216000001761, 179, 66205.0, 3.038
0.5432206000000406, 180, 66205.0, 3.038
0.5465077999997447, 181, 66205.0, 3.038
0.5151335000000472, 182, 66205.0, 3.038
0.5232222999998157, 183, 66205.0, 3.038
0.5039685000001555, 184, 66205.0, 3.038
0.5641793999998299, 185, 66204.0, 3.036
0.5181886000000304, 186, 66200.0, 3.030
0.5133543000001737, 187, 66162.0, 2.971
0.6333918999998787, 188, 66162.0, 2.971
0.5679931999998189, 189, 66157.0, 2.963
0.535009600000194, 190, 66157.0, 2.963
0.5074251999999433, 191, 66157.0, 2.963
0.5565531000002011, 192, 66157.0, 2.963
0.5958333999997194, 193, 66157.0, 2.963
0.49411230000032447, 194, 66157.0, 2.963
0.5745202000002791, 195, 66157.0, 2.963
0.520485699999881, 196, 66157.0, 2.963
0.5983558000002631, 197, 66157.0, 2.963
0.552118199999768, 198, 66157.0, 2.963
0.5169144999999844, 199, 66157.0, 2.963
0.5145553999996082, 200, 66157.0, 2.963
0.5396263999996336, 201, 66157.0, 2.963
0.4911706000002596, 202, 66157.0, 2.963
0.4780078999997386, 203, 66157.0, 2.963
0.5289516999996522, 204, 66157.0, 2.963
0.5216645000000426, 205, 66157.0, 2.963
0.5088415999998688, 206, 66157.0, 2.963
0.5913583000001381, 207, 66157.0, 2.963
0.5642886000000544, 208, 66157.0, 2.963
0.5135686000003261, 209, 66157.0, 2.963
0.5689812999999049, 210, 66157.0, 2.963
0.5291255000001911, 211, 66157.0, 2.963
0.5147090999998909, 212, 66157.0, 2.963
0.5957851000002847, 213, 66157.0, 2.963
0.5682581999999456, 214, 66157.0, 2.963
0.5181780000002618, 215, 66157.0, 2.963
0.5076911999999538, 216, 66157.0, 2.963
0.4884867000000668, 217, 66157.0, 2.963
0.48306300000012925, 218, 66157.0, 2.963
0.6226451000002271, 219, 66157.0, 2.963
0.4719502999996621, 220, 66157.0, 2.963
0.5340542999997524, 221, 66157.0, 2.963
0.5215884999997797, 222, 66135.0, 2.929
0.5757847999998376, 223, 66135.0, 2.929
0.5197081999999682, 224, 66135.0, 2.929
0.6484012999999322, 225, 66135.0, 2.929
0.5600334999999177, 226, 66135.0, 2.929
0.5201104000002488, 227, 66135.0, 2.929
0.5491020999998, 228, 66135.0, 2.929
0.5286513999999443, 229, 66135.0, 2.929
0.6116081999998642, 230, 66135.0, 2.929
0.5519718000000466, 231, 66132.0, 2.924
0.8148728000001029, 232, 66102.0, 2.878
0.8660823999998684, 233, 66102.0, 2.878
1.0744970000000649, 234, 66099.0, 2.873
1.2626799999998184, 235, 66084.0, 2.850
1.487303299999894, 236, 66051.0, 2.798
1.1334714999998141, 237, 66050.0, 2.797
0.5996962999997777, 238, 66049.0, 2.795
0.6043301999998221, 239, 66032.0, 2.769
0.5683200000003126, 240, 66017.0, 2.745
0.5193502000001899, 241, 66017.0, 2.745
0.49547889999985273, 242, 66015.0, 2.742
0.5218120000004092, 243, 66015.0, 2.742
0.4933381000000736, 244, 66015.0, 2.742
0.537329199999931, 245, 66015.0, 2.742
0.5187778999998045, 246, 66015.0, 2.742
0.4870079000002079, 247, 66015.0, 2.742
0.5374286000001121, 248, 66015.0, 2.742
0.5529566000000159, 249, 65999.0, 2.717
0.5558201000003464, 250, 65999.0, 2.717
0.5752112000000125, 251, 65999.0, 2.717
0.6457930000001397, 252, 65999.0, 2.717
0.5059993999998369, 253, 65999.0, 2.717
0.603578700000071, 254, 65999.0, 2.717
0.5066001999998662, 255, 65999.0, 2.717
0.5590094999997746, 256, 65999.0, 2.717
0.5215352999998686, 257, 65999.0, 2.717
0.5585452000000259, 258, 65999.0, 2.717
0.49850519999972676, 259, 65999.0, 2.717
0.5227556999998342, 260, 65999.0, 2.717
0.5314496999999392, 261, 65999.0, 2.717
0.6578608999998323, 262, 65999.0, 2.717
0.6184576999999081, 263, 65999.0, 2.717
0.5587783999999374, 264, 65999.0, 2.717
0.5908478000001196, 265, 65996.0, 2.713
0.5417231999999785, 266, 65996.0, 2.713
0.5284857999999986, 267, 65996.0, 2.713
0.5736124000000018, 268, 65996.0, 2.713
0.6088835000000472, 269, 65996.0, 2.713
0.49860110000008717, 270, 65996.0, 2.713
0.5947104000001673, 271, 65996.0, 2.713
0.5039606999998796, 272, 65996.0, 2.713
0.5628483000000415, 273, 65996.0, 2.713
0.4975104000000101, 274, 65996.0, 2.713
0.5448594999998022, 275, 65996.0, 2.713
0.5004608999997799, 276, 65996.0, 2.713
0.5636796000003415, 277, 65996.0, 2.713
0.546675900000082, 278, 65996.0, 2.713
0.5425655999997616, 279, 65996.0, 2.713
0.5204712999998264, 280, 65996.0, 2.713
0.48628659999985757, 281, 65996.0, 2.713
0.5448560999998335, 282, 65996.0, 2.713
0.6065659999999298, 283, 65996.0, 2.713
0.49304799999981697, 284, 65996.0, 2.713
0.5391754000002038, 285, 65996.0, 2.713
0.5122991999996884, 286, 65991.0, 2.705
0.547044299999925, 287, 65991.0, 2.705
0.5991604000000734, 288, 65959.0, 2.655
0.5094712999998592, 289, 65959.0, 2.655
0.5725376999998844, 290, 65959.0, 2.655
0.4720017999998163, 291, 65959.0, 2.655
0.5631917999999132, 292, 65959.0, 2.655
0.6013611999997011, 293, 65959.0, 2.655
0.528710399999909, 294, 65959.0, 2.655
0.48152799999979834, 295, 65959.0, 2.655
0.5362961000000723, 296, 65959.0, 2.655
0.5245331000000988, 297, 65959.0, 2.655
0.5296152999999322, 298, 65959.0, 2.655
0.5110446999997293, 299, 65959.0, 2.655
0.4801695999999538, 300, 65959.0, 2.655
0.6124026000002232, 301, 65959.0, 2.655
0.5642887999997583, 302, 65959.0, 2.655
0.48611739999978454, 303, 65959.0, 2.655
0.4822312999999667, 304, 65959.0, 2.655
0.5094675999998799, 305, 65959.0, 2.655
0.4745616999998674, 306, 65959.0, 2.655
0.48050640000019484, 307, 65959.0, 2.655
0.5180553000000145, 308, 65959.0, 2.655
0.469418399999995, 309, 65959.0, 2.655
0.46724630000016987, 310, 65959.0, 2.655
0.5253992000002654, 311, 65959.0, 2.655
0.48431940000000395, 312, 65959.0, 2.655
0.49051639999970575, 313, 65959.0, 2.655
0.5295516000001044, 314, 65959.0, 2.655
0.5057873000000654, 315, 65959.0, 2.655
0.5083070999999109, 316, 65959.0, 2.655
0.5598730000001524, 317, 65959.0, 2.655
0.5159182999996119, 318, 65959.0, 2.655
0.5748057000000699, 319, 65959.0, 2.655
0.5117205000001377, 320, 65959.0, 2.655
0.6630823999998938, 321, 65959.0, 2.655
0.4983327999998437, 322, 65959.0, 2.655
0.5709368000002542, 323, 65959.0, 2.655
0.5432842999998684, 324, 65959.0, 2.655
0.5135287000002791, 325, 65940.0, 2.626
0.4907505000001038, 326, 65940.0, 2.626
0.6979968000000554, 327, 65926.0, 2.604
0.6289457000002585, 328, 65898.0, 2.560
0.6594899000001533, 329, 65898.0, 2.560
0.6838141999996878, 330, 65898.0, 2.560
0.5427058000000216, 331, 65836.0, 2.464
0.5604441000000406, 332, 65822.0, 2.442
0.5587808000000223, 333, 65822.0, 2.442
0.5892100999999457, 334, 65822.0, 2.442
0.5992394999998396, 335, 65822.0, 2.442
0.4797557999995661, 336, 65822.0, 2.442
0.5359598000000005, 337, 65822.0, 2.442
0.4976397000000361, 338, 65822.0, 2.442
0.5034039999995912, 339, 65800.0, 2.408
0.5579178000002685, 340, 65800.0, 2.408
0.5627204999996138, 341, 65800.0, 2.408
0.5843322999999145, 342, 65800.0, 2.408
0.6454334000000017, 343, 65800.0, 2.408
0.5975753000002442, 344, 65800.0, 2.408
0.5119346999999834, 345, 65800.0, 2.408
0.5085027000000082, 346, 65800.0, 2.408
0.591528400000243, 347, 65800.0, 2.408
0.5127050000000963, 348, 65800.0, 2.408
0.5125325999997585, 349, 65800.0, 2.408
0.5491033000002972, 350, 65800.0, 2.408
0.6056304000003365, 351, 65800.0, 2.408
0.4961468999999852, 352, 65800.0, 2.408
0.514619699999912, 353, 65800.0, 2.408
0.48301709999986997, 354, 65800.0, 2.408
0.5537365000000136, 355, 65800.0, 2.408
0.5644008999997823, 356, 65800.0, 2.408
0.6278864999999314, 357, 65800.0, 2.408
0.5754892999998447, 358, 65800.0, 2.408
0.560533200000009, 359, 65800.0, 2.408
0.5294908999999279, 360, 65800.0, 2.408
0.5509265999999116, 361, 65800.0, 2.408
0.5717064000000391, 362, 65800.0, 2.408
0.4901684999999816, 363, 65800.0, 2.408
0.4968054000000848, 364, 65800.0, 2.408
0.5470881999999619, 365, 65800.0, 2.408
0.5689310000002479, 366, 65800.0, 2.408
0.5966063000000759, 367, 65800.0, 2.408
0.4992635999997219, 368, 65800.0, 2.408
0.5833088000003954, 369, 65800.0, 2.408
0.5716545000000224, 370, 65800.0, 2.408
0.4779109999999491, 371, 65800.0, 2.408
0.47285089999968477, 372, 65800.0, 2.408
0.5471534999996948, 373, 65800.0, 2.408
0.5540064000001621, 374, 65800.0, 2.408
0.5426963999998407, 375, 65800.0, 2.408
0.604807400000027, 376, 65800.0, 2.408
0.48795979999977135, 377, 65800.0, 2.408
0.5447077000003446, 378, 65800.0, 2.408
0.5158320000000458, 379, 65796.0, 2.401
0.5731428999997661, 380, 65796.0, 2.401
0.6928263999998308, 381, 65796.0, 2.401
0.9211930999999822, 382, 65796.0, 2.401
1.123633499999869, 383, 65778.0, 2.373
1.1099604000000909, 384, 65778.0, 2.373
0.9462241999999605, 385, 65778.0, 2.373
1.1297951999999896, 386, 65778.0, 2.373
1.2549693999999363, 387, 65778.0, 2.373
1.0588438999998289, 388, 65768.0, 2.358
0.6922872999998617, 389, 65768.0, 2.358
0.5568139000001793, 390, 65768.0, 2.358
0.5800336000002062, 391, 65768.0, 2.358
0.4871707000002061, 392, 65768.0, 2.358
0.4586294999999154, 393, 65768.0, 2.358
0.6202066000000741, 394, 65768.0, 2.358
0.5795413999999255, 395, 65768.0, 2.358
0.5426018999996813, 396, 65768.0, 2.358
0.5930088999998588, 397, 65768.0, 2.358
0.4851328999998259, 398, 65768.0, 2.358
0.4997480000001815, 399, 65768.0, 2.358
0.5342391999997744, 400, 65768.0, 2.358
0.5204223000000638, 401, 65767.0, 2.356
0.5602411999998367, 402, 65767.0, 2.356
0.5126377000001412, 403, 65767.0, 2.356
0.5133264999999483, 404, 65767.0, 2.356
0.5034378000000288, 405, 65767.0, 2.356
0.5160454999995636, 406, 65767.0, 2.356
0.5025667999998404, 407, 65767.0, 2.356
0.5026551999999356, 408, 65767.0, 2.356
0.5274787999996988, 409, 65767.0, 2.356
0.537126900000203, 410, 65767.0, 2.356
0.5802373000001353, 411, 65767.0, 2.356
0.5653336999998828, 412, 65767.0, 2.356
0.5450251999995999, 413, 65767.0, 2.356
0.6140749000001051, 414, 65767.0, 2.356
0.507703699999638, 415, 65767.0, 2.356
0.47403069999973013, 416, 65767.0, 2.356
0.5339786999998068, 417, 65767.0, 2.356
0.5290368999999373, 418, 65767.0, 2.356
0.4902922999999646, 419, 65767.0, 2.356
0.5347705999997743, 420, 65767.0, 2.356
0.5268150000001697, 421, 65767.0, 2.356
0.5737263999999413, 422, 65767.0, 2.356
0.49684819999993124, 423, 65767.0, 2.356
0.4885236000000077, 424, 65767.0, 2.356
0.5346297000000959, 425, 65750.0, 2.330
0.49378559999968274, 426, 65750.0, 2.330
0.5447466999999051, 427, 65750.0, 2.330
0.4964006000000154, 428, 65750.0, 2.330
0.518362100000104, 429, 65743.0, 2.319
0.49346639999976105, 430, 65743.0, 2.319
0.5316050000001269, 431, 65743.0, 2.319
0.48916019999978744, 432, 65743.0, 2.319
0.48403460000008636, 433, 65743.0, 2.319
0.5030480000000352, 434, 65743.0, 2.319
0.59284260000004, 435, 65743.0, 2.319
0.6025222999996913, 436, 65743.0, 2.319
0.5601797999997871, 437, 65743.0, 2.319
0.5436580000000504, 438, 65743.0, 2.319
0.530227400000058, 439, 65743.0, 2.319
0.623815200000081, 440, 65729.0, 2.297
0.5319190999998682, 441, 65729.0, 2.297
0.4743140000000494, 442, 65729.0, 2.297
0.537482799999907, 443, 65729.0, 2.297
0.5151558999996269, 444, 65729.0, 2.297
0.5211977999997544, 445, 65729.0, 2.297
0.5843509999999696, 446, 65729.0, 2.297
0.5871157999999923, 447, 65724.0, 2.289
0.5439916000000267, 448, 65724.0, 2.289
0.543518700000277, 449, 65710.0, 2.268
0.5256073999998989, 450, 65710.0, 2.268
0.49316799999996874, 451, 65710.0, 2.268
0.5007701999998062, 452, 65710.0, 2.268
0.5821029000003364, 453, 65710.0, 2.268
0.47871440000017174, 454, 65710.0, 2.268
0.5441074999998818, 455, 65710.0, 2.268
0.5310494999998809, 456, 65710.0, 2.268
0.5051555000000008, 457, 65710.0, 2.268
0.4955282000000807, 458, 65710.0, 2.268
0.502099900000303, 459, 65710.0, 2.268
0.5015730000000076, 460, 65705.0, 2.260
0.4881334000001516, 461, 65705.0, 2.260
0.5264521999997669, 462, 65705.0, 2.260
0.4763195000000451, 463, 65705.0, 2.260
0.4675009000002319, 464, 65705.0, 2.260
0.4894408000000112, 465, 65705.0, 2.260
0.5847708000001148, 466, 65705.0, 2.260
0.5452076000001398, 467, 65705.0, 2.260
0.5408586999997169, 468, 65705.0, 2.260
0.5696570999998585, 469, 65705.0, 2.260
0.5333633000000191, 470, 65705.0, 2.260
0.5016632000001664, 471, 65705.0, 2.260
0.5607997000001887, 472, 65705.0, 2.260
0.49279599999999846, 473, 65705.0, 2.260
0.5638106000001244, 474, 65705.0, 2.260
0.531360400000267, 475, 65705.0, 2.260
0.5633281000000352, 476, 65705.0, 2.260
0.48407559999986915, 477, 65705.0, 2.260
0.533134599999812, 478, 65705.0, 2.260
0.5218208999999661, 479, 65705.0, 2.260
0.4842174000000341, 480, 65705.0, 2.260
0.5092437000002974, 481, 65705.0, 2.260
0.5212749000002077, 482, 65705.0, 2.260
0.47132590000001073, 483, 65705.0, 2.260
0.5215098000003309, 484, 65705.0, 2.260
0.5302888999999595, 485, 65705.0, 2.260
0.5574033000002601, 486, 65705.0, 2.260
0.4949148000000605, 487, 65705.0, 2.260
0.5651578000001791, 488, 65683.0, 2.226
0.49130439999999, 489, 65683.0, 2.226
0.5814734000000499, 490, 65683.0, 2.226
0.5011718000000656, 491, 65683.0, 2.226
0.47526079999988724, 492, 65683.0, 2.226
0.5123423000000003, 493, 65683.0, 2.226
0.6119023999999627, 494, 65683.0, 2.226
0.4933912000001328, 495, 65683.0, 2.226
0.5113208000002487, 496, 65683.0, 2.226
0.559616399999868, 497, 65683.0, 2.226
0.5208074000001943, 498, 65683.0, 2.226
0.4862793000002057, 499, 65683.0, 2.226
0.504597399999966, 500, 65683.0, 2.226
0.5985458000000108, 501, 65683.0, 2.226
0.49506609999980355, 502, 65683.0, 2.226
0.47914780000019164, 503, 65683.0, 2.226
0.5756726999998136, 504, 65683.0, 2.226
0.49827319999985775, 505, 65683.0, 2.226
0.6304267999998956, 506, 65683.0, 2.226
0.5328918999998677, 507, 65629.0, 2.142
0.6278599000002032, 508, 65629.0, 2.142
0.6124695000003157, 509, 65623.0, 2.132
0.5717510999998012, 510, 65623.0, 2.132
0.573841899999934, 511, 65623.0, 2.132
0.6177708999998686, 512, 65598.0, 2.093
0.5446898999998666, 513, 65598.0, 2.093
0.539301599999817, 514, 65598.0, 2.093
0.5900820000001659, 515, 65598.0, 2.093
0.4908528999999362, 516, 65598.0, 2.093
0.527783399999862, 517, 65598.0, 2.093
0.5704042000002119, 518, 65598.0, 2.093
0.528169600000183, 519, 65598.0, 2.093
0.5749166999999034, 520, 65598.0, 2.093
0.49474229999987074, 521, 65598.0, 2.093
0.4935233999999582, 522, 65598.0, 2.093
0.6386539000000084, 523, 65598.0, 2.093
0.5265151999997215, 524, 65598.0, 2.093
0.5583457000002454, 525, 65598.0, 2.093
0.5209912000000259, 526, 65598.0, 2.093
0.5330118000001676, 527, 65598.0, 2.093
0.4894624000003205, 528, 65598.0, 2.093
0.5437483000000611, 529, 65598.0, 2.093
0.5204311000002235, 530, 65598.0, 2.093
0.5345907999999326, 531, 65598.0, 2.093
0.6132880000000114, 532, 65598.0, 2.093
0.5540517999997974, 533, 65593.0, 2.086
0.5610055000001921, 534, 65593.0, 2.086
0.48837930000036067, 535, 65593.0, 2.086
0.5925242999996954, 536, 65593.0, 2.086
0.548618499999975, 537, 65549.0, 2.017
0.5009602000000086, 538, 65549.0, 2.017
0.5132453999999598, 539, 65549.0, 2.017
0.5399222999999438, 540, 65549.0, 2.017
0.5446509000003061, 541, 65549.0, 2.017
0.5369915000001129, 542, 65549.0, 2.017
0.5458521999998993, 543, 65549.0, 2.017
0.5086489999998776, 544, 65549.0, 2.017
0.5123290000001361, 545, 65549.0, 2.017
0.5349594999997862, 546, 65549.0, 2.017
0.49520140000004176, 547, 65549.0, 2.017
0.523076200000105, 548, 65549.0, 2.017
0.5423217000002296, 549, 65549.0, 2.017
0.5676392000000305, 550, 65549.0, 2.017
0.5324222999997801, 551, 65549.0, 2.017
0.49189709999973275, 552, 65549.0, 2.017
0.522369499999968, 553, 65549.0, 2.017
0.627017700000124, 554, 65549.0, 2.017
0.5939401000000544, 555, 65549.0, 2.017
0.5838905000000523, 556, 65549.0, 2.017
0.4646175000002586, 557, 65549.0, 2.017
0.490850600000158, 558, 65549.0, 2.017
0.5458671999999751, 559, 65549.0, 2.017
0.5485431000001881, 560, 65549.0, 2.017
0.6144348000002537, 561, 65549.0, 2.017
0.5154655999999704, 562, 65549.0, 2.017
0.5261587999998483, 563, 65549.0, 2.017
0.5091239000003043, 564, 65549.0, 2.017
0.5403131000002759, 565, 65549.0, 2.017
0.5347060000003694, 566, 65549.0, 2.017
0.494238299999779, 567, 65549.0, 2.017
0.5214314999998351, 568, 65549.0, 2.017
0.5659671999997045, 569, 65549.0, 2.017
0.49633319999975356, 570, 65549.0, 2.017
0.6271028000001024, 571, 65549.0, 2.017
0.48745410000037737, 572, 65549.0, 2.017
0.4710917999996127, 573, 65549.0, 2.017
0.5485518999998931, 574, 65549.0, 2.017
0.582011699999839, 575, 65549.0, 2.017
0.5028329999995549, 576, 65549.0, 2.017
0.6192241000003378, 577, 65549.0, 2.017
0.5525700000002871, 578, 65549.0, 2.017
0.5637598999996953, 579, 65549.0, 2.017
0.5332788000000619, 580, 65549.0, 2.017
0.5550297999998293, 581, 65549.0, 2.017
0.5344703000000663, 582, 65549.0, 2.017
0.5226266999998188, 583, 65549.0, 2.017
0.5294478999999228, 584, 65549.0, 2.017
0.5598690999995597, 585, 65549.0, 2.017
0.6893580999999358, 586, 65549.0, 2.017
0.554699900000287, 587, 65549.0, 2.017

tour:
[1169 1170 1172 1171 1173 1174 1175 1176 1177 1178 1185 1188 1189 1193
 1194 1195 1708 1709 1707 1706 1710 1713 1714 1715 1716 1192 1191 1190
 1187 1186 1720 1719 1718 1717 1728 1729 1730 1731 1734 1732 1733 1738
 1737 1736 1735 1727 1726 1725 1724 1723 1722 1721  394  395  396  397
  398  399  400  401  402  403  385  384 1748 1747 1746 1745 1744 1743
 1742 1741 1740 1739 1712 1711 1705 1704 1703 1701 1702 1202 1203 1204
 1205 1206 1207 1209 1208 1222 1221 1220 1219 1218 1217 1700 1699 1755
 1754 1753 1752 1751 1750 1749  375  374 1762 1761 1760 1759 1758 1757
 1756 1698 1697 1696 1695 1694 1693 1692 1691 1679 1682 1684 1686 1690
 1689 1788 1786 1774 1772 1771 1777 1778 1767 1763 1764  373  372 1765
 1766 1768 1769 1770 1776 1775 1773 1785 1784 1783 1782 1781 1780 1779
  361  360 2093 2092 2091 2090 2089 2088 2087 2079 2080 2081 2082 2083
 2086 2085 2084 2094  355 2095  354  353  352  351  350  349  348 2063
 2064 2068 2072 2071 2050 2049 2048 2045 2044 2043 2042 2041 2039 2040
 2046 2047 2054 2053 2051 2070 2052 2066 2069 2067 2065 2061 2062  341
  342  343  344  345  347  346 2100 2101  334  335  336  337  338  339
  340  311  312  313  314  315  333  332  331  330 2112 2113  329  328
  327  326  325  317  316  324  323  322  321  320  319  318 2124 2123
 2122 2121 2120 2119 2118 2117 2116 2115 2114  272  271  270  269  268
  267  266  265  112  111  110  109  108  105  106  107  104  103  102
  101  100   99  113  114  115  116   95   96   97   98   79   78   80
   81   82   83   71   72   73   74   75   76   77   93   94   92   91
   90   89   88   87   86   85   84   69   70   68   66   65   67   42
   41   23   24   21   20   22   25   27   26   35   28   30   29   19
   18   17   16   15   14   13   12   11   10    4    5    9    8    7
    6   32   31   34   36   37   33   45   44   52   51   46   50   49
   47 2141   48 2139 2140 2147 2146 2142 2143 2145 2144   38   39   40
   43   61   63   64   62   60   59   58   57   56   55   54   53 2148
 2149 2150 2151    0    1    2    3 2138 2137 2135 2136 2134 2133 2131
 2132 2130 2129 2128 2127 2126 2125 2111 2110 2108 2109 2107 2106 2105
 2104 2103 2102 2099 2098 2096 2097  357  356  359  358  363  362  365
  364  366  367  369  368  370  371  377  376  378  379  380  381  383
  382  387  386  389  388  390  391  393  392  405  404  406  407  409
  408  410  411  412  413  414  415  417  416  418  419  420  421  422
  423  424  425  432  433  434  435  436  437  438  439  441  440  442
  443  446  445  444  517  516  515  514  518  519  513  511  512  510
  520  521  522  523  524  525  526  527  630  629  631  633  641  638
  639  640  637  636  632  634  635  646  645  644  642  643  647  648
  649  650  651  653  654  655  652  616  617  628  618  619  627  626
  625  624  528  529  622  623  621  538  620  540  542  541  539  537
  535  534  530  531  532  533  536  499  509  508  507  506  505  504
  503  500  502  501  447  448  449  450  451  452  453  431  430  427
  426  428  429 1081 1080 1078 1077  457  458  454  459  455  456 1076
 1075 1079 1083 1082 1086 1084 1085 1087 1088 1089 1092 1090 1091 1093
 1094 1095 1096 1097 1098 1099 1102 1100 1101 1066 1068 1067 1065 1064
 1069 1073 1074  464  462  461  460  466  465  463 1072 1071 1070 1060
 1061 1062 1063  471  470  469  468  467  472  473  474  475  497  496
  495  494  498  493  492  548  547  546  545  544  543  612  613  614
  615  656  657  608  606  607  609  610  611  658  659  660  661  665
  664  663  662  673  672  671  670  669  666  667  668  602  600  601
  593  594  592  595  599  678  679  677  676  675  674  682  683  684
  681  680  685  598  597  596  695  696  694  692  693  691  690  701
  697  689  688  687  686  698  699  700  702  703  704  705  706  707
  708  709  710  711  712  713  715  714  727  726  725  724  723  722
  721  720  719  718  716  717  731  730  729  728  732  733  734  735
  741  740  739  797  798  844  845  846  848  847  838  839  840  841
  842  843  799  801  800  831  832  833  834  835  836  837  943  944
  946  947  948  949  951  950  953  954  952  955  956  945  960  957
  958  959  964  963  962  961  970  971  972  974  973  969  968  967
  966  965  826  827  828  829  830  803  802  806  805  804  822  823
  824  825  819  815  814  813  812  811  807  808  810  809  818  817
  816  992  991  820  821  980  981  982  979  978  977  975  976  984
  983  985  986  987  988  989  990  993  584  583  582  581  580  579
  578  577  591  590  589  588  587  586  585  567  568  569  570  576
  575  574  573  572  571  563  564  565  566  562  560  559  558  557
  556  603  605  604  555  554  553  552  551  561  550  549  491  490
  489  488  487  477  476  484  485  486  483  482  481  480  479  478
 1012 1011 1013 1014 1015 1016 1018 1017 1022 1019 1021 1020 1010 1009
 1008 1007 1006 1005 1004 1003  994  995  996  997 1002 1001 1000  998
  999 1047 1023 1024 1043 1044 1045 1122 1121 1113 1112 1111 1108 1107
 1106 1056 1055 1054 1052 1051 1048 1046 1049 1050 1053 1059 1058 1057
 1105 1104 1103 1109 1110 1114 1115 1118 1119 1116 1117 1120 1128 1127
 1124 1126 1125 1123 1037 1038 1041 1042 1025 1040 1039 1035 1036 1033
 1034 1032 1031 1030 1029 1027 1026 1028 1413 1412 1411 1410 1409 1408
 1407 1404 1405 1406 1402 1400 1401 1423 1420 1414 1415 1416 1417 1418
 1419 1421 1422 1424 1425 1398 1399 1403 1356 1357 1358 1354 1353 1352
 1351 1355 1344 1345 1346 1347 1348 1350 1349 1336 1337 1338 1339 1340
 1341 1343 1342 1329 1330 1331 1332 1333 1334 1335 1311 1312 1313 1590
 1591 1592 1593 1594 1595 1596 1597 1599 1598 1588 1589 1583 1580 1579
 1578 1577 1576 1575 1581 1582 1584 1585 1587 1586 1572 1573 1574 1548
 1547 1546 1545 1544 1529 1526 1525 1524 1527 1528 1530 1536 1537 1538
 1539 1540 1541 1542 1543 1375 1374 1373 1372 1384 1385 1386 1365 1366
 1367 1368 1369 1370 1371 1359 1360 1361 1362 1363 1364 1397 1396 1395
 1394 1393 1426 1428 1427 1433 1432 1431 1430 1429 1392 1391 1390 1440
 1439 1388 1389 1387 1441 1442 1383 1382 1379 1378 1376 1377 1380 1381
 1443 1444 1445 1446 1447 1448 1449 1450 1451 1452 1453 1454 1438 1437
 1436 1435 1434 1455 1456 1457  917  918  920  921  922  923  925  924
  914  915  919  916  913  912  911  910  908  926  928  927  909  860
  861  859  858  929  930  931  932  933  934  935  936  937  938  939
  940  941  942  853  852  851  850  849  795  796  792  793  794  854
  855  856  857  862  863  866  865  864  788  791  789  755  790  754
  738  737  736  745  744  743  742  746  747  748  749  750  752  751
  753  756  757  758  759  760  762  761  764  763  765  766  768  769
  780  770  779  778  767  777  776  775  774  773  772  771  781  782
  783  786  787  784  785  873  872  871  870  867  891  868  869  884
  881  880  875  874  876  877  878  879  882  885  888  887  889  886
  883  890  892  893  894  895  907  906  905  904  903 1458 1459  901
  902  897  896  900  898  899 1462 1464 1463 1461 1460 1465 1467 1466
 1468 1469 1471 1470 1472 1473 1475 1474 1476 1478 1477 1479 1480 1481
 1482 1484 1483 1485 1486 1487 1488 1489 1490 1491 1499 1500 1498 1501
 1497 1502 1503 1504 1495 1496 1492 1493 1494 1535 1534 1533 1532 1531
 1511 1509 1507 1505 1506 1508 1510 1512 1513 1514 1516 1517 1515 1518
 1519 1520 1521 1523 1522 1875 1878 1879 1881 1885 1886 1887 1890 1859
 1858 1888 1889 1884 1883 1882 1880 1876 1877 1850 1557 1556 1555 1554
 1553 1552 1551 1550 1549 1571 1570 1569 1568 1562 1561 1560 1559 1558
 1849 1619 1620 1563 1564 1565 1566 1567 1600 1615 1616 1617 1618 1621
 1624 1622 1610 1611 1623 1612 1613 1614 1602 1601 1603 1604 1605 1606
 1607 1608 1609 1641 1640 1639 1638 1637 1839 1840 1843 1842 1841 1636
 1635 1634 1633 1632 1631 1630 1625 1626 1627 1628 1629 1844 1845 1846
 1848 1847 1986 1987 1985 1984 1983 1982 1981 1993 1994 1995 1996 1997
 1998 1999 1992 1991 1990 1989 1988 2000 2001 2002 2003 2004 2005 2006
 2007 2008 2009 2010 2011 2012 2013 2014 2015 2016 2017 2018 2019 2020
  251  250  252  249  248  246  247  138  135  134  136  137  139  140
  141  142  143  243  244  245  239  240  241  242  144  145  146  233
  218  217  232  234  235  236  237  238  228  229  230  231  220  219
  216  221  222  223  224  225  226  227 1978 1977 1979 1976 1975 1980
 1972 1974 1973 1971 1967 1970 1969 1968 1855 1854 1853 1851 1852 1857
 1958 1959 1856 1960 1956 1961 1962 1952 1951 1964 1963 1966 1965 1939
 1940 1941 1942 1950 1953 1955 1954 1957 1907 1908 1915 1914 1917 1916
 1949 1948 1918 1909 1912 1913 1906 1903 1902 1899 1898 1895 1894 1891
 1860 1864 1866 1868 1870 1872 1874 1873 1871 1869 1867 1865 1863 1862
 1861 1892 1893 1896 1897 1900 1901 1904 1905 1911 1910 1919 1921 1922
 1924 1920 1947 1946 1943 1945 1944 1925 1923 1926 1927 1930 1931 1929
 1928 1934 1933 1932 1935 1936 1938 1937  211  210  209  208  207  206
  205  203  202  201  204  196  194  193  192  191  190  195  197  198
  200  212  214  215  213  199  188  185  187  186  168  169  170  171
  184  189  183  182  180  179  178  177  181  172  173  176  174  175
  161  162  163  164  165  166  167  147  148  149  150  159  158  160
  151  152  153  154  155  157  156  133  132  131  117  118  119  120
  121  123  122  124  125  126  127  128  129  130  288  287  286  285
  284  283  282  281  280  279  278  277  276  275  274  273  306  307
  309  308  299  300  301  263  262  264  295  294  293  292  291  290
  289  254  253  255  256  257  258  259  260  261  296  297  298  302
  303  304  305  310 2060 2059 2058 2057 2056 2055 2038 2037 2036 2035
 2034 2033 2032 2031 2030 2029 2028 2027 2026 2025 2024 2021 2022 2023
 1834 1835 1833 1832 1831 1830 1829 1828 1827 1826 1808 1809 1807 1806
 1805 1804 1803 1802 2073 2074 2078 2077 2076 2075 1801 1800 1799 1798
 1797 1796 1795 1794 1793 1792 1791 1790 1789 1787 1688 1687 1685 1683
 1681 1680 1678 1677 1659 1660 1658 1661 1662 1657 1656 1663 1654 1655
 1653 1651 1650 1652 1649 1823 1822 1821 1820 1819 1818 1817 1816 1810
 1811 1812 1813 1814 1815 1825 1824 1836 1837 1838 1642 1643 1644 1645
 1646 1647 1648 1664 1670 1671 1672 1673 1674 1675 1676 1224 1225 1226
 1665 1666 1667 1668 1669 1234 1235 1233 1232 1231 1230 1229 1228 1227
 1223 1241 1240 1239 1242 1243 1244 1245 1246 1247 1287 1288 1289 1290
 1292 1291 1297 1298 1299 1300 1301 1237 1236 1238 1302 1303 1304 1305
 1306 1307 1308 1309 1310 1317 1316 1315 1314 1322 1323 1324 1325 1328
 1326 1327 1129 1130 1131 1321 1320 1319 1318 1295 1296 1132 1133 1134
 1137 1136 1144 1145 1135 1143 1142 1141 1140 1139 1138 1294 1293 1151
 1152 1283 1284 1285 1286 1248 1249 1250 1251 1252 1259 1256 1253 1212
 1211 1210 1213 1254 1255 1257 1258 1260 1277 1278 1279 1280 1281 1282
 1153 1154 1155 1156 1150 1149 1148 1147 1146 1160 1159 1158 1157 1161
 1162 1163 1164 1165 1272 1273 1274 1275 1271 1276 1266 1265 1264 1263
 1262 1261 1214 1215 1216 1201 1200 1199 1198 1197 1196 1267 1268 1269
 1270 1179 1180 1181 1182 1183 1184 1166 1167 1168]

eliteFit: 65549.0
percentError: 2.0170264423451045
computationTime: 382.665s