instanceName: pr439
n: 439
optFit: 107217

genTime, gen, eliteFit, percentError:
0.00033379999513272196, 0, 1792628.0, 1571.962
0.09574980000616051, 1, 112673.0, 5.089
0.06424880000122357, 2, 111548.0, 4.039
0.06338740000501275, 3, 110897.0, 3.432
0.06435349999810569, 4, 110520.0, 3.081
0.05976209999062121, 5, 109795.0, 2.404
0.06361759999708738, 6, 109561.0, 2.186
0.05550179998681415, 7, 109261.0, 1.906
0.044181199991726317, 8, 108919.0, 1.587
0.03615159999753814, 9, 108781.0, 1.459
0.02819959999760613, 10, 108524.0, 1.219
0.029825899997376837, 11, 108252.0, 0.965
0.029345799994189292, 12, 108043.0, 0.770
0.03551129999686964, 13, 107965.0, 0.698
0.042062099993927404, 14, 107965.0, 0.698
0.03087450000748504, 15, 107862.0, 0.602
0.03216170000087004, 16, 107827.0, 0.569
0.02644450000661891, 17, 107814.0, 0.557
0.03276200000254903, 18, 107782.0, 0.527
0.03235480000148527, 19, 107732.0, 0.480
0.022925500001292676, 20, 107732.0, 0.480
0.02057589999458287, 21, 107724.0, 0.473
0.019050000002607703, 22, 107724.0, 0.473
0.02565419999882579, 23, 107724.0, 0.473
0.01651690001017414, 24, 107724.0, 0.473
0.01922319999721367, 25, 107724.0, 0.473
0.015479500012588687, 26, 107724.0, 0.473
0.018255600007250905, 27, 107724.0, 0.473
0.0201907000009669, 28, 107724.0, 0.473
0.01723189999756869, 29, 107688.0, 0.439
0.016362199996365234, 30, 107639.0, 0.394
0.01748280000174418, 31, 107603.0, 0.360
0.01828139999997802, 32, 107603.0, 0.360
0.01777619999484159, 33, 107603.0, 0.360
0.017331600000034086, 34, 107603.0, 0.360
0.016617800007225014, 35, 107603.0, 0.360
0.017252099991310388, 36, 107603.0, 0.360
0.015074700000695884, 37, 107603.0, 0.360
0.017244100003154017, 38, 107603.0, 0.360
0.01791929999308195, 39, 107603.0, 0.360
0.017138099996373057, 40, 107603.0, 0.360
0.022899300005519763, 41, 107554.0, 0.314
0.020216099990648217, 42, 107554.0, 0.314
0.01847879998967983, 43, 107554.0, 0.314
0.02108829999633599, 44, 107554.0, 0.314
0.018030600011115894, 45, 107554.0, 0.314
0.014739299993379973, 46, 107554.0, 0.314
0.016159499995410442, 47, 107554.0, 0.314
0.01711749999958556, 48, 107554.0, 0.314
0.016088799995486625, 49, 107554.0, 0.314
0.016574299996136688, 50, 107554.0, 0.314
0.017491899998276494, 51, 107554.0, 0.314
0.016903700001421385, 52, 107554.0, 0.314
0.01846760000626091, 53, 107554.0, 0.314
0.019799700006842613, 54, 107554.0, 0.314
0.016075099993031472, 55, 107554.0, 0.314
0.017664900005911477, 56, 107554.0, 0.314
0.01636799999687355, 57, 107554.0, 0.314
0.01888239999243524, 58, 107554.0, 0.314
0.020835399991483428, 59, 107554.0, 0.314
0.018944899988127872, 60, 107554.0, 0.314
0.017889099995954894, 61, 107554.0, 0.314
0.01688789999752771, 62, 107554.0, 0.314
0.01626060000853613, 63, 107554.0, 0.314
0.02156900000409223, 64, 107554.0, 0.314
0.018331400002352893, 65, 107531.0, 0.293
0.0180980000004638, 66, 107531.0, 0.293
0.018218099998193793, 67, 107531.0, 0.293
0.018742899992503226, 68, 107531.0, 0.293
0.016847700011567213, 69, 107531.0, 0.293
0.015472200000658631, 70, 107531.0, 0.293
0.017992900000535883, 71, 107521.0, 0.284
0.019226999997044913, 72, 107521.0, 0.284
0.018260500000906177, 73, 107521.0, 0.284
0.01709619999746792, 74, 107521.0, 0.284
0.021072500006994233, 75, 107521.0, 0.284
0.016109199990751222, 76, 107521.0, 0.284
0.020581200005835854, 77, 107521.0, 0.284
0.017179799993755296, 78, 107521.0, 0.284
0.015326000007917173, 79, 107521.0, 0.284
0.01725240000814665, 80, 107521.0, 0.284
0.015697900002123788, 81, 107496.0, 0.260
0.018202999999630265, 82, 107496.0, 0.260
0.015516499988734722, 83, 107496.0, 0.260
0.017742600000929087, 84, 107496.0, 0.260
0.018206299995654263, 85, 107496.0, 0.260
0.017984899997827597, 86, 107496.0, 0.260
0.016178499994566664, 87, 107496.0, 0.260
0.01541019999422133, 88, 107496.0, 0.260
0.015420999989146367, 89, 107496.0, 0.260
0.016835000002174638, 90, 107496.0, 0.260
0.01639420000719838, 91, 107496.0, 0.260
0.014980099993408658, 92, 107486.0, 0.251
0.01724370000010822, 93, 107486.0, 0.251
0.018497500001103617, 94, 107486.0, 0.251
0.01618360000429675, 95, 107486.0, 0.251
0.017815200000768527, 96, 107486.0, 0.251
0.03704450000077486, 97, 107486.0, 0.251
0.017964500002563, 98, 107486.0, 0.251
0.01555769999686163, 99, 107486.0, 0.251
0.02723030000925064, 100, 107486.0, 0.251
0.018387699994491413, 101, 107486.0, 0.251
0.016755899996496737, 102, 107486.0, 0.251
0.01989329999196343, 103, 107486.0, 0.251
0.01584300000104122, 104, 107486.0, 0.251
0.016536899987841025, 105, 107486.0, 0.251
0.016320399998221546, 106, 107486.0, 0.251
0.017438399998354726, 107, 107486.0, 0.251
0.01614200000767596, 108, 107486.0, 0.251
0.018367099997703917, 109, 107486.0, 0.251
0.01615910000691656, 110, 107486.0, 0.251
0.01669769998989068, 111, 107486.0, 0.251
0.02004309999756515, 112, 107486.0, 0.251
0.018131700009689666, 113, 107486.0, 0.251
0.019261099994764663, 114, 107486.0, 0.251
0.015630599998985417, 115, 107486.0, 0.251
0.01893860001291614, 116, 107486.0, 0.251
0.017935900003067218, 117, 107486.0, 0.251
0.015846599999349564, 118, 107486.0, 0.251
0.019461399991996586, 119, 107486.0, 0.251
0.016514899994945154, 120, 107486.0, 0.251
0.01749539999582339, 121, 107486.0, 0.251
0.020726100003230385, 122, 107486.0, 0.251
0.017073600000003353, 123, 107486.0, 0.251
0.01563690000330098, 124, 107486.0, 0.251
0.01587149999977555, 125, 107486.0, 0.251
0.017292899996391498, 126, 107486.0, 0.251
0.017764799995347857, 127, 107486.0, 0.251
0.023281200003111735, 128, 107486.0, 0.251
0.014886100005242042, 129, 107486.0, 0.251
0.024608199993963353, 130, 107486.0, 0.251
0.01711549999890849, 131, 107486.0, 0.251
0.01791870000306517, 132, 107486.0, 0.251
0.017384500009939075, 133, 107486.0, 0.251
0.016386099989176728, 134, 107486.0, 0.251
0.016765400010626763, 135, 107486.0, 0.251
0.01777629999560304, 136, 107486.0, 0.251
0.01578029998927377, 137, 107486.0, 0.251
0.014736500001163222, 138, 107486.0, 0.251
0.01823500001046341, 139, 107451.0, 0.218
0.018038099995465018, 140, 107451.0, 0.218
0.01830310000514146, 141, 107451.0, 0.218
0.015515800012508407, 142, 107451.0, 0.218
0.016064499999629334, 143, 107451.0, 0.218
0.01858659999561496, 144, 107451.0, 0.218
0.019053800002438948, 145, 107451.0, 0.218
0.015399500000057742, 146, 107451.0, 0.218
0.015540200009127147, 147, 107451.0, 0.218
0.019787600002018735, 148, 107451.0, 0.218
0.016214200004469603, 149, 107451.0, 0.218
0.017721700001857243, 150, 107451.0, 0.218
0.017177699992316775, 151, 107451.0, 0.218
0.019746100006159395, 152, 107451.0, 0.218
0.017167600002721883, 153, 107451.0, 0.218
0.017975700000533834, 154, 107451.0, 0.218
0.019278400010080077, 155, 107451.0, 0.218
0.0168163999915123, 156, 107451.0, 0.218
0.01706450000347104, 157, 107451.0, 0.218
0.019478700007312, 158, 107451.0, 0.218
0.018089699995471165, 159, 107451.0, 0.218
0.01692130000446923, 160, 107451.0, 0.218
0.01549539998813998, 161, 107451.0, 0.218
0.017623399995500222, 162, 107451.0, 0.218
0.018986600000062026, 163, 107451.0, 0.218
0.019576400009100325, 164, 107451.0, 0.218
0.017189599995617755, 165, 107451.0, 0.218
0.01727460000256542, 166, 107451.0, 0.218
0.01647110001067631, 167, 107451.0, 0.218
0.016315900007612072, 168, 107451.0, 0.218
0.015754300009575672, 169, 107451.0, 0.218
0.01865140000882093, 170, 107451.0, 0.218
0.018766900000628084, 171, 107451.0, 0.218
0.01938769999833312, 172, 107451.0, 0.218
0.017730000006849878, 173, 107451.0, 0.218
0.01799360000586603, 174, 107451.0, 0.218
0.020297499999287538, 175, 107451.0, 0.218
0.021406100000604056, 176, 107451.0, 0.218
0.01644940000551287, 177, 107451.0, 0.218
0.016887699996004812, 178, 107451.0, 0.218
0.019214999992982484, 179, 107451.0, 0.218
0.01874580000003334, 180, 107451.0, 0.218
0.019282699999166653, 181, 107451.0, 0.218
0.015452799998456612, 182, 107451.0, 0.218
0.0162034999957541, 183, 107451.0, 0.218
0.0159198000037577, 184, 107451.0, 0.218
0.01978840000811033, 185, 107451.0, 0.218
0.017394000009517185, 186, 107451.0, 0.218
0.016644700008328073, 187, 107451.0, 0.218
0.015972799999872223, 188, 107451.0, 0.218
0.01922750000085216, 189, 107451.0, 0.218

tour:
[438 434 435 436 437 433 402 407 408 410 409 424 425 423 426 429 432 431
 421 422 411 412 406 405 413 420 419 418 414 415 430 428 427 417 416 404
 403 401 399 400 387 386 385 384 377 368 367 366 365 364 363 362 361 360
 369 359 338 337 336 335 334 333 332 299 298 297 296 295 294 293 278 277
 276 275 274 273 272 300 271 270 269 268 267 266 265 264 305 304 301 302
 303 329 331 330 328 327 326 325 324 323 322 321 320 319 318 317 316 314
 313 312 311 310 309 308 307 306 263 262 261 260 259 258 257 256 255 315
 253 254 251 248 247 246 245 244 243 242 241 240 239 238 237 236 235 234
 233 232 221 220 219 218 217 216 215 214 213 212 211 210 209 249 250 252
 208 207 206 205 204 202 201 200 199 198 197 196 195 194 193 192 191 182
 181 180 179 178 177 176 175 174 203 173 172 171 170 169 167 168 165 163
 164 166 132 131 130 129 127 128 126 125 123 122 124  98  97  96  95  94
  99  93  92  91 101 102 114 116 119 100 121 120 118 117 115 113 112 142
 151 141 140 139 138 137 136 135 134 133 162 161 160 159 158 157 156 155
 154 153 152 150 149 183 190 222 223 189 184 144 147 146 143 145 111 110
 109 108 107 106 105 104 103  90  89  88  87  71  70  69  68  67  17  18
  19  20  22  23  21  66  65  64  24  63  73  72  62  28  26  25  27  29
  30  31  61  74  75  60  59  58  76  86  85  77  57  56  36  35  34  33
  32  16  15  14  13  12  11  10   9   8   7   6   5   4   3   0   2   1
  51  50  49  47  46  48  45  44  42  40  39  43  41  38  37  78  79  80
  81  55  54  53  52  82  83  84 148 185 225 226 227 282 228 281 280 229
 186 187 188 224 230 231 279 284 285 286 339 287 288 289 290 291 292 358
 356 357 355 354 353 351 352 350 349 348 346 347 345 344 375 376 378 388
 389 379 373 374 380 390 391 398 397 395 396 392 394 393 383 381 382 371
 370 372 340 341 342 343 283]

eliteFit: 107451.0
percentError: 0.2182489717115756
computationTime: 4.021s