instanceName: kroB150
n: 150
optFit: 26130

genTime, gen, eliteFit, percentError:
0.00020560000848490745, 0, 226883.0, 768.285
0.010881800000788644, 1, 27081.0, 3.639
0.0059452000132296234, 2, 26904.0, 2.962
0.005422899994300678, 3, 26620.0, 1.875
0.006207200000062585, 4, 26620.0, 1.875
0.00600200000917539, 5, 26590.0, 1.760
0.005396599997766316, 6, 26458.0, 1.255
0.0057813000021269545, 7, 26458.0, 1.255
0.005010900000343099, 8, 26412.0, 1.079
0.006263000002945773, 9, 26227.0, 0.371
0.005777200000011362, 10, 26227.0, 0.371
0.0042395999917062, 11, 26227.0, 0.371
0.0048030000034486875, 12, 26186.0, 0.214
0.0031000000017229468, 13, 26165.0, 0.134
0.0029492999892681837, 14, 26160.0, 0.115
0.002285099995788187, 15, 26160.0, 0.115
0.0019878999883076176, 16, 26160.0, 0.115
0.0021760000090580434, 17, 26160.0, 0.115
0.0028698999958578497, 18, 26160.0, 0.115
0.001904299992020242, 19, 26160.0, 0.115
0.002366699991398491, 20, 26160.0, 0.115
0.002326999994693324, 21, 26160.0, 0.115
0.0022800000006100163, 22, 26160.0, 0.115
0.002870900003472343, 23, 26160.0, 0.115
0.0020970999903511256, 24, 26160.0, 0.115
0.0020395000028656796, 25, 26160.0, 0.115
0.002188800004660152, 26, 26160.0, 0.115
0.002169100000173785, 27, 26160.0, 0.115
0.0030960000003688037, 28, 26160.0, 0.115
0.0023462999961338937, 29, 26160.0, 0.115
0.0021789000020362437, 30, 26160.0, 0.115
0.0022249000030569732, 31, 26160.0, 0.115
0.0021429000044008717, 32, 26160.0, 0.115
0.0029137000092305243, 33, 26160.0, 0.115
0.0017960999975912273, 34, 26160.0, 0.115
0.002183299991884269, 35, 26160.0, 0.115
0.0026236999983666465, 36, 26160.0, 0.115
0.0019400000019231811, 37, 26160.0, 0.115
0.0027958999999100342, 38, 26160.0, 0.115
0.0020684000046458095, 39, 26160.0, 0.115
0.0026790999982040375, 40, 26160.0, 0.115
0.0021631999989040196, 41, 26160.0, 0.115
0.0021791999897686765, 42, 26160.0, 0.115
0.0027982000028714538, 43, 26160.0, 0.115
0.00197269998898264, 44, 26160.0, 0.115
0.002482600000803359, 45, 26160.0, 0.115
0.002353400006541051, 46, 26160.0, 0.115
0.0020127999887336046, 47, 26160.0, 0.115
0.0032180999987758696, 48, 26160.0, 0.115
0.002181400006520562, 49, 26160.0, 0.115
0.0028732000064337626, 50, 26160.0, 0.115
0.0019237999949837103, 51, 26160.0, 0.115
0.0018061000009765849, 52, 26160.0, 0.115
0.0023086000001057982, 53, 26160.0, 0.115
0.002817400003550574, 54, 26160.0, 0.115
0.006765199999790639, 55, 26160.0, 0.115
0.008720300000277348, 56, 26160.0, 0.115
0.0039225000073201954, 57, 26160.0, 0.115
0.002875499994843267, 58, 26160.0, 0.115
0.0051543999870773405, 59, 26160.0, 0.115
0.0033467000030213967, 60, 26160.0, 0.115
0.0030667999963043258, 61, 26160.0, 0.115
0.003034800000023097, 62, 26160.0, 0.115
0.0031912999984342605, 63, 26160.0, 0.115
0.0026566000015009195, 64, 26160.0, 0.115

tour:
[ 67   1  34  22 101  69 110  75 120 138 130 128  93 122  90  94  49 132
  85  42   4 118  55 100  27  38  37  70 123  71  82  61 137 112 125 107
 113 144 108  97 147  87  57  33  89  24  16 105   7 111  21  74 133  53
   5 148 103  46  30  66  54  41  63  19 109  78  12  14  26 106 129  64
 146  79  76 114 139  59   3 115  11  39  84   0  52 136 124  45 141  23
 116  31 131  60  25   6  81  77   8 145 134 126  50  62  15 119  36  28
  17  48  92 142  13 140  98   9  91  18 104  65  43 127 102  47  83  10
  51 149  86  95 143  96 135  80  44  32  99  35  56  73  68   2  72 117
  58  40  88 121  20  29]

eliteFit: 26160.0
percentError: 0.1148105625717566
computationTime: 0.257s