instanceName: rl1304
n: 1304
optFit: 252948

genTime, gen, eliteFit, percentError:
0.0013001999905100092, 0, 9043047.0, 3475.062
1.0829238000005716, 1, 277109.0, 9.552
0.7288307999988319, 2, 272941.0, 7.904
0.6933700000081444, 3, 270952.0, 7.118
0.6297543999971822, 4, 269615.0, 6.589
0.6511468999960925, 5, 267283.0, 5.667
0.6066519000014523, 6, 264905.0, 4.727
0.6344110000063665, 7, 264905.0, 4.727
0.6165379000012763, 8, 263362.0, 4.117
0.60498929998721, 9, 262516.0, 3.783
0.5964085000014165, 10, 260514.0, 2.991
0.5643688999989536, 11, 260514.0, 2.991
0.5510319000022719, 12, 260514.0, 2.991
0.545088399987435, 13, 260009.0, 2.791
0.5188540000090143, 14, 259199.0, 2.471
0.39163810000172816, 15, 258637.0, 2.249
0.3693442000076175, 16, 258637.0, 2.249
0.32743040000787005, 17, 258191.0, 2.073
0.27529459999641404, 18, 257887.0, 1.953
0.27276700000220444, 19, 257887.0, 1.953
0.25224750000052154, 20, 257694.0, 1.876
0.2240936000016518, 21, 257550.0, 1.819
0.22623300000850577, 22, 257231.0, 1.693
0.19312930000887718, 23, 257231.0, 1.693
0.2237955000018701, 24, 256962.0, 1.587
0.23200950000318699, 25, 256942.0, 1.579
0.19919089999166317, 26, 256808.0, 1.526
0.15339740000490565, 27, 256714.0, 1.489
0.22874939999019261, 28, 256714.0, 1.489
0.1842657999950461, 29, 256714.0, 1.489
0.18886159999237861, 30, 256582.0, 1.437
0.16333769999619108, 31, 256582.0, 1.437
0.16324169999279547, 32, 256582.0, 1.437
0.18604689999483526, 33, 256582.0, 1.437
0.18879260000539944, 34, 256582.0, 1.437
0.17359099999885075, 35, 256582.0, 1.437
0.1804379999957746, 36, 256582.0, 1.437
0.17426120000891387, 37, 256582.0, 1.437
0.15640480000001844, 38, 256582.0, 1.437
0.1518696999992244, 39, 256582.0, 1.437
0.14504309999756515, 40, 256582.0, 1.437
0.17009510000934824, 41, 256582.0, 1.437
0.19256339999265037, 42, 256582.0, 1.437
0.20181159999629017, 43, 256582.0, 1.437
0.19686900000669993, 44, 256582.0, 1.437
0.17425440000079107, 45, 256582.0, 1.437
0.16505130000587087, 46, 256582.0, 1.437
0.1721718999906443, 47, 256582.0, 1.437
0.21645510000234935, 48, 256582.0, 1.437
0.16243799999938346, 49, 256582.0, 1.437
0.1588835000002291, 50, 256582.0, 1.437
0.18425370000477415, 51, 256582.0, 1.437
0.1863910000101896, 52, 256535.0, 1.418
0.16361129999859259, 53, 256535.0, 1.418
0.1833533000026364, 54, 256471.0, 1.393
0.17241280000598636, 55, 256471.0, 1.393
0.16005329998733941, 56, 256471.0, 1.393
0.1976476999989245, 57, 256362.0, 1.350
0.19809910000185482, 58, 256358.0, 1.348
0.17944869998609647, 59, 256249.0, 1.305
0.17368829999759328, 60, 256193.0, 1.283
0.18177540000760928, 61, 256143.0, 1.263
0.16876430000411347, 62, 256068.0, 1.233
0.19107739999890327, 63, 255959.0, 1.190
0.16659429999708664, 64, 255959.0, 1.190
0.17593559999659192, 65, 255894.0, 1.165
0.18008340000233147, 66, 255894.0, 1.165
0.167280200010282, 67, 255894.0, 1.165
0.15672970000014175, 68, 255894.0, 1.165
0.16337080000084825, 69, 255894.0, 1.165
0.17578510000021197, 70, 255894.0, 1.165
0.2058536999975331, 71, 255894.0, 1.165
0.177578300004825, 72, 255894.0, 1.165
0.16328010000870563, 73, 255894.0, 1.165
0.1591047000110848, 74, 255894.0, 1.165
0.1901754999998957, 75, 255894.0, 1.165
0.17862669999885838, 76, 255540.0, 1.025
0.18285360001027584, 77, 255540.0, 1.025
0.20146399999794085, 78, 255444.0, 0.987
0.20521670000744052, 79, 255444.0, 0.987
0.16881269999430515, 80, 255444.0, 0.987
0.19553320000704844, 81, 255444.0, 0.987
0.1559683999948902, 82, 255444.0, 0.987
0.1589630000089528, 83, 255444.0, 0.987
0.18613919999916106, 84, 255444.0, 0.987
0.1874472999916179, 85, 255444.0, 0.987
0.16520989999116864, 86, 255444.0, 0.987
0.15937700000358745, 87, 255444.0, 0.987
0.15277590000187047, 88, 255444.0, 0.987
0.17908929999975953, 89, 255444.0, 0.987
0.17357970000011846, 90, 255444.0, 0.987
0.19197439998970367, 91, 255444.0, 0.987
0.16639719999511726, 92, 255444.0, 0.987
0.17105790000641719, 93, 255444.0, 0.987
0.16804440000851173, 94, 255444.0, 0.987
0.17661760000919458, 95, 255444.0, 0.987
0.1691592999995919, 96, 255444.0, 0.987
0.16881479999574367, 97, 255444.0, 0.987
0.1532353999937186, 98, 255444.0, 0.987
0.16666560000157915, 99, 255444.0, 0.987
0.16645649999554735, 100, 255444.0, 0.987
0.18467669999517966, 101, 255444.0, 0.987
0.19208520000393037, 102, 255444.0, 0.987
0.16614770000160206, 103, 255444.0, 0.987
0.17047129999264143, 104, 255444.0, 0.987
0.17746690000058152, 105, 255444.0, 0.987
0.21454410000296775, 106, 255444.0, 0.987
0.1783239000069443, 107, 255444.0, 0.987
0.17678549999254756, 108, 255444.0, 0.987
0.1755051999934949, 109, 255444.0, 0.987
0.19023109998670407, 110, 255444.0, 0.987
0.2392590000090422, 111, 255086.0, 0.845
0.19933609999134205, 112, 255086.0, 0.845
0.1736148000054527, 113, 255086.0, 0.845
0.187730300007388, 114, 255086.0, 0.845
0.2003100000001723, 115, 255086.0, 0.845
0.1814513999997871, 116, 255086.0, 0.845
0.2195843999943463, 117, 255086.0, 0.845
0.16322079999372363, 118, 255086.0, 0.845
0.17698329999984708, 119, 255086.0, 0.845
0.18145370000274852, 120, 255086.0, 0.845
0.21423589999903925, 121, 255086.0, 0.845
0.19665990000066813, 122, 255086.0, 0.845
0.17873600000166334, 123, 255086.0, 0.845
0.17353719999664463, 124, 255086.0, 0.845
0.1739769999985583, 125, 255048.0, 0.830
0.28644000001077075, 126, 255048.0, 0.830
0.19977030000882223, 127, 255048.0, 0.830
0.23603289999300614, 128, 255048.0, 0.830
0.1961444000044139, 129, 255048.0, 0.830
0.24430609999399167, 130, 255048.0, 0.830
0.3246911000023829, 131, 255048.0, 0.830
0.2919124999898486, 132, 255048.0, 0.830
0.21770369999285322, 133, 255048.0, 0.830
0.206757000007201, 134, 255048.0, 0.830
0.18979940000281204, 135, 255048.0, 0.830
0.170597500007716, 136, 255048.0, 0.830
0.18104619999940041, 137, 255048.0, 0.830
0.18325430000550114, 138, 255048.0, 0.830
0.18589870000141673, 139, 255048.0, 0.830
0.18532520000007935, 140, 255048.0, 0.830
0.18865809999988414, 141, 255048.0, 0.830
0.17320630000904202, 142, 255048.0, 0.830
0.16661390000081155, 143, 255048.0, 0.830
0.1693371000001207, 144, 255048.0, 0.830
0.1877457999944454, 145, 255048.0, 0.830
0.15523809999285731, 146, 255048.0, 0.830
0.15624139999272302, 147, 255048.0, 0.830
0.16591719999269117, 148, 255048.0, 0.830
0.15640249999705702, 149, 255048.0, 0.830
0.17950260000361595, 150, 255048.0, 0.830
0.21820060000754893, 151, 255048.0, 0.830
0.21383910000440665, 152, 255048.0, 0.830
0.25409400000353344, 153, 255048.0, 0.830
0.28714559999934863, 154, 255048.0, 0.830
0.3262739999918267, 155, 255048.0, 0.830
0.25992300000507385, 156, 255048.0, 0.830
0.2052282000076957, 157, 255048.0, 0.830
0.23362259998975787, 158, 255048.0, 0.830
0.23658589999831747, 159, 255048.0, 0.830
0.21035949999350123, 160, 255048.0, 0.830
0.19209100000443868, 161, 255048.0, 0.830
0.2420074000110617, 162, 255048.0, 0.830
0.16912209999281913, 163, 255048.0, 0.830
0.1763375000009546, 164, 255048.0, 0.830
0.19959819999348838, 165, 255048.0, 0.830
0.18648730000131764, 166, 255048.0, 0.830
0.20929919999616686, 167, 255048.0, 0.830
0.19178129998908844, 168, 255048.0, 0.830
0.1614082000014605, 169, 255048.0, 0.830
0.1662303999910364, 170, 255048.0, 0.830
0.20370379999803845, 171, 255048.0, 0.830
0.1824936000048183, 172, 255048.0, 0.830
0.1708814000012353, 173, 255048.0, 0.830
0.18546629999764264, 174, 255048.0, 0.830
0.16345089999958873, 175, 255048.0, 0.830

tour:
[ 239  226  196  650  716  717  120  718  719  720  721  722  723  724
  725  165  170  171  172  173 1196  174  151  175  176  177  210  209
  208  207  206  205  204  203  202  201  200  119  225  238 1031  859
  447  927  477  681  397  496  671  949  518  248  898  865  848   23
   52   51   50   49   48   47   46   45   44   43   40   39   38  423
  904 1047  788   95  903  787  793  912  920  461 1113 1170 1104 1064
  529  528 1172 1167 1067 1103 1169 1112  460  919 1212  926  911 1252
 1110  792  786  902   94   97   98   99  100  101  102  103  104  105
  106  107  810  431  574  592   25 1200  897  247  517  396 1221 1204
  395  505 1191 1213  448 1209 1232  230  231  232 1253  653  124  125
  126  127  128  129  130  131  132  133  134  135  136  137  138  139
  140  141  142  143 1215  144  145  645  214  649  376  536 1214  862
  375  861  535  224  237  190  189  150  164  188  187  186  185  159
  158 1283 1254  157  156  155  184  183  182  181  946  676  728  889
  945  944  943  942  941  940  939 1177  656 1117  243  451  482  502
  680  260  806  524  908 1004   72   73  394  261  503  483  929  452
  244 1118  657 1184  854  180  658 1053  245  930  484  504  256  255
  254  253  252  246   69   68   67   66 1185  594  573  998  712 1189
   54  108   65  393  599  392  391  390  111   53  389  388  387  386
  385  384  383  670  515  669  668  440  667  330  474  666  665  664
  663  901  785  784  783  910  925  782  879  662  781  815  661  816
  817  818  819  820  473  422  821  329   42  822  439  823  824  514
  825  826  827  809  510 1068   55   56   57   58   59   60  598   29
 1051  606 1069  896   71 1003  907  523  805  259  679  501  481  450
  242 1070  655 1071  856 1055 1072 1030 1073  987  812  888 1032  814
 1043 1042 1041 1040  855 1301 1300  654 1039  241  449  480  500  678
  258  804  522  906 1002   70  895 1038  605 1037   28  597   64  572
  997  435  110  472 1036  509  808 1035 1034  947  513  857  914  438
  881   41 1277 1173 1056  909  900 1120  660 1122  780  878  924 1116
  459 1251 1190 1102 1066 1166 1168  603 1165  530  457   34  495   30
  800  801  456  566  796  931   31  116  115  114 1188  113  466  468
  430 1217 1275  734 1202 1274 1205 1206 1278  729  112  418   35  567
 1171 1065 1123 1279 1280  458 1115  923  877  779 1121  659  899 1281
 1276  421  858  328 1033 1230  880  437  913 1231 1268 1269  807  508
 1163  471  109 1225 1226 1227 1233  570   62  595 1234 1049   26 1201
  434  996  571   63  596   27 1050  604 1270 1287 1288 1001 1290 1289
 1291  905  521 1292 1299  257  677  499 1179 1293 1294 1180 1181 1295
 1296 1029  986  829  813  578  359  360  358 1297 1298 1302 1303  361
  362  363  364  178  365  366  367  160  146  191  233 1272 1271  219
  371  863 1085 1248 1086  882  709 1087  773 1273 1239  866  867 1249
  980  961 1022  875 1240 1241 1076  324  380 1077 1242 1285 1243 1081
 1082  419  400 1245 1083  969 1084 1246 1247 1148 1164  963  732   22
 1186   74   75   76   77  493  492  491  490  489  488  487  429  485
 1250 1244 1286 1176 1178 1080 1021 1092 1079 1059 1078  995 1088  381
  325  985  876 1160 1023  962  981  868   78 1075  774  327 1074  974
 1161 1127 1157  710  883  864  372  531  220  192  581  580  579  891
  892  791  893  161  147  642  193  234  221  532  894  741  373  740
  533  222  235  194  643  148  162  179  736  737  738  739  704  705
  163  149  644  195  236  223  534  706  374  707 1259  708  742  711
  743  744  745  746  747  286  287  288   79  289  290  291  292  293
  294  295  296  297  298  299  300  301  302  303  304  305 1219 1260
  306  307  308  309  310  311  312  313  445  516 1183 1156 1175  575
  446 1182 1282 1152  316  317   21   20   19   18   17   16   15   14
   13   12   11   10    9    8    7    6    0  556  557  558  559  560
  561  731  960  959  958  957  956    1 1262 1224   89   88   87   86
   85   84   83   82 1216  382  326  555  554  553  552  551  550  549
   80  548  547  279  546  545  544  543  542  541  953  954  280  775
  955   81 1266  278  323 1220 1267 1210 1222 1187   90  991    2 1024
 1018 1235 1149 1264 1265  426 1089 1150 1261 1025  401  562  563  564
 1153  476 1154 1284  576 1155 1174  577  415  414  413  412  416  444
  443  442  411  314  410  409  408  407  406  405  404  403  402 1223
  989  427 1090 1101 1100 1099 1098 1019 1057    3  992   91  377  982
  872 1097  869  977  966 1096  976  965 1158  776  281 1159 1162 1125
  970 1044  884 1256  277  276  275  274  273  272  271  270  269  268
  267 1211  318  915  262  968  215  211  212  213  216  217  218 1218
  934  263  916  319  537  885 1045  971 1093 1094 1095  282  777  964
  778  283  772  771  770  769  768  767  538  320  766  264  765  764
  368  693  646  648  647  641  640  639  582  638  637  636  635  634
  633  632  152  631  630  629  628  627  166  626  625  624  623  622
  621  620  619  121  618  617  616  197  227  240  356  424  615  478
  614  613  398  497  612  611  519  250  610  609  608  607 1195 1194
  228  198  651 1124 1054  122  852  937  748 1028 1151  860  828  168
  988  975  727  890  674  749  750  751  752  753  167  754  755  726
  756  673  153  735  757  758  759  760  761  703  583  762 1197  763
  369  951  935  265  917  321  539  886 1046  972 1126 1136 1137  284
 1138  978  870 1139  873  983  378   92  993    4 1058 1020 1140 1141
 1142 1143 1091  428  990  475 1144  486  441 1145  465 1146 1147 1258
 1135  417 1134 1133 1132 1131  420  315 1130 1129 1128 1257 1238 1229
 1017 1016 1015 1014 1013    5  994   93  379  984  874 1012  871  979
 1011  285 1010 1009 1008  973 1007  887  540  322  918  266  936  952
  370  967  692  691  584 1199  690  689  688  687  686  685  684  154
  683  675  702  701  700  699  169  698  697  696  695  694 1198  938
  853  123 1006 1005  652  199  229  357  425  928  479  682  399  498
  672  950  520 1208  851  251  850  849 1207 1052 1000  733  948 1060
 1193  591  590  569  433   61  470  589  507  588  587  586  585 1192
 1255 1048  790  795 1119 1109  922  464 1114 1105  921  463 1108 1107
 1106  601  526  454 1111  798  932 1063 1237 1062  602  527  455 1061
  799  933   33  118 1236 1203  730  803  802 1263  494  467  117   32
  830  797  831  453  565  525  600  832  833  834  835  836  462  837
  838  839  794  789  840  841   96  842  843  511  844   37  436   36
  331  332  333  512  845  846  847  506 1026  811  469  432  568 1027
  593   24  999 1228  715  714  713  334  335  336  337  338  339  340
  341  342  343  344  249  345  346  347  348  349  350  351  352  353
  354  355]

eliteFit: 255048.0
percentError: 0.83021016177238
computationTime: 40.299s