instanceName: pr439
n: 439
optFit: 107217

genTime, gen, eliteFit, percentError:
0.00037909999082330614, 0, 1795644.0, 1574.775
0.09699220000766218, 1, 113926.0, 6.257
0.06764350000594277, 2, 112726.0, 5.138
0.05980970000382513, 3, 110735.0, 3.281
0.06077869998989627, 4, 110364.0, 2.935
0.058385700001963414, 5, 109936.0, 2.536
0.051317400007974356, 6, 109503.0, 2.132
0.04747469999711029, 7, 108872.0, 1.544
0.042241900009685196, 8, 108783.0, 1.461
0.034416199996485375, 9, 108756.0, 1.435
0.026033399990410544, 10, 108612.0, 1.301
0.024933400010922924, 11, 108509.0, 1.205
0.02672069999971427, 12, 108477.0, 1.175
0.020099200002732687, 13, 108469.0, 1.168
0.022720299995853566, 14, 108337.0, 1.045
0.021124600010807626, 15, 108311.0, 1.020
0.024270800000522286, 16, 108199.0, 0.916
0.018082199996570125, 17, 108199.0, 0.916
0.022692700003972277, 18, 108199.0, 0.916
0.018667700001969934, 19, 108110.0, 0.833
0.025153599999612197, 20, 108106.0, 0.829
0.02269250000244938, 21, 108106.0, 0.829
0.021189499995671213, 22, 108106.0, 0.829
0.02190990000963211, 23, 108106.0, 0.829
0.019075199990766123, 24, 108106.0, 0.829
0.015291700008674525, 25, 108106.0, 0.829
0.016630500002065673, 26, 108106.0, 0.829
0.016869099999894388, 27, 108106.0, 0.829
0.020088599994778633, 28, 108097.0, 0.821
0.018101399997249246, 29, 108097.0, 0.821
0.018461300001945347, 30, 108000.0, 0.730
0.018716599995968863, 31, 108000.0, 0.730
0.01978100000997074, 32, 108000.0, 0.730
0.02135380000981968, 33, 108000.0, 0.730
0.020131500001298264, 34, 108000.0, 0.730
0.01921260000381153, 35, 108000.0, 0.730
0.01712720000068657, 36, 108000.0, 0.730
0.01595369999995455, 37, 108000.0, 0.730
0.016512699992745183, 38, 108000.0, 0.730
0.016932300000917166, 39, 108000.0, 0.730
0.017682799996691756, 40, 108000.0, 0.730
0.01848719999543391, 41, 108000.0, 0.730
0.017932499991729856, 42, 108000.0, 0.730
0.020697400002973154, 43, 108000.0, 0.730
0.019048700007260777, 44, 108000.0, 0.730
0.016826100007165223, 45, 108000.0, 0.730
0.020126200004597194, 46, 108000.0, 0.730
0.017546400005812757, 47, 107976.0, 0.708
0.01854319999984, 48, 107976.0, 0.708
0.019240399997215718, 49, 107940.0, 0.674
0.01776370000152383, 50, 107940.0, 0.674
0.01737610000418499, 51, 107940.0, 0.674
0.018734200013568625, 52, 107940.0, 0.674
0.018923399999039248, 53, 107940.0, 0.674
0.01930460000585299, 54, 107940.0, 0.674
0.019822000002022833, 55, 107940.0, 0.674
0.017223000002559274, 56, 107940.0, 0.674
0.0169947999966098, 57, 107891.0, 0.629
0.01741680000850465, 58, 107891.0, 0.629
0.018507899992982857, 59, 107869.0, 0.608
0.01643089999561198, 60, 107869.0, 0.608
0.019104199993307702, 61, 107869.0, 0.608
0.021446700004162267, 62, 107869.0, 0.608
0.017762599993147887, 63, 107869.0, 0.608
0.015207100004772656, 64, 107869.0, 0.608
0.01809849998971913, 65, 107869.0, 0.608
0.019260799992480315, 66, 107869.0, 0.608
0.016129099996760488, 67, 107869.0, 0.608
0.02191950000997167, 68, 107869.0, 0.608
0.01757979999820236, 69, 107869.0, 0.608
0.032185100004426204, 70, 107869.0, 0.608
0.02188049998949282, 71, 107869.0, 0.608
0.016485100000863895, 72, 107869.0, 0.608
0.018172199997934513, 73, 107869.0, 0.608
0.018094999992172234, 74, 107869.0, 0.608
0.016564799996558577, 75, 107869.0, 0.608
0.01656590000493452, 76, 107869.0, 0.608
0.016724899993278086, 77, 107869.0, 0.608
0.018206299995654263, 78, 107869.0, 0.608
0.01582290000806097, 79, 107869.0, 0.608
0.02420949999941513, 80, 107869.0, 0.608
0.022388500001397915, 81, 107869.0, 0.608
0.019538399996235967, 82, 107869.0, 0.608
0.017097000003559515, 83, 107869.0, 0.608
0.021230899990769103, 84, 107869.0, 0.608
0.015371799992863089, 85, 107869.0, 0.608
0.019443700002739206, 86, 107869.0, 0.608
0.017983400000957772, 87, 107869.0, 0.608
0.019396399991819635, 88, 107832.0, 0.574
0.020857099996646866, 89, 107832.0, 0.574
0.0346921000018483, 90, 107832.0, 0.574
0.04150540000409819, 91, 107832.0, 0.574
0.02899190000607632, 92, 107792.0, 0.536
0.015314699994632974, 93, 107782.0, 0.527
0.017478900001151487, 94, 107782.0, 0.527
0.021062500003608875, 95, 107782.0, 0.527
0.01856880000559613, 96, 107782.0, 0.527
0.019369500005268492, 97, 107782.0, 0.527
0.01705549999314826, 98, 107782.0, 0.527
0.018608800004585646, 99, 107782.0, 0.527
0.017080499994335696, 100, 107782.0, 0.527
0.016410399999585934, 101, 107782.0, 0.527
0.020798300000024028, 102, 107782.0, 0.527
0.020566300008795224, 103, 107782.0, 0.527
0.016671499994117767, 104, 107782.0, 0.527
0.016600500006461516, 105, 107782.0, 0.527
0.02067729999544099, 106, 107782.0, 0.527
0.015096300005097874, 107, 107782.0, 0.527
0.016952199992374517, 108, 107782.0, 0.527
0.016623899995465763, 109, 107782.0, 0.527
0.01716869999654591, 110, 107782.0, 0.527
0.018461200001183897, 111, 107782.0, 0.527
0.023225600001751445, 112, 107782.0, 0.527
0.02396259999659378, 113, 107782.0, 0.527
0.02199090000067372, 114, 107782.0, 0.527
0.01816740000504069, 115, 107782.0, 0.527
0.023140600009355694, 116, 107782.0, 0.527
0.02040320000378415, 117, 107782.0, 0.527
0.021450400003232062, 118, 107782.0, 0.527
0.01849100000981707, 119, 107782.0, 0.527
0.01778090000152588, 120, 107782.0, 0.527
0.020665100004407577, 121, 107782.0, 0.527
0.017539700013003312, 122, 107782.0, 0.527
0.0170881000085501, 123, 107782.0, 0.527
0.018716000005952083, 124, 107782.0, 0.527
0.01910080001107417, 125, 107782.0, 0.527
0.01796529999410268, 126, 107782.0, 0.527
0.01829829999769572, 127, 107782.0, 0.527
0.020250499990652315, 128, 107782.0, 0.527
0.017859899991890416, 129, 107782.0, 0.527
0.01817210001172498, 130, 107782.0, 0.527
0.01718899999104906, 131, 107782.0, 0.527
0.018326499994145706, 132, 107782.0, 0.527
0.017800100002205, 133, 107782.0, 0.527
0.014879599999403581, 134, 107782.0, 0.527
0.017820699998992495, 135, 107782.0, 0.527
0.01561980000406038, 136, 107782.0, 0.527
0.017450500003178604, 137, 107782.0, 0.527
0.018964899994898587, 138, 107782.0, 0.527
0.019036099998629652, 139, 107782.0, 0.527
0.017524600014439784, 140, 107782.0, 0.527
0.02005999999528285, 141, 107782.0, 0.527
0.02059230000304524, 142, 107782.0, 0.527
0.0219543999992311, 143, 107782.0, 0.527

tour:
[178 179 196 195 194 193 192 182 191 183 190 221 220 219 218 217 216 240
 239 238 237 236 235 234 233 232 222 223 189 184 144 147 146 143 145 111
 110 109 108 107 106 105 104 103 112 113 102 114 116 115 117 118 120 121
 119 100 122 124 123 125 126 128 133 134 135 136 137 138 139 140 141 151
 142 149 150 152 153 181 180 154 155 156 157 158 159 160 161 162 163 165
 169 167 168 166 164 132 131 130 129 127  98  97  96  95  94  99  93  92
  91 101  90  89  88  87  71  70  69  68  67  17  18  19  66  65  64  23
  21  20  22  24  63  73  72  62  25  26  27  28  29  30  31  61  74  75
  60  59  58  76  86  85  77  57  56  36  35  34  33  32  16  15  14  13
  12  11  10   9   8   7   6   5   4   3   0   2   1  51  50  49  47  46
  48  45  44  42  40  39  43  41  38  37  78  79  80  81  55  54  53  52
  82  83  84 148 185 225 226 227 282 228 281 280 229 186 187 188 224 230
 231 279 284 285 286 339 287 288 289 290 291 292 358 356 357 355 354 353
 351 352 350 349 348 346 344 345 347 376 375 379 378 388 389 373 374 380
 390 391 398 397 395 396 392 394 393 383 381 382 371 370 372 340 341 342
 343 283 438 434 435 436 437 433 402 407 408 410 409 424 425 423 426 429
 432 431 421 422 411 412 406 405 413 420 419 418 414 415 430 428 427 417
 416 404 403 401 399 400 387 386 385 384 377 368 367 366 365 364 363 362
 361 360 369 359 338 337 336 335 334 333 332 299 298 297 296 295 294 293
 278 277 276 275 274 273 272 300 271 270 269 268 267 266 265 264 305 304
 301 302 303 329 331 330 328 327 326 325 324 323 322 321 320 319 318 317
 316 314 315 253 254 255 256 257 258 313 312 311 310 309 308 307 306 263
 262 261 260 259 241 242 243 244 245 246 247 248 251 252 208 250 249 209
 210 211 212 213 214 215 197 198 199 200 201 202 204 205 206 207 170 171
 172 173 203 174 175 176 177]

eliteFit: 107782.0
percentError: 0.5269686710129924
computationTime: 3.210s