instanceName: fnl4461
n: 4461
optFit: 182566

genTime, gen, eliteFit, percentError:
0.007017300027655438, 0, 8132615.0, 4354.616
33.63966449999134, 1, 203666.0, 11.557
21.00890149999759, 2, 201586.0, 10.418
21.55454290000489, 3, 201289.0, 10.255
19.92689970001811, 4, 200584.0, 9.869
20.520458800019696, 5, 199733.0, 9.403
20.614243599993642, 6, 199144.0, 9.081
20.817019600013737, 7, 198660.0, 8.815
20.791632299980847, 8, 198501.0, 8.728
20.695512399979634, 9, 197995.0, 8.451
20.463742499996442, 10, 197665.0, 8.270
19.862731299974257, 11, 197315.0, 8.079
19.80964479999966, 12, 197315.0, 8.079
19.36101600000984, 13, 197175.0, 8.002
19.362042399996426, 14, 197157.0, 7.992
19.572780699993018, 15, 197065.0, 7.942
18.60326800000621, 16, 196942.0, 7.874
17.972356900019804, 17, 196542.0, 7.655
19.063256299996283, 18, 196542.0, 7.655
18.2918362999917, 19, 196542.0, 7.655
19.31837270001415, 20, 196454.0, 7.607
18.344514399999753, 21, 196128.0, 7.429
19.14274579999619, 22, 196128.0, 7.429
18.78014700001222, 23, 195679.0, 7.183
19.98083279997809, 24, 195679.0, 7.183
19.45418870000867, 25, 195679.0, 7.183
18.54277150001144, 26, 195415.0, 7.038
17.78804250000394, 27, 195415.0, 7.038
15.82047330000205, 28, 195282.0, 6.965
12.494792300014524, 29, 195282.0, 6.965
13.706716200016672, 30, 195282.0, 6.965
15.492200699984096, 31, 195256.0, 6.951
15.999289300001692, 32, 195141.0, 6.888
17.0291939000017, 33, 195119.0, 6.876
15.668833100004122, 34, 195001.0, 6.811
14.749748000002, 35, 194898.0, 6.755
16.51843490000465, 36, 194884.0, 6.747
15.905886199994711, 37, 194638.0, 6.612
15.519147699989844, 38, 194570.0, 6.575
14.75092200000654, 39, 194552.0, 6.565
14.19159520001267, 40, 194552.0, 6.565
15.472346999973524, 41, 194529.0, 6.553
11.924195600004168, 42, 194437.0, 6.502
12.817955900012748, 43, 194402.0, 6.483
12.234212699986529, 44, 194212.0, 6.379
12.577315200003795, 45, 194191.0, 6.368
14.239970299997367, 46, 194069.0, 6.301
11.625403799989726, 47, 194054.0, 6.293
8.10157200001413, 48, 193913.0, 6.215
6.674867199995788, 49, 193873.0, 6.193
6.612402300001122, 50, 193751.0, 6.127
5.715079900022829, 51, 193625.0, 6.058
4.870860399998492, 52, 193625.0, 6.058
5.6819242000055965, 53, 193623.0, 6.056
4.725940900010755, 54, 193547.0, 6.015
4.697811100020772, 55, 193547.0, 6.015
4.856672400026582, 56, 193498.0, 5.988
5.309088199981488, 57, 193427.0, 5.949
6.0115950999897905, 58, 193389.0, 5.928
4.674605100008193, 59, 193330.0, 5.896
5.49186819998431, 60, 193301.0, 5.880
5.471872699999949, 61, 193296.0, 5.877
5.200004099984653, 62, 193267.0, 5.861
4.4607601999887265, 63, 193245.0, 5.849
4.415755000023637, 64, 193245.0, 5.849
3.915149800013751, 65, 193245.0, 5.849
3.8124671999830753, 66, 193231.0, 5.842
3.9334953999787103, 67, 193231.0, 5.842
3.799882500024978, 68, 193153.0, 5.799
4.709672600001795, 69, 193136.0, 5.790
7.35834020000766, 70, 193114.0, 5.778
7.334807400009595, 71, 193092.0, 5.766
6.644510000012815, 72, 193029.0, 5.731
9.0510673999961, 73, 193029.0, 5.731
7.447577399987495, 74, 192972.0, 5.700
7.14167029998498, 75, 192950.0, 5.688
9.98752890000469, 76, 192913.0, 5.668
11.737922300002538, 77, 192901.0, 5.661
11.959535799978767, 78, 192859.0, 5.638
10.541629399987869, 79, 192797.0, 5.604
8.602989700011676, 80, 192797.0, 5.604
5.523827199998777, 81, 192745.0, 5.576
4.840066300006583, 82, 192743.0, 5.574
3.6542330000083894, 83, 192730.0, 5.567
4.594081599992933, 84, 192701.0, 5.551
4.073750100011239, 85, 192701.0, 5.551
5.176730999985011, 86, 192660.0, 5.529
3.9063609000004362, 87, 192660.0, 5.529
4.578617299994221, 88, 192640.0, 5.518
3.9259432000108063, 89, 192581.0, 5.486
5.207725699990988, 90, 192581.0, 5.486
4.29465659998823, 91, 192578.0, 5.484
4.530636499985121, 92, 192578.0, 5.484
3.8034582999825943, 93, 192564.0, 5.476
4.163012200006051, 94, 192564.0, 5.476
4.396307399991201, 95, 192477.0, 5.429
4.532296200020937, 96, 192477.0, 5.429
4.307965799991507, 97, 192477.0, 5.429
4.703514399996493, 98, 192477.0, 5.429
4.529091600008542, 99, 192477.0, 5.429
4.192525399994338, 100, 192477.0, 5.429
4.463077499996871, 101, 192477.0, 5.429
4.251549799984787, 102, 192477.0, 5.429
5.081481500004884, 103, 192477.0, 5.429
4.809360800019931, 104, 192477.0, 5.429
4.1245696999831125, 105, 192477.0, 5.429
3.8044243999756873, 106, 192477.0, 5.429
3.562608900014311, 107, 192477.0, 5.429
4.37230959997396, 108, 192477.0, 5.429
3.8749949999910314, 109, 192477.0, 5.429
3.906357300002128, 110, 192477.0, 5.429
3.4756891999859363, 111, 192477.0, 5.429
3.9717964000010397, 112, 192477.0, 5.429
4.142326000001049, 113, 192477.0, 5.429
3.932114900002489, 114, 192477.0, 5.429
4.439886400010437, 115, 192477.0, 5.429
3.9335407000035048, 116, 192436.0, 5.406
4.136048699991079, 117, 192436.0, 5.406
4.659108399995603, 118, 192427.0, 5.401
3.8680577999912202, 119, 192427.0, 5.401
4.468223500007298, 120, 192418.0, 5.396
4.453850899997633, 121, 192413.0, 5.394
3.9254946000000928, 122, 192366.0, 5.368
3.795005099993432, 123, 192352.0, 5.360
4.018885199999204, 124, 192352.0, 5.360
4.056280199991306, 125, 192352.0, 5.360
3.6720334000128787, 126, 192352.0, 5.360
4.219697099993937, 127, 192352.0, 5.360
4.315636799990898, 128, 192352.0, 5.360
4.063154499977827, 129, 192352.0, 5.360
4.354909400019096, 130, 192352.0, 5.360
4.015533500001766, 131, 192352.0, 5.360
4.507498100021621, 132, 192352.0, 5.360
4.287634899985278, 133, 192352.0, 5.360
3.747593899985077, 134, 192352.0, 5.360
3.678037300007418, 135, 192352.0, 5.360
4.173475799994776, 136, 192352.0, 5.360
4.585444299998926, 137, 192352.0, 5.360
3.814565799984848, 138, 192352.0, 5.360
4.871492400008719, 139, 192352.0, 5.360
4.685538399993675, 140, 192352.0, 5.360
5.113510399998631, 141, 192352.0, 5.360
3.9106581999803893, 142, 192352.0, 5.360
3.841363600018667, 143, 192352.0, 5.360
4.153330399974948, 144, 192352.0, 5.360
4.230267699982505, 145, 192352.0, 5.360
3.7485752000065986, 146, 192352.0, 5.360
4.153870899986941, 147, 192352.0, 5.360
4.98793570001726, 148, 192352.0, 5.360
4.531573399988702, 149, 192352.0, 5.360
4.504667900007917, 150, 192352.0, 5.360
3.909215799998492, 151, 192352.0, 5.360
4.064451600017492, 152, 192334.0, 5.350
4.675102799985325, 153, 192334.0, 5.350
3.7292861999885645, 154, 192334.0, 5.350
3.9525050000229385, 155, 192334.0, 5.350
4.388617899996461, 156, 192334.0, 5.350
3.9367003999941517, 157, 192334.0, 5.350
4.132501099986257, 158, 192334.0, 5.350
3.6678622999752406, 159, 192334.0, 5.350
4.657739000016591, 160, 192334.0, 5.350
3.8541151999961585, 161, 192334.0, 5.350
3.7562851999828126, 162, 192334.0, 5.350
4.344307499995921, 163, 192334.0, 5.350
3.824915900011547, 164, 192334.0, 5.350
3.8667736999923363, 165, 192310.0, 5.337
4.71677319999435, 166, 192257.0, 5.308
6.064669999992475, 167, 192257.0, 5.308
5.339895199984312, 168, 192257.0, 5.308
4.8122316999943, 169, 192257.0, 5.308
3.763411799998721, 170, 192257.0, 5.308
4.531812900007935, 171, 192257.0, 5.308
4.251336800021818, 172, 192257.0, 5.308
3.5857163000036962, 173, 192257.0, 5.308
3.990151200006949, 174, 192257.0, 5.308
4.2251889999897685, 175, 192257.0, 5.308
4.557099099998595, 176, 192257.0, 5.308
3.8822487000143155, 177, 192257.0, 5.308
3.9004392999922857, 178, 192221.0, 5.288
4.854133599990746, 179, 192221.0, 5.288
4.407287500012899, 180, 192208.0, 5.281
3.947917499986943, 181, 192155.0, 5.252
4.766027000005124, 182, 192125.0, 5.236
6.788086500018835, 183, 192086.0, 5.215
9.122608800011221, 184, 192071.0, 5.206
7.925163999985671, 185, 192037.0, 5.188
9.076935600023717, 186, 191992.0, 5.163
9.334346499992535, 187, 191978.0, 5.155
8.036224799987394, 188, 191978.0, 5.155
5.74755629998981, 189, 191940.0, 5.135
6.434892499994021, 190, 191940.0, 5.135
6.262561300012749, 191, 191940.0, 5.135
4.850731199985603, 192, 191940.0, 5.135
3.7806070999940857, 193, 191940.0, 5.135
4.708576100005303, 194, 191940.0, 5.135
3.5711359000124503, 195, 191940.0, 5.135
3.742627600004198, 196, 191940.0, 5.135
4.336828900006367, 197, 191940.0, 5.135
4.397049299994251, 198, 191940.0, 5.135
4.04020920000039, 199, 191909.0, 5.118
5.029272000014316, 200, 191909.0, 5.118
4.277282800001558, 201, 191909.0, 5.118
4.937442499998724, 202, 191909.0, 5.118
3.699274799990235, 203, 191909.0, 5.118
4.3649074000131804, 204, 191909.0, 5.118
5.158151500014355, 205, 191867.0, 5.095
4.198001700016903, 206, 191867.0, 5.095
4.577295900002355, 207, 191867.0, 5.095
4.102947600011248, 208, 191867.0, 5.095
4.1616580999980215, 209, 191867.0, 5.095
4.0274134000064805, 210, 191867.0, 5.095
4.3737011999764945, 211, 191867.0, 5.095
4.07359980000183, 212, 191867.0, 5.095
4.18606720000389, 213, 191867.0, 5.095
4.284756100008963, 214, 191867.0, 5.095
3.767070900008548, 215, 191867.0, 5.095
4.061919799976749, 216, 191867.0, 5.095
4.724141000013333, 217, 191867.0, 5.095
4.359547600004589, 218, 191867.0, 5.095
4.522886699996889, 219, 191867.0, 5.095
4.027097700018203, 220, 191867.0, 5.095
3.698498699988704, 221, 191867.0, 5.095
3.598221599997487, 222, 191731.0, 5.020
4.206542200001422, 223, 191709.0, 5.008
4.552818299998762, 224, 191709.0, 5.008
3.3978015999891795, 225, 191709.0, 5.008
3.7555463000026066, 226, 191709.0, 5.008
4.788077200006228, 227, 191709.0, 5.008
4.130664600001182, 228, 191689.0, 4.997
4.246968699997524, 229, 191689.0, 4.997
3.934657800011337, 230, 191689.0, 4.997
3.9658572000043932, 231, 191689.0, 4.997
4.436527199984994, 232, 191689.0, 4.997
3.610916800011182, 233, 191689.0, 4.997
3.9087947999942116, 234, 191689.0, 4.997
4.560457399988081, 235, 191678.0, 4.991
3.5236955000145826, 236, 191678.0, 4.991
3.7834537000162527, 237, 191678.0, 4.991
3.7572116999945138, 238, 191678.0, 4.991
4.036220499983756, 239, 191678.0, 4.991
4.8423591000027955, 240, 191678.0, 4.991
4.222382500011008, 241, 191678.0, 4.991
3.808704499999294, 242, 191678.0, 4.991
3.464142799988622, 243, 191678.0, 4.991
4.040798600006383, 244, 191678.0, 4.991
3.9487414000032004, 245, 191678.0, 4.991
4.016824700025609, 246, 191678.0, 4.991
4.547832499985816, 247, 191678.0, 4.991
3.8678650000074413, 248, 191678.0, 4.991
4.029514499998186, 249, 191678.0, 4.991
3.9256339999847114, 250, 191678.0, 4.991
4.0406807999825105, 251, 191678.0, 4.991
4.520286299986765, 252, 191678.0, 4.991
3.9411449000181165, 253, 191678.0, 4.991
3.927264300000388, 254, 191672.0, 4.988
4.322272999997949, 255, 191672.0, 4.988
3.7547456999891438, 256, 191672.0, 4.988
4.139098299987381, 257, 191672.0, 4.988
4.2119963000004645, 258, 191672.0, 4.988
5.070716600021115, 259, 191672.0, 4.988
4.663197199988645, 260, 191672.0, 4.988
4.201895300007891, 261, 191672.0, 4.988
4.201247699995292, 262, 191672.0, 4.988
4.38256420000107, 263, 191672.0, 4.988
4.58363300000201, 264, 191672.0, 4.988
4.696104600006947, 265, 191672.0, 4.988
4.279275200009579, 266, 191672.0, 4.988
4.134316399984527, 267, 191672.0, 4.988
3.9789767999900505, 268, 191672.0, 4.988
4.6679324000142515, 269, 191672.0, 4.988
4.676783399976557, 270, 191610.0, 4.954
4.963433700002497, 271, 191610.0, 4.954
5.378836600022623, 272, 191610.0, 4.954
7.623092399997404, 273, 191565.0, 4.929
10.2167115000193, 274, 191565.0, 4.929
11.26621349999914, 275, 191565.0, 4.929
8.587966099992627, 276, 191511.0, 4.900
7.029944999987492, 277, 191469.0, 4.877
5.283990500000073, 278, 191466.0, 4.875
6.315261299983831, 279, 191430.0, 4.855
5.113828400004422, 280, 191366.0, 4.820
5.296486000006553, 281, 191335.0, 4.803
4.6647082999988925, 282, 191335.0, 4.803
5.036041999992449, 283, 191326.0, 4.798
3.8360206999932416, 284, 191320.0, 4.795
4.232544300000882, 285, 191295.0, 4.781
4.752020099986112, 286, 191266.0, 4.765
4.751760200015269, 287, 191266.0, 4.765
4.018071400001645, 288, 191253.0, 4.758
4.118012299994007, 289, 191252.0, 4.758
4.187328600004548, 290, 191252.0, 4.758
4.707265100005316, 291, 191252.0, 4.758
5.139437900012126, 292, 191203.0, 4.731
3.7714035999961197, 293, 191172.0, 4.714
4.734891899977811, 294, 191131.0, 4.691
5.991501500015147, 295, 191131.0, 4.691
4.777343900001142, 296, 191131.0, 4.691
4.166430200013565, 297, 191131.0, 4.691
3.9900286000047345, 298, 191131.0, 4.691
4.185538000019733, 299, 191131.0, 4.691
4.255646700010402, 300, 191131.0, 4.691
4.465112600009888, 301, 191131.0, 4.691
4.583349500026088, 302, 191131.0, 4.691
4.198082099988824, 303, 191131.0, 4.691
4.286832200014032, 304, 191131.0, 4.691
4.0156247000268195, 305, 191131.0, 4.691
4.529813600005582, 306, 191131.0, 4.691
3.944719700026326, 307, 191131.0, 4.691
3.761048699991079, 308, 191131.0, 4.691
4.286464100005105, 309, 191098.0, 4.673
5.749821999983396, 310, 191098.0, 4.673
6.995875900000101, 311, 191098.0, 4.673
8.349108499998692, 312, 191021.0, 4.631
8.911948099994333, 313, 191011.0, 4.626
4.154795099981129, 314, 190987.0, 4.613
4.782086599996546, 315, 190980.0, 4.609
4.109002499986673, 316, 190948.0, 4.591
5.281646000017645, 317, 190944.0, 4.589
7.545494299993152, 318, 190909.0, 4.570
8.405133199994452, 319, 190906.0, 4.568
8.495953400008148, 320, 190906.0, 4.568
10.645417599997018, 321, 190805.0, 4.513
9.566591799986782, 322, 190805.0, 4.513
12.429155199992238, 323, 190796.0, 4.508
11.099660199979553, 324, 190786.0, 4.502
7.87253699998837, 325, 190744.0, 4.479
5.214607800007798, 326, 190744.0, 4.479
6.573457899998175, 327, 190728.0, 4.471
10.50297140001203, 328, 190712.0, 4.462
11.411930800008122, 329, 190688.0, 4.449
11.197077600023476, 330, 190643.0, 4.424
11.870861800009152, 331, 190603.0, 4.402
8.386161200003698, 332, 190587.0, 4.393
6.558676899992861, 333, 190498.0, 4.345
6.486407600023085, 334, 190450.0, 4.318
7.920533199998317, 335, 190394.0, 4.288
8.051639899989823, 336, 190338.0, 4.257
6.294083499989938, 337, 190338.0, 4.257
5.552048300014576, 338, 190239.0, 4.203
5.473849700007122, 339, 190226.0, 4.196
4.910177300014766, 340, 190226.0, 4.196
3.9193779999914113, 341, 190226.0, 4.196
4.06596740000532, 342, 190226.0, 4.196
4.025425800005905, 343, 190226.0, 4.196
4.461173899995629, 344, 190226.0, 4.196
4.1844725999981165, 345, 190226.0, 4.196
4.370928099990124, 346, 190226.0, 4.196
4.529139999998733, 347, 190226.0, 4.196
3.813527799997246, 348, 190226.0, 4.196
4.029002800001763, 349, 190226.0, 4.196
4.096200500003761, 350, 190226.0, 4.196
3.5948187000176404, 351, 190226.0, 4.196
4.547509700001683, 352, 190226.0, 4.196
4.548304299998563, 353, 190226.0, 4.196
3.9843814999912865, 354, 190226.0, 4.196
3.692711399984546, 355, 190226.0, 4.196
3.834120099985739, 356, 190226.0, 4.196
3.8084066000010353, 357, 190226.0, 4.196
4.465805099986028, 358, 190226.0, 4.196
4.586748300003819, 359, 190226.0, 4.196
4.752853600017261, 360, 190226.0, 4.196
3.821501600003103, 361, 190204.0, 4.184
4.296531300002243, 362, 190204.0, 4.184
3.927599199989345, 363, 190204.0, 4.184
4.0749125000147615, 364, 190204.0, 4.184
4.583724800002528, 365, 190204.0, 4.184
4.516684499976691, 366, 190204.0, 4.184
4.718204300006619, 367, 190204.0, 4.184
4.233941899990896, 368, 190204.0, 4.184
4.40759670000989, 369, 190204.0, 4.184
4.164365900011035, 370, 190204.0, 4.184
3.9904564000025857, 371, 190204.0, 4.184
4.68066220000037, 372, 190204.0, 4.184
4.503545700019458, 373, 190204.0, 4.184
3.734042899974156, 374, 190204.0, 4.184
3.930921799998032, 375, 190204.0, 4.184
4.639860299997963, 376, 190204.0, 4.184
5.183331100008218, 377, 190204.0, 4.184
4.446877799986396, 378, 190204.0, 4.184
4.688576299988199, 379, 190204.0, 4.184
4.182644199987408, 380, 190180.0, 4.171
3.6823760000115726, 381, 190136.0, 4.146
4.4012280000024475, 382, 190136.0, 4.146
4.303889400005573, 383, 190136.0, 4.146
3.679714400001103, 384, 190136.0, 4.146
4.630339700001059, 385, 190136.0, 4.146
3.691480599984061, 386, 190136.0, 4.146
4.212424099998316, 387, 190136.0, 4.146
4.970763399993302, 388, 190136.0, 4.146
4.170978699985426, 389, 190136.0, 4.146
4.032178199995542, 390, 190136.0, 4.146
4.678634300013073, 391, 190136.0, 4.146
3.7783335000276566, 392, 190136.0, 4.146
4.186973699979717, 393, 190136.0, 4.146
3.920767400006298, 394, 190136.0, 4.146
4.225134900014382, 395, 190136.0, 4.146
4.200624399993103, 396, 190136.0, 4.146
3.867606599989813, 397, 190136.0, 4.146
4.546517299982952, 398, 190113.0, 4.134
3.5967706000083126, 399, 190113.0, 4.134
4.421811299980618, 400, 190113.0, 4.134
4.143650600017281, 401, 190113.0, 4.134
4.2569407999981195, 402, 190113.0, 4.134
3.9043091000057757, 403, 190113.0, 4.134
4.479390499996953, 404, 190113.0, 4.134
3.6267657999997027, 405, 190113.0, 4.134
3.5738079999864567, 406, 190113.0, 4.134
4.089567999995779, 407, 190113.0, 4.134
4.133549799997127, 408, 190113.0, 4.134
4.111327099992195, 409, 190113.0, 4.134
4.751128499978222, 410, 190113.0, 4.134
3.9962499999965075, 411, 190113.0, 4.134
4.672487000003457, 412, 190113.0, 4.134
5.085916599986376, 413, 190113.0, 4.134
3.9345667000161484, 414, 190113.0, 4.134
4.590700899978401, 415, 190113.0, 4.134
4.1415754000190645, 416, 190113.0, 4.134
3.6385484999918845, 417, 190113.0, 4.134
4.854952900001081, 418, 190113.0, 4.134
4.156057000014698, 419, 190113.0, 4.134
3.690546500001801, 420, 190113.0, 4.134
3.676168099977076, 421, 190113.0, 4.134
3.9364271000085864, 422, 190113.0, 4.134
3.947728500002995, 423, 190112.0, 4.133
5.077618400013307, 424, 190112.0, 4.133
7.123942400008673, 425, 190079.0, 4.115
7.598873500013724, 426, 190067.0, 4.109
9.597212699998636, 427, 190058.0, 4.104
11.008795200003078, 428, 190020.0, 4.083
11.5379743000085, 429, 189986.0, 4.064
12.112688900000649, 430, 189957.0, 4.048
11.336193399998592, 431, 189915.0, 4.025
11.261664399993606, 432, 189915.0, 4.025
9.864857599983225, 433, 189911.0, 4.023
12.20216009998694, 434, 189843.0, 3.986
11.427372899983311, 435, 189832.0, 3.980
12.218146100000013, 436, 189832.0, 3.980
9.825770600000396, 437, 189783.0, 3.953
8.675867200014181, 438, 189751.0, 3.936
7.55501749998075, 439, 189710.0, 3.913
8.469009199994616, 440, 189679.0, 3.896
8.503359499998624, 441, 189653.0, 3.882
6.064895499992417, 442, 189619.0, 3.863
4.224762400001055, 443, 189619.0, 3.863
4.586181599996053, 444, 189577.0, 3.840
4.419863499992061, 445, 189574.0, 3.839
4.660146699985489, 446, 189574.0, 3.839
3.868358100007754, 447, 189574.0, 3.839
4.154658899991773, 448, 189574.0, 3.839
3.957878899993375, 449, 189574.0, 3.839
5.097844100004295, 450, 189574.0, 3.839
3.883969899994554, 451, 189574.0, 3.839
4.155045400024392, 452, 189574.0, 3.839
4.530963600001996, 453, 189574.0, 3.839
4.167475999973249, 454, 189574.0, 3.839
4.540605200018035, 455, 189574.0, 3.839
4.566008599998895, 456, 189574.0, 3.839
3.5496173000137787, 457, 189574.0, 3.839
4.817482399987057, 458, 189574.0, 3.839
4.494249499985017, 459, 189574.0, 3.839
4.309802000003401, 460, 189574.0, 3.839
4.038878500025021, 461, 189574.0, 3.839
3.8737990999943577, 462, 189574.0, 3.839
4.045277900004294, 463, 189574.0, 3.839
4.614474900008645, 464, 189574.0, 3.839
3.769378600001801, 465, 189574.0, 3.839
3.797279599995818, 466, 189574.0, 3.839
4.288730600004783, 467, 189574.0, 3.839
4.366021800000453, 468, 189574.0, 3.839
4.032979199982947, 469, 189574.0, 3.839
4.476249300001655, 470, 189574.0, 3.839
4.186274300009245, 471, 189574.0, 3.839
4.139723900007084, 472, 189574.0, 3.839
4.385475899995072, 473, 189574.0, 3.839
3.794520299998112, 474, 189574.0, 3.839
4.082675000012387, 475, 189574.0, 3.839
3.9216997000039555, 476, 189574.0, 3.839
4.3473571999929845, 477, 189574.0, 3.839
3.9213000999880023, 478, 189574.0, 3.839
4.250009499985026, 479, 189574.0, 3.839
5.042747300001793, 480, 189574.0, 3.839
3.8155578000005335, 481, 189574.0, 3.839
4.154928700008895, 482, 189574.0, 3.839
3.8804560000135098, 483, 189574.0, 3.839
3.6640605999855325, 484, 189574.0, 3.839
3.9116738000011537, 485, 189574.0, 3.839
3.908061699999962, 486, 189574.0, 3.839
3.5752238999994006, 487, 189574.0, 3.839
3.905992200016044, 488, 189574.0, 3.839
4.186980500002392, 489, 189574.0, 3.839
3.655440999980783, 490, 189574.0, 3.839
3.8106877999962308, 491, 189574.0, 3.839
4.332906099996762, 492, 189574.0, 3.839
3.9548357000167016, 493, 189574.0, 3.839
4.213631299993722, 494, 189574.0, 3.839
3.927430799987633, 495, 189574.0, 3.839

tour:
[1885 1889 1928 1939 1984 2011 2029 2052 1978 1972 1966 2016 1987 2072
 2110 2053 2007 1955 1908 1867 1809 1738 1650 1594 1652 1727 1745 1886
 1890 1861 1864 1804 1803 1695 1658 1542 1558 1587 1590 1531 1449 1429
 1364 1318 1250 1118 1076 1043 1062  984  952  890  929  884  940  958
  999 1040 1102 1144 1230 1309 1355 1390 1411 1370 1305 1343 1325 1274
 1241 1213 1141 1137 1091 1105 1013  941  891  867  959 1039 1089 1113
 1219 1205 1237 1323 1336 1284 1306 1295 1192 1189 1186 1255 1341 1337
 1287 1311 1439 1471 1551 1569 1602 1528 1478 1426 1432 1436 1374 1441
 1422 1485 1546 1608 1621 1735 1786 1783 1819 1855 1892 1970 2017 1962
 1961 1933 1869 1798 1741 1706 1674 1568 1523 1536 1579 1592 1646 1759
 1756 1754 1838 1856 1833 1770 1672 1723 1684 1575 1588 1678 1616 1566
 1635 1637 1691 1731 1771 1857 1929 1789 1760 1842 1902 1924 1998 2010
 2088 2144 2025 2039 2015 1936 1912 1831 1843 1810 1701 1648 1697 1773
 1784 1728 1595 1577 1503 1452 1456 1458 1442 1515 1486 1424 1409 1455
 1352 1276 1142 1067 1098 1146 1199 1232 1380 1482 1488 1385 1292 1251
 1206 1132 1054  997 1001 1002 1063 1173 1214 1215 1249 1166 1163 1086
 1006  935  862  794  858  914  942  907  870  786  728  680  761  789
  766  671  581  569  571  632  636  697  700  806  840  903  923 1010
 1000 1082 1119 1143 1100 1070  990 1022  932  871  788  765  833  818
  754  689  705  645  612  573  551  580  592  622  591  577  513  509
  457  454  407  385  364  402  462  433  464  491  451  405  386  332
  281  260  228  258  276  326  348  383  465  496  558  618  574  527
  493  444  317  353  362  413  452  483  502  481  495  430  431  440
  414  379  343  303  286  323  358  357  423  468  540  602  541  609
  661  625  533  549  583  601  674  708  784  895  767  733  742  771
  841  835  816  791  740  675  630  685  669  594  619  529  530  442
  399  437  510  538  634  664  693  772  856  945  960  924  836  877
  878  994 1045 1018 1059 1117 1187 1240 1303 1288 1360 1440 1498 1465
 1500 1450 1342 1347 1372 1308 1264 1123 1202 1167 1074 1056 1154 1252
 1209 1175 1094 1068 1019  949  920  904  906  854  823  888  982 1031
 1011  971 1007 1051 1129 1127 1201 1242 1220 1222 1338 1332 1329 1275
 1302 1395 1333 1391 1479 1499 1573 1681 1685 1739 1794 1846 1909 1956
 1995 1926 2040 1949 2045 2099 2030 2130 2237 2277 2332 2260 2206 2217
 2251 2325 2366 2397 2469 2589 2638 2650 2694 2735 2693 2641 2596 2614
 2518 2425 2446 2474 2440 2394 2511 2454 2504 2585 2639 2655 2605 2580
 2533 2464 2419 2346 2335 2339 2261 2241 2257 2167 2114 2112 2195 2310
 2372 2435 2461 2494 2574 2552 2590 2642 2549 2500 2562 2602 2648 2597
 2513 2442 2369 2282 2227 2176 2103 2100 2023 2059 2056 2137 2162 2178
 2207 2127 2049 2060 1942 1950 1906 1922 1918 1903 1941 1968 1930 1896
 1825 1733 1753 1675 1618 1556 1495 1540 1600 1692 1709 1743 1781 1633
 1550 1625 1698 1778 1807 1787 1750 1816 1742 1882 1957 2005 2069 2146
 2177 2243 2172 2141 2078 2024 1973 1879 1920 1940 2073 2134 2128 2267
 2252 2197 2254 2315 2258 2317 2320 2340 2404 2377 2307 2249 2292 2213
 2116 2224 2353 2287 2248 2328 2379 2457 2429 2486 2490 2550 2547 2465
 2399 2470 2492 2582 2534 2447 2514 2560 2558 2523 2644 2695 2756 2719
 2725 2817 2855 2880 2929 3018 2995 3015 2923 2863 2840 2835 2818 2814
 2894 2888 2808 2698 2716 2713 2856 2897 2951 2975 2986 2967 3000 3053
 3114 3252 3337 3303 3242 3220 3185 3048 2941 2999 2947 2937 3011 3036
 3078 3145 3160 3176 3091 3141 3171 3281 3300 3335 3375 3374 3419 3352
 3356 3400 3373 3286 3228 3162 3200 3151 3154 3108 3031 3046 3027 2970
 2861 2887 2940 2933 2852 2810 2807 2736 2689 2673 2591 2553 2539 2664
 2670 2710 2751 2793 2824 2827 2697 2701 2744 2712 2765 2877 2939 2922
 2919 2905 2949 2993 3047 3122 3042 3039 3113 3194 3173 3237 3314 3389
 3427 3458 3361 3380 3418 3448 3494 3589 3638 3679 3735 3766 3671 3793
 3832 3847 3870 3906 3837 3712 3678 3654 3605 3644 3705 3765 3779 3780
 3694 3630 3586 3637 3620 3677 3701 3747 3772 3822 3904 3900 3984 3916
 3991 3976 4024 4042 4051 4104 4068 4019 4006 3947 3937 3907 3890 3874
 3876 3913 3855 3817 3760 3697 3743 3785 3814 3872 3960 3983 3941 3877
 3835 3791 3737 3754 3709 3632 3588 3574 3544 3424 3443 3534 3549 3608
 3686 3764 3740 3650 3631 3634 3604 3639 3682 3688 3700 3788 3844 3824
 3804 3746 3731 3726 3797 3796 3871 3931 3943 4001 4028 4080 4108 4110
 4121 4151 4138 4101 4050 4014 3989 4048 4047 4040 3993 3933 3968 3912
 3926 4000 4074 4067 4036 3973 3966 3936 3917 3885 3850 3816 3827 3805
 3828 3845 3808 3778 3750 3715 3732 3770 3782 3819 3724 3662 3611 3625
 3550 3568 3493 3467 3445 3476 3485 3462 3440 3529 3509 3451 3468 3478
 3405 3349 3320 3255 3215 3239 3273 3323 3398 3384 3292 3362 3370 3295
 3236 3299 3195 3175 3087 3163 3118 3071 3111 3090 2985 2918 2964 2998
 3055 3052 3012 2956 3059 3132 3123 3183 3187 3210 3213 3238 3247 3293
 3340 3304 3260 3196 3112 3007 3065 3107 3208 3190 3270 3334 3351 3417
 3507 3553 3598 3581 3547 3535 3425 3429 3465 3412 3392 3388 3331 3245
 3164 3121 3080 3098 3197 3305 3358 3399 3480 3536 3522 3486 3446 3393
 3344 3426 3483 3452 3510 3552 3609 3560 3532 3502 3447 3435 3336 3338
 3256 3216 3181 3223 3167 3234 3248 3191 3153 3066 3072 3023 2904 2884
 2977 3014 2960 2889 2876 2783 2700 2743 2788 2791 2799 2802 2737 2740
 2832 2893 2851 2777 2692 2734 2806 2823 2883 2955 2959 2910 2912 2775
 2759 2679 2603 2579 2628 2576 2499 2503 2402 2338 2303 2309 2247 2259
 2319 2281 2199 2155 2117 2115 2133 2111 2038 1967 1946 1907 2048 2083
 2107 2136 2194 2276 2296 2226 2142 2082 2087 2190 2212 2291 2396 2376
 2360 2415 2483 2610 2613 2538 2441 2463 2367 2298 2221 2196 2154 2098
 2143 2085 2160 2230 2357 2410 2453 2491 2525 2408 2421 2481 2557 2598
 2617 2581 2506 2468 2524 2611 2646 2671 2682 2805 2843 2871 2812 2742
 2748 2821 2792 2950 2948 2916 2944 2980 2991 2989 3038 3060 3148 3144
 3128 3109 3058 3005 2943 2850 2813 2762 2853 2901 2795 2733 2731 2657
 2608 2568 2565 2599 2632 2634 2636 2676 2755 2750 2764 2797 2796 2842
 2903 2896 2914 2945 2981 2976 2872 2834 2819 2722 2654 2570 2633 2561
 2478 2497 2460 2434 2489 2537 2551 2595 2625 2684 2724 2798 2768 2801
 2881 2854 2917 2931 3003 3022 3041 3101 3082 3050 3106 3064 3110 3152
 3207 3203 3241 3309 3312 3366 3439 3531 3541 3617 3656 3607 3594 3565
 3491 3453 3423 3343 3379 3420 3396 3315 3298 3287 3199 3130 3097 3021
 3008 2974 3045 2992 3051 3086 3126 3169 3233 3250 3296 3319 3322 3240
 3180 3269 3409 3421 3436 3416 3479 3464 3505 3442 3501 3580 3595 3597
 3629 3567 3558 3573 3498 3473 3472 3516 3521 3563 3585 3652 3653 3636
 3603 3592 3512 3514 3471 3441 3401 3326 3341 3342 3313 3279 3264 3166
 3150 3104 3085 3054 3089 3057 3074 3115 3129 3174 3189 3251 3297 3348
 3395 3318 3259 3226 3179 3219 3291 3327 3357 3385 3329 3246 3278 3333
 3376 3383 3457 3513 3572 3623 3548 3627 3669 3692 3702 3777 3831 3853
 3803 3759 3714 3744 3781 3849 3833 3902 3940 3925 3929 3949 3965 4004
 4003 3979 4027 4064 4098 4081 4039 3995 3952 3875 3932 3975 4034 4056
 4069 4091 4117 4147 4126 4130 4131 4136 4188 4209 4231 4260 4313 4299
 4243 4239 4195 4204 4220 4211 4166 4123 4084 4075 4041 4012 3985 3957
 3953 3921 3938 3978 3950 3893 3840 3843 3866 3879 3834 3767 3738 3706
 3708 3695 3757 3799 3838 3839 3774 3703 3643 3670 3665 3633 3556 3508
 3449 3490 3546 3591 3499 3497 3469 3466 3434 3431 3527 3569 3613 3524
 3489 3504 3519 3533 3564 3584 3647 3689 3734 3745 3775 3813 3795 3848
 3915 3986 4032 4057 4085 4113 4102 4073 4150 4158 4193 4207 4196 4163
 4128 4154 4118 4079 4023 3981 3924 3898 3830 3790 3751 3739 3711 3663
 3661 3704 3720 3660 3624 3655 3616 3672 3758 3787 3852 3918 3951 3946
 3861 3858 3899 3807 3768 3723 3749 3722 3718 3762 3786 3800 3730 3676
 3590 3540 3601 3664 3725 3810 3821 3903 3867 3939 3972 3958 3963 3930
 3884 3863 3892 3935 3992 4018 4035 4060 4049 4093 4129 4191 4212 4213
 4225 4164 4114 4066 4076 4030 3997 3970 3982 3987 3990 4046 4089 4087
 4152 4167 4189 4201 4240 4254 4296 4304 4274 4276 4292 4270 4237 4272
 4244 4262 4232 4233 4275 4277 4295 4300 4279 4206 4197 4174 4184 4194
 4170 4159 4124 4095 4127 4133 4157 4178 4210 4246 4281 4289 4303 4322
 4346 4333 4329 4317 4330 4334 4365 4381 4377 4354 4336 4348 4325 4302
 4324 4343 4351 4341 4379 4364 4335 4310 4286 4306 4307 4273 4252 4229
 4205 4176 4132 4100 4120 4107 4078 4037 3977 3956 3920 3865 3836 3812
 3944 3889 3919 3964 4005 4055 4105 4137 4143 4181 4219 4199 4224 4245
 4256 4269 4235 4221 4190 4238 4271 4259 4278 4298 4311 4291 4305 4309
 4349 4367 4362 4390 4402 4375 4392 4384 4398 4399 4400 4434 4450 4452
 4453 4449 4454 4433 4425 4413 4417 4411 4427 4440 4460 4459 4458 4447
 4438 4437 4431 4421 4409 4410 4403 4374 4376 4366 4358 4385 4397 4396
 4418 4435 4445 4456 4457 4446 4436 4443 4455 4451 4441 4444 4448 4442
 4432 4439 4426 4428 4420 4408 4394 4393 4416 4419 4422 4414 4407 4395
 4387 4371 4370 4382 4357 4344 4363 4372 4386 4391 4405 4412 4406 4424
 4429 4430 4423 4415 4404 4389 4380 4360 4356 4331 4327 4323 4340 4337
 4347 4320 4332 4318 4290 4315 4314 4350 4361 4373 4352 4369 4401 4388
 4383 4378 4338 4353 4368 4342 4316 4326 4359 4339 4355 4345 4321 4308
 4301 4288 4264 4223 4187 4162 4094 4062 4038 4010 3980 4026 4065 4083
 4134 4142 4116 4169 4171 4203 4234 4250 4257 4294 4242 4261 4263 4249
 4217 4226 4228 4222 4230 4251 4268 4285 4293 4258 4253 4280 4255 4247
 4266 4282 4267 4283 4284 4297 4319 4328 4312 4287 4241 4236 4227 4218
 4180 4156 4216 4208 4192 4173 4148 4140 4146 4172 4161 4135 4177 4214
 4186 4149 4111 4063 3999 3988 4015 4054 4044 4086 4070 4092 4071 4097
 4099 4122 4115 4145 4168 4183 4185 4155 4175 4198 4215 4248 4265 4200
 4179 4165 4141 4112 4103 4052 4053 4031 4029 3998 3954 3901 3896 3910
 3776 3841 3873 3909 3945 4009 4020 4021 4072 4082 4119 4109 4125 4090
 4088 4058 4016 4033 4002 3971 4011 4043 4022 3969 3955 3927 3880 3868
 3878 3911 3948 4007 3961 3887 3826 3798 3769 3773 3733 3699 3658 3642
 3583 3518 3579 3500 3528 3571 3619 3674 3728 3742 3753 3792 3860 3883
 3928 3923 3897 3869 3846 3829 3763 3719 3685 3680 3575 3543 3593 3641
 3610 3562 3503 3525 3492 3450 3414 3403 3345 3387 3364 3422 3484 3496
 3557 3538 3615 3649 3596 3646 3690 3707 3729 3784 3811 3851 3888 3891
 3894 3934 3994 4061 4045 4013 3962 3905 3857 3914 3864 3842 3761 3717
 3681 3622 3635 3587 3599 3526 3394 3391 3411 3365 3308 3263 3275 3205
 3155 3070 3019 2946 2927 2962 2994 3063 3105 3028 2954 2886 2891 2828
 2826 2822 2729 2656 2594 2542 2578 2663 2635 2705 2723 2816 2800 2804
 2732 2717 2653 2619 2721 2760 2875 2848 2866 2867 2794 2860 2920 2803
 2766 2688 2623 2573 2612 2675 2738 2667 2567 2517 2448 2409 2381 2361
 2323 2318 2201 2151 2219 2253 2180 2106 2068 2126 2125 2156 2202 2152
 2216 2211 2208 2135 2037 1964 1948 2021 2003 1991 1983 1938 2000 1971
 2084 2101 2067 2147 2232 2268 2210 2215 2150 2187 2223 2279 2331 2336
 2300 2289 2414 2426 2521 2584 2587 2509 2456 2459 2343 2272 2239 2290
 2278 2349 2400 2445 2475 2531 2541 2630 2661 2645 2711 2709 2761 2815
 2874 2926 2864 2837 2935 3004 3096 3088 3030 2997 2978 3102 3079 2936
 2984 2958 2953 3040 3117 3182 3227 3214 3271 3317 3355 3408 3461 3475
 3487 3506 3433 3347 3369 3277 3265 3244 3186 3136 3084 3140 3170 3172
 3192 3285 3354 3302 3325 3290 3218 3222 3267 3276 3209 3284 3353 3360
 3311 3294 3268 3316 3372 3404 3367 3368 3463 3488 3537 3555 3614 3648
 3626 3668 3748 3789 3794 3820 3815 3802 3783 3727 3710 3667 3675 3657
 3684 3716 3683 3645 3551 3566 3612 3651 3693 3755 3756 3801 3736 3721
 3687 3582 3523 3545 3577 3606 3640 3659 3698 3713 3673 3666 3602 3570
 3530 3459 3460 3455 3482 3406 3397 3381 3307 3289 3301 3283 3346 3415
 3402 3363 3428 3515 3561 3578 3559 3495 3456 3438 3407 3382 3339 3274
 3321 3253 3225 3188 3142 3204 3230 3198 3147 3076 3010 3043 3081 3017
 3033 3056 3037 2968 2973 2979 2996 3119 3177 3221 3262 3310 3249 3206
 3138 3062 3068 3092 3095 3157 3159 3146 3178 3116 3100 3026 2972 2987
 2915 2878 2873 2846 2831 2870 2862 2857 2779 2754 2784 2758 2786 2790
 2708 2686 2659 2715 2782 2825 2839 2882 2885 2911 2938 3013 3124 3139
 3168 3202 3261 3232 3235 3280 3330 3386 3430 3474 3444 3413 3371 3332
 3350 3378 3437 3454 3542 3511 3481 3554 3600 3628 3691 3741 3752 3806
 3818 3854 3895 3908 3886 3882 3942 3959 3974 3967 4008 4017 4059 4106
 4144 4153 4160 4202 4182 4139 4077 4096 4025 3996 3922 3881 3859 3856
 3809 3823 3862 3825 3771 3696 3618 3621 3576 3517 3520 3539 3477 3470
 3390 3432 3377 3288 3243 3201 3149 3135 3125 3061 3016 3001 2983 3035
 2988 2925 2957 3009 3024 3075 3158 3211 3282 3224 3231 3266 3328 3410
 3359 3306 3324 3272 3257 3212 3217 3229 3184 3165 3133 3131 3099 3094
 3025 3020 3032 2965 2942 2895 2838 2749 2685 2746 2789 2849 2830 2720
 2668 2622 2592 2569 2616 2575 2572 2571 2487 2437 2458 2528 2495 2479
 2444 2449 2411 2391 2431 2416 2344 2311 2308 2192 2108 2070 1994 1953
 1913 1866 1990 2064 2020 2042 2074 2093 2165 2179 2132 2145 2231 2262
 2266 2250 2270 2273 2312 2294 2256 2185 2119 2188 2245 2288 2322 2354
 2299 2334 2382 2406 2380 2362 2342 2358 2389 2423 2516 2577 2543 2545
 2618 2666 2662 2660 2626 2624 2609 2687 2727 2763 2747 2833 2847 2879
 2932 2963 2924 2909 2908 2859 2780 2767 2770 2702 2652 2621 2520 2450
 2488 2508 2555 2473 2462 2407 2417 2439 2455 2413 2371 2373 2301 2321
 2242 2186 2149 2129 2032 2035 1963 1989 1975 1954 1911 1868 1915 1960
 2008 2006 2065 2046 2080 2120 2174 2175 2246 2271 2163 2166 2168 2238
 2274 2329 2348 2283 2200 2169 2159 2095 2013 1969 1921 2004 2051 1992
 1981 1996 1986 1959 1934 1871 1852 1817 1814 1782 1744 1765 1664 1585
 1680 1720 1777 1829 1900 1862 1806 1788 1752 1835 1872 1834 1800 1748
 1725 1654 1636 1552 1524 1474 1375 1379 1316 1384 1421 1451 1387 1366
 1293 1260 1279 1281 1248 1196 1176 1107 1044 1081 1041 1030  980  928
  886  880  838  796  787  731  655  641  718  777  824  846  874  947
  953  972 1046 1048 1088 1130 1169 1174 1139 1158 1212 1277 1326 1363
 1383 1339 1267 1313 1392 1420 1466 1517 1548 1628 1589 1622 1582 1527
 1476 1415 1473 1538 1535 1491 1631 1634 1638 1710 1676 1772 1802 1858
 1891 1895 1823 1755 1719 1762 1687 1670 1597 1599 1615 1642 1747 1870
 1985 2041 2002 1905 1859 1840 1791 1696 1679 1718 1721 1666 1593 1534
 1532 1530 1526 1543 1506 1468 1427 1408 1433 1412 1399 1472 1460 1459
 1423 1381 1378 1300 1234 1289 1319 1340 1406 1490 1430 1386 1297 1231
 1266 1282 1299 1351 1334 1356 1361 1254 1256 1257 1263 1365 1453 1489
 1545 1464 1438 1522 1512 1553 1641 1614 1653 1705 1779 1799 1746 1712
 1677 1663 1717 1736 1774 1821 1826 1827 1865 1932 1974 1965 2018 2079
 2076 2092 2148 2012 1927 1887 1847 1880 1910 1958 1993 1977 2026 2081
 2153 2255 2240 2225 2244 2205 2173 2062 2063 2090 2131 2191 2209 2269
 2305 2265 2390 2405 2436 2466 2526 2536 2505 2484 2452 2368 2347 2443
 2471 2527 2559 2498 2532 2548 2604 2637 2651 2665 2649 2696 2690 2714
 2753 2907 3049 3083 3067 3143 3093 3034 2982 2961 2913 2890 2845 2785
 2681 2683 2745 2820 2836 2865 2934 2971 2952 2906 2844 2811 2787 2776
 2726 2658 2554 2529 2385 2286 2203 2234 2214 2218 2161 2104 2124 2123
 2118 2138 2198 2164 2181 2236 2293 2398 2363 2393 2430 2507 2586 2620
 2704 2680 2699 2739 2757 2769 2778 2728 2674 2593 2615 2631 2566 2563
 2418 2326 2316 2333 2387 2422 2482 2428 2403 2355 2341 2304 2235 2263
 2264 2228 2285 2222 2158 2086 2050 2105 2091 2031 1988 1947 1951 1897
 1875 1805 1790 1837 1851 1832 1764 1761 1796 1740 1686 1669 1707 1729
 1751 1659 1603 1601 1596 1561 1505 1511 1443 1418 1401 1414 1371 1350
 1307 1280 1298 1312 1238 1203 1148 1216 1160 1126 1092 1061 1080 1014
 1077 1135 1171 1116 1114 1128 1110 1164 1161 1179 1138 1193 1224 1151
 1149 1124 1026 1029 1009 1012 1090 1064 1085 1025  975  983  967  912
  857  859  826  779  817  795  785  837  861  918  900  868  943  931
  873  830  831  844  811  729  756  698  676  725  686  646  702  715
  773  774  869  802  820  798  770  737  747  792  876  921  954  991
 1004  915  964  979  939  889  827  821  757  712  716  670  642  579
  620  666  691  768  687  721  734  640  714  741  803  807  760  776
  815  793  848  852  922  936  896  872  946  950 1033 1065 1060  962
  885  976  925  864  851  736  692  631  584  605  635  543  526  507
  524  561  519  494  514  544  553  616  652  677  709  738  751  723
  682  626  595  582  500  447  391  368  345  316  273  272  251  221
  188  179  189  173  166  149  150  158  182  190  210  233  245  275
  311  334  324  360  396  487  474  401  331  352  327  306  292  270
  236  209  170  145  162  163  195  220  244  240  263  266  298  290
  259  257  256  223  219  225  193  187  215  203  206  216  241  264
  262  295  342  338  376  347  370  390  445  466  422  425  455  412
  415  488  479  490  550  535  585  604  615  554  511  458  505  472
  411  395  424  393  392  380  330  309  284  310  318  336  337  247
  246  235  217  212  224  227  185  213  239  253  265  280  278  294
  307  341  366  355  403  448  434  420  419  517  520  499  469  484
  537  598  597  663  673  678  614  613  637  559  548  498  534  536
  506  572  603  617  657  556  542  486  441  400  328  340  363  378
  427  436  421  373  369  446  478  418  432  475  410  359  305  269
  237  238  230  250  279  315  282  252  214  196  205  167  168  178
  192  208  218  242  255  300  321  268  289  302  249  229  231  232
  261  296  297  333  367  387  389  453  471  409  372  349  304  287
  320  274  254  234  202  186  172  161  175  138  116  108   91   85
   63   48   54   29   27   26   55   73   96   89  112  131  123  130
  147  146  177  194  184  183  200  207  211  199  198  197  180  174
  134  142  114  113  101   77   90   86  106  124  136  132  144  137
  139  128   99  100   81   65   51   44   50   69   64   53   28   38
   30   42   18   10    2    1    5   16    7   14   19   25   39   45
   47   66   61   43   32   21   17    8   20   31   41   23   35   62
   72   76   80   79   93  109  119   95   83   92   68   56   58   70
   59   75   88  105  118  140  159  160  153  151  148  126  115  143
  129  156  154  152  191  222  204  181  165  164  121  102  103  107
   74   52   40   46   34   13    6   11    9   12    3    0    4   15
   24   22   33   60   82   71   94  111  110  127  117   98   87   78
   49   37   36   57   67   84   97  104  125  135  133  122  120  141
  157  176  171  155  169  201  226  243  248  277  291  314  365  350
  397  438  416  429  476  492  528  515  560  638  608  586  552  525
  470  449  394  384  312  299  319  344  339  313  301  374  406  450
  501  523  564  562  596  647  683  726  750  781  850  898  916  969
 1050 1087 1052  998  905  910  758  732  744  825  894  986 1034 1066
 1093 1140 1122 1125 1145 1147 1165 1218 1197 1194 1261 1296 1400 1376
 1393 1358 1317 1314 1285 1235 1207 1172 1185 1131 1115 1072 1057 1016
 1028  996  955  897  901  927  909  887  842  804  800  799  849  748
  703  681  658  656  633  589  575  456  489  546  563  628  650  727
  679  710  730  743  763  813  832  875  892  985  951  937  989  995
 1023 1049 1027 1075 1104 1133 1210 1184 1217 1200 1084 1159 1177 1227
 1278 1398 1469 1519 1425 1445 1480 1417 1457 1513 1509 1507 1470 1397
 1428 1502 1483 1529 1605 1662 1665 1591 1651 1737 1714 1801 1822 1836
 1904 1876 1898 1828 1830 1797 1763 1673 1612 1564 1581 1583 1586 1571
 1547 1576 1629 1702 1667 1693 1775 1757 1792 1811 1844 1841 1860 1888
 1849 1914 1979 1976 2043 2061 2097 2121 2077 2036 2001 2071 2034 2054
 1997 1937 1935 1916 1883 1766 1722 1688 1689 1643 1570 1525 1461 1419
 1403 1394 1286 1290 1291 1225 1190 1136 1152 1168 1221 1162 1243 1265
 1331 1373 1344 1434 1504 1565 1537 1493 1560 1484 1407 1324 1270 1258
 1226 1096 1078 1017  987  930  965  977  902  853  881  808  745  659
  590  512  459  461  388  356  354  329  308  293  271  325  322  288
  267  285  283  346  381  371  375  377  351  398  439  426  435  477
  547  578  621  643  565  521  482  503  485  539  653  711  769  706
  722  764  834  933  992 1037 1073 1103 1183 1170 1236 1301 1382 1444
 1514 1554 1580 1639 1660 1617 1623 1758 1795 1776 1749 1820 1873 1884
 1881 1812 1724 1703 1632 1562 1609 1647 1607 1619 1604 1567 1497 1462
 1544 1501 1533 1518 1396 1359 1353 1416 1413 1369 1244 1180 1178 1228
 1156 1120 1095 1083 1099 1111 1253 1208 1153 1155 1191 1272 1304 1327
 1367 1368 1410 1437 1377 1330 1247 1198 1109 1069 1020 1032  944  913
  828  790  759  822  882  957  974 1042 1055 1038 1035  970  919  934
  988  948  911 1003  981  978  908  865  899  860  845  938  973 1024
 1079 1106 1150 1182 1204 1233 1223 1269 1320 1405 1446 1487 1494 1549
 1613 1656 1690 1768 1732 1734 1824 1893 1853 1917 1980 2028 2102 2204
 2302 2374 2327 2313 2295 2384 2352 2359 2432 2438 2378 2345 2383 2401
 2370 2427 2485 2501 2496 2564 2600 2627 2643 2606 2535 2424 2476 2515
 2493 2510 2467 2388 2350 2364 2365 2420 2480 2519 2583 2607 2672 2706
 2703 2677 2691 2629 2556 2530 2512 2433 2392 2337 2284 2386 2451 2502
 2544 2546 2522 2588 2640 2669 2678 2718 2772 2741 2707 2774 2858 2900
 2902 2921 2829 2771 2809 2773 2868 2899 2898 2969 3073 3077 3161 3258
 3254 3193 3156 3127 3069 3002 2928 3029 3103 3137 3134 3120 3044 2990
 3006 2966 2930 2892 2869 2841 2781 2752 2730 2647 2601 2540 2477 2472
 2395 2375 2412 2356 2297 2351 2330 2324 2193 2109 2139 2096 2171 2170
 2229 2189 2233 2306 2275 2314 2280 2183 2184 2055 1999 1925 2033 2009
 1982 1952 2047 2019 1945 1919 1894 1901 1850 1767 1785 1715 1661 1711
 1655 1578 1668 1630 1683 1716 1713 1657 1644 1620 1559 1516 1448 1362
 1322 1268 1294 1239 1229 1188 1134 1108 1071 1101 1181 1245 1345 1388
 1454 1435 1492 1508 1541 1557 1584 1572 1574 1624 1627 1682 1808 1839
 1878 1874 1944 2022 2058 2094 2140 2122 2066 2027 2089 2113 2182 2220
 2157 2044 2057 2075 2014 1943 1854 1923 1931 1815 1726 1730 1640 1694
 1699 1793 1877 1899 1863 1813 1704 1626 1606 1645 1555 1477 1357 1310
 1283 1348 1328 1431 1496 1563 1598 1611 1520 1467 1447 1404 1481 1354
 1335 1315 1321 1273 1211 1058  966  963  866  855  762  746  783  690
  695  805  809  829  847  879  819  739  694  665  606  587  651  672
  782  749  719  648  611  668  639  607  599  570  644  684  660  610
  545  531  516  576  568  504  522  480  443  417  460  532  593  623
  649  688  724  707  696  699  755  752  839  956 1005 1021  968  917
  893  814  717  667  654  629  600  588  555  508  473  428  408  361
  335  382  404  467  463  497  518  557  624  627  567  566  662  704
  720  701  713  775  810  812  778  780  735  797  863  753  801  843
  883  926  961 1015 1008 1053 1112 1036  993 1047 1097 1121 1157 1195
 1271 1259 1262 1246 1346 1389 1349 1402 1463 1475 1510 1539 1521 1610
 1649 1700 1671 1708 1769 1818 1780 1845 1848]

eliteFit: 189574.0
percentError: 3.8386117897089274
computationTime: 3069.971s