instanceName: d2103
n: 2103
optFit: 80450

genTime, gen, eliteFit, percentError:
0.002412300000059986, 0, 3160878.0, 3828.997
3.6782282000001487, 1, 92561.0, 15.054
2.070269000000053, 2, 91598.0, 13.857
1.846160300000065, 3, 90420.0, 12.393
1.9813472999999249, 4, 89544.0, 11.304
1.8902757000000747, 5, 88722.0, 10.282
1.7520443000000796, 6, 87790.0, 9.124
1.6999686999999994, 7, 87052.0, 8.206
1.793425500000012, 8, 86822.0, 7.920
1.7170532000000094, 9, 85932.0, 6.814
1.755726999999979, 10, 85932.0, 6.814
1.680857500000002, 11, 85569.0, 6.363
1.6938451000000896, 12, 84842.0, 5.459
1.7217003999999179, 13, 84644.0, 5.213
1.7097792000001846, 14, 84222.0, 4.689
1.6384120999998686, 15, 83929.0, 4.324
1.6145982000000458, 16, 83797.0, 4.160
1.616101800000024, 17, 83422.0, 3.694
1.5590594000000237, 18, 83303.0, 3.546
1.6320777999999336, 19, 83008.0, 3.180
1.6305499000000054, 20, 82979.0, 3.144
1.4809923000000254, 21, 82710.0, 2.809
1.4786055999998098, 22, 82562.0, 2.625
1.4959571000001688, 23, 82435.0, 2.467
1.5911117999999078, 24, 82435.0, 2.467
1.467323800000031, 25, 82435.0, 2.467
1.279817200000025, 26, 82251.0, 2.239
1.2578532999998515, 27, 82251.0, 2.239
1.017980800000032, 28, 82135.0, 2.094
0.6584413000000495, 29, 82135.0, 2.094
0.702613700000029, 30, 82083.0, 2.030
0.4448547000001781, 31, 82083.0, 2.030
0.4455634999999347, 32, 82083.0, 2.030
0.471987800000079, 33, 82081.0, 2.027
0.3916140000001178, 34, 82081.0, 2.027
0.4389572000000044, 35, 82081.0, 2.027
0.43912810000006175, 36, 82081.0, 2.027
0.383699100000058, 37, 82081.0, 2.027
0.3916589999998905, 38, 82062.0, 2.004
0.42506020000018907, 39, 82008.0, 1.937
0.4745010999999977, 40, 82008.0, 1.937
0.43621699999994235, 41, 82008.0, 1.937
0.455887999999959, 42, 81990.0, 1.914
0.4179999000000407, 43, 81990.0, 1.914
0.4341205999999147, 44, 81990.0, 1.914
0.4348671000000195, 45, 81990.0, 1.914
0.4286128999999619, 46, 81990.0, 1.914
0.4242730999999367, 47, 81990.0, 1.914
0.36585619999982555, 48, 81990.0, 1.914
0.5028505999998742, 49, 81989.0, 1.913
0.569822300000169, 50, 81989.0, 1.913
0.5839026000001013, 51, 81972.0, 1.892
0.9649708000001738, 52, 81885.0, 1.784
0.6675940000000082, 53, 81867.0, 1.761
0.651821899999959, 54, 81867.0, 1.761
0.5640467999999146, 55, 81836.0, 1.723
0.4082455000000209, 56, 81836.0, 1.723
0.47779239999999845, 57, 81836.0, 1.723
0.48877740000011727, 58, 81788.0, 1.663
0.44784039999990455, 59, 81788.0, 1.663
0.44956439999987197, 60, 81788.0, 1.663
0.43145370000002004, 61, 81788.0, 1.663
0.3810547000000497, 62, 81788.0, 1.663
0.43399410000006355, 63, 81788.0, 1.663
0.36889640000003965, 64, 81788.0, 1.663
0.4128682000000481, 65, 81788.0, 1.663
0.3795896999999968, 66, 81788.0, 1.663
0.39389359999995577, 67, 81788.0, 1.663
0.40729140000007646, 68, 81788.0, 1.663
0.46357450000004974, 69, 81788.0, 1.663
0.4337420000001657, 70, 81788.0, 1.663
0.4259773999999652, 71, 81769.0, 1.640
0.4689318999999159, 72, 81769.0, 1.640
0.3914879999999812, 73, 81769.0, 1.640
0.4226344999999583, 74, 81769.0, 1.640
0.3868261000000075, 75, 81769.0, 1.640
0.4379446000000371, 76, 81769.0, 1.640
0.37421249999988504, 77, 81769.0, 1.640
0.40950870000006034, 78, 81769.0, 1.640
0.40916070000002946, 79, 81769.0, 1.640
0.3895589999999629, 80, 81769.0, 1.640
0.40847899999994297, 81, 81769.0, 1.640
0.3829494000001432, 82, 81769.0, 1.640
0.3739241000000675, 83, 81769.0, 1.640
0.47325579999983347, 84, 81722.0, 1.581
0.3839929000000666, 85, 81692.0, 1.544
0.39624529999991864, 86, 81692.0, 1.544
0.44872670000017933, 87, 81667.0, 1.513
0.4220924000001105, 88, 81654.0, 1.497
0.4367113999999219, 89, 81646.0, 1.487
0.4055769000001419, 90, 81646.0, 1.487
0.43565480000006573, 91, 81646.0, 1.487
0.43197220000001835, 92, 81646.0, 1.487
0.3896104999998897, 93, 81646.0, 1.487
0.43396789999997054, 94, 81646.0, 1.487
0.3753661999999167, 95, 81646.0, 1.487
0.4390849999999773, 96, 81646.0, 1.487
0.4296039999999266, 97, 81646.0, 1.487
0.4537032000000636, 98, 81646.0, 1.487
0.3804136999999628, 99, 81646.0, 1.487
0.48462160000008225, 100, 81646.0, 1.487
0.43515660000002754, 101, 81646.0, 1.487
0.3918759000000591, 102, 81646.0, 1.487
0.43462220000014895, 103, 81646.0, 1.487
0.4304322000000411, 104, 81646.0, 1.487
0.40452110000001085, 105, 81646.0, 1.487
0.46877840000001925, 106, 81646.0, 1.487
0.44393920000015896, 107, 81646.0, 1.487
0.404431299999942, 108, 81646.0, 1.487
0.4626802000000225, 109, 81646.0, 1.487
0.4392150999999558, 110, 81646.0, 1.487
0.49385480000000825, 111, 81646.0, 1.487
0.39460379999991346, 112, 81646.0, 1.487
0.4501143999998476, 113, 81646.0, 1.487
0.39032590000010714, 114, 81646.0, 1.487
0.44957769999996344, 115, 81646.0, 1.487
0.3654566000000159, 116, 81646.0, 1.487
0.4145628000001125, 117, 81646.0, 1.487
0.43069450000007237, 118, 81646.0, 1.487
0.4264937000000373, 119, 81646.0, 1.487
0.40987410000002455, 120, 81646.0, 1.487
0.42383889999996427, 121, 81646.0, 1.487
0.4474801999999727, 122, 81646.0, 1.487
0.4018266999999014, 123, 81646.0, 1.487
0.3987595000000965, 124, 81629.0, 1.466
0.45911359999990964, 125, 81629.0, 1.466
0.36110130000020035, 126, 81629.0, 1.466
0.37858249999999316, 127, 81629.0, 1.466
0.37597379999988334, 128, 81629.0, 1.466
0.4278558000000885, 129, 81629.0, 1.466
0.41809760000001006, 130, 81629.0, 1.466
0.43446719999997185, 131, 81629.0, 1.466
0.43877709999992476, 132, 81629.0, 1.466
0.45324510000000373, 133, 81629.0, 1.466
0.39320740000016485, 134, 81629.0, 1.466
0.4319072999999207, 135, 81629.0, 1.466
0.4139619000000039, 136, 81629.0, 1.466
0.39716359999988526, 137, 81629.0, 1.466
0.3965232000000469, 138, 81629.0, 1.466
0.38246970000000147, 139, 81629.0, 1.466
0.42581079999990834, 140, 81629.0, 1.466
0.43281739999997626, 141, 81629.0, 1.466
0.4207819999999174, 142, 81629.0, 1.466
0.45312490000014805, 143, 81629.0, 1.466
0.4037760999999591, 144, 81629.0, 1.466
0.36789230000022144, 145, 81629.0, 1.466
0.4632784000000356, 146, 81629.0, 1.466
0.4070520000000215, 147, 81629.0, 1.466
0.4560750000000553, 148, 81629.0, 1.466
0.39750309999999445, 149, 81629.0, 1.466
0.4153005000000576, 150, 81629.0, 1.466
0.4450539999998, 151, 81629.0, 1.466
0.38287849999983337, 152, 81629.0, 1.466
0.3930746999999428, 153, 81603.0, 1.433
0.4283881000001202, 154, 81603.0, 1.433
0.3755564000000504, 155, 81603.0, 1.433
0.3828894999999193, 156, 81603.0, 1.433
0.4619673000001967, 157, 81603.0, 1.433
0.3940273000000616, 158, 81603.0, 1.433
0.41634369999997034, 159, 81603.0, 1.433
0.4039579000000231, 160, 81603.0, 1.433
0.472979099999975, 161, 81603.0, 1.433
0.4193726000000879, 162, 81546.0, 1.362
0.4467713999999887, 163, 81546.0, 1.362
0.3968501000001652, 164, 81543.0, 1.359
0.3498729000000367, 165, 81543.0, 1.359
0.39796750000004977, 166, 81543.0, 1.359
0.380124700000124, 167, 81543.0, 1.359
0.39595280000003186, 168, 81543.0, 1.359
0.41600309999989804, 169, 81543.0, 1.359
0.4285196000000724, 170, 81543.0, 1.359
0.43735430000015185, 171, 81543.0, 1.359
0.43208039999990433, 172, 81543.0, 1.359
0.40485949999992954, 173, 81543.0, 1.359
0.4616617000001497, 174, 81543.0, 1.359
0.44450659999984055, 175, 81543.0, 1.359
0.39212549999979274, 176, 81543.0, 1.359
0.4064832999999908, 177, 81543.0, 1.359
0.3693422000001192, 178, 81543.0, 1.359
0.44233280000003106, 179, 81543.0, 1.359
0.37281529999995655, 180, 81543.0, 1.359
0.44939480000016374, 181, 81543.0, 1.359
0.3694648999999117, 182, 81543.0, 1.359
0.4164341000000604, 183, 81543.0, 1.359
0.39713989999995647, 184, 81543.0, 1.359
0.4453621000000112, 185, 81543.0, 1.359
0.39740710000000945, 186, 81543.0, 1.359
0.41715119999980743, 187, 81543.0, 1.359
0.4093431999999666, 188, 81543.0, 1.359
0.45020260000001144, 189, 81543.0, 1.359
0.4446791000000303, 190, 81543.0, 1.359
0.45080929999994623, 191, 81543.0, 1.359
0.40187859999991815, 192, 81543.0, 1.359
0.4567211999999472, 193, 81543.0, 1.359
0.46015650000003916, 194, 81543.0, 1.359
0.3792348000001766, 195, 81543.0, 1.359
0.3855777000001126, 196, 81543.0, 1.359
0.3910134999998718, 197, 81543.0, 1.359
0.4417215999999371, 198, 81543.0, 1.359
0.3972516999999698, 199, 81543.0, 1.359
0.4174281000000519, 200, 81543.0, 1.359
0.4755680000000666, 201, 81543.0, 1.359
0.4281839000000218, 202, 81543.0, 1.359
0.44164930000010827, 203, 81543.0, 1.359
0.40500939999992625, 204, 81543.0, 1.359
0.3828994000000421, 205, 81543.0, 1.359
0.4217283000000407, 206, 81543.0, 1.359
0.37795379999988654, 207, 81525.0, 1.336
0.45891770000002907, 208, 81525.0, 1.336
0.44111240000006546, 209, 81525.0, 1.336
0.3898315999999795, 210, 81525.0, 1.336
0.41668970000000627, 211, 81525.0, 1.336
0.4494571000000178, 212, 81525.0, 1.336
0.4571065999998609, 213, 81525.0, 1.336
0.4158947000000808, 214, 81525.0, 1.336
0.41435649999993984, 215, 81525.0, 1.336
0.46348790000001827, 216, 81525.0, 1.336
0.44412420000003294, 217, 81491.0, 1.294
0.37487769999984266, 218, 81491.0, 1.294
0.3179819999998017, 219, 81491.0, 1.294
0.44875389999992876, 220, 81491.0, 1.294
0.44134870000016235, 221, 81491.0, 1.294
0.4301930999999968, 222, 81491.0, 1.294
0.4777718000000277, 223, 81491.0, 1.294
0.37746500000002925, 224, 81491.0, 1.294
0.3850985999999921, 225, 81491.0, 1.294
0.5053261000000475, 226, 81491.0, 1.294
0.44327449999991586, 227, 81491.0, 1.294
0.3818747999998777, 228, 81491.0, 1.294
0.40868010000008326, 229, 81491.0, 1.294
0.3853149999999914, 230, 81491.0, 1.294
0.4255986999999095, 231, 81491.0, 1.294
0.4147835999999643, 232, 81491.0, 1.294
0.38507350000008955, 233, 81491.0, 1.294
0.38651069999991705, 234, 81491.0, 1.294
0.3792399999999816, 235, 81491.0, 1.294
0.3987775000000511, 236, 81491.0, 1.294
0.3848258000000442, 237, 81491.0, 1.294
0.3818415000000641, 238, 81491.0, 1.294
0.39321270000004915, 239, 81491.0, 1.294
0.37348689999998896, 240, 81491.0, 1.294
0.41585120000013376, 241, 81491.0, 1.294
0.4006741000000602, 242, 81491.0, 1.294
0.43120729999986906, 243, 81491.0, 1.294
0.41779619999988427, 244, 81491.0, 1.294
0.38963840000019445, 245, 81491.0, 1.294
0.4136780999999701, 246, 81491.0, 1.294
0.37091229999987263, 247, 81491.0, 1.294
0.41231919999995625, 248, 81491.0, 1.294
0.3821154000002025, 249, 81491.0, 1.294
0.40923940000016046, 250, 81491.0, 1.294
0.3797961000000214, 251, 81491.0, 1.294
0.3834744999999202, 252, 81491.0, 1.294
0.4600326000002042, 253, 81491.0, 1.294
0.449810399999933, 254, 81491.0, 1.294
0.4380360999998629, 255, 81491.0, 1.294
0.4285162000001037, 256, 81491.0, 1.294
0.43421409999996285, 257, 81491.0, 1.294
0.3977605999998559, 258, 81491.0, 1.294
0.4403565999998591, 259, 81491.0, 1.294
0.43028460000005, 260, 81491.0, 1.294
0.4314417999999023, 261, 81491.0, 1.294
0.4662380999998277, 262, 81491.0, 1.294
0.43609569999989617, 263, 81491.0, 1.294
0.38762900000006084, 264, 81474.0, 1.273
0.4481585000000905, 265, 81450.0, 1.243
0.41303450000009434, 266, 81450.0, 1.243
0.4041419999998652, 267, 81450.0, 1.243
0.4017026999999871, 268, 81450.0, 1.243
0.3660829000000376, 269, 81450.0, 1.243
0.3779050999999072, 270, 81450.0, 1.243
0.4629961999999068, 271, 81443.0, 1.234
0.39028320000011263, 272, 81438.0, 1.228
0.3951655999999275, 273, 81436.0, 1.226
0.4215596999999889, 274, 81436.0, 1.226
0.41966739999998026, 275, 81436.0, 1.226
0.46108410000010736, 276, 81436.0, 1.226
0.3939271000001554, 277, 81436.0, 1.226
0.3514595999999983, 278, 81436.0, 1.226
0.4350673999999799, 279, 81436.0, 1.226
0.48720010000010916, 280, 81436.0, 1.226
0.42904300000009243, 281, 81436.0, 1.226
0.4209229000000505, 282, 81436.0, 1.226
0.4910908000001655, 283, 81436.0, 1.226
0.46018449999996847, 284, 81436.0, 1.226
0.42573379999998906, 285, 81436.0, 1.226
0.4525564000000486, 286, 81436.0, 1.226
0.4091433999999481, 287, 81436.0, 1.226
0.44659839999985707, 288, 81436.0, 1.226
0.45110639999984414, 289, 81436.0, 1.226
0.4219164000001001, 290, 81436.0, 1.226
0.46407959999987725, 291, 81436.0, 1.226
0.4351920000001428, 292, 81429.0, 1.217
0.4099369000000479, 293, 81429.0, 1.217
0.4245026000000962, 294, 81429.0, 1.217
0.40818390000004, 295, 81429.0, 1.217
0.41380359999993743, 296, 81429.0, 1.217
0.4125781999998708, 297, 81429.0, 1.217
0.4109845000000405, 298, 81429.0, 1.217
0.40329750000000786, 299, 81429.0, 1.217
0.5102484000001368, 300, 81429.0, 1.217
0.44038530000011633, 301, 81429.0, 1.217
0.4607238999999481, 302, 81429.0, 1.217
0.3903557000001001, 303, 81429.0, 1.217
0.4045892999999978, 304, 81429.0, 1.217
0.49380380000002333, 305, 81429.0, 1.217
0.41712170000005244, 306, 81429.0, 1.217
0.42420259999994414, 307, 81429.0, 1.217
0.4337696000000051, 308, 81429.0, 1.217
0.3818674000001465, 309, 81429.0, 1.217
0.42289129999994657, 310, 81429.0, 1.217
0.4168528000000151, 311, 81429.0, 1.217
0.44517160000009426, 312, 81429.0, 1.217
0.4328241999999136, 313, 81429.0, 1.217
0.41571079999994254, 314, 81429.0, 1.217
0.39505339999982425, 315, 81429.0, 1.217
0.42091290000007575, 316, 81429.0, 1.217
0.3928263000000243, 317, 81429.0, 1.217
0.3695451999999477, 318, 81429.0, 1.217
0.44510700000000725, 319, 81429.0, 1.217
0.42714330000012524, 320, 81429.0, 1.217
0.43311610000000655, 321, 81429.0, 1.217
0.48283409999999094, 322, 81429.0, 1.217
0.37749959999996463, 323, 81429.0, 1.217
0.4135400000000118, 324, 81429.0, 1.217
0.4123586000000614, 325, 81429.0, 1.217
0.4894698000000517, 326, 81429.0, 1.217
0.44116950000011457, 327, 81429.0, 1.217
0.40951049999989664, 328, 81429.0, 1.217
0.389746999999943, 329, 81429.0, 1.217
0.4203778000000966, 330, 81429.0, 1.217
0.4372045000000071, 331, 81429.0, 1.217
0.4452844999998433, 332, 81429.0, 1.217
0.4022946000000047, 333, 81429.0, 1.217
0.4223053999999138, 334, 81429.0, 1.217
0.40588759999991453, 335, 81429.0, 1.217
0.5055293999998867, 336, 81429.0, 1.217
0.42733750000002146, 337, 81429.0, 1.217
0.3757918999999674, 338, 81429.0, 1.217
0.49012169999991784, 339, 81429.0, 1.217
0.39241659999993317, 340, 81429.0, 1.217
0.3879104999998617, 341, 81417.0, 1.202
0.42355700000007346, 342, 81411.0, 1.195
0.44039329999986876, 343, 81411.0, 1.195
0.43232050000005984, 344, 81411.0, 1.195
0.4390657999999803, 345, 81411.0, 1.195
0.44854139999984, 346, 81411.0, 1.195
0.39506600000004255, 347, 81411.0, 1.195
0.482905300000084, 348, 81411.0, 1.195
0.47941819999982727, 349, 81411.0, 1.195
0.43583060000014484, 350, 81411.0, 1.195
0.39101559999994606, 351, 81411.0, 1.195
0.41440209999996114, 352, 81411.0, 1.195
0.3639918999999736, 353, 81411.0, 1.195
0.4311533000000054, 354, 81411.0, 1.195
0.41761730000007447, 355, 81411.0, 1.195
0.39874090000012075, 356, 81411.0, 1.195
0.4144347999999809, 357, 81411.0, 1.195
0.4075299000000996, 358, 81411.0, 1.195
0.3786190999999235, 359, 81411.0, 1.195
0.4948127000000113, 360, 81411.0, 1.195
0.43113500000004024, 361, 81411.0, 1.195
0.4110263000000032, 362, 81393.0, 1.172
0.3799303000000691, 363, 81393.0, 1.172
0.49562509999987014, 364, 81393.0, 1.172
0.5377743999999893, 365, 81393.0, 1.172
0.4209963999999218, 366, 81393.0, 1.172
0.46424629999978606, 367, 81393.0, 1.172
0.45488179999983913, 368, 81393.0, 1.172
0.4815865999999005, 369, 81393.0, 1.172
0.37637599999993654, 370, 81393.0, 1.172
0.44022190000009687, 371, 81393.0, 1.172
0.3691834999999628, 372, 81393.0, 1.172
0.4785910000000513, 373, 81393.0, 1.172
0.4521005999999943, 374, 81393.0, 1.172
0.3771430000001601, 375, 81393.0, 1.172
0.36879429999999047, 376, 81393.0, 1.172
0.43674959999998464, 377, 81393.0, 1.172
0.4550899999999274, 378, 81393.0, 1.172
0.4234627000000728, 379, 81393.0, 1.172
0.4068978000000243, 380, 81393.0, 1.172
0.38322219999986373, 381, 81393.0, 1.172
0.39687529999991966, 382, 81393.0, 1.172
0.4588642000001073, 383, 81393.0, 1.172
0.4708043999999063, 384, 81393.0, 1.172
0.4507626000001892, 385, 81393.0, 1.172
0.4244031000000632, 386, 81393.0, 1.172
0.4052437000000282, 387, 81393.0, 1.172
0.4202560999999605, 388, 81393.0, 1.172
0.4093666999999641, 389, 81393.0, 1.172
0.3902886999999282, 390, 81393.0, 1.172
0.38302520000002005, 391, 81393.0, 1.172
0.3645492999999078, 392, 81393.0, 1.172
0.4244733999998971, 393, 81393.0, 1.172
0.44828959999995277, 394, 81393.0, 1.172
0.4532122000000527, 395, 81393.0, 1.172
0.41198159999999007, 396, 81393.0, 1.172
0.41323460000012346, 397, 81393.0, 1.172
0.450033699999949, 398, 81393.0, 1.172
0.44417939999993905, 399, 81393.0, 1.172
0.40118840000013734, 400, 81393.0, 1.172
0.39444189999994705, 401, 81393.0, 1.172
0.3702480999997988, 402, 81393.0, 1.172
0.3624214999999822, 403, 81393.0, 1.172
0.4692987999999332, 404, 81393.0, 1.172
0.39563620000012634, 405, 81393.0, 1.172
0.4960125000000062, 406, 81393.0, 1.172
0.3953179000000091, 407, 81393.0, 1.172
0.3780132000001686, 408, 81393.0, 1.172
0.4129155000000537, 409, 81393.0, 1.172
0.451545299999907, 410, 81393.0, 1.172
0.4454443000001902, 411, 81393.0, 1.172
0.38877560000014455, 412, 81393.0, 1.172

tour:
[1551 1552 1553 1554 1555 1556 1500 1499 1498 1497  491  447  446  490
  489  445  444  488  487  443  442  486  485  441  440  484  483  439
  438  482  481  437  436  480  479  478  477  476  475  474  473  472
  471  470  469  468  467  466  465  464  463  462  461  460  459  458
  457  456  455  454  453  452  451  450  493  492  497  496  503  504
  505  506  507  508  509  510  511  512  513  514  515  516  517  518
  519  520  521  522  523  524  525  526  527  528  529  530  531  532
  533  534  535  536  537  538  539  540  541  542  543  544  591  590
  589  588  587  586  585  584  583  582  581  580  579  578  577  576
  575  574  573  572  571  570  569  568  567  566  565  564  563  562
  561  560  559  558  557  556  555  554  553  552  551  597  603  602
  596  550  549  502  498  501  545  548  592  595  598  601  649  653
  697  702  705  708  712  715  716  717  718  711  710  704  703  654
  606  607  655  656  608  609  610  611  612  613  614  615  616  617
  618  619  620  621  622  623  624  625  626  627  628  629  630  631
  632  633  634  635  636  637  638  639  640  641  642  643  644  645
  646  647  648  696  695  694  693  692  691  690  689  688  687  686
  685  684  683  682  681  680  679  678  677  676  675  674  673  672
  671  670  669  668  667  666  665  664  663  662  661  660  659  658
  657  707  719  720  721  722  723  724  725  726  727  728  729  730
  731  732  733  734  735  736  737  738  739  740  741  742  743  744
  745  746  747  748  749  750  751  752  753  754  755  756  757  758
  802  801  800  799  798  797 1316  796  795  794  793  792  791  790
  789  788  787  786  785  784  783  782  821  781  780  820  819  779
  778  803  777  818  817  776  775  774  816  815  773  772  771  814
  813  770  769  812  768  767  804  811  766  765  764  810  809  763
  762  808  761  760  807  806  805    4  759    7  714    5    3    2
    0    1    6   10    9    8  713  709  706  700  699  701  698  652
  651  650  605  604  600  599  594  593  547  546  500  499  495  494
  448  449  405  406  404  403  407  408  409  410  411  412  413  414
  415  416  417  418  419  420  421  422  423  424  425  426  427  428
  429  430  431  432  433  434  435  387  388  389  390  391  392  393
  394  395  396  397  398  399  355  354  353  352  351  350  349  348
  347  346  345  344  343  342  386  385  341  340  384  383  339  338
  382  381  380  379  378  377  376  375  374  373  372  371  370  369
  368  367  366  365  364  363  362  361  360  359  402  401  358  357
  356  400   14   13   12   11   15   16   17   18  310  309  306  305
  261  260  259  213  212  208  211  214  258  215  216  262  263  307
  308  312  311  313  314  315  316  317  318  319  320  321  322  323
  324  325  326  327  328  329  330  331  332  333  334  335  336  337
  285  286  287  288  289  290  291  292  293  294  295  296  297  298
  299  300  301  302  303  304  257  256  255  254  253  252  251  250
  249  248  247  246  245  244  243  242  241  240  239  238  237  284
  283  282  281  280  279  278  277  276  275  274  273  272  271  270
  269  268  267  266  265  264  217  218  219  220  221  222  223  224
  225  226  227  228  229  230  231  232  233  234  235  236  184  183
  182  181  180  179  178  177  176  175  174  173  172  171  170  169
  168  167  166  165  164  163  162  161  160  159  158  157  156  155
  154  153  152  151  150  149  148  147  146  145  144  143  142  141
  140  185  186  139  138  187  188  189  190  191  192  193  194  195
  196  197  198  199  200  201  202  203  207  210  209  206  204  205
  120  121  118  119  122  123  124  125  126  127  128  129  130  131
  132  133  134  135  136  137   91   90   89   88   87   86   85   84
   83   82   81   80   79   78   77   76   75  116  117   74   73   28
   29   22   23   30   31   32   33   34   35   36   37   38   39   40
   41   42   43   44   45   46   47   92   93   94   95   96   97   98
   99  100  101  102  103  104  105  106  107  108  109  110  111  112
  113  114  115   70   69   68   67   66   65   64   63   62   61   60
   59   58   57   56   55   54   53   52   51   50   49   48  855  856
  857  858  859  860  861  862  863  864  865  866  867  868  869  870
  871  872  873  874  875  876  877  878  925  924  923  922  921  920
  919  918  917  916  915  914  913  912  911  910  909  908  907  906
  905  904  903  902  901  854  853  852  851  850  849  848  847  846
  845  844  843  842  841  840  839   19  838  837  836  883  884  930
  931  885  886  887  888  889  890  891  892  893  894  895  896  897
  898  899  900  954  955  956  957  958  959  960  961  962  963  964
  965  966  967  968  969  970  971  972  973  974  975  976  977  978
  979  980 1027 1026 1025 1024 1023 1022 1021 1020 1019 1018 1017 1016
 1015 1014 1013 1012 1011 1010 1009 1008 1007 1006 1005 1004 1003 1002
 1001 1000  953  952  999  998  951  950  997  996  949  948  995  994
  947  946  993  992  945  944  991  990  943  942  989  988  941  940
  939  938  985  986  987 1032 1033 1044 1045 1046 1047 1048 1049 1050
 1051 1052 1053 1054 1055 1056 1057 1058 1059 1060 1061 1062 1063 1064
 1065 1066 1067 1068 1069 1070 1071 1072 1073 1074 1075 1076 1077 1078
 1079 1080 1081 1082 1083 1128 1127 1126 1125 1124 1123 1122 1121 1120
 1119 1118 1117 1116 1115 1114 1113 1112 1111 1110 1109 1108 1107 1106
 1105 1104 1103 1102 1101 1100 1099 1098 1097 1096 1095 1094 1093 1092
 1091 1090 1089 1088 1043 1042 1041 1086 1087 1134 1135 1145 1146 1147
 1148 1149 1150 1151 1152 1199 1198 1197 1196 1195 1194 1193 1192 1144
 1142 1141 1137 1136 1132 1131 1129 1038 1037 1034 1031 1028  984  981
  937  935  929  926  882  879  835  829  828   20   24   26   71   72
   27   25  824  823  822  826  833  832  831  825   21  827  830  834
  880  881  927  928  933  932  934  936  982  983 1029 1030 1035 1036
 1040 1039 1084 1085 1130 1133 1138 1139 1140 1143 1187 1188 1189 1242
 1255 1254 1253 1241 1240 1190 1191 1239 1310 1252 1251 1250 1249 1248
 1247 1246 1256 1257 1258 1245 1259 1260 1261 1262 1263 1264 1311 1312
 1313 1314 1236 1235 1204 1203 1202 1237 1238 1200 1201 1153 1154 1155
 1156 1157 1158 1159 1160 1161 1162 1163 1164 1165 1166 1167 1168 1169
 1170 1171 1172 1173 1174 1175 1176 1177 1178 1179 1180 1181 1182 1183
 1184 1185 1186 1234 1233 1232 1231 1230 1229 1228 1227 1226 1225 1224
 1223 1222 1221 1220 1219 1218 1217 1216 1215 1214 1213 1212 1211 1210
 1209 1208 1244 1207 1206 1205 1243 1265 1266 1267 1268 1269 1270 1271
 1272 1309 1273 1274 1275 1276 1277 1278 1279 1280 1281 1282 1283 1284
 1285 1286 1287 1288 1289 1290 1291 1292 1293 1294 1295 1296 1297 1298
 1299 1300 1301 1302 1303 1304 1305 1306 1307 1308 1315 2037 2038 2039
 2040 2041 2042 2043 2044 2045 2046 2047 2048 2049 2050 2051 2052 2053
 2011 2012 2013 2014 2015 2016 2017 2018 2019 2020 2021 2022 2023 2024
 2025 2026 2027 2028 2029 2030 2031 2032 2033 2034 2035 2036 1977 1978
 1979 1980 1981 1982 1983 1984 1985 1986 1987 1988 1989 1990 1991 1992
 1993 1994 1995 1996 1997 1998 1999 2000 2001 2002 2003 2010 2009 2008
 2004 2005 2006 2007 2099 2100 2101 2102 2098 2097 2096 2095 1947 1948
 1949 1950 1951 1952 1953 1954 1955 1956 1957 1958 1959 1960 1961 1962
 1963 1964 1965 1966 1967 1968 1969 1970 1971 1972 1973 1974 1975 1976
 1917 1918 1919 1920 1921 1922 1923 1924 1925 1926 1927 1928 1929 1930
 1931 1932 1933 1934 1935 1936 1937 1938 1939 1940 1941 1942 1943 1944
 1945 1946 1887 1888 1889 1890 1891 1892 1893 1894 1895 1896 1897 1898
 1899 1900 1901 1902 1903 1904 1905 1906 1907 1908 1909 1910 1911 1912
 1913 1914 1915 1916 1857 1858 1859 1860 1861 1862 1863 1864 1865 1866
 1867 1868 1869 1870 1871 1872 1873 1874 1875 1876 1877 1878 1879 1880
 1881 1882 1883 1884 1885 1886 2094 2091 2092 2088 2087 2086 2085 2089
 2090 2093 1827 1828 1829 1830 1831 1832 1833 1834 1835 1836 1837 1838
 1839 1840 1841 1842 1843 1844 1845 1846 1847 1848 1849 1850 1851 1852
 1853 1854 1855 1856 1797 1798 1799 1800 1801 1802 1803 1804 1805 1806
 1807 1808 1809 1810 1811 1812 1813 1814 1815 1816 1817 1818 1819 1820
 1821 1822 1823 1824 1825 1826 1767 1768 1769 1770 1771 1772 1773 1774
 1775 1776 1777 1778 1779 1780 1781 1782 1783 1784 1785 1786 1787 1788
 1789 1790 1791 1792 1793 1794 1795 1796 1737 1738 1739 1740 1741 1742
 1743 1744 1745 1746 1747 1748 1749 1750 1751 1752 1753 1754 1755 1756
 1757 1758 1759 1760 1761 1762 1763 1764 1765 1766 1707 1708 1709 1710
 1711 1712 1713 1714 1715 1716 1717 1718 1719 1720 1721 1722 1723 1724
 1725 1726 1727 1728 1729 1730 1731 1732 1733 1734 1735 1736 1677 1678
 1679 1680 1681 1682 1683 1684 1685 1686 1687 1688 1689 1690 1691 1692
 1693 1694 1695 1696 1697 1698 1699 1700 1701 1702 1703 1704 1705 1706
 1647 1648 1649 1650 1651 1652 1653 1654 1655 1656 1657 1658 1659 1660
 1661 1662 1663 1664 1665 1666 1667 1668 1669 1670 1671 1672 1673 1674
 1675 1676 1617 1618 1619 1620 1621 1622 1623 1624 1625 1626 1627 1628
 1629 1630 1631 1632 1633 1634 1635 1636 1637 1638 1639 1640 1641 1642
 1643 1644 1645 1646 1587 1588 1589 1590 1591 1592 1593 1594 1595 1596
 1597 1598 1599 1600 1601 1602 1603 1604 1605 1606 1607 1608 1609 1610
 1611 1612 1613 1614 1615 1616 1557 1558 1559 1560 1561 1562 1563 1564
 1565 1566 1567 1568 1569 1570 1571 1572 1573 1574 1575 1576 1577 1578
 1579 1580 1581 1582 1583 1584 1585 1586 2057 2056 2055 2054 2058 2077
 2080 2081 2084 2083 2082 2079 2078 2076 2075 2074 2073 2059 2060 2061
 2062 2072 2065 2064 2063 2068 2069 2070 2071 2067 2066 1347 1348 1346
 1345 1344 1343 1342 1341 1340 1339 1338 1337 1336 1335 1334 1333 1332
 1331 1330 1329 1328 1327 1326 1325 1324 1323 1322 1321 1320 1319 1318
 1317 1376 1375 1374 1373 1372 1371 1370 1369 1368 1367 1366 1365 1364
 1363 1362 1361 1360 1359 1358 1357 1356 1355 1354 1353 1352 1351 1350
 1349 1402 1403 1404 1405 1406 1407 1408 1409 1410 1411 1412 1413 1414
 1401 1400 1399 1398 1397 1396 1395 1394 1393 1392 1391 1390 1389 1388
 1387 1386 1385 1384 1383 1382 1381 1380 1379 1378 1377 1436 1435 1434
 1433 1432 1431 1430 1429 1428 1427 1426 1425 1424 1423 1422 1421 1420
 1419 1418 1417 1416 1415 1455 1456 1457 1458 1459 1460 1461 1462 1463
 1464 1465 1466 1467 1468 1469 1470 1471 1472 1473 1474 1475 1476 1477
 1478 1479 1480 1481 1454 1453 1452 1451 1482 1483 1484 1485 1486 1450
 1449 1448 1447 1446 1445 1444 1443 1442 1441 1440 1439 1438 1437 1496
 1495 1494 1493 1492 1491 1490 1489 1488 1487 1501 1502 1503 1504 1505
 1506 1507 1508 1509 1510 1511 1512 1513 1514 1515 1516 1517 1518 1519
 1520 1521 1522 1523 1524 1525 1526 1527 1528 1529 1530 1531 1532 1533
 1534 1535 1536 1537 1538 1539 1540 1541 1542 1543 1544 1545 1546 1547
 1548 1549 1550]

eliteFit: 81393.0
percentError: 1.1721566190180235
computationTime: 211.661s