instanceName: d2103
n: 2103
optFit: 80450

genTime, gen, eliteFit, percentError:
0.002829900000051566, 0, 3160731.0, 3828.814
3.6801307999999153, 1, 92782.0, 15.329
2.0125997000000098, 2, 90488.0, 12.477
2.030546799999911, 3, 89082.0, 10.730
1.9030559999999923, 4, 88819.0, 10.403
1.8279227000000446, 5, 87372.0, 8.604
1.7628777999999556, 6, 86508.0, 7.530
1.8359947000000147, 7, 86029.0, 6.935
1.785278900000094, 8, 85797.0, 6.646
1.7655964000000495, 9, 85043.0, 5.709
1.698100199999999, 10, 84858.0, 5.479
1.6553246999999374, 11, 84354.0, 4.853
1.6328426000000036, 12, 84149.0, 4.598
1.6878168000000642, 13, 83923.0, 4.317
1.5564846999999418, 14, 83923.0, 4.317
1.5647866000000477, 15, 83568.0, 3.876
1.5378513000000567, 16, 83153.0, 3.360
1.4938247999999703, 17, 83153.0, 3.360
1.5194766000000755, 18, 82932.0, 3.085
1.3646787999999788, 19, 82767.0, 2.880
1.1714094999999816, 20, 82732.0, 2.837
1.1140576999999894, 21, 82665.0, 2.753
1.0292931999999837, 22, 82645.0, 2.728
0.8663337000000411, 23, 82458.0, 2.496
0.8557533999999123, 24, 82388.0, 2.409
0.8570172999999386, 25, 82274.0, 2.267
0.8482559000000265, 26, 82042.0, 1.979
0.8313512999999375, 27, 82041.0, 1.978
0.9029787999999144, 28, 81848.0, 1.738
0.7959789999999884, 29, 81764.0, 1.633
0.6264916999999741, 30, 81733.0, 1.595
0.8657535999999482, 31, 81463.0, 1.259
0.6904178000000911, 32, 81463.0, 1.259
0.6663131999999905, 33, 81353.0, 1.122
0.6468011000000615, 34, 81331.0, 1.095
0.5829082000000199, 35, 81331.0, 1.095
0.5489138000000366, 36, 81291.0, 1.045
0.4878287999999884, 37, 81291.0, 1.045
0.5829857999999604, 38, 81290.0, 1.044
0.46435299999996005, 39, 81269.0, 1.018
0.48884959999998046, 40, 81269.0, 1.018
0.463468300000045, 41, 81258.0, 1.004
0.45150490000003174, 42, 81258.0, 1.004
0.6028093999999555, 43, 81258.0, 1.004
0.48195540000006076, 44, 81258.0, 1.004
0.4052661000000626, 45, 81258.0, 1.004
0.38659710000001724, 46, 81258.0, 1.004
0.38801169999999274, 47, 81258.0, 1.004
0.43839950000005956, 48, 81258.0, 1.004
0.414186500000028, 49, 81258.0, 1.004
0.3870635000000675, 50, 81258.0, 1.004
0.39795200000003206, 51, 81258.0, 1.004
0.4121870000000172, 52, 81233.0, 0.973
0.45890269999995326, 53, 81213.0, 0.948
0.5281676000000743, 54, 81195.0, 0.926
0.5277188000000024, 55, 81195.0, 0.926
0.5365353999999343, 56, 81191.0, 0.921
0.43649570000002313, 57, 81191.0, 0.921
0.41837520000001405, 58, 81161.0, 0.884
0.44397250000008626, 59, 81161.0, 0.884
0.4245230999999876, 60, 81161.0, 0.884
0.4709813999999142, 61, 81161.0, 0.884
0.4067690000000539, 62, 81146.0, 0.865
0.39750070000002324, 63, 81146.0, 0.865
0.438973199999964, 64, 81146.0, 0.865
0.3876238000000285, 65, 81146.0, 0.865
0.49323739999999816, 66, 81146.0, 0.865
0.39627519999999095, 67, 81146.0, 0.865
0.4007239000000027, 68, 81085.0, 0.789
0.4009514000000536, 69, 81085.0, 0.789
0.3951371000000563, 70, 81079.0, 0.782
0.3948172999999997, 71, 81079.0, 0.782
0.47575289999997494, 72, 81048.0, 0.743
0.48414530000002287, 73, 81042.0, 0.736
0.4613891000000194, 74, 81042.0, 0.736
0.3999565999999959, 75, 81042.0, 0.736
0.3906615000000784, 76, 81042.0, 0.736
0.38300059999994573, 77, 81042.0, 0.736
0.5723216000000093, 78, 81042.0, 0.736
0.36674410000000535, 79, 81042.0, 0.736
0.3916954999999689, 80, 81042.0, 0.736
0.41084479999994983, 81, 81042.0, 0.736
0.467690399999924, 82, 81042.0, 0.736
0.4043289999999615, 83, 81042.0, 0.736
0.48598520000007284, 84, 81042.0, 0.736
0.3948574999999437, 85, 81042.0, 0.736
0.48821539999994457, 86, 81042.0, 0.736
0.404930600000057, 87, 81042.0, 0.736
0.4117949999999837, 88, 81042.0, 0.736
0.39998690000004444, 89, 81023.0, 0.712
0.460226999999918, 90, 81023.0, 0.712
0.3668920000000071, 91, 81023.0, 0.712
0.4300729000000274, 92, 81023.0, 0.712
0.3729425999999876, 93, 81023.0, 0.712
0.4394450999999435, 94, 81023.0, 0.712
0.4510344000000259, 95, 81023.0, 0.712
0.47502459999998337, 96, 81023.0, 0.712
0.3916608999999198, 97, 81023.0, 0.712
0.4392434000000094, 98, 81023.0, 0.712
0.43515689999992446, 99, 81023.0, 0.712
0.41960440000002563, 100, 81023.0, 0.712
0.4786318000000165, 101, 81023.0, 0.712
0.3676695000000336, 102, 81023.0, 0.712
0.4499174000000039, 103, 81023.0, 0.712
0.40393920000008166, 104, 81023.0, 0.712
0.39840990000004695, 105, 81023.0, 0.712
0.4094530999999506, 106, 81023.0, 0.712
0.4380816999999979, 107, 81023.0, 0.712
0.436923899999897, 108, 81023.0, 0.712
0.4037738999999192, 109, 81023.0, 0.712
0.3686803000000509, 110, 81023.0, 0.712
0.47328780000009374, 111, 81023.0, 0.712
0.3717210999999452, 112, 81023.0, 0.712
0.46588520000000244, 113, 81023.0, 0.712
0.3767041999999492, 114, 81023.0, 0.712
0.39739240000005793, 115, 81023.0, 0.712
0.43161929999996573, 116, 81023.0, 0.712
0.48218289999999797, 117, 80992.0, 0.674
0.5014955999999984, 118, 80992.0, 0.674
0.5628153000000111, 119, 80992.0, 0.674
0.8637530999999399, 120, 80979.0, 0.658
0.8122392999999875, 121, 80970.0, 0.646
0.5489141000000473, 122, 80970.0, 0.646
0.771423299999924, 123, 80970.0, 0.646
0.5321304999999938, 124, 80963.0, 0.638
0.41426849999993465, 125, 80963.0, 0.638
0.5182243000000426, 126, 80963.0, 0.638
0.4459703999999647, 127, 80963.0, 0.638
0.40414140000007137, 128, 80963.0, 0.638
0.49019010000006347, 129, 80963.0, 0.638
0.4147891999999729, 130, 80963.0, 0.638
0.3679322999998931, 131, 80963.0, 0.638
0.37128389999998035, 132, 80963.0, 0.638
0.44769189999999526, 133, 80963.0, 0.638
0.4087589000000662, 134, 80963.0, 0.638
0.47339209999995546, 135, 80963.0, 0.638
0.3871990000000096, 136, 80963.0, 0.638
0.3898522999999159, 137, 80963.0, 0.638
0.4321666999999252, 138, 80963.0, 0.638
0.5399416000000201, 139, 80963.0, 0.638
0.4324680999999373, 140, 80963.0, 0.638
0.4143531999999368, 141, 80963.0, 0.638
0.41941190000000006, 142, 80963.0, 0.638
0.445987999999943, 143, 80945.0, 0.615
0.46159529999999904, 144, 80945.0, 0.615
0.4363356000000067, 145, 80945.0, 0.615
0.36860310000008667, 146, 80945.0, 0.615
0.35475770000005014, 147, 80945.0, 0.615
0.37745489999997517, 148, 80945.0, 0.615
0.38846909999995205, 149, 80945.0, 0.615
0.39586640000004536, 150, 80945.0, 0.615
0.42567109999993136, 151, 80945.0, 0.615
0.4128546000000597, 152, 80945.0, 0.615
0.41663280000000213, 153, 80945.0, 0.615
0.4044427999999698, 154, 80945.0, 0.615
0.40115689999993265, 155, 80945.0, 0.615
0.471839500000101, 156, 80945.0, 0.615
0.4291120000000319, 157, 80945.0, 0.615
0.39669770000000426, 158, 80945.0, 0.615
0.469027399999959, 159, 80945.0, 0.615
0.36984770000003664, 160, 80945.0, 0.615
0.47398099999998067, 161, 80945.0, 0.615
0.4246992000000773, 162, 80945.0, 0.615
0.3676864999999907, 163, 80945.0, 0.615
0.43040700000005927, 164, 80945.0, 0.615
0.3946345999999039, 165, 80945.0, 0.615
0.43052299999999377, 166, 80945.0, 0.615
0.39887900000007903, 167, 80945.0, 0.615
0.3723873999999796, 168, 80945.0, 0.615
0.46825780000006034, 169, 80945.0, 0.615
0.41109959999994317, 170, 80945.0, 0.615
0.4695594000000938, 171, 80945.0, 0.615
0.42076720000000023, 172, 80945.0, 0.615
0.41712330000007114, 173, 80945.0, 0.615
0.36666890000003605, 174, 80945.0, 0.615
0.41823169999997845, 175, 80945.0, 0.615
0.47573079999995116, 176, 80945.0, 0.615
0.4046752000000424, 177, 80945.0, 0.615
0.4692212999999583, 178, 80945.0, 0.615
0.38729559999990215, 179, 80945.0, 0.615
0.4474468999999317, 180, 80945.0, 0.615
0.4351040000000239, 181, 80945.0, 0.615
0.3866852999999537, 182, 80945.0, 0.615
0.4140304999999671, 183, 80945.0, 0.615
0.4972068000000718, 184, 80945.0, 0.615
0.43403650000004745, 185, 80945.0, 0.615
0.43667549999997846, 186, 80945.0, 0.615
0.4317512000000079, 187, 80945.0, 0.615
0.49760700000001634, 188, 80945.0, 0.615
0.4745894000000135, 189, 80945.0, 0.615
0.46853219999991325, 190, 80945.0, 0.615
0.45229440000002796, 191, 80945.0, 0.615
0.41444160000003194, 192, 80945.0, 0.615
0.37498949999996967, 193, 80945.0, 0.615

tour:
[1075 1076 1077 1078 1079 1080 1081 1082 1083 1128 1127 1126 1125 1124
 1123 1122 1121 1120 1119 1118 1117 1116 1115 1114 1113 1112 1111 1110
 1109 1108 1107 1106 1105 1104 1103 1102 1101 1100 1099 1098 1097 1096
 1095 1094 1093 1092 1091 1090 1089 1088 1043 1042 1041 1086 1087 1134
 1135 1145 1144 1193 1192 1252 1310 1251 1250 1249 1256 1248 1247 1257
 1258 1246 1245 1259 1260 1261 1262 1263 1264 1311 1312 1313 1314 1235
 1236 1203 1202 1201 1237 1238 1200 1199 1198 1197 1196 1195 1194 1146
 1147 1148 1149 1150 1151 1152 1153 1154 1155 1156 1204 1205 1157 1158
 1159 1160 1161 1162 1163 1164 1165 1166 1167 1168 1169 1170 1171 1172
 1173 1174 1175 1176 1177 1178 1179 1180 1181 1182 1183 1184 1185 1186
 1234 1233 1232 1231 1230 1229 1228 1227 1226 1225 1224 1223 1222 1221
 1220 1219 1218 1217 1216 1215 1214 1213 1212 1211 1210 1209 1208 1244
 1207 1206 1243 1265 1266 1267 1268 1269 1270 1271 1272 1309 1273 1274
 1275 1276 1277 1278 1279 1280 1281 1282 1283 1284 1285 1286 1287 1288
 1289 1290 1291 1292 1293 1294 1295 1296 1297 1298 1299 1300 1301 1302
 1303 1304 1305 1306 1307 1308 1315 2037 2038 2039 2040 2041 2042 2043
 2044 2045 2046 2047 2048 2049 2050 2051 2052 2053 2011 2012 2013 2014
 2015 2016 2017 2018 2019 2020 2021 2022 2023 2024 2025 2026 2027 2028
 2029 2030 2031 2032 2033 2034 2035 2036 1977 1978 1979 1980 1981 1982
 1983 1984 1985 1986 1987 1988 1989 1990 1991 1992 1993 1994 1995 1996
 1997 1998 1999 2000 2001 2002 2003 2004 2005 2006 2010 2009 2008 2007
 2099 2100 2101 2102 2098 2097 2096 2095 1947 1948 1949 1950 1951 1952
 1953 1954 1955 1956 1957 1958 1959 1960 1961 1962 1963 1964 1965 1966
 1967 1968 1969 1970 1971 1972 1973 1974 1975 1976 1917 1918 1919 1920
 1921 1922 1923 1924 1925 1926 1927 1928 1929 1930 1931 1932 1933 1934
 1935 1936 1937 1938 1939 1940 1941 1942 1943 1944 1945 1946 1887 1888
 1889 1890 1891 1892 1893 1894 1895 1896 1897 1898 1899 1900 1901 1902
 1903 1904 1905 1906 1907 1908 1909 1910 1911 1912 1913 1914 1915 1916
 1857 1858 1859 1860 1861 1862 1863 1864 1865 1866 1867 1868 1869 1870
 1871 1872 1873 1874 1875 1876 1877 1878 1879 1880 1881 1882 1883 1884
 1885 1886 2094 2091 2092 2088 2087 2086 2085 2089 2090 2093 1827 1828
 1829 1830 1831 1832 1833 1834 1835 1836 1837 1838 1839 1840 1841 1842
 1843 1844 1845 1846 1847 1848 1849 1850 1851 1852 1853 1854 1855 1856
 1797 1798 1799 1800 1801 1802 1803 1804 1805 1806 1807 1808 1809 1810
 1811 1812 1813 1814 1815 1816 1817 1818 1819 1820 1821 1822 1823 1824
 1825 1826 1767 1768 1769 1770 1771 1772 1773 1774 1775 1776 1777 1778
 1779 1780 1781 1782 1783 1784 1785 1786 1787 1788 1789 1790 1791 1792
 1793 1794 1795 1796 1737 1738 1739 1740 1741 1742 1743 1744 1745 1746
 1747 1748 1749 1750 1751 1752 1753 1754 1755 1756 1757 1758 1759 1760
 1761 1762 1763 1764 1765 1766 1707 1708 1709 1710 1711 1712 1713 1714
 1715 1716 1717 1718 1719 1720 1721 1722 1723 1724 1725 1726 1727 1728
 1729 1730 1731 1732 1733 1734 1735 1736 1677 1678 1679 1680 1681 1682
 1683 1684 1685 1686 1687 1688 1689 1690 1691 1692 1693 1694 1695 1696
 1697 1698 1699 1700 1701 1702 1703 1704 1705 1706 1647 1648 1649 1650
 1651 1652 1653 1654 1655 1656 1657 1658 1659 1660 1661 1662 1663 1664
 1665 1666 1667 1668 1669 1670 1671 1672 1673 1674 1675 1676 1617 1618
 1619 1620 1621 1622 1623 1624 1625 1626 1627 1628 1629 1630 1631 1632
 1633 1634 1635 1636 1637 1638 1639 1640 1641 1642 1643 1644 1645 1646
 2056 2055 2054 2077 2080 2081 2084 2083 2082 2079 2078 2075 2074 2073
 2076 2058 2059 2060 2057 2061 2062 2072 2065 2064 2063 2068 2069 2070
 2071 2067 2066 1347 1346 1345 1344 1348 1349 1350 1351 1352 1343 1342
 1341 1340 1339 1338 1337 1336 1335 1334 1333 1332 1331 1330 1329 1328
 1327 1326 1325 1324 1323 1322 1321 1320 1319 1318 1317 1376 1375 1374
 1373 1372 1371 1370 1369 1368 1367 1366 1365 1364 1363 1362 1361 1360
 1359 1358 1357 1356 1355 1354 1353 1397 1398 1399 1400 1401 1402 1403
 1404 1405 1406 1407 1408 1409 1410 1411 1412 1413 1414 1415 1416 1417
 1418 1396 1395 1394 1393 1392 1391 1390 1389 1388 1387 1386 1385 1384
 1383 1382 1381 1380 1379 1378 1377 1436 1435 1434 1433 1432 1431 1430
 1429 1428 1427 1426 1425 1424 1423 1422 1421 1420 1419 1447 1448 1449
 1450 1451 1452 1453 1454 1455 1456 1457 1458 1459 1460 1461 1462 1463
 1464 1465 1466 1467 1468 1469 1470 1471 1472 1473 1474 1475 1476 1477
 1478 1479 1480 1481 1482 1483 1484 1485 1486 1487 1446 1445 1444 1488
 1489 1490 1443 1442 1441 1440 1439 1438 1437 1496 1495 1494 1493 1492
 1491 1497 1498 1499 1500 1501 1502 1503 1504 1505 1506 1507 1508 1509
 1510 1511 1512 1513 1514 1515 1516 1517 1518 1519 1520 1521 1522 1523
 1524 1525 1526 1527 1528 1529 1530 1531 1532 1533 1534 1535 1536 1537
 1538 1539 1540 1541 1542 1543 1544 1545 1546 1547 1548 1549 1550 1551
 1552 1553 1554 1555 1556 1557 1558 1559 1560 1561 1562 1563 1564 1565
 1566 1567 1568 1569 1570 1571 1572 1573 1574 1575 1576 1577 1578 1579
 1580 1581 1582 1583 1584 1585 1586 1587 1588 1589 1590 1591 1592 1593
 1594 1595 1596 1597 1598 1599 1600 1601 1602 1603 1604 1605 1606 1607
 1608 1609 1610 1611 1612 1613 1614 1615 1616  355  399  398  354  353
  397  396  352  351  395  394  350  349  393  392  348  347  391  390
  346  345  389  388  344  343  387  386  342  341  385  384  340  339
  383  382  338  337  381  380  379  378  377  376  375  374  373  372
  371  370  369  368  367  366  365  364  363  362  361  360  359  315
  316  317  318  319  320  321  322  323  324  325  326  327  328  329
  330  331  332  333  334  335  336  285  286  287  288  289  290  291
  292  293  294  295  296  297  298  299  300  301  302  303  304  257
  256  255  254  253  252  251  250  249  248  247  246  245  244  243
  242  241  240  239  238  237  284  283  236  235  282  281  234  233
  280  279  232  231  278  277  230  229  276  275  228  227  274  273
  226  225  272  271  224  223  222  270  269  268  221  220  267  266
  219  218  265  264  263  307  308  312  311  314  313  357  358  401
  402  403  404  406  405  449  450  407  408  409  410  411  412  413
  414  415  416  417  418  419  420  421  422  423  424  425  426  427
  428  429  430  431  432  433  434  435  436  437  438  439  440  441
  442  443  444  445  446  447  491  490  489  488  487  486  485  484
  483  482  481  480  479  478  477  476  475  474  473  472  471  470
  469  468  467  466  465  464  463  462  461  460  459  458  457  456
  455  454  453  452  451  492  493  497  496  503  504  505  506  507
  508  509  510  511  512  513  514  515  516  517  518  519  520  521
  522  523  524  525  526  527  528  529  530  531  532  533  534  535
  536  537  538  539  540  541  542  543  544  591  590  589  588  587
  586  585  584  583  582  581  580  579  578  577  576  575  574  573
  572  571  570  569  568  567  566  565  564  563  562  561  560  559
  558  557  556  555  554  553  552  551  597  603  608  609  610  611
  612  613  614  615  616  617  618  619  620  621  622  623  624  625
  626  627  628  629  630  631  632  633  634  635  636  637  638  639
  640  641  642  643  644  645  646  647  648  696  695  694  693  692
  691  690  689  688  687  686  685  684  683  682  681  680  679  678
  677  676  675  674  673  672  671  670  669  668  667  666  665  664
  663  662  661  660  659  658  707  718  719  720  721  722  723  724
  725  726  727  728  729  730  731  732  733  734  735  736  737  738
  739  740  741  742  743  744  745  746  747  748  749  750  751  752
  753  754  755  756  757  758  802  801  800  799  798  797 1316  796
  795  794  793  792  791  790  789  788  787  786  785  784  783  782
  821  781  780  820  819  779  778  803  777  818  817  776  775  774
  816  815  773  772  771  814  813  770  769  812  768  767  804  811
  766  765  764  810  809  763  762  761  808  807  806  760  716  717
  710  711  703  704  657  656  655  654  606  607  602  596  550  549
  502  498  501  545  548  592  595  598  601  649  653  697  652  698
  701  702  705  708  712  715    7  759    4  805    3    2    0    1
    6   10    9    8    5  714  713  709  706  700  699  651  650  605
  604  600  599  594  593  547  546  500  499  495  494  448   12   11
   15   16   17   18   14   13  400  356  310  309  306  305  261  260
  259  213  212  208  211  214  258  262  215  216  217  210  209  206
  207  203  204  205  120  121  122  202  201  200  199  198  197  196
  195  194  193  192  191  190  189  188  187  186  185  184  183  182
  181  180  179  178  177  176  175  174  173  172  171  170  169  168
  167  166  165  164  163  162  161  160  159  158  157  156  155  154
  153  152  151  150  149  148  147  146  145  144  143  142  141  140
  139  138  137  136  135  134  133  132  131  130  129  128  127  126
  125  124  123  119  118  117  116   76   77   78   79   80   81   82
   83   84   85   86   87   88   89   90   91   92   93   94   95   96
   97   98   99  100  101  102  103  104  105  106  107  108  109  110
  111  112  113  114  115   70   69   68   67   66   65   64   63   62
   61   60   59   58   57   56   55   54   53   52   51   50   49   48
   47   46   45   44   43   42   41   40   39   38   37   36   35   34
   33   32   31   30   75   74   73   28   29   22   23   19  839  840
  841  842  843  844  845  846  847  848  849  850  851  852  853  854
  855  856  857  858  859  860  861  862  863  864  865  866  867  868
  869  870  871  872  873  874  875  876  877  878  925  924  923  922
  921  920  919  918  917  916  915  914  913  912  911  910  909  908
  907  906  905  904  903  902  901  900  899  898  897  896  895  894
  893  892  891  890  889  888  887  886  931  930  884  885  838  837
  836  883  929  926  882  879  835  829  828   20   24   26   71   72
   27   25  824  823  822  826  833  832  831  825   21  827  830  834
  880  881  927  928  933  932  934  936  982  983 1029 1030 1035 1036
 1040 1039 1084 1085 1130 1133 1138 1139 1140 1143 1187 1188 1189 1242
 1255 1254 1253 1241 1240 1239 1191 1190 1141 1142 1137 1136 1132 1131
 1129 1038 1037 1034 1031 1028  984  981  937  935  938  939  940  941
  942  943  944  945  946  947  948  949  950  951  952  953  954  955
  956  957  958  959  960  961  962  963  964  965  966  967  968  969
  970  971  972  973  974  975  976  977  978  979  980 1027 1026 1025
 1024 1023 1022 1021 1020 1019 1018 1017 1016 1015 1014 1013 1012 1011
 1010 1009 1008 1007 1006 1005 1004 1003 1002 1001 1000  999  998  997
  996  995  994  993  992  991  990  989  988  987  986  985 1032 1033
 1044 1045 1046 1047 1048 1049 1050 1051 1052 1053 1054 1055 1056 1057
 1058 1059 1060 1061 1062 1063 1064 1065 1066 1067 1068 1069 1070 1071
 1072 1073 1074]

eliteFit: 80945.0
percentError: 0.615288999378496
computationTime: 117.548s