instanceName: rl5915
n: 5915
optFit: 565530

genTime, gen, eliteFit, percentError:
0.008481200027745217, 0, 41838312.0, 7298.071
77.33146999997552, 1, 640674.0, 13.287
46.5360393000301, 2, 631847.0, 11.727
43.47685790003743, 3, 624811.0, 10.482
43.63708409998799, 4, 620312.0, 9.687
44.06408929999452, 5, 618681.0, 9.398
44.704615900001954, 6, 617091.0, 9.117
43.59991589997662, 7, 614671.0, 8.689
40.20596859999932, 8, 612765.0, 8.352
39.52452669997001, 9, 607593.0, 7.438
43.26959290000377, 10, 606844.0, 7.305
42.01666570000816, 11, 606557.0, 7.255
41.06414400000358, 12, 606051.0, 7.165
42.13691930001369, 13, 603066.0, 6.637
42.685512399999425, 14, 603066.0, 6.637
41.16070690000197, 15, 600737.0, 6.225
41.670671400032006, 16, 600737.0, 6.225
39.41283419996034, 17, 600709.0, 6.221
39.614231600018684, 18, 598933.0, 5.906
29.156647700001486, 19, 598046.0, 5.750
24.45517450000625, 20, 596255.0, 5.433
27.38042579998728, 21, 595708.0, 5.336
26.759269800037146, 22, 595708.0, 5.336
27.436702399980277, 23, 594392.0, 5.104
25.569225600047503, 24, 594392.0, 5.104
23.486511400027666, 25, 594392.0, 5.104
27.053364599996712, 26, 594274.0, 5.083
26.44150419998914, 27, 593648.0, 4.972
24.079796799982432, 28, 592778.0, 4.818
22.890281799947843, 29, 592778.0, 4.818
29.330176700023003, 30, 592489.0, 4.767
15.294662300031632, 31, 592489.0, 4.767
8.685472699988168, 32, 592371.0, 4.746
9.098099399998318, 33, 592371.0, 4.746
10.794431099959183, 34, 592051.0, 4.690
11.079793600016274, 35, 592051.0, 4.690
12.085687699960545, 36, 591427.0, 4.579
10.32275239995215, 37, 590933.0, 4.492
14.365850500005763, 38, 590768.0, 4.463
11.57413959997939, 39, 590320.0, 4.383
12.551458600035403, 40, 590320.0, 4.383
16.154469200002495, 41, 589661.0, 4.267
18.213637800014112, 42, 589335.0, 4.209
10.17649350001011, 43, 588995.0, 4.149
9.99597960000392, 44, 588669.0, 4.092
9.205395600001793, 45, 588217.0, 4.012
8.934745599981397, 46, 588144.0, 3.999
11.9843406000291, 47, 587992.0, 3.972
11.887440800026525, 48, 587919.0, 3.959
11.058772000018507, 49, 587748.0, 3.929
12.689421299961396, 50, 587709.0, 3.922
21.879194500041194, 51, 587371.0, 3.862
21.02939460001653, 52, 587198.0, 3.831
18.47170759999426, 53, 586926.0, 3.783
22.051485900010448, 54, 586695.0, 3.743
19.16174609999871, 55, 586695.0, 3.743
18.78920030000154, 56, 586363.0, 3.684
26.52492870000424, 57, 586332.0, 3.678
21.920291399990674, 58, 586089.0, 3.635
20.895702400011942, 59, 586053.0, 3.629
20.25486990000354, 60, 585618.0, 3.552
19.932172300003003, 61, 585244.0, 3.486
20.892413399997167, 62, 585244.0, 3.486
23.48730539996177, 63, 585213.0, 3.480
19.766855299996678, 64, 584721.0, 3.393
18.546584600000642, 65, 584637.0, 3.379
21.803160000010394, 66, 584355.0, 3.329
19.36410429998068, 67, 584355.0, 3.329
20.006691699963994, 68, 583881.0, 3.245
17.48951250000391, 69, 583881.0, 3.245
19.036360700032674, 70, 583850.0, 3.239
15.93522360001225, 71, 583564.0, 3.189
9.375708899984602, 72, 583549.0, 3.186
11.672458000015467, 73, 583458.0, 3.170
9.521974799979944, 74, 583379.0, 3.156
10.55293679999886, 75, 583287.0, 3.140
10.639063599985093, 76, 583241.0, 3.132
10.09668870002497, 77, 583112.0, 3.109
9.225016700045671, 78, 583068.0, 3.101
12.330996599979699, 79, 582692.0, 3.035
9.691464800038375, 80, 582661.0, 3.029
9.792146499967203, 81, 582531.0, 3.006
10.222766800026875, 82, 582525.0, 3.005
10.945680400007404, 83, 582525.0, 3.005
10.222803300013766, 84, 582375.0, 2.979
9.82158009998966, 85, 582375.0, 2.979
8.196448899980169, 86, 582304.0, 2.966
8.21591750002699, 87, 582273.0, 2.961
7.809546000033151, 88, 582267.0, 2.960
8.87800690002041, 89, 582230.0, 2.953
8.482692599995062, 90, 582230.0, 2.953
9.1147251999937, 91, 582226.0, 2.952
9.125930499983951, 92, 582114.0, 2.932
7.661586600006558, 93, 582114.0, 2.932
9.048282100004144, 94, 582048.0, 2.921
8.33926869998686, 95, 582038.0, 2.919
7.6400659999926575, 96, 582038.0, 2.919
10.154779899981804, 97, 582038.0, 2.919
8.292178399977274, 98, 582038.0, 2.919
7.625774200016167, 99, 582038.0, 2.919
11.162030100007541, 100, 582038.0, 2.919
7.713573199987877, 101, 582012.0, 2.914
10.030839000013657, 102, 582012.0, 2.914
9.716688900021836, 103, 582012.0, 2.914
10.28155680000782, 104, 582012.0, 2.914
7.270803300023545, 105, 582012.0, 2.914
8.590435899968725, 106, 582012.0, 2.914
8.360821800015401, 107, 582012.0, 2.914
8.476904799987096, 108, 582012.0, 2.914
8.190734800009523, 109, 582012.0, 2.914
8.33145960001275, 110, 582012.0, 2.914
7.5876455999678, 111, 582012.0, 2.914
8.809676999982912, 112, 582012.0, 2.914
9.363200499967206, 113, 582012.0, 2.914
7.304356899985578, 114, 582012.0, 2.914
8.784740600036457, 115, 582012.0, 2.914
8.047700499999337, 116, 582012.0, 2.914
8.326786799996626, 117, 582012.0, 2.914
7.3740252000279725, 118, 582012.0, 2.914
8.422652099980041, 119, 582012.0, 2.914
8.38828310003737, 120, 582012.0, 2.914
8.956799299980048, 121, 582012.0, 2.914
7.242826500034425, 122, 582012.0, 2.914
8.64793890004512, 123, 582012.0, 2.914
9.1342610999709, 124, 582012.0, 2.914
7.748524499998894, 125, 581884.0, 2.892
9.190838899987284, 126, 581884.0, 2.892
11.623357600008603, 127, 581782.0, 2.874
12.438921499997377, 128, 581673.0, 2.854
13.119331899972167, 129, 581673.0, 2.854
11.596527399960905, 130, 581539.0, 2.831
13.156003499985673, 131, 581367.0, 2.800
12.0642684000195, 132, 581098.0, 2.753
13.077334900037386, 133, 580903.0, 2.718
13.373771199956536, 134, 580903.0, 2.718
12.904658099985681, 135, 580903.0, 2.718
11.22062310000183, 136, 580835.0, 2.706
9.28026550001232, 137, 580835.0, 2.706
11.334208800049964, 138, 580835.0, 2.706
8.503960700007156, 139, 580835.0, 2.706
8.972125000029337, 140, 580835.0, 2.706
7.905647700012196, 141, 580835.0, 2.706
11.147937699977774, 142, 580835.0, 2.706
7.599020200024825, 143, 580835.0, 2.706
9.530762100010179, 144, 580764.0, 2.694
10.122921300004236, 145, 580764.0, 2.694
12.653523700020742, 146, 580764.0, 2.694
14.8550570999505, 147, 580764.0, 2.694
23.25640829995973, 148, 580764.0, 2.694
23.619715699984226, 149, 580273.0, 2.607
14.218142400030047, 150, 580273.0, 2.607
21.63059869996505, 151, 580273.0, 2.607
24.885430500027724, 152, 580132.0, 2.582
23.050194400013424, 153, 580132.0, 2.582
23.54236319998745, 154, 579970.0, 2.553
14.27553479996277, 155, 579970.0, 2.553
11.504429800028447, 156, 579808.0, 2.525
10.203641499974765, 157, 579808.0, 2.525
9.700547699991148, 158, 579808.0, 2.525
7.530178400047589, 159, 579808.0, 2.525
7.615270000009332, 160, 579808.0, 2.525
8.06720150000183, 161, 579808.0, 2.525
7.8684127000160515, 162, 579808.0, 2.525
7.668022900004871, 163, 579808.0, 2.525
8.244723499985412, 164, 579802.0, 2.524
10.222863800008781, 165, 579672.0, 2.501
10.436430100002326, 166, 579672.0, 2.501
12.126994799997192, 167, 579672.0, 2.501
15.328064000001177, 168, 579672.0, 2.501
15.457875699969009, 169, 579420.0, 2.456
9.111354599997867, 170, 579420.0, 2.456
12.116283799987286, 171, 579183.0, 2.414
15.96489229996223, 172, 579183.0, 2.414
25.729944700025953, 173, 579116.0, 2.402
18.017163899959996, 174, 579116.0, 2.402
18.673576199973468, 175, 579116.0, 2.402
11.753540100005921, 176, 579069.0, 2.394
7.925137699989136, 177, 579069.0, 2.394
13.04951759998221, 178, 579069.0, 2.394
13.798314200015739, 179, 579069.0, 2.394
7.934643400018103, 180, 579069.0, 2.394
8.693655300012324, 181, 579069.0, 2.394
9.131637200014666, 182, 579069.0, 2.394
8.471688100020401, 183, 579069.0, 2.394
7.7594650000100955, 184, 579069.0, 2.394
8.447059500031173, 185, 579069.0, 2.394
10.040716400020756, 186, 579069.0, 2.394
8.049244900001213, 187, 579069.0, 2.394
7.125140400021337, 188, 579069.0, 2.394
9.37838319997536, 189, 579069.0, 2.394
8.212264200032223, 190, 579069.0, 2.394
9.590545100043528, 191, 579069.0, 2.394
7.657089599990286, 192, 579069.0, 2.394
9.565784100035671, 193, 579069.0, 2.394
7.74227729998529, 194, 579069.0, 2.394
8.881341200030874, 195, 579069.0, 2.394
9.417132400034461, 196, 579069.0, 2.394
8.468253700004425, 197, 579069.0, 2.394
7.876626499986742, 198, 579069.0, 2.394
9.081584699975792, 199, 578946.0, 2.372
9.583501300017815, 200, 578946.0, 2.372
10.265942100028042, 201, 578915.0, 2.367
12.443734499975108, 202, 578915.0, 2.367
11.322618300036993, 203, 578915.0, 2.367
9.358261200017296, 204, 578915.0, 2.367
8.111420099972747, 205, 578915.0, 2.367
7.685736200015526, 206, 578915.0, 2.367
8.346309799992014, 207, 578915.0, 2.367
8.543092699954286, 208, 578915.0, 2.367
8.343441700038966, 209, 578915.0, 2.367
7.748148899991065, 210, 578915.0, 2.367
7.390983999997843, 211, 578915.0, 2.367
8.069414499972481, 212, 578915.0, 2.367
8.933854000002611, 213, 578915.0, 2.367
7.883582599984948, 214, 578915.0, 2.367
7.875283500005025, 215, 578915.0, 2.367
7.475155599997379, 216, 578915.0, 2.367
8.276604999962728, 217, 578915.0, 2.367
9.137551800056826, 218, 578915.0, 2.367
9.00337520003086, 219, 578915.0, 2.367
9.681309700012207, 220, 578915.0, 2.367
7.558480900013819, 221, 578915.0, 2.367
8.39164470002288, 222, 578915.0, 2.367
8.844814700016286, 223, 578915.0, 2.367
7.870832799992058, 224, 578915.0, 2.367
7.71258770005079, 225, 578915.0, 2.367
8.37366490002023, 226, 578915.0, 2.367
7.569493199989665, 227, 578915.0, 2.367
7.611999300017487, 228, 578915.0, 2.367
7.830919600033667, 229, 578915.0, 2.367
6.324276900035329, 230, 578915.0, 2.367
7.472557200002484, 231, 578915.0, 2.367
8.165977799973916, 232, 578915.0, 2.367
7.814789200027008, 233, 578915.0, 2.367
8.018259699980263, 234, 578915.0, 2.367
9.011764900002163, 235, 578915.0, 2.367
8.510416499979328, 236, 578915.0, 2.367
7.673375299957115, 237, 578915.0, 2.367
8.736447800009046, 238, 578915.0, 2.367
7.893964199989568, 239, 578915.0, 2.367
8.713457699981518, 240, 578915.0, 2.367
10.12378439999884, 241, 578915.0, 2.367
8.548360699962359, 242, 578915.0, 2.367
9.486787000030745, 243, 578883.0, 2.361
8.149042000004556, 244, 578883.0, 2.361
7.987991300004069, 245, 578883.0, 2.361
8.498507799988147, 246, 578883.0, 2.361
7.679631899984088, 247, 578883.0, 2.361
8.12574319995474, 248, 578883.0, 2.361
7.612552999984473, 249, 578883.0, 2.361
11.201577799976803, 250, 578883.0, 2.361
7.032377799972892, 251, 578883.0, 2.361
8.670233899960294, 252, 578883.0, 2.361
7.404243300028611, 253, 578883.0, 2.361
9.830257900001016, 254, 578883.0, 2.361
7.699146700033452, 255, 578883.0, 2.361
6.777526799996849, 256, 578883.0, 2.361
7.788947399996687, 257, 578883.0, 2.361
7.872399500047322, 258, 578883.0, 2.361
8.314314400020521, 259, 578883.0, 2.361
8.450484799977858, 260, 578883.0, 2.361
8.930551199999172, 261, 578883.0, 2.361
8.80949110002257, 262, 578883.0, 2.361
8.051246999995783, 263, 578883.0, 2.361
7.328519900038373, 264, 578883.0, 2.361
7.407850600022357, 265, 578883.0, 2.361
8.55157470004633, 266, 578883.0, 2.361
7.931573799985927, 267, 578883.0, 2.361
7.840134400001261, 268, 578883.0, 2.361
8.200248399982229, 269, 578883.0, 2.361
8.353726500004996, 270, 578883.0, 2.361
8.917178499978036, 271, 578869.0, 2.359
8.86026290000882, 272, 578861.0, 2.357
7.804910300008487, 273, 578861.0, 2.357
9.209964899986517, 274, 578841.0, 2.354
7.997704299981706, 275, 578833.0, 2.352
7.702286700019613, 276, 578833.0, 2.352
7.930016800004523, 277, 578833.0, 2.352
7.781193499977235, 278, 578833.0, 2.352
9.0632190000033, 279, 578833.0, 2.352
8.281553899985738, 280, 578833.0, 2.352
7.387724199972581, 281, 578833.0, 2.352
7.939196399995126, 282, 578833.0, 2.352
8.77969120000489, 283, 578833.0, 2.352
9.159783600014634, 284, 578833.0, 2.352
8.53193169995211, 285, 578833.0, 2.352
7.8916940000490285, 286, 578833.0, 2.352
8.508822300005704, 287, 578833.0, 2.352
7.112760899995919, 288, 578833.0, 2.352
8.104192600003444, 289, 578833.0, 2.352
8.614115600008518, 290, 578499.0, 2.293
10.24156990001211, 291, 578499.0, 2.293
12.178809000004549, 292, 578499.0, 2.293
19.787287400045898, 293, 578347.0, 2.266
10.86802340002032, 294, 578347.0, 2.266
12.960656700015534, 295, 578235.0, 2.247
20.281970900017768, 296, 578235.0, 2.247
26.528309699962847, 297, 578235.0, 2.247
15.429605300014373, 298, 578082.0, 2.220
19.87295239995001, 299, 578082.0, 2.220
18.079508499999065, 300, 578082.0, 2.220
16.280661199998576, 301, 578002.0, 2.205
11.636760999972466, 302, 578002.0, 2.205
8.869089299987536, 303, 577939.0, 2.194
8.74127060000319, 304, 577766.0, 2.164
8.984524399973452, 305, 577765.0, 2.163
9.431090500031132, 306, 577695.0, 2.151
10.70164719998138, 307, 577694.0, 2.151
8.677888099977281, 308, 577694.0, 2.151
11.217254500021227, 309, 577694.0, 2.151
7.997824899968691, 310, 577694.0, 2.151
8.561163899954408, 311, 577694.0, 2.151
9.057755599962547, 312, 577694.0, 2.151
8.390822499990463, 313, 577694.0, 2.151
8.55054620001465, 314, 577694.0, 2.151
8.206208900024649, 315, 577694.0, 2.151
9.113848000008147, 316, 577694.0, 2.151
8.179559399955906, 317, 577694.0, 2.151
8.06040459999349, 318, 577694.0, 2.151
8.803017300029751, 319, 577694.0, 2.151
8.177480999962427, 320, 577694.0, 2.151
7.462687499995809, 321, 577694.0, 2.151
8.390458300011232, 322, 577694.0, 2.151
9.568736199988052, 323, 577694.0, 2.151
8.686335199978203, 324, 577694.0, 2.151
9.892705900012515, 325, 577688.0, 2.150
8.466161800024565, 326, 577688.0, 2.150
9.244705400022212, 327, 577688.0, 2.150
8.709496299969032, 328, 577688.0, 2.150
7.645327699952759, 329, 577688.0, 2.150
10.082142400031444, 330, 577688.0, 2.150
7.500799799978267, 331, 577688.0, 2.150
9.23109369998565, 332, 577688.0, 2.150
8.939462900045328, 333, 577688.0, 2.150
7.875878899998497, 334, 577688.0, 2.150
8.952469900017604, 335, 577688.0, 2.150
8.780972800042946, 336, 577688.0, 2.150
8.437100099981762, 337, 577688.0, 2.150
9.011284400010481, 338, 577688.0, 2.150
9.749435500008985, 339, 577688.0, 2.150
8.361498999991454, 340, 577680.0, 2.148
10.451676299970131, 341, 577680.0, 2.148
7.954669599945191, 342, 577680.0, 2.148
9.111147099989466, 343, 577680.0, 2.148
8.33698349999031, 344, 577680.0, 2.148
8.888644299993757, 345, 577680.0, 2.148
8.68442209996283, 346, 577680.0, 2.148
9.313999600009993, 347, 577680.0, 2.148
7.325646899989806, 348, 577680.0, 2.148
9.72297120001167, 349, 577680.0, 2.148
9.057227000012062, 350, 577680.0, 2.148
8.737054600031115, 351, 577680.0, 2.148
7.892714999965392, 352, 577680.0, 2.148
8.58056689996738, 353, 577680.0, 2.148
7.419551400002092, 354, 577680.0, 2.148
7.5905701000010595, 355, 577680.0, 2.148
8.30577470001299, 356, 577680.0, 2.148
9.235760300012771, 357, 577680.0, 2.148
8.718416800023988, 358, 577680.0, 2.148
7.972471599990968, 359, 577680.0, 2.148
8.08840320003219, 360, 577680.0, 2.148
8.212658300006296, 361, 577680.0, 2.148
7.867461500049103, 362, 577680.0, 2.148
8.89942540001357, 363, 577680.0, 2.148
8.001242999976967, 364, 577680.0, 2.148
7.795997100009117, 365, 577680.0, 2.148
9.661940799967851, 366, 577680.0, 2.148
8.767853799974546, 367, 577680.0, 2.148
9.060091999999713, 368, 577680.0, 2.148
10.546040699991863, 369, 577680.0, 2.148
8.825344100012444, 370, 577680.0, 2.148
8.689412500010803, 371, 577680.0, 2.148
8.077748400042765, 372, 577680.0, 2.148
8.234813300019596, 373, 577680.0, 2.148
8.568704500037711, 374, 577680.0, 2.148
9.482632100000046, 375, 577680.0, 2.148
7.904099800041877, 376, 577655.0, 2.144
8.72750569996424, 377, 577655.0, 2.144
9.72617189999437, 378, 577655.0, 2.144
9.149455000006128, 379, 577631.0, 2.140
12.801417400012724, 380, 577631.0, 2.140
10.293093899963424, 381, 577631.0, 2.140
13.30766459996812, 382, 577493.0, 2.115
16.029041400004644, 383, 577493.0, 2.115
17.606143400014844, 384, 577493.0, 2.115
16.60579990001861, 385, 577460.0, 2.110
13.928942199971061, 386, 577460.0, 2.110
10.697407100000419, 387, 577460.0, 2.110
16.30151169997407, 388, 577460.0, 2.110
12.13530379999429, 389, 577460.0, 2.110
7.142815100029111, 390, 577460.0, 2.110
8.388462400005665, 391, 577460.0, 2.110
9.454189500014763, 392, 577460.0, 2.110
9.169840000045951, 393, 577460.0, 2.110
10.032842200016603, 394, 577460.0, 2.110
8.156177699973341, 395, 577460.0, 2.110
8.845563400012907, 396, 577460.0, 2.110
7.913460799958557, 397, 577460.0, 2.110
7.9417314999736845, 398, 577460.0, 2.110
7.398678000026848, 399, 577460.0, 2.110
9.341856600018218, 400, 577460.0, 2.110
8.022622900025453, 401, 577460.0, 2.110
9.136454500025138, 402, 577460.0, 2.110
8.172228200011887, 403, 577460.0, 2.110
7.805901499988977, 404, 577460.0, 2.110
8.232513700029813, 405, 577460.0, 2.110
9.083262900006957, 406, 577460.0, 2.110
8.596709400007967, 407, 577460.0, 2.110
7.1778863000217825, 408, 577460.0, 2.110
8.68095790001098, 409, 577460.0, 2.110
8.625990300031845, 410, 577460.0, 2.110
8.13295030000154, 411, 577460.0, 2.110
7.979858000006061, 412, 577460.0, 2.110
8.099198299983982, 413, 577460.0, 2.110
9.37854869995499, 414, 577460.0, 2.110
9.97837269998854, 415, 577460.0, 2.110
8.234487199981231, 416, 577460.0, 2.110
8.67779030004749, 417, 577460.0, 2.110
8.415363600011915, 418, 577460.0, 2.110
9.572245199989993, 419, 577460.0, 2.110
8.88414430001285, 420, 577460.0, 2.110
9.572727699996904, 421, 577460.0, 2.110
8.702836100012064, 422, 577460.0, 2.110
9.20044109999435, 423, 577460.0, 2.110
7.8243222999735735, 424, 577460.0, 2.110
7.728630899975542, 425, 577460.0, 2.110
7.613126899988856, 426, 577460.0, 2.110
7.107089900004212, 427, 577460.0, 2.110
9.067620100046042, 428, 577460.0, 2.110
8.062281799968332, 429, 577460.0, 2.110
8.995494599977974, 430, 577460.0, 2.110
7.803533800004516, 431, 577460.0, 2.110
7.715538599994034, 432, 577460.0, 2.110
7.791471700009424, 433, 577460.0, 2.110
7.736251300026197, 434, 577460.0, 2.110
8.924854899989441, 435, 577460.0, 2.110

tour:
[1344 5387 5414 1542 3491 4257 3520 2716 3483 1389 1679 3873 3965  462
 3477 1099 3476 1098 3475  101 3474 3473 1097 3472 1096 3471 1095 3470
 3469 3468 3467 3466 3465 5129 1862 5881 2003 1589 1153 3898 3897 3896
 3895 3894 3893 3892 3891 3890 3889 1152 3888 1151 3887 1150 3886 3885
  235 4856 4857  297 4858 4859 4860 4861 1140 4862 1146 4863 1073 4864
  671 4865 4866 4867 4868 4869 4870 1587 5130 5131  190 5132 5133 5134
 5135 5136 5137 5138 5139 1094 5140 1316 4497 5491 4495 5113 5141 3850
 3460 5440 5422 3331 3330 3329 3328 3327 3326 3325 3324 3323 3322 3321
 3320 3333 3317 1072 3316 1071 3315 1070 3314 1069 3313  298 3312 1068
 3311  236 3310 1067 3309  255 3308 3307   79 5509 1451 3957 5512 1454
 3956 3883 1436 5454 1512 1513 3905 3908 3909 3910 3911 3912 3913 3914
 3915 3185 3186  348 1749  486 1750  487 1751  488 1395  191 1396  192
 1397 2068 5381 4285 5678  676 2067  123 2066 2065 2064 2063 2062 2061
 2060 2059 2058  675 2057  674 2056  673 2055  672 2054 3937 3936 3935
 3934 3933 3932 3931 3930 3929  260 4855 4854   78 3928 3927 3924 5476
 1557 1598 1597  356 1596 1595  172 1594 1600 3926  359 5549 5548    6
 4853 4852 4851  357 5547 5546 3736 3735 3951 3952 5543 5544 5545  119
 1132   40 4850 4849 4848 4847  171  383 5542 5541 1038 4846 4845 1218
 4844 1591  355 1592 1593 1378  169 1379  170 1380  120 5504 5505   41
 5506    7 5507 5508  360 3306 1066 3305 3304 3303 3302 3301 4842 1590
 5540 1377 3209 3300 3953 3661 3071 1622 1517 5503 1332 3737 3923 1262
 1555 1237 5477 3925 5866 3942 3433 1605 2077 3503 1288 1450 5448 3958
 3884 1437 1515 3907 3944 3970 5382 4197 3865 3877 3866 3988 3250 3974
 3977 2764 3187 1748 1586 2004 3149 4014 1860 1952 5653  194 5654 5655
 5656 5657 5658 5659  454 5660 1037 5661 5662  430 5663 3202 3201  455
 5427  916 5428 3959 3874 1680 2117 4258 3492 5415 5388 1346 5447 1392
 2223 2176 5374 5287 3495 1953 4282 3231 5474 1275 4783 5103 3515 1505
  262 1506  293 1507 4303 4302 4301 1108 4300 1191 4299 1190 4298 4297
 4296 4295 4294 4293 4292  917 4291  456 4290  105 4289 4288 4287 4286
 3259 1057 3260 1058 3261 3262 3263  305 5423 5424 5425 5426  104 3200
 3199 3198 1036 3197 3196 1035 3195  195 3194 1034 3193  633 3192  565
 3191 1023 3190  649 3189  351 3188 2761  196 3258 1056 3257  634 3256
  566 3255 1024 3254  650 3253  352 3252  933 3251 3971 1055 3247 1052
 3985 3246 1051 3245 1050 3244 1049 3243  300 3242  238 3241 1048 3240
  257 3239   75 3238    8 3237   42 3236 3099 1012 4843 4182  354 4183
  168 4184  384 4185  121 4186   43 4187    9 4188   76 4189  258 4190
 1155 4191  239 4192  301 4193 1157 4194 4198 1142 4199 1148 4200 1145
 4201 1158 4202  934 4203  353 4204  651 4205 1025 4206  567 4207  635
 4208 1163 4209  197 4210 1105 4211 3334 1524 3462 3852 5143 3264 1318
 5115 1874 4496 1717 3479 3204 2712 3478 5429 3960 1293   80 1294   81
 1295   82 1296   83 1297   84 1298   59 1299 4784 5104 3516 1469 1551
 5502 1563 5693 1994 3560 5650 1417 2777  295 2778  631  223 2779 2780
 2781 2782 2783 2784 2785 2786  888 2787  490 2788  894 2789   73 2790
   25 2791  941 2792  577 2793  485 2794  420 2795  369 2796  942 2797
  911 2798  943 2799 3854 3832 2574 3990 4002 3573 3002 3984 3003 3126
 5367 5398 3061 5015 3157 3043 4834 4493 3055 4494 3156 1488 3646 1715
 2936 2805 2704 4268 2689 2875 3031 3094 3674 5192 4115 3137 1438 5564
 3627 2590 3668 2575 4782 2943 4582 3590 4534 2711 4656 4404 2671 4720
 3812 4946 4242 5766 5082 4215 5175 3724 5726 5624 3423 5259 3267 5337
 4160 5598 1828 4963 4965 4967 4964 4966 3700 4059 4058 3743 3489 4595
 3652 4407 2770 3373 1780 4174 1803 3761 2525 3367 3284 4123 3351 1585
 2534 4097 4084 4277 5405 2642 4841 3077 1252 3625 4255 4042 5413 1366
 3431 4134 2001 1539 4181 2608 1564 4234 1283 4739 4912 1473 3299 4159
 4075 5106 1422 5117 1490 5312 3229 3847 5530 4583 4584 4585  118 4586
    2 4587 4588 4592 5437 3752 2685 4745 2937 4235 5313 5456 1577  335
 1576  334 1575  333 1574  332 1573 1572  331 1571 1570  330 1569  216
 1568  329 1567  266 1566   69 1565  328 2609 3404 3714 1350 2655  868
 2607  162 2606  867 2605   29 2604  866 2603  865 2602  864 2601  863
 2600  347 2599  862 2598  831  536 4064 4065 4073 4122 3350 1584 2533
 4096 4083 4276 5404 2641 4840 3076 1251 3624 4254 4041 5412 1365 3430
 4133 2000 1538 4180 4233 1282 4738 4911 1472 3298 4158 4074 5105 1421
 5116 1489 5311 3228 3846 5529 1330 2649 3636 3659 2760 2286 2635 3682
 5300 5515 5485 4003 3707 5526 5828 5571 2371 5567 1232 1244 2326 5463
 4109 3728 4591 5436 3751 2684 4744 3753 3754  288 1500  287 1499  286
 1498  285 1497  284 1496  283 1495 1494  282 1493  117 1492  281 1491
 3227  215 3226 1047 3225  265 3224   68 3223 1046 3222 1045 3221  139
 3220 1044 3219 5224 5225 5226 5227 5228 5229 3845 5528 1329 2648 3635
 3658 2759 2285 2634 3681 5299 5514 5484 1242 1243    1 4004 4005 4006
 4007 4008 4009 3733 3732 3731 3730 3729 4108 5462 2325 4431 5486    0
 4432  763 4433 2686 2687 4743 1211 4742 1205 4435 4741 4590 5435 5457
 5434 5433    5 1198 5538 5537 1233    3 5536 5535 5534   14 5516 5513
 5298 3680 2633 5533 5532  115 5531  760 2321  761 2322 2323  762 2324
 5432 5461 4107 5431 1235 5488 5566 2370 5570 5827 5525 3706 5520 1241
 5297 3679 2632 2758 3657 3634 2647 2320 1328  114 1327  113 1326  112
 1325  111 1324 1351 1255   32 1254   31 1253   30 3290 3291 3292 3293
 3294 3295 3296 3297   66  167 4139 4138 4137 4136 4135 3429 5411 4040
 4039 3215 4252 3622 1249 3074 4838 2639 5402 4273 4081 4094 2531 1582
 3348 4120 4071 3282 3365 2523 3759 1801 4171 1778 3371 2594 2768 3650
 4593 3487 3741 4056 3181 3698 4405  513 4408  533 4409  828 4410  344
 4411 1171 4412 1188 4413 4274  883 4414 1196 4415 1005 4416   26 4417
 1041 4418 1164 4419  159 4420  138 1367 1368  163 1369  164 1370 4421
 4422 4423 4424 4425 4426 4427 5118 4142 1169 4141 4140  263 4076 4148
 4143 5123 5310 5234 5527 2282 2283 2284  116 4430 4429 1197 4428 1135
 3844  214 3843 1134 3842  264 3841   67 3840 3839 3838 5223 5222 1182
 5221  160 5220 1165 5219 1042 5218   27 5217 1006 5216 1216 5215  884
 5214 1172 5213  345 5212  829 5211  534 5210  514 5209 1206 5208 1102
 5207 1167 5206 1033 5205  554 5204  785 5203 1221 5202 1059 5201 4724
 4723 4722 4721 4719 4718 4717 4716  240 2348 2349 2350 2351  774 2352
  775 2353  776 2354  777 2355  778 2356  779 2357 2362 1827 3699 3182
 4057 3742 3488 4594 3651 4406 2769 2595 3372 1779 4172 1802 3760 2524
 3366 3283 4072 4121 3349 1583 2532 4095 4082 4275 5403 2640 4839 3075
 1250 3623 4253 3216 3217 1043 3218  161 5276 5275   28 5274 1007 5273
 1217 5272  885 5271 1173 5270  346 5269  830 5268  535 5267  515 5266
 1207 5265 1103 5264 1168 5263 5262 3177 1027 4063 4062 4061 4060 2585
  858 2586  859 2587  860 2588  861 2589  516 2596 2597 4173 4167 4166
 4165 4164 4163 4162  556 4161 2584  857 2583  856 2582  855 2581  854
 2580  853 2579  852 2578  851 2577  850 2576  849 3168 3169 3170 3171
 3172 3173 3174 3175 3176  555 5261 5260 5258 5257 5256 5255 5254 5253
 5252 5251 3167 3166 3165 3164 3163 3162 3161 3160 3159 3158 5241 5240
 3983 3572 4001 3989 2214 2209 2208 2207 2206 2205 4461 4462 2329 2330
 2331  764 2332  765 2333  766 2334 2335  767 2336  768 2337  769 2338
 5242 5243 5244 5245  280 5246 5247 5248 5249 5250 2347  773 2346  772
 2345  771 2344  770 2343 2342 2341 2340 2339 4706 4707 4708 4709 4710
 4711 4712 4713 4714 4715 3673 5193 5194 5195 5196 5197 5198 5199 5200
 3723 5336 3266 4731 3422 5623 5725 3722 5174 4214 5081 5765 4241 4945
 3811 1442  243 1441  242 3810 3809 3808 1440  241 1439 4114 3807 3806
 3805  906 3804  980 3803  279 3802 1026 3801 3800 3799 3576 3575 3574
 4705 4704 4703  719 4702 4701 4700 4699 4698 4697 4696 2871 4695 2327
 4459 2328 4460  368 2204 1701 1702  442 1703  443 1704  444 1705  445
 1706  446 1707  447 1708  448 1709  449 1710  450 1711  451 1712  452
 1713 1714 1716 4492 4491 4490 4489 3001 3000 2999 4488 4487 4486 4485
 4484 4483 4482 1700 2203  441 2202 4458 1760 3128 2409 3550 2459 4337
 2375 4691 2171 1879 2842 3102 3547 3546 3545 3544 3543 3542 3541 3540
 3539 3538 3537 3536 3535 3534  629 3533  498 3532 3531 3530 3529 3528
 5671 5672  210 4440  427 5673 5674 4442  630  222 4443 4444  431 4445
 4446 4447 4448 4449 4450 4451 4452 4453 4454 4455 4456 4457 2201 2200
 1697  439 1698  440 1699 4481 4480 4479 4478 4477 4476 4475 4474 4473
 4472 4313 4312 4311 4310 4309 4308 4307 4306 4305 4304  211 1508  294
 1509 3092 5675 3571 1768 2271 2611 1948 2856 1428 5798 3139 3814 3581
 4468 4469 4470 4471  148  176 1686  432 1687 1688 1689  433 1690  434
 1691  435 1692  436 1693  437 1694  438 1695 1696   72   24 2199 2198
 2197 2196 2195 2194 2193 2192 2191 2190 2189 2188 2187 2186  499 4441
 2185 2184 2183  327 2182 2181 2180 2179 2178 2177 1543  317 1544  318
 1545 1546  319 1547  320 1548  321 1549 5670 5669 5668 5667 5666 5665
 5664  132 3521 3522 5685 5686 5687 5688 5689   58 3523 3524 3525 3526
 3527 5690 5691  261 5692  326 1993 3559 5649 1416 2776 1672 2824 3773
 3774 3775 2857 3776 1966  628 1965  497 1964  637 1963  426 1962  209
 1961  636 1960 3558 1562 5501 5500 5499 5498 1954 1955 1956 1957 1958
 1959 1992 1991 1990 1989 1988 1987 1986 1985 1984 1983  647 1982 1873
  453 1981 1980 1979 1978 5679 5680 5681 5682 5683 5684 3203 1872  103
 1871  573 1870  572 1869 1868  571 1867 1866  570 1865 1951  564 1864
 4013 4012  569  350 3147  648 3148 1859  563 1975 1976 1977 3507  193
 3506 1974 1858 1863 5882 5879 3146 5878 1022 5877 1054 5876 1161 5875
 1144 5874 1147 5873 1141 5872 1156 5871  299 5870 5869 5868  256 5867
   74 1289 3941 3432 1604 2076 3502 1292 1449 5449 1154  237 5450 5451
 5455 1514 3906 3943 3968 3969 5383 5386 4017 4018 4019 1143 4020 1160
 4021 1053 4022 1021 4023  349 4024  568 4025  562 4026  632 4027  646
 4028  302 1520 1521  303 1522  304 1523 3461 3851 5142 1317 5114 5492
 5493  574 5494  131 5495  720 5496 1104 5497 3496 4785 5102 5101 1274
 5473 3230 4281 3499 5291 5288 5373 5286 2222 1391 5446 1345  130 1343
  129 1342  128 1341 1340  127 1339  126 1338  125 1337  124 1336 3332
 5441 5442  102 5443 5444 5445 3961 2118  189 2119  697 2120  698 2121
  699 2122 2123 2124 2125 2126 2127 2128 2129  700 2130  496 2131 2132
 4323 4322 4321 4320 4319 4318 4317 1468 1504 3514 1550 1561 4439 3557
 5648 1415 2775 1671 2823 3772 3091 3570 1767 2610 1947 2855 2277 2272
 1971 5797 3138 3813 1433 1685 3586 4467 2949 2927 5824 1383 1358 2526
 4223 4222 2970 3781 3780 3779 3778 3777 2858  953 2859  175 2860  147
 2861  954 2862 2863  887  489  893 2865 2864 3782 3783 3784 3785 3786
 2867 2866   71   23 2868  955 2869 2870 3789  576 3788 3787 4029 4632
 2969 3918 4573 2270 2257 2259 3034 2453 1248 2005 1287 2670 4368 1758
 1755 1754 3005 2659 2069 3750 3510 2262 2973 4226 2527 4327 4326 4325
 4324  174 4328 4329 4330 4331 4332 4333 2142 2143 2144 2808 5041 5040
   22 1247   21 2452 4631 4033 3101 2841 1878 4690 2374 2175 2149 2457
 3548 1747 3127 1759  491 1761 1762 1763 4916 4152 3881 2663 5301 3904
  483 5043 5042  704 2809 2810 2145 2458 3549 2408 4336  575 4335 4334
 2006  652 2007 2008 4633  484 4634 2009  418 2010  366 4635 2215 3790
  419 3791  367 3792 2698 3793  983 3794  848 3795  718 3796 1133 3797
 3798 3062 3063 3064 4647 4648 4649 4650 4651 4652 4653 4654 4655 2672
  254 2673  895 2674  896 2675  897 2676  898 2677  899 2678 5597 2361
 1826 2683 5335 3265 4730 3421 5622 5724 3721 5173 4213 5080 5764 4240
 4944 1448 4403 2030 2029 2028 2027  665 2026  664 2025  663 2024  662
 2023 2022  661 2021  278 4646 4645 4644 4643 4642 4641 4640 4639 4638
 4637 4636 2012  653 2011 3049 2013  654 2014  655 2015  656 2016  657
 2017  658 2018  659 2019  660 2020 3155 1487 2935 2804 2876 2431  798
 2430  797 2429  796 2428  795 2427 2426 2425 2424  794 2423 2422  793
 2421  792 2420 2419 2944 2418 2417 2416 2415 2414  365 2413 2412 2411
 2410 3882 5044 1149 5045 1179 5046  417 5047  364 5048 5697 5049 5698
 5699 5700 5701 5702 5703 5704 5705 5706 5707 5708  277 5709 5710 5711
 5712 5713 5714 5715 5716 5717 5718 5719 5720 5721 5722 5723 3268 3269
 3270  552 3271  784 2444  804 2443  803 2442  802 2441  801 2440  800
 2439  799 2438  253 2437 2436 2435 2434 2433 2432 2877 2878 2879 2880
 2881 2882 2883 2884 2885 2886 2887 2888 2889 2890  553 2891  956 2892
  957 2893  958 2894  959 2895  960 2896  512 2897  532 2898  827 3758
 3281 4070 4119 2899  343 2900  961 2901  962 4099 4098 2530 3347 1581
 2535 2539 4085 4086  882 4087 1174 4088 1004 4093 3621 4251 3214 3289
 4038 5410 3428 5281 1260 1999 1537 2654 4179 3837 1357 3713 3403 4232
 1376 1281 4737 4910 1471 1323 4157 4080 1420 5110 4147 5122 5309 5233
 2281 4620 4621   13 4622  788 4623 1209 4624 1177 4625    4 4627 5460
 5459 2369  787 2368   12 2367  786 5296 5295  759  748 4619 4618  213
 4617 1170 4616 1181 4615  110 4614   65 4613  166 4612 1187 4611  145
 4610   39 4609 1087 4608 1040 4607 1121 4606 1003 4605 1208 4604  881
 4603  965 4602  841 4601  342 4600 3346 1077 3345  826 3344 3280 3279
 3278 1062 3274 1061 3273 1060 3272 1032 3338 3339 3340 3341 3342  511
 3343  531 4599 4598 4597 4596 4055 3180 3697 3337 1825 2447 2360 5596
 2682 5334 4729 3420 5621 3720 5172 4212 5079 5763 4239 4943 1447 4402
 2035 2710 4533 3589 4581 2942 4781 3667 3626 5563 3136 4113 2667 3672
 3093 3030 2688 4267 2703 2803 2934 3645 1486 3069 3054 3048 4833 3154
 3580 5014 5372 5397 3125 5239 3982 3995 4000 2213 2948 2573 3831 3853
 2998 5285 5127 3053 2697 5858 4917 4918 4919 4920 4921  995 1940 1939
 1938 1937 1886  416 1885 1884 1883 1882 1881 1880  950 2838 4896 4897
 4898 4899 4900 4901 4902 4903 4904  363 1887  578 1888  579 1889  580
 1890  581 1891  582 1892  583 3999 4922  717 4923 1162 4924 1159 4925
 1017 4926 1219 4927 1114 4928 1001 4929 1002 4930  276 4931 1126 4932
  979 4933  944 4934  905 4935 2690 3029 3095  596 1907  597 1908  598
 2941 4936 1020 4937 4938 4939 1115 4940  670 4941  252 4942 4959 2709
 4947 4948 1130 4949 1085 4950 1210 4951 1220 4952  904 4953  783 4954
  551 4955 1076 4956 1031 4957 1166 4962 4958 3740 3486 3277 3649 2767
 2593 3370 1777 4170 1800 3757 2522 3364 4069 4118 1580 2538 4272 2906
 4102 5401 2638 4837 3073 4092 3620 4250 3213 3288 4037 5409 3427 5280
 1259 1998 1536 2653 4178 3836 1356 3712 3402 4231 1375 1280 4736 4909
 1470 1322 4156 4079 1419 5109 4146 5121 5308 5232 5294 2280 2319 2646
 3633 3656 2757 2366 3678 2631 2756 2755  212 1476  268 1475  267 1474
  109 2754 2753 2752 2751   64 2750  165 2749  932 2748 3405 3401  144
 2747   38 2746 3400 3399 3398 3397 3396 3395 3394 3393 3392  840 2739
 2740 2741 2742 2743 2744 2745 1535  316 1534  315 1533  314 1532  313
 1531  312 1530  311 1529  310 1528 2738  341 3391 2737  931 2736 2735
  825 3390 3389 3388  530 2734  510 3387 3386 3385 3384 3383 3382 3381
 3380 3379 3378 3419 5620 4221  601 1912  251 1911  600 1910  599 1909
 4580 4579 4578 4577 1906  595 1905  594 1904  593 1903  592 1902  591
 1901  275 1900  590 1899  589 1898  588 1897  587 1896  586 1895  585
 1894  584 1893 3858 3857 3856 3855 2161 2162 2163 2164  706 2165  707
 2166  708 3056 3644 2702 4266 2693 3028 4576 3671 2666 4112 3098 3135
 2940 5562 3632 3665 4780 3628 3666 3588 4532 2708 2034 4401 1446 4238
 5762 1919 5078 2722  923 2723  924 2724  925 2725  903 2726  782 2727
  550 2728  926 2729  927 2730  928 2731  929 2732  930 2733 4054 4053
 4052 4051 4050 4049 4048 5595  902 5594 1222 5593 1083 5592 5077 5076
 5075 5074 5073 5072 5071 5070 5069  892 5584  982 1125 5585 5586 1214
 5587  915 5588  669 5589  250 5590  607 5591  922 5619 5618 5617 5616
 5615 5614 5613 5612 5611 5583 5582 5581 5580  978  914  909 5068 5067
 5066  274 5579 1000 5065 5064  711 5578 5577 5576 5604 5605 5606 5607
 5608 5609 5610 4264 4265 2701 2802 2933 3643 1485 3060 3068 3047 4832
 3153 2170 3124 3123 5603 5602  716  847 2572  846 2571 2570 2569 2568
 2567 2566  362 5855 5856 5857 3826 3827 3828 3829 3830 2160 2159  705
 2158  620 2157 2156 2155 2154 2153 2152 2151 2150 5865 5864 5863 5862
 5851 5852 5853 5854 2565 2564 2563 2562 1652  412 1653  413 1654  414
 1655  415 1656 5053 5054 5055 5056 5057 5058 5059  715 4766 4767 1016
 5060 5061 5062 5063 1139 4768 1212 4769 1213 4770 4771 4772 4773 4774
 4775 4776 4777 4778 4779 3587 4531 2707 2033 4400 1445 4237 5761 1918
 5094 2721 5171 3719 4220 4047 3418 3377 4728 5333 2681 2359 2446 1824
 3336 3696 3179 4961 3739 3485 3276 3648 2766 2592 3369 1776 4169 1799
 3756 2521 3363 4068 4117 1579 2537 1527 4271 2905 4101 5400 2637 4836
 3072 4091 3619 4249 3212 3287 4036 5408 3426 5279 1258 1997 2652 4177
 3835 1355 3711 3409 4230 1374 1279 4735 4908 1418  217 1423  218 1424
  219 1477  269 1478  270 3637 1240 5519 3705 5524 4589 4740 5539 4434
 5569 5826 5565 5487 4106 5430 1234 4626 5458  221 2629  747 2628  877
 2627  876 2626  875 2625  108 2624   62 2623  874 2622  142 2621  873
 2620   36 2619  872 2618  871 2617 4247 3617 1120 3616 1119 3615  879
 3614  963 3613  307 3612  838 3611  338 3610 1118 3609  823 3608 1117
 3607  507 3606 1064 3605 1101 3604 1029 3603 1075 3602  780 3601  900
 3600 1116 3599 1081 3598  920 3597  605 3596  248 3595 2405 2404  789
 2403 2402 2401 2400 2399 2398 2397 2396  273 2395 2394 2393 2392 2391
 2390 2389 2388 2387 2386 2385 2384 2383 2382 2381 2380 2379  495 2378
  684 2377 2376 5302 4370 4371 4372 4373 4374 4375 4508 4507 4506 4505
 4504 4503 2985 2986 2987 2988 2989 2990 2991 2992 2993 2994 4509 4510
 4511 4512 4513 4514 4515 4516 4517 4518 4519 4520 4521 4522 4389 4388
 4387 4386 4385 4384 4383 4382 4381 4380 4379 4378 4377 4376 1606  370
 1607  371 1608  372 1609  373 1610  374 1611  375 1612  376 1613  377
 1614  378 1615  379 1616  380 1617  381 1618  382 1619 4390 4391  913
  977 4523 4524 4525 4526  908 4392 4393 4394  891 4527  981 4395 4396
 4397 3591 3594  668 4399 4398 1128 1124 4528 4529 4530 4535  249 4536
 4539 4236 5760 1917 2720 5170 3718 4219 4046 3417 3376 4727 5332 2680
 3353 3354 3693  781 3694 3355 3356 1030 3357 1078 3358 1065 3359  508
 3360 1079 3361  824 3362 4067 4124  339 4125  839 4126  308 4127  964
 4128  880 4129 1178 4130 4090 4132 3618 4248 3211 3286 4035 5407 3425
 5278 3083 1257 1996 2651 4176 3834 1354 3710 3408 4229 1373 1823 1278
 4734 4907 1855 5108 4145 5120 5307 5231 5293 2279 2318 2645 2630 3677
 3640 2365 1481 3655 1427 4078 4155 1321  561 1852   63 1851 1850 1849
  143 1820  549 1819 1818  548 1817 1816  547 1815  546 1814  545 1813
  544 1812  543 1811  542 1810  541 1809 1808  540 1807  309 1842 1843
 1844 1845 1846 1847   37 1848 3081 3080 3079 3078 1841 1840 1839 1838
  340 1806  539 1805  538 1804  537 1798 1834 1835 1836 1837 4116 2520
 5096 5093 5092  509 5091 5090 1833  560 1832  559 1831  558 1830  557
 1829 5088 5089 3695 5087 5086 5085 5084 5083 1082  901 3692 1129 3691
 3690  921 3689  606 3688 3687 3686 3685 3664 3631 5561 2939 3134 3097
 4111 2665 3670 4575 3027 2692 4263 2700 2801 2932 3642 1484 3059 3067
 3046 4831 3152 2169 3579 5013 5371 5396 5575 3862 5238 3981 3994 3121
 1014 3122 3117  714 3116 1013 3115  996 3114 3113 3112 3111 3110  361
 3109 3108 3107 3106 3105 3104 3012 3013 3014 3015 3016 3017 3018 3019
 3020 3021 3022 4765 4764 4763 4762 4761 4760 4759 4758 4757 4756 4755
 4754  411 2561 2560 2559 5848 5849 5850 2456 2148 2174 2373 4689 2840
 3100 4032 3921 2807 4572 2261 2256 4629 3032 2268 2266  739 2265 4894
 4895 2836 2837 4630 3033 2451 2450 2449 2669 4367 1757 1246 1285 3004
 2658 2073 3822 1364 2834 2835 4893 4892 2263 2264 4366 4365  158 4364
 4363 4362 4361 4360 4359 5837 5838 5839 5840 5841 5842 5843 5844 5845
 5846 5847 2558 2557 2556   20 2555 2554 2553 2552 2551 2550 2549 2548
  401 1639 1640  402 1641  403 1642  404 1643 1644  405 1645 1646  406
 1647  407 1648  408 1649  409 1650  410 1651 4753 4752 4751 3009 3010
 3011 3103 2984 2983  993 2982  988 2981 2980  945 4502 4501 4031 3920
 2968 2966 2965 2964 2963 2962 2961 2960 2959  985 2958  984 2957  835
 2956  182 2955  399 2952 3142 2953 4465 3584 1683 1431 1969 2275 2614
 1946 1773 5832 3567 2543 3769 2774 3087 3556 4438 1560 1554 4316 1503
 3513 1407 2813 4788 5099 2845 1464 3235 4280 1273 3498 5290 5377 4874
 2220 5017 1348 1661 5391 5418 3494 1541 4261 3518 1387 1677 3871 3963
 3481 2714 3206 1876 1719  457 4658  184 4659  133 4660   53 4661  200
 4662 1106 4663  291 4664  324 4665 1109 4666 1009 4667  937 4668  843
 4669 1112 4670  502 4671  623 4672  641 4673  229 4674  398 4675  181
 4676  834 4677 1185 4678  991 4679  156 4680  680 4681   19 4682  807
 4683  745 4684  742 4685 4686  987 4687  952 4688 1195 2372  482 3129
 2287 2488 4694 3553 1746 5861 2455 2147 2173 2255 2253  737 2252  736
 2251  735 2250  734 2249  733 2248  732 2247  731 2246   18 2245  679
 2244  155 2243  730 2242  729 2241  728 2240  180 2239  397 2238  228
 2237  640 2236  622 2235  501 2234  727 2233  726 2232  725 2231  724
 2230  723 2229  323 2228  290 2227  722 2226  199 2225   52 2219  721
 2224 3086 2773 3768 2542 3566 5831 1772  621 4792 4793  639 4794  227
 4795  396 4796  179 4797  833 4798 1184 4799  990 4800  154 4801  678
 4802   17 4803  806 4804  744 4805  741 4806 3035  738 3036  986 3037
 4807 4808 4809 4810  951 3038  997 3039  481 3040  998 4811 4812 2489
  683 2490 2491 2492 2493  423 2494 2495 2496 2497 2498 2499 2500 2501
 2502 2503 2504 2505 2506 2507 2508 2509 2510 2511 2512 2513 2514 2515
 2516  758 2314  755 2313  754 2312  753 2311  752 2310  751 2309  750
 2308  749 2307 2306 2305 2304 2303 2302 2301 2300 2299 2298 2297 2296
 2295 2294 2293 2292 2291 2290 2289 2288 5730 5731 5732 5733 5734 5735
 5736 5737 5738 5739 5740 5741 5742 5743 5744 5745 5746 5747 5748 5749
 5750 5751 5752 5753 5754 5755 5756  791 5757  247 5758 5759 1916 2719
 5169 3717 4218 4045 3416 3375 4726 5331 3415  919 3414  604 3413  246
 3412  790 2032 2706 3593 2518 3411 2407 1444 4538 4245 1915 2718 5168
 3716 4217 4044 2679 3352 2358 2445 3335 3178 4960 3738 3484 3275 3647
 2765 2591 3368 1775 4168 1797 3755 5095 2519 4066 1578 2536 1526 4270
 2904 4100 5399 2636 4835 4131 4089 4246 2616 3210 3285 4034 5406 3424
 5277 3082 1256 1995 2650 4175 3833 1353 3709 3407 4228 1372 1822 1277
 4733 4906 1854 1320 4154 1127 3703   11 3704 5523 5522 5518 1239 3639
 3676 3702 2364 1480 3654 1426 2644 2317 2278 5292 5230 5306 5119 4144
 5107 4077 1180 5364  107 5363   61 5362 1084 5361  141 5360  886 5359
   35 5358 1086 5357 1039 5356  870 5355 1175 5354 1215 5353 5352 5351
 5350 5349 5348 5347 5346 5345 5344 5343 5342 5341 1074 5180 1028 5181
 1100 1063 5182 5183 5184 5185 5186  519 1783  518 1782  517 1781 2047
 2048 2049 2050 2051 1784 5187  337 5188 5189  306 5190 5191 1785  520
 1786 1787  521 1788  522 1789  523 1790  524 1791  525 1792  526 1793
  527 1794   34 1795  528 1796 1352 3708 3406 4227 1371 1821 1276 4732
 4905 1853 1319 5366 4153  973 2921  746 2922  220 2923   10 2924  974
 2925  975 2926 5568 5825 5521 5517 1238 3638 3675 3701 2363 1479 3653
 1425 2643 2920  972 2919  106 2918   60 2917  971 2916  140 2915  529
 2914   33 2913  970 2912  969 2911  869 2910  968 2909  967 2908  878
 2907  966 2903 4269 1525 2902 1936  617 1935  336 1934  616 1933 1932
 1931 1930 1929  506 2046 1928  615 1927  614 1926 2045 2044  613 1925
  612 1924  611 1923  610 1922  609 1921  608 1920 1913 4243 5914 5913
  666 5912  756 5911  694 5910 1122 5909  822 5908  890 5907  907 5906
  912 5905  976 5904  271 1482 3057 3065 3044 5314 3150 2167 3577 5552
 5368 5393 5572 3859 5235 3978 3991 3118 3996 2210 2945 5599 3023 5144
 2995 1941 5282 5124 3050 2694 5694 3725 5050 3823 2216 1657 2872 1673
 3561 5727 1764 4913 4149 3878 2660 5303 3130 3901 5883 1743  479 1742
  478 1741  477 1740  476 1739  475 1738  474 1737  473 1736  472 1735
  471 1734  470 1733   15 1732  469 1731  152 1730  468 1729  467 1728
  466 1727  177 1726  394 1725  224 1724  465 1723  464 1722  463 1721
 3765 3762 3763  935 3764 2540 3766 3564 5829 1770 4790 1944 2612 2273
 1967 1429 1681 3582 4463 3140 2950 1636  393 1635  225 1634  392 1633
  391 1632  390 1631  389 1630 2771 3084 4968 3554 4436 1558 1552 4314
 1501 3511 1405 2811 4786 5097 2843 1462 3233 4278 1271   51 1270   50
 1269   49 1268   48 1267   47 1266   46 1265   45 1264 1263   44 1455
 1456 1398 1399 1400 1457 1458 1401 1402 1403 1459 1460 1461 1414  198
 1404 1623 1624  385 1625  289 1626  322 1627  386 1628  387 1629  388
 3085 4969 2772 3767 2541 3565 5830 1771 4791 1945 2613 2274 1968 1430
 1682 3583 4464 3141 2951 1637 2929 3744 1384 2528 4224 2971 3508 1362
 3820 2071 2656 4746 1284 1245 1756 2668 2448 2269 2267 4628 2260 2258
 2806 2967 3919 4030 4500 2839 4369 2254 2172 2146 5859 1744 3551 4692
 3041 5884 1018 5885  889 5886  492 5887 1231 5888  428 5889  421 5890
 1131 5891 1230 5892  910 5893  618 5894  994 5895 1229 5896  712 5897
 1015 5898 1138 5899 1228 5900 1223 5901  709 5902  999 5903 3066 3058
 1483 3641 1620 2931 2800 2699 4262 2691 3026 4574 3669 2664 4110 3096
 3133 2938 2487 3629 3662 3683 2105 2107  696 2108 2109  244 2036 2037
 2038 2039 2040 2041 2042 2043 2116 2115 2114 2113 2112 2111  602 2110
 5165 5164 5163 5162  695 5161 1123 5160 5159 5158 5157 5156 5155 5154
 3045 5315 3151 2168 3578 5553 5369 5394 5573 3860 5236 3979 3992 3119
 3997 2211 2946 5600 3024 5145 2996 1942 5283 5125 3051 2695 5695 3726
 5051 3824 2217 1658 2873 1674 3562 5728 1765 4914 4150 3879 2661 5304
 3131 3902 5146 5147 5148 5149 5150 5151 5152 5153 2480  710 2479  821
 2478  820 2477  819 2476  818 2475  713 2474  817 2473  816 2472  815
 2471  619 2470  814 2469  813 2468  812 2467  422 2466  429 2465  811
 2464  493 2463  810 2462  809 2461  808 2460  480 2454 5860 1745 3552
 4693 3042 3903 3132 5305 2662 3880 4151 4915 1766 5729 3563 1675 2874
 1659 2218 3825 5052 3727 5696 2696 3052 5126 5284 1943 2997 3025 5601
 2947 2212 3998 3120 3993 3980 5237 3861 5574 5395 5370 5554 5316 5317
 5318 5319 5320 5321 5560 5559 5558 5557 5556  272 5555 2481 2482 2483
 2484 2485 2486 3630 3663 3684 2106 2315 2517 3592 2705 2031 3410 2406
 1443 4537 4244 1914 2717 3715 4216 4043 5167 5166 5176 5177 5178 5179
 5340 5339 5338 4725 3374 5365 5330 1080 5329  918 5328  603 5327  245
 5326  667 5325  757 5324 5323 5322 2316  693 2104  692 2103  691 2102
  690 2101  689 2100  688 2099  687 2098 2097  686 2096 2095 4830 4829
 4828 4827 4826 4825 4824 4823 4822 4821 4820 4819 4818 4817 4816 4815
 4814  494 4813 2078 2079  685 2080 2081 2082 2083 2084 2085 2086 2087
 2088 2089 2090 2091 2092 2093 2094 5012 5011 5010 5009 5008 5007 5006
 5005 5004 5003 5002 5001 5000 4999 4998 4997 4996 4995 1019 4994 4993
 4992 4991 4990 4989 4988 4987  740 4986  743 4985  805 4984   16 4983
  677 4982  153 4981  989 4980 1183 4979  832 4978  178 4977  395 4976
  226 4975  638 4974  500 4973 1111 4972  842 4971  936 4970 1008 3555
 4437 1559 1553 4315 1502 3512 1406 2812 4787 5098 2844 1463 3234 4279
 1272 3497 5289 5376 4873 5016 1347 1660 5390 5417 3493 1540 4260 3517
 1386 1676 3870 3962 3480 2713 3205 1875 1718 4657 4498 5489 5464 5111
 4540 4338 3848 5438 5420 5676 4283 5799 5378 4103 1333 5767 5651 3504
 1518 1972 1393 5625 1752 1949 3463 1856 5128 1861 5880 2002 1588 3899
 4871 3450 4010 2762 3144 3975 3183 3916 3972 3248 3986 3868 2052 3938
 3318 1300 3875 3948 3863 4195 4015 5384 3966 1510 5452 5483 1434 3954
 1452 5510 1290 5550 3500 1601 3940 2074 1556 1236 1599 1261 3922 3734
 3950 3208 3660 3070 1621 1381 1516 1331 1602 1603 3435 1088 3434  358
 5479 5478 5475 2075 3501 5551 1291 5511 1453 3955 1435 5453 1511 5482
 5481 5480   77  259 3436 3437  234 3438  296 3439 1089 3440 1090 3441
 1091 3442 1092 3443 1093 3444   85 3445 3446 3447 3448 3449 3451 3452
 3453 3454 3455 3456 3457 3458 3459 5636 1137 5635 5634 5633 5632 5631
 5630 5629 5628 5627 5626 1334 4104 5379 5800 4284 5677 5421 5439 3849
 4339 5112 5465 5466 1226 5467 1200 5468  459 5469  186 5470 4259  135
 5471   55 1465 2846 5100 4789 2814 1408 3232 5783 5782  134 5781 5780
 5779 5778 5777 5776 5775 1136 5774 1225 5773 1224 5772 1189 5771 1176
 5770  122 5769 5768 1202 4541 1203 4542 1204 4543 4544 1199  458 4545
  185 4546 4547   54 4548 4549 4550 4551 4552 4553 4554 4555 4556 4557
 4558 4559 4560  230 4561  400 4562  183 4563  836 4564 1186 4565  992
 4566 4567 4568 2974  157 2975  681 2976 2977 2978 2979 4571 4570 4569
 3006 3007 3008 4750 4749 4748 4747 2657 2072 3821 1363 3509 2972 4225
 2529 1385 3745 2930 3143 1638 2954 4466 3585 1684 1432 5795 5794  642
  624  503 5793 5792 5791  844 1113  938 1010 1110  325  292 1107  201
 5784 5785 5786 5787 5788 5789 5790 3089 3088 1413  205 1412  204 1411
  203 1410  202 1409 2818 2819 2820 2821 3770  845 2544 2545 2546 2547
 5833  504 5834  625 5835  643 5836  231 4358 4357 4356 4355 1011 4354
  946 4353 4352  939  206 4351 4350 5647 5646 5645 5644 5643 4347 4348
 4349 2817 2816 2815 5472 4346  136 4345  187 4344 4343 1194 4342 1193
 4341 1192 4340 5637 5638 5639  460 5640 5641 5642   56 4875 2221 5018
 1349 1662 5392 5419 3490 4256 3519 1388 1678 3872 3964 3482 2715 3207
 1877 1720 4499 5490  100 1315   99 1314   98 1313   97 1312   96 1311
   95 1310   94 1309   93 1308   92 1307   91 1306   90 1305   89 1304
   88 1303   87 1302   86 1301 3864 4196 4016 5385 3967 3945 3946 3947
 3949 3876 3319 3939 2053 3867 3869 3987 3249 3973 3917 3184 3976 3145
 2763 4011 4872 3900 1857 3464 1950 1753 1394 1973 1519 3505 5652 1335
 4105 5380 5801 5802 5803 5804 1227 5805 1201 5806  461 5807  188 5416
 5808 5809  137 5389 1663   57 1664 1665 1666 1667  424 1668 5024 5025
  208 5026 5027 5028 5029 5030  645 5031 5796 1970 2276 2615 1774 1769
 3569 3568 3090 3771 2822 1670  425 1669 5816 5815 5814 5813 5812 5811
 5810 1466 1467 4876 4877 4878 4879 4880  207 4881  940 4882  947 4883
 4884 4885 4886 4887  232 2829  644 2828  626 2827  505 2826  948 2825
 5817 5818 5819 5820 5821 2830  173 4888 2928 4889 4890 4891  837 2833
  949 2832 2831 5822 5823 1382 3746 1359  149 1360  150 1361  151 3819
 3818 3817 3816 3815 5032 5033 5034 5035 5036  682 5037   70 5038 5039
 1286 2141  703 2140  702 2139 2070 3749 3748 3747  146 2138 2137 2136
 2135 2134  701 2133  233  627 2854 2853 2852 2851 2850 2849 2848 2847
 5023 5022 5021 5375 1390 5020 5019]

eliteFit: 577460.0
percentError: 2.109525577776599
computationTime: 5287.070s