instanceName: eil51
n: 51
optFit: 426

genTime, gen, eliteFit, percentError:
8.320000779349357e-05, 0, 1392.0, 226.761
0.0015235000028042123, 1, 431.0, 1.174
0.0010984999971697107, 2, 428.0, 0.469
0.0007191000040620565, 3, 428.0, 0.469
0.0006904000038048252, 4, 427.0, 0.235
0.0006489999941550195, 5, 427.0, 0.235
0.0006941000028746203, 6, 427.0, 0.235
0.001119499997003004, 7, 427.0, 0.235
0.0008553999941796064, 8, 427.0, 0.235
0.0005708999960916117, 9, 426.0, 0.000

tour:
[37  4 36 16  3 17 46 11 45 50 26  5 47 22  6 42 23 13 24 12 40 39 18 41
 43 14 44 32 38  9 48  8 29 33 49 15 20 28  1 19 34 35  2 27 30 25  7 21
  0 31 10]

eliteFit: 426.0
percentError: 0.0
computationTime: 0.013s