instanceName: eil51
n: 51
optFit: 426

genTime, gen, eliteFit, percentError:
8.040000102482736e-05, 0, 1381.0, 224.178
0.0022319999989122152, 1, 431.0, 1.174
0.0007823999912943691, 2, 429.0, 0.704
0.0006972000119276345, 3, 429.0, 0.704
0.0009870000067166984, 4, 428.0, 0.469
0.0009582000056980178, 5, 428.0, 0.469
0.0009716999920783564, 6, 428.0, 0.469
0.0006457999988924712, 7, 426.0, 0.000

tour:
[18 40 12 24 13 23 42  6 22 47  5 26 50 45 11 46 17  3 16 36  4 37 10 31
  0 21  7 25 30 27  2 35 34 19  1 28 20 15 49 33 29  8 48  9 38 32 44 14
 43 41 39]

eliteFit: 426.0
percentError: 0.0
computationTime: 0.012s