instanceName: eil51
n: 51
optFit: 426

genTime, gen, eliteFit, percentError:
9.649999265093356e-05, 0, 1357.0, 218.545
0.0018491999944671988, 1, 429.0, 0.704
0.0008519999973941594, 2, 429.0, 0.704
0.0007151000027079135, 3, 429.0, 0.704
0.0014435000048251823, 4, 427.0, 0.235
0.0008421999955317006, 5, 427.0, 0.235
0.0006011999939801171, 6, 427.0, 0.235
0.0005445999995572492, 7, 427.0, 0.235
0.00040550000267103314, 8, 427.0, 0.235
0.00040589999116491526, 9, 426.0, 0.000

tour:
[20 15 49 33 29  8 48  9 38 32 44 14 43 41 39 18 40 12 24 13 23 42  6 22
 47  5 26 50 45 11 46 17  3 16 36  4 37 10 31  0 21  7 25 30 27  2 35 34
 19  1 28]

eliteFit: 426.0
percentError: 0.0
computationTime: 0.022s