instanceName: pcb1173
n: 1173
optFit: 56892

genTime, gen, eliteFit, percentError:
0.0016630000027362257, 0, 1356077.0, 2283.599
0.8207216000009794, 1, 63113.0, 10.935
0.5297885000036331, 2, 62507.0, 9.870
0.5141538000025321, 3, 61462.0, 8.033
0.4676838999876054, 4, 61462.0, 8.033
0.5116415999946184, 5, 61462.0, 8.033
0.4511463999951957, 6, 61065.0, 7.335
0.442634300008649, 7, 61046.0, 7.302
0.4118947999959346, 8, 60860.0, 6.975
0.46434939999016933, 9, 60482.0, 6.310
0.4085224000009475, 10, 60482.0, 6.310
0.3894175999885192, 11, 60331.0, 6.045
0.4133409999922151, 12, 60170.0, 5.762
0.3486477999977069, 13, 60170.0, 5.762
0.28545049999956973, 14, 60028.0, 5.512
0.30248430000210647, 15, 59913.0, 5.310
0.3225734999869019, 16, 59883.0, 5.257
0.2871704999997746, 17, 59754.0, 5.031
0.2972055999998702, 18, 59650.0, 4.848
0.2920769000047585, 19, 59608.0, 4.774
0.2869070000015199, 20, 59530.0, 4.637
0.23431700000946876, 21, 59501.0, 4.586
0.2509576000011293, 22, 59489.0, 4.565
0.2598461000015959, 23, 59453.0, 4.502
0.23480340000241995, 24, 59401.0, 4.410
0.27176470000995323, 25, 59366.0, 4.349
0.2511399000068195, 26, 59338.0, 4.299
0.28360260000044946, 27, 59305.0, 4.241
0.23435260000405833, 28, 59260.0, 4.162
0.2906693999975687, 29, 59230.0, 4.110
0.2944862000003923, 30, 59167.0, 3.999
0.2448794999945676, 31, 59096.0, 3.874
0.23228130000643432, 32, 59073.0, 3.834
0.197791500002495, 33, 59058.0, 3.807
0.17913220000627916, 34, 59031.0, 3.760
0.16713030000391882, 35, 59031.0, 3.760
0.11499889999686275, 36, 59031.0, 3.760
0.11799840000458062, 37, 59031.0, 3.760
0.11612230000901036, 38, 59031.0, 3.760
0.12129629999981262, 39, 59031.0, 3.760
0.12540299999818671, 40, 58913.0, 3.552
0.14393980000750162, 41, 58913.0, 3.552
0.18396029999712482, 42, 58913.0, 3.552
0.2522014999995008, 43, 58905.0, 3.538
0.28957039999659173, 44, 58904.0, 3.537
0.26553980000608135, 45, 58904.0, 3.537
0.21976720000384375, 46, 58904.0, 3.537
0.25154359999578446, 47, 58870.0, 3.477
0.1471735999948578, 48, 58856.0, 3.452
0.19318509999720845, 49, 58856.0, 3.452
0.15254599999752827, 50, 58856.0, 3.452
0.12525549999554642, 51, 58850.0, 3.442
0.13526939999428578, 52, 58850.0, 3.442
0.14324829999532085, 53, 58850.0, 3.442
0.1229721999989124, 54, 58850.0, 3.442
0.13849730000947602, 55, 58850.0, 3.442
0.13351410000177566, 56, 58850.0, 3.442
0.14765270000498276, 57, 58836.0, 3.417
0.12920650000160094, 58, 58836.0, 3.417
0.11286509998899419, 59, 58836.0, 3.417
0.12043800001265481, 60, 58826.0, 3.399
0.12796319999324623, 61, 58826.0, 3.399
0.1302002000011271, 62, 58826.0, 3.399
0.13104339998972137, 63, 58826.0, 3.399
0.13751689999480732, 64, 58826.0, 3.399
0.13304299999435898, 65, 58826.0, 3.399
0.1447104999970179, 66, 58826.0, 3.399
0.14713379999739118, 67, 58826.0, 3.399
0.10688680000021122, 68, 58826.0, 3.399
0.1398546999989776, 69, 58826.0, 3.399
0.12794700000085868, 70, 58826.0, 3.399
0.16467749999719672, 71, 58826.0, 3.399
0.1251507999986643, 72, 58826.0, 3.399
0.12861630000406876, 73, 58826.0, 3.399
0.11157980001007672, 74, 58826.0, 3.399
0.11981250000826549, 75, 58826.0, 3.399
0.11449350000475533, 76, 58826.0, 3.399
0.12293040000076871, 77, 58826.0, 3.399
0.11900019999302458, 78, 58826.0, 3.399
0.12417930000810884, 79, 58826.0, 3.399
0.12742590000561904, 80, 58826.0, 3.399
0.11995940000633709, 81, 58826.0, 3.399
0.11925000000337604, 82, 58826.0, 3.399
0.11557249999896158, 83, 58821.0, 3.391
0.15994369999680202, 84, 58803.0, 3.359
0.23442169999179896, 85, 58803.0, 3.359
0.1423983999993652, 86, 58803.0, 3.359
0.1205789000086952, 87, 58803.0, 3.359
0.13833869999507442, 88, 58803.0, 3.359
0.11310339999909047, 89, 58803.0, 3.359
0.1201054999983171, 90, 58803.0, 3.359
0.10123509999539237, 91, 58803.0, 3.359
0.11727970000356436, 92, 58803.0, 3.359
0.135133699994185, 93, 58803.0, 3.359
0.12944609999249224, 94, 58794.0, 3.343
0.11919569999736268, 95, 58794.0, 3.343
0.13102539999817964, 96, 58794.0, 3.343
0.12834700000530574, 97, 58790.0, 3.336
0.12569770000118297, 98, 58790.0, 3.336
0.11839820000750478, 99, 58788.0, 3.333
0.12358739999763202, 100, 58788.0, 3.333
0.13103919998684432, 101, 58788.0, 3.333
0.1185399999958463, 102, 58788.0, 3.333
0.12014869999256916, 103, 58788.0, 3.333
0.13035279999894556, 104, 58788.0, 3.333
0.14622640000015963, 105, 58788.0, 3.333
0.12779240000236314, 106, 58788.0, 3.333
0.12489900000218768, 107, 58788.0, 3.333
0.09895099999266677, 108, 58788.0, 3.333
0.12027290000696667, 109, 58788.0, 3.333
0.12703989999135956, 110, 58788.0, 3.333
0.1252733999863267, 111, 58788.0, 3.333
0.141073899998446, 112, 58767.0, 3.296
0.12460580001061317, 113, 58767.0, 3.296
0.13965080000343733, 114, 58767.0, 3.296
0.1304803999955766, 115, 58767.0, 3.296
0.12186890000884887, 116, 58767.0, 3.296
0.13301099999807775, 117, 58767.0, 3.296
0.12461250000342261, 118, 58760.0, 3.283
0.11628190000192262, 119, 58760.0, 3.283
0.1266516000032425, 120, 58760.0, 3.283
0.13861620001262054, 121, 58760.0, 3.283
0.1269685000006575, 122, 58760.0, 3.283
0.1285589000035543, 123, 58746.0, 3.259
0.1416834999981802, 124, 58746.0, 3.259
0.19506189999810886, 125, 58746.0, 3.259
0.20825530000729486, 126, 58746.0, 3.259
0.20517790000303648, 127, 58746.0, 3.259
0.22856709999905434, 128, 58732.0, 3.234
0.332826700003352, 129, 58732.0, 3.234
0.24407349999819417, 130, 58731.0, 3.232
0.24612580001121387, 131, 58731.0, 3.232
0.27236940000148024, 132, 58731.0, 3.232
0.15095060000021476, 133, 58731.0, 3.232
0.12532459999783896, 134, 58731.0, 3.232
0.15892049999092706, 135, 58731.0, 3.232
0.12869869999121875, 136, 58731.0, 3.232
0.1319157000107225, 137, 58731.0, 3.232
0.14283690000593197, 138, 58731.0, 3.232
0.12387900000612717, 139, 58731.0, 3.232
0.11975840000377502, 140, 58731.0, 3.232
0.13314099999843165, 141, 58731.0, 3.232
0.12403370000538416, 142, 58731.0, 3.232
0.13414199999533594, 143, 58731.0, 3.232
0.12623490000260063, 144, 58731.0, 3.232
0.1384472000063397, 145, 58731.0, 3.232
0.1271617000020342, 146, 58731.0, 3.232
0.14748189999954775, 147, 58731.0, 3.232
0.11641409998992458, 148, 58731.0, 3.232
0.1334255999972811, 149, 58731.0, 3.232
0.12718369999493007, 150, 58731.0, 3.232
0.13610309999785386, 151, 58731.0, 3.232
0.12133380000886973, 152, 58731.0, 3.232
0.1489622000080999, 153, 58731.0, 3.232
0.11346120000234805, 154, 58687.0, 3.155
0.11911110000801273, 155, 58687.0, 3.155
0.13178849998803344, 156, 58687.0, 3.155
0.13276459999906365, 157, 58687.0, 3.155
0.11472750001121312, 158, 58687.0, 3.155
0.12765399999625515, 159, 58687.0, 3.155
0.1144398999895202, 160, 58687.0, 3.155
0.11317670000426006, 161, 58687.0, 3.155
0.13820600000326522, 162, 58654.0, 3.097
0.11372000000847038, 163, 58631.0, 3.057
0.13418760000786278, 164, 58631.0, 3.057
0.1473409000027459, 165, 58631.0, 3.057
0.13451709999935701, 166, 58631.0, 3.057
0.11338370000885334, 167, 58631.0, 3.057
0.1277778999938164, 168, 58631.0, 3.057
0.13432469998952, 169, 58631.0, 3.057
0.12779119999322575, 170, 58631.0, 3.057
0.12359609999111854, 171, 58631.0, 3.057
0.11084660000051372, 172, 58620.0, 3.037
0.11495139999897219, 173, 58620.0, 3.037
0.11809090001042932, 174, 58620.0, 3.037
0.12489609999465756, 175, 58620.0, 3.037
0.15644069999689236, 176, 58620.0, 3.037
0.11506599999847822, 177, 58620.0, 3.037
0.12794370000483468, 178, 58581.0, 2.969
0.13914619998831768, 179, 58581.0, 2.969
0.16770149998774286, 180, 58581.0, 2.969
0.13608019999810494, 181, 58581.0, 2.969
0.142961200006539, 182, 58581.0, 2.969
0.11817020000307821, 183, 58581.0, 2.969
0.11790409999957774, 184, 58581.0, 2.969
0.1415567999938503, 185, 58581.0, 2.969
0.13665060000494123, 186, 58581.0, 2.969
0.13733630000206176, 187, 58547.0, 2.909
0.1257257999968715, 188, 58541.0, 2.898
0.14987140000448562, 189, 58541.0, 2.898
0.14907899999525398, 190, 58541.0, 2.898
0.1487454999878537, 191, 58541.0, 2.898
0.1247023000032641, 192, 58541.0, 2.898
0.12491670000599697, 193, 58541.0, 2.898
0.11473899999691639, 194, 58541.0, 2.898
0.1425872999971034, 195, 58541.0, 2.898
0.11881169999833219, 196, 58539.0, 2.895
0.1423305999924196, 197, 58539.0, 2.895
0.12827509999624453, 198, 58539.0, 2.895
0.14078110000991728, 199, 58539.0, 2.895
0.12218489999941085, 200, 58539.0, 2.895
0.13696739998704288, 201, 58539.0, 2.895
0.12099599999783095, 202, 58539.0, 2.895
0.11213219999626745, 203, 58539.0, 2.895
0.11944919999223202, 204, 58539.0, 2.895
0.1305819999979576, 205, 58539.0, 2.895
0.11960070001077838, 206, 58539.0, 2.895
0.13154319999739528, 207, 58539.0, 2.895
0.16523519999464042, 208, 58539.0, 2.895
0.11555950000183657, 209, 58539.0, 2.895
0.12295600000652485, 210, 58539.0, 2.895
0.16265260000363924, 211, 58539.0, 2.895
0.12453220000315923, 212, 58533.0, 2.884
0.12441530000069179, 213, 58533.0, 2.884
0.11455189999833237, 214, 58533.0, 2.884
0.15257249999558553, 215, 58533.0, 2.884
0.11458919999131467, 216, 58533.0, 2.884
0.12771719999727793, 217, 58533.0, 2.884
0.12347130000125617, 218, 58533.0, 2.884
0.13009480001346674, 219, 58533.0, 2.884
0.11679960000037681, 220, 58502.0, 2.830
0.15132360000279732, 221, 58502.0, 2.830
0.14206719999492634, 222, 58502.0, 2.830
0.21204639998904895, 223, 58502.0, 2.830
0.2755522000079509, 224, 58444.0, 2.728
0.22971119999419898, 225, 58444.0, 2.728
0.22746120000374503, 226, 58444.0, 2.728
0.26538650000293273, 227, 58395.0, 2.642
0.27274910001142416, 228, 58395.0, 2.642
0.22801609999442007, 229, 58395.0, 2.642
0.2795408999954816, 230, 58384.0, 2.623
0.36631040000065695, 231, 58347.0, 2.557
0.3320158000133233, 232, 58314.0, 2.499
0.27036570000927895, 233, 58308.0, 2.489
0.2258021000016015, 234, 58305.0, 2.484
0.1775197999959346, 235, 58305.0, 2.484
0.12305120000382885, 236, 58305.0, 2.484
0.14254780000192113, 237, 58305.0, 2.484
0.13806209999893326, 238, 58305.0, 2.484
0.12509630000567995, 239, 58305.0, 2.484
0.12338330000056885, 240, 58305.0, 2.484
0.12314429999969434, 241, 58305.0, 2.484
0.11097370000788942, 242, 58305.0, 2.484
0.12038790000951849, 243, 58305.0, 2.484
0.11335990000225138, 244, 58305.0, 2.484
0.1113028999970993, 245, 58305.0, 2.484
0.13560100000177044, 246, 58305.0, 2.484
0.1258330999989994, 247, 58305.0, 2.484
0.11117839999496937, 248, 58305.0, 2.484
0.1234790000016801, 249, 58305.0, 2.484
0.12954360000730958, 250, 58305.0, 2.484
0.15420319999975618, 251, 58305.0, 2.484
0.13927119999425486, 252, 58305.0, 2.484
0.12289009999949485, 253, 58305.0, 2.484
0.1400080000021262, 254, 58305.0, 2.484
0.12919370000599883, 255, 58305.0, 2.484
0.12042669999937061, 256, 58305.0, 2.484
0.12025240001094062, 257, 58305.0, 2.484
0.12491600000066683, 258, 58305.0, 2.484
0.14340109999466222, 259, 58305.0, 2.484
0.1094883000041591, 260, 58305.0, 2.484
0.14172010000038426, 261, 58305.0, 2.484
0.14837379999516997, 262, 58305.0, 2.484
0.13448609999613836, 263, 58305.0, 2.484
0.13119270000606775, 264, 58305.0, 2.484
0.14703280001413077, 265, 58305.0, 2.484
0.16753069999685977, 266, 58305.0, 2.484
0.12983069999609143, 267, 58305.0, 2.484
0.16584429999056738, 268, 58305.0, 2.484
0.1309175999922445, 269, 58305.0, 2.484
0.10918289999244735, 270, 58305.0, 2.484
0.11943890000111423, 271, 58305.0, 2.484
0.1201355999946827, 272, 58305.0, 2.484
0.1166940999974031, 273, 58305.0, 2.484
0.12289379999856465, 274, 58305.0, 2.484
0.12305009999545291, 275, 58305.0, 2.484
0.12127489999693353, 276, 58305.0, 2.484
0.11809980000543874, 277, 58305.0, 2.484
0.12368910000077449, 278, 58299.0, 2.473
0.12664690001111012, 279, 58299.0, 2.473
0.14080130000365898, 280, 58299.0, 2.473
0.19342700000561308, 281, 58299.0, 2.473
0.12951410000096075, 282, 58299.0, 2.473
0.11962709999352228, 283, 58299.0, 2.473
0.1533597999950871, 284, 58299.0, 2.473
0.13663310000265483, 285, 58299.0, 2.473
0.11669899999105837, 286, 58299.0, 2.473
0.11940709999180399, 287, 58299.0, 2.473
0.13531179999699816, 288, 58299.0, 2.473
0.11154240000178106, 289, 58299.0, 2.473
0.12916530000802595, 290, 58299.0, 2.473
0.13395200000377372, 291, 58299.0, 2.473
0.12677799999073613, 292, 58299.0, 2.473
0.11924309999449179, 293, 58299.0, 2.473
0.11559270000725519, 294, 58299.0, 2.473
0.13945499999681488, 295, 58299.0, 2.473
0.11717820000194479, 296, 58299.0, 2.473
0.12381149998691399, 297, 58299.0, 2.473
0.1280555999983335, 298, 58299.0, 2.473
0.11974110000301152, 299, 58299.0, 2.473
0.15297199999622535, 300, 58299.0, 2.473
0.1278731000056723, 301, 58299.0, 2.473
0.1348812999931397, 302, 58299.0, 2.473
0.12543359999835957, 303, 58299.0, 2.473
0.11549709999235347, 304, 58299.0, 2.473
0.11163080000551417, 305, 58299.0, 2.473
0.11751269998785574, 306, 58299.0, 2.473
0.15701009999611415, 307, 58299.0, 2.473
0.14178809999430086, 308, 58299.0, 2.473
0.14618899999186397, 309, 58299.0, 2.473
0.13885089999530464, 310, 58299.0, 2.473
0.11898850000579841, 311, 58299.0, 2.473
0.12719289999222383, 312, 58299.0, 2.473
0.14543540000158828, 313, 58299.0, 2.473
0.11797140000271611, 314, 58299.0, 2.473
0.11950659999274649, 315, 58299.0, 2.473
0.11963380000088364, 316, 58286.0, 2.450
0.13011889999324922, 317, 58257.0, 2.399
0.14308280000113882, 318, 58257.0, 2.399
0.1907636999967508, 319, 58257.0, 2.399
0.14351470000110567, 320, 58257.0, 2.399
0.11673890000383835, 321, 58257.0, 2.399
0.12219639999966603, 322, 58254.0, 2.394
0.133862799993949, 323, 58254.0, 2.394
0.133162900005118, 324, 58254.0, 2.394
0.11271049999049865, 325, 58254.0, 2.394
0.14014449999376666, 326, 58254.0, 2.394
0.1230265999911353, 327, 58254.0, 2.394
0.13015859998995438, 328, 58254.0, 2.394
0.13157520000822842, 329, 58254.0, 2.394
0.11858770000981167, 330, 58254.0, 2.394
0.12335470000107307, 331, 58254.0, 2.394
0.13412570000218693, 332, 58254.0, 2.394
0.1446211000002222, 333, 58254.0, 2.394
0.14303199999267235, 334, 58254.0, 2.394
0.13388819999818224, 335, 58254.0, 2.394
0.14563680000719614, 336, 58254.0, 2.394
0.1324666000000434, 337, 58254.0, 2.394
0.11389789999520872, 338, 58254.0, 2.394
0.12496180000016466, 339, 58254.0, 2.394
0.12190749999717809, 340, 58254.0, 2.394
0.1283160000020871, 341, 58254.0, 2.394
0.12269479999667965, 342, 58254.0, 2.394
0.12452800000028219, 343, 58254.0, 2.394
0.10981960000935942, 344, 58254.0, 2.394
0.13533710000046995, 345, 58254.0, 2.394
0.1297090999869397, 346, 58254.0, 2.394
0.1067168000008678, 347, 58254.0, 2.394
0.13722670001152437, 348, 58254.0, 2.394
0.11571150000963826, 349, 58254.0, 2.394
0.13525340000342112, 350, 58254.0, 2.394
0.11798419999831822, 351, 58254.0, 2.394
0.13456399999267887, 352, 58254.0, 2.394
0.11429230000067037, 353, 58254.0, 2.394
0.14584099999046884, 354, 58254.0, 2.394
0.13296669999544974, 355, 58254.0, 2.394
0.1550852000073064, 356, 58254.0, 2.394
0.11107739999715704, 357, 58254.0, 2.394
0.12749600000097416, 358, 58254.0, 2.394
0.1326783999975305, 359, 58254.0, 2.394
0.12733319999824744, 360, 58254.0, 2.394
0.14156160000129603, 361, 58254.0, 2.394
0.13135340000735596, 362, 58253.0, 2.392
0.1923882999981288, 363, 58253.0, 2.392
0.21899819999816827, 364, 58252.0, 2.390
0.2744098999974085, 365, 58252.0, 2.390
0.3080121000093641, 366, 58252.0, 2.390
0.1477249000017764, 367, 58252.0, 2.390
0.10591430000204127, 368, 58252.0, 2.390
0.11970710000605322, 369, 58252.0, 2.390
0.11649580000084825, 370, 58252.0, 2.390
0.12603450000460725, 371, 58252.0, 2.390
0.11583400001109112, 372, 58252.0, 2.390
0.1190649000054691, 373, 58252.0, 2.390
0.14248110000335146, 374, 58252.0, 2.390
0.13721899999654852, 375, 58252.0, 2.390
0.1177769000059925, 376, 58252.0, 2.390
0.13950309999927413, 377, 58252.0, 2.390
0.13681049998558592, 378, 58252.0, 2.390
0.1374474000040209, 379, 58252.0, 2.390
0.13306150000425987, 380, 58252.0, 2.390
0.1302990999975009, 381, 58252.0, 2.390
0.15753339999355376, 382, 58252.0, 2.390
0.12923350000346545, 383, 58252.0, 2.390
0.1246227999945404, 384, 58252.0, 2.390
0.12736680000671186, 385, 58252.0, 2.390
0.12374900000577327, 386, 58252.0, 2.390
0.14034759999776725, 387, 58252.0, 2.390
0.1185057999973651, 388, 58252.0, 2.390
0.11179759999504313, 389, 58252.0, 2.390
0.11296489999222104, 390, 58252.0, 2.390
0.12045600000419654, 391, 58252.0, 2.390
0.13401999999769032, 392, 58252.0, 2.390
0.11352039998746477, 393, 58252.0, 2.390
0.13877669999783393, 394, 58252.0, 2.390
0.12843249998695683, 395, 58252.0, 2.390
0.12790629999653902, 396, 58252.0, 2.390
0.13761459999659564, 397, 58252.0, 2.390
0.13904639999964274, 398, 58252.0, 2.390
0.1325212000083411, 399, 58252.0, 2.390
0.1219861999998102, 400, 58252.0, 2.390
0.1258120999991661, 401, 58252.0, 2.390
0.131949499991606, 402, 58252.0, 2.390
0.11166920000687242, 403, 58252.0, 2.390
0.1298151999944821, 404, 58252.0, 2.390
0.11254089999420103, 405, 58252.0, 2.390
0.13927780000085477, 406, 58252.0, 2.390
0.13374089999706484, 407, 58252.0, 2.390
0.19812640000600368, 408, 58212.0, 2.320
0.12171629999647848, 409, 58212.0, 2.320
0.13325489999260753, 410, 58212.0, 2.320
0.11174900000332855, 411, 58212.0, 2.320
0.119954299996607, 412, 58208.0, 2.313
0.13638380001066253, 413, 58208.0, 2.313
0.1274792000040179, 414, 58208.0, 2.313
0.1303126999991946, 415, 58208.0, 2.313
0.1323082000017166, 416, 58208.0, 2.313
0.11684989999048412, 417, 58208.0, 2.313
0.12916529999347404, 418, 58208.0, 2.313
0.13234829998691566, 419, 58208.0, 2.313
0.11210280000523198, 420, 58208.0, 2.313
0.1334154999931343, 421, 58208.0, 2.313
0.12333019998914097, 422, 58208.0, 2.313
0.12614969999413006, 423, 58208.0, 2.313
0.1192797999974573, 424, 58208.0, 2.313
0.14043540001148358, 425, 58208.0, 2.313
0.14092540000274312, 426, 58208.0, 2.313
0.13919699999678414, 427, 58208.0, 2.313
0.11311590000696015, 428, 58208.0, 2.313
0.12667520000832155, 429, 58208.0, 2.313
0.1295934999943711, 430, 58208.0, 2.313
0.1355277999973623, 431, 58208.0, 2.313
0.1319254000118235, 432, 58208.0, 2.313
0.11626179999439046, 433, 58208.0, 2.313
0.13234370001009665, 434, 58208.0, 2.313
0.14154679999046493, 435, 58208.0, 2.313
0.13139830000000075, 436, 58208.0, 2.313
0.14558179999585263, 437, 58208.0, 2.313
0.10101280000526458, 438, 58208.0, 2.313
0.11661790001380723, 439, 58208.0, 2.313
0.13054539999575354, 440, 58190.0, 2.282
0.17925950000062585, 441, 58190.0, 2.282
0.16945059999125078, 442, 58190.0, 2.282
0.21586789999855682, 443, 58190.0, 2.282
0.2892250000004424, 444, 58190.0, 2.282
0.26413910000701435, 445, 58190.0, 2.282
0.12728110000898596, 446, 58190.0, 2.282
0.1617071000073338, 447, 58190.0, 2.282
0.12432039999112021, 448, 58190.0, 2.282
0.14725399999588262, 449, 58190.0, 2.282
0.14029580001079012, 450, 58190.0, 2.282
0.12709380000887904, 451, 58190.0, 2.282
0.14484779999474995, 452, 58190.0, 2.282
0.12456029999884777, 453, 58190.0, 2.282
0.12532330000249203, 454, 58190.0, 2.282
0.1262945999915246, 455, 58190.0, 2.282
0.13875009999901522, 456, 58190.0, 2.282
0.14200990000972524, 457, 58190.0, 2.282
0.11925390000396874, 458, 58190.0, 2.282
0.11975370001164265, 459, 58190.0, 2.282
0.141927200005739, 460, 58190.0, 2.282
0.12856910000846256, 461, 58190.0, 2.282
0.12319240000215359, 462, 58190.0, 2.282
0.12158099999942351, 463, 58190.0, 2.282
0.11098880000645295, 464, 58190.0, 2.282
0.11498579999897629, 465, 58190.0, 2.282
0.11488850000023376, 466, 58190.0, 2.282
0.12159049999900162, 467, 58190.0, 2.282
0.15695630000845995, 468, 58190.0, 2.282
0.11155870000948198, 469, 58190.0, 2.282
0.11818869999842718, 470, 58190.0, 2.282
0.13742090000596363, 471, 58190.0, 2.282
0.13801959999545943, 472, 58190.0, 2.282
0.12710000001243316, 473, 58190.0, 2.282
0.11641930000041611, 474, 58190.0, 2.282
0.12305049999849871, 475, 58190.0, 2.282
0.1205706999899121, 476, 58190.0, 2.282
0.1045285000000149, 477, 58190.0, 2.282
0.1176636000018334, 478, 58190.0, 2.282
0.13185030000749975, 479, 58190.0, 2.282
0.11835459999565501, 480, 58190.0, 2.282
0.15875319999759085, 481, 58190.0, 2.282
0.12470410000241827, 482, 58190.0, 2.282
0.10909939999692142, 483, 58190.0, 2.282
0.1303254999947967, 484, 58190.0, 2.282
0.1545559000078356, 485, 58190.0, 2.282
0.13403280000784434, 486, 58190.0, 2.282
0.11959249999199528, 487, 58190.0, 2.282
0.15237900000647642, 488, 58190.0, 2.282
0.1530096000060439, 489, 58190.0, 2.282
0.1227900999947451, 490, 58190.0, 2.282

tour:
[ 586  587  588  596  597  598  599  900  901  902  903  904  905  906
 1060 1061 1062 1063 1064 1057 1058 1066 1067 1065 1068 1069 1071 1059
 1070 1056 1047 1044 1041 1040 1039 1043 1046 1055 1054 1053 1052 1051
 1050 1045 1042 1035 1036 1037 1038 1031 1027 1028 1007 1029 1030 1032
 1100 1074 1073 1021 1020 1080 1013 1014 1015 1019 1018 1016 1017 1012
 1011 1010 1009 1008 1002 1003 1004 1005 1006 1026 1025 1024 1023 1034
 1033 1048 1049  899  892  898  897  896  895  894  893  591  592  593
  594  595  580  579  578  572  577  576  575  574  573  379  378  381
  388  377  376  369  375  374  373  372  387  371  370  567  354  353
  352  351  350  340  341  338  342  343  339  344  359  355  356  357
  358  360  361  362  365  364  366  367  368  562  563  564  565  566
  571  568  569  561  570  589  590  884  885  882  886  891  887  883
  888  889  890  881  880  879  878  877  876  875  557  558  559  556
  555  554  553  552  560  551  550  548  547  537  538  539  536  540
  541  546  542  543  544  549  545  867  868  866  869  870  871  873
  874  872  995 1022  996 1001 1000  999  998  997  994  856  966  967
  968  961  969  970  971  972  962  973  974  985  993 1072  990 1075
 1076  992  991 1078 1079 1077 1081 1095 1090 1089 1088 1087 1086 1085
 1093 1084 1083 1082 1091 1092 1103 1104 1112 1105 1101 1106 1107 1108
 1109 1102 1116 1115 1114 1113 1133 1140 1134 1135 1136 1141 1145 1154
 1153 1152 1144 1150 1143 1149 1148 1151 1147 1142 1138 1139 1132 1131
 1111 1130 1129 1127 1128 1124 1126 1125 1123 1122 1146 1158 1159 1160
 1161 1162 1163 1164 1094 1157 1165 1166 1167 1168 1169 1172 1171 1170
 1155 1156 1137 1120 1121 1119 1118 1117 1110 1098 1099 1097 1096  989
  988  987  984  983  982  981  965  980  979  964  978  977  976  986
  975  963  949  948  947  946  945  944  943  942  960  855  928  929
  930  931  932  933  938  934  935  936  950  937  917  916  915  914
  927  913  912  911  910  909  908  907  826  831  830  829  832  850
  851  852  853  854  849  848  847  846  845  833  825  824  823  822
  817  821  820  819  818  497  482  481  480  468  479  478  483  477
  476  475  469  456  457  458  459  460  461  464  462  467  463  466
  465  710  769  777  778  779  784  780  781  782  783  774  772  773
  775  789  790  791  792  793  794  786  795  796  797  798  787  788
  745  744  743  742  741  740  739  785  738  733  734  737  736  735
  719  718  717  716  708  707  706  714  715  771  776  770  713  712
  711  709  705  696  697  698  699  700  701  702  703  704  720  721
  722  723  724  725  732  726  727  731  728  729  730  749  750  751
  752  753  748  757  756  755  754  746  682  683  684  685  686  747
  764  759  760  765  766  761  762  767  768  763  758  810  805  804
  803  802  799  801  800  918  919  920  921  922  941  940  939  951
  952  953  954  955  956  957  958  959  926  925  924  923  807  806
  809  808  811  812  813  815  816  814  693  691  690  692  688  689
  687  666  665  664  667  668  663  662  661  670  669  676  671  672
  673  674  675  677  681  680  678  679  659  658  657  656  655  654
  653  652  651  650  649  648  647  646  625  624  623  622  626  621
  620  619  618  607  608  609  610  603  611  612  613  614  631  632
  645  633  630  634  635  636  637  638  644  643  639  629  640  642
  641  628  130  131  128  132  660  133  134  129  135  136  137  138
  139  127  118  126  117  125  124  123  122  121  120  119  116  115
  114  627  113  112  111  103  102  101  100   99   96   98   97  104
  110  109  108  107  106  105   95   79   78   77   76   75   74   82
   83   94   93   66   92   91   90   89  602  601  606  605  600  604
  421  420  419  418  417  416  415  414  413  412  411  410  422  240
  241  215  216  217  218  220  221  222  250  251  249  248  247  246
  245  244  243  242  239  438  439  436  423  424  425  437  426  427
  428  429  430  431  432  433  434  435  615  616  617  695  694  449
  448  447  446  450  445  444  443  442  441  440  451  455  454  268
  453  452  470  471  472  473  474  485  484  488  489  487  490  498
  491  492  493  494  495  496  499  500  511  510  509  508  507  506
  505  504  503  502  501  486  290  289  288  293  294  303  302  304
  301  305  300  299  306  308  313  314  315  320  316  317  321  326
  322  323  514  525  318  515  516  517  518  519  512  513  520  521
  522  523  524  327  838  837  836  839  835  834  828  827  840  841
  842  843  844  863  864  865  862  531  861  532  860  859  858  528
  534  857  335  533  325  334  535  333  530  529  331  330  324  329
  526  328  527  336  349  348  347  363  346  345  337  195  194  332
  166  169  165  193  312  311  310  319  309  307  291  295  296  297
  298  292  287  286  285  284  283  282  281  280  279  278  277  270
  276  275  274  273  272  271  269  267  266  265  264  263  262  261
  260  259  258  252  253  254  255  256  257  224  223  225  226  227
  231  232  233  234  235  236  237  238   39   38   57   58   59   60
   61   62  407   63  408  409   65   64   55   67   56   84   85   86
   87   88   81   72   71   73   80   70   69   68   54   50   49   48
   53   47   46   45   52   44   51   43   42   41   40   37   26   25
   24   23   22   21   27   28   34   35   36   33   32   31   30   29
   20    8    7    6   11   10    9    5    4    3    2    1    0  140
  141   12   13   14   15   16   17   18   19  230  228  229  200  201
  202  203  204  205  206  207  177  176  175  219  147  148  149  178
  150  151  179  180  152  153  181  182  154  155  183  184  156  157
  185  186  158  159  187  188  160  161  162  190  189  208  210  209
  191  192  167  163  168  164  170  171  172  196  197  198  173  174
  199  211  212  213  214  143  142  144  145  146  406  405  404  403
  380  382  383  384  386  385  390  402  401  391  392  393  400  394
  399  395  396  397  398  389  581  582  583  584  585]

eliteFit: 58190.0
percentError: 2.2815158546017016
computationTime: 75.497s