instanceName: pcb1173
n: 1173
optFit: 56892

genTime, gen, eliteFit, percentError:
0.0015933999966364354, 0, 1336297.0, 2248.831
0.8317791000008583, 1, 63680.0, 11.931
0.5337275999918347, 2, 62546.0, 9.938
0.48841979999269824, 3, 62288.0, 9.485
0.5022108999983175, 4, 61824.0, 8.669
0.49326179998752195, 5, 61448.0, 8.008
0.504466099999263, 6, 61206.0, 7.583
0.5143393000034848, 7, 60969.0, 7.166
0.47001400000590365, 8, 60735.0, 6.755
0.5072936999931699, 9, 60735.0, 6.755
0.47158610000042245, 10, 60716.0, 6.722
0.46191820000240114, 11, 60675.0, 6.649
0.5079643000062788, 12, 60432.0, 6.222
0.5038469999999506, 13, 60183.0, 5.785
0.4937616999959573, 14, 60183.0, 5.785
0.46741819998715073, 15, 60067.0, 5.581
0.49116079999657813, 16, 59807.0, 5.124
0.4529295000102138, 17, 59807.0, 5.124
0.47494410000217613, 18, 59731.0, 4.990
0.46685640000214335, 19, 59437.0, 4.473
0.48602939999545924, 20, 59428.0, 4.458
0.4176029000082053, 21, 59379.0, 4.371
0.4569084999966435, 22, 59350.0, 4.320
0.39081379999697674, 23, 59280.0, 4.197
0.3867348000057973, 24, 59170.0, 4.004
0.3994581000006292, 25, 59170.0, 4.004
0.3543313999980455, 26, 59140.0, 3.951
0.35678300001018215, 27, 59015.0, 3.732
0.3196275000082096, 28, 58943.0, 3.605
0.3181830999965314, 29, 58943.0, 3.605
0.26263680000556633, 30, 58892.0, 3.515
0.18210930000350345, 31, 58880.0, 3.494
0.17375269999320153, 32, 58834.0, 3.413
0.1478971000033198, 33, 58818.0, 3.385
0.13270650000777096, 34, 58818.0, 3.385
0.11881459999131039, 35, 58817.0, 3.384
0.1268392999918433, 36, 58817.0, 3.384
0.11401489999843761, 37, 58791.0, 3.338
0.13674269999319222, 38, 58790.0, 3.336
0.14469469999312423, 39, 58764.0, 3.290
0.17654029998811893, 40, 58672.0, 3.129
0.15871170000173151, 41, 58672.0, 3.129
0.20010919999913312, 42, 58609.0, 3.018
0.17847050000273157, 43, 58600.0, 3.002
0.16619160000118427, 44, 58600.0, 3.002
0.15357780001068022, 45, 58600.0, 3.002
0.11875270000018645, 46, 58600.0, 3.002
0.12284739999449812, 47, 58580.0, 2.967
0.13634450000245124, 48, 58569.0, 2.948
0.16624220000812784, 49, 58509.0, 2.842
0.2105584000091767, 50, 58495.0, 2.818
0.18122199999925215, 51, 58489.0, 2.807
0.17531780000717845, 52, 58475.0, 2.782
0.15645439999934752, 53, 58456.0, 2.749
0.1605326000135392, 54, 58447.0, 2.733
0.15141829999629408, 55, 58447.0, 2.733
0.14393829999607988, 56, 58418.0, 2.682
0.17520120000699535, 57, 58373.0, 2.603
0.2918957999936538, 58, 58354.0, 2.570
0.29514290000952315, 59, 58336.0, 2.538
0.2998853000026429, 60, 58336.0, 2.538
0.2819095000013476, 61, 58318.0, 2.507
0.2903113999927882, 62, 58300.0, 2.475
0.2798070999997435, 63, 58291.0, 2.459
0.26233420000062324, 64, 58255.0, 2.396
0.2537311000050977, 65, 58255.0, 2.396
0.21600020000187214, 66, 58237.0, 2.364
0.17615919999661855, 67, 58229.0, 2.350
0.14474760000302922, 68, 58202.0, 2.303
0.1531412000040291, 69, 58184.0, 2.271
0.14398170000640675, 70, 58172.0, 2.250
0.15177180001046509, 71, 58145.0, 2.202
0.1668993000057526, 72, 58127.0, 2.171
0.17158030001155566, 73, 58127.0, 2.171
0.13361670001177117, 74, 58127.0, 2.171
0.15328610000142362, 75, 58127.0, 2.171
0.13665069999115076, 76, 58126.0, 2.169
0.1501206000102684, 77, 58126.0, 2.169
0.12648150000313763, 78, 58126.0, 2.169
0.1303520999936154, 79, 58126.0, 2.169
0.13955630001146346, 80, 58126.0, 2.169
0.1258315000013681, 81, 58126.0, 2.169
0.11149690000456758, 82, 58126.0, 2.169
0.12003559998993296, 83, 58126.0, 2.169
0.1129021999950055, 84, 58126.0, 2.169
0.11909189999278169, 85, 58126.0, 2.169
0.11895849999564234, 86, 58126.0, 2.169
0.1298994000098901, 87, 58126.0, 2.169
0.11343749999650754, 88, 58126.0, 2.169
0.14146460000483785, 89, 58126.0, 2.169
0.13504639999882784, 90, 58126.0, 2.169
0.11937719999696128, 91, 58105.0, 2.132
0.11657149999518879, 92, 58105.0, 2.132
0.15235829999437556, 93, 58105.0, 2.132
0.12791629999992438, 94, 58105.0, 2.132
0.12002420000499114, 95, 58105.0, 2.132
0.11176870000781491, 96, 58105.0, 2.132
0.1427352000027895, 97, 58105.0, 2.132
0.12833920000412036, 98, 58105.0, 2.132
0.1241085999936331, 99, 58105.0, 2.132
0.13387669999792706, 100, 58105.0, 2.132
0.1199060999933863, 101, 58105.0, 2.132
0.12211589999787975, 102, 58105.0, 2.132
0.13190799999574665, 103, 58105.0, 2.132
0.13231629999063443, 104, 58105.0, 2.132
0.15054410000448115, 105, 58105.0, 2.132
0.13807919999817386, 106, 58105.0, 2.132
0.12608339999860618, 107, 58105.0, 2.132
0.11316909999004565, 108, 58105.0, 2.132
0.11807509999198373, 109, 58105.0, 2.132
0.14680539999972098, 110, 58105.0, 2.132
0.11538709999877028, 111, 58105.0, 2.132
0.16436589999648277, 112, 58105.0, 2.132
0.11506350000854582, 113, 58105.0, 2.132
0.15107029999489896, 114, 58105.0, 2.132
0.11832090000098106, 115, 58105.0, 2.132
0.1320973999972921, 116, 58105.0, 2.132
0.12284650000219699, 117, 58105.0, 2.132
0.12957030000688974, 118, 58105.0, 2.132
0.13172669999767095, 119, 58105.0, 2.132
0.11460390000138432, 120, 58105.0, 2.132
0.12578519999806304, 121, 58105.0, 2.132
0.13117210000928026, 122, 58105.0, 2.132
0.13145469999290071, 123, 58105.0, 2.132
0.12920369999483228, 124, 58105.0, 2.132
0.13582820000010543, 125, 58105.0, 2.132
0.13251949999539647, 126, 58105.0, 2.132
0.13664450000214856, 127, 58105.0, 2.132
0.11494600000150967, 128, 58105.0, 2.132
0.13518119999207556, 129, 58105.0, 2.132
0.1277877999964403, 130, 58103.0, 2.129
0.12778549999347888, 131, 58103.0, 2.129
0.1160846999991918, 132, 58103.0, 2.129
0.144314300006954, 133, 58103.0, 2.129
0.1211433999997098, 134, 58103.0, 2.129
0.13184590000309981, 135, 58103.0, 2.129
0.11236169999756385, 136, 58103.0, 2.129
0.13470450000022538, 137, 58099.0, 2.122
0.12498829999822192, 138, 58099.0, 2.122
0.1252801999944495, 139, 58099.0, 2.122
0.12969090000842698, 140, 58099.0, 2.122
0.13143520000448916, 141, 58099.0, 2.122
0.12562600000819657, 142, 58099.0, 2.122
0.11967970000114292, 143, 58099.0, 2.122
0.129795800006832, 144, 58099.0, 2.122
0.13183840000419877, 145, 58099.0, 2.122
0.11312069999985397, 146, 58099.0, 2.122
0.15001739999570418, 147, 58099.0, 2.122
0.11425829998916015, 148, 58099.0, 2.122
0.12188140000216663, 149, 58099.0, 2.122
0.12446320000162814, 150, 58094.0, 2.113
0.12290960000245832, 151, 58094.0, 2.113
0.12616920001164544, 152, 58094.0, 2.113
0.1281948999967426, 153, 58094.0, 2.113
0.11388089999672957, 154, 58094.0, 2.113
0.13163750000239816, 155, 58094.0, 2.113
0.13897439998982009, 156, 58094.0, 2.113
0.11473089999344666, 157, 58094.0, 2.113
0.13402340000902768, 158, 58094.0, 2.113
0.13646729999163654, 159, 58094.0, 2.113
0.12422080000396818, 160, 58094.0, 2.113
0.15859120000095572, 161, 58094.0, 2.113
0.13102829999115784, 162, 58094.0, 2.113
0.12587270000949502, 163, 58094.0, 2.113
0.10575960000278428, 164, 58094.0, 2.113
0.13756809999176767, 165, 58094.0, 2.113
0.13986239999940153, 166, 58094.0, 2.113
0.1279725999920629, 167, 58094.0, 2.113
0.14673359999142122, 168, 58094.0, 2.113
0.11951879999833182, 169, 58094.0, 2.113
0.13832600000023376, 170, 58094.0, 2.113
0.11459949999698438, 171, 58094.0, 2.113
0.12026229999901261, 172, 58094.0, 2.113
0.11290989999542944, 173, 58094.0, 2.113
0.1424786999996286, 174, 58094.0, 2.113
0.12714860000414774, 175, 58094.0, 2.113
0.12809800000104588, 176, 58094.0, 2.113
0.11275670000759419, 177, 58094.0, 2.113
0.12705720000667498, 178, 58094.0, 2.113
0.16488660000322852, 179, 58094.0, 2.113
0.1514852999971481, 180, 58094.0, 2.113
0.13641369999095332, 181, 58094.0, 2.113
0.10796419999678619, 182, 58094.0, 2.113
0.11135060001106467, 183, 58086.0, 2.099
0.12171719998877961, 184, 58086.0, 2.099
0.13201539999863598, 185, 58086.0, 2.099
0.12020469999697525, 186, 58086.0, 2.099
0.09894700000586454, 187, 58086.0, 2.099
0.11492290000023786, 188, 58086.0, 2.099
0.1188525000034133, 189, 58086.0, 2.099
0.11087099999713246, 190, 58086.0, 2.099
0.12684479999006726, 191, 58086.0, 2.099
0.13811519999580923, 192, 58086.0, 2.099
0.11070469999685884, 193, 58086.0, 2.099
0.13708619998942595, 194, 58086.0, 2.099
0.15085370000451803, 195, 58086.0, 2.099
0.11693249999370892, 196, 58086.0, 2.099
0.12196830000902992, 197, 58086.0, 2.099
0.12961099999665748, 198, 58086.0, 2.099
0.09877929999493062, 199, 58086.0, 2.099
0.15357090000179596, 200, 58086.0, 2.099
0.1484204000007594, 201, 58086.0, 2.099
0.11457489999884274, 202, 58086.0, 2.099
0.13204050000058487, 203, 58086.0, 2.099
0.12439810000068974, 204, 58086.0, 2.099
0.11876910000864882, 205, 58086.0, 2.099
0.11472019999928307, 206, 58086.0, 2.099
0.1346622999990359, 207, 58086.0, 2.099
0.11451400000078138, 208, 58086.0, 2.099
0.12909830000717193, 209, 58086.0, 2.099
0.13438020000467077, 210, 58086.0, 2.099
0.11911169999802951, 211, 58086.0, 2.099
0.1372399999963818, 212, 58064.0, 2.060
0.1269011000113096, 213, 58064.0, 2.060
0.1947476000059396, 214, 58059.0, 2.051
0.16822950000641868, 215, 58059.0, 2.051
0.1640151000028709, 216, 58059.0, 2.051
0.16635109999333508, 217, 58059.0, 2.051
0.1358771999948658, 218, 58059.0, 2.051
0.14264790000743233, 219, 58059.0, 2.051
0.11147329999948852, 220, 58059.0, 2.051
0.11779080000997055, 221, 58059.0, 2.051
0.11671360000036657, 222, 58059.0, 2.051
0.1342088999954285, 223, 58059.0, 2.051
0.13455810000596102, 224, 58059.0, 2.051
0.12353969999821857, 225, 58059.0, 2.051
0.14590409999073017, 226, 58059.0, 2.051
0.11776730000565294, 227, 58059.0, 2.051
0.13643719999527093, 228, 58059.0, 2.051
0.1356034000054933, 229, 58059.0, 2.051
0.12459530000342056, 230, 58059.0, 2.051
0.1385454999981448, 231, 58059.0, 2.051
0.12329119999776594, 232, 58059.0, 2.051
0.13966419998905621, 233, 58059.0, 2.051
0.14110990001063328, 234, 58059.0, 2.051
0.13898960000369698, 235, 58059.0, 2.051
0.14450279998709448, 236, 58059.0, 2.051
0.11985089999507181, 237, 58059.0, 2.051
0.12812139999005012, 238, 58059.0, 2.051
0.11391169999842532, 239, 58059.0, 2.051
0.127314600002137, 240, 58059.0, 2.051
0.11032379999232944, 241, 58059.0, 2.051
0.12003439999534748, 242, 58059.0, 2.051
0.13222070000483654, 243, 58059.0, 2.051
0.13502319999679457, 244, 58059.0, 2.051
0.14573770000424702, 245, 58059.0, 2.051
0.12265540000225883, 246, 58059.0, 2.051
0.14470879999862518, 247, 58059.0, 2.051
0.1344054000073811, 248, 58059.0, 2.051
0.12077210001007188, 249, 58059.0, 2.051
0.1305840000131866, 250, 58059.0, 2.051
0.12681050000537653, 251, 58059.0, 2.051
0.12186130000918638, 252, 58059.0, 2.051
0.1251473000011174, 253, 58059.0, 2.051
0.1229380000004312, 254, 58059.0, 2.051
0.13865829999849666, 255, 58059.0, 2.051
0.12763260000792798, 256, 58059.0, 2.051
0.12426409999898169, 257, 58059.0, 2.051
0.13614249999227468, 258, 58059.0, 2.051
0.12473009999666829, 259, 58059.0, 2.051
0.12457010000071023, 260, 58059.0, 2.051
0.13917450000008103, 261, 58059.0, 2.051
0.12192600000707898, 262, 58059.0, 2.051
0.11384599999291822, 263, 58059.0, 2.051
0.14205320000473876, 264, 58059.0, 2.051

tour:
[ 545  549  558  557  875  876  877  878  879  880  881  995 1022 1033
 1048 1049 1060 1061 1062 1063 1064 1057 1066 1067 1065 1068 1069 1071
 1059 1070 1058 1053 1052 1051 1050 1045 1042 1034 1035 1036 1037 1038
 1039 1043 1046 1054 1055 1056 1047 1044 1040 1041 1032 1030 1029 1017
 1012 1011 1016 1018 1019 1015 1010 1009 1008 1013 1080 1014 1020 1021
 1074 1073 1072  993  985  974  973  962  972  971  970 1002 1003 1004
 1005 1006 1007 1028 1027 1031 1026 1025 1024 1023  996 1001 1000  999
  998  997  994  854  853  848  849  844  843  842  841  840  828  827
  818  819  820  821  817  822  823  824  825  833  845  846  847  852
  851  850  832  829  830  831  826  907  908  909  910  911  912  913
  914  915  927  933  932  931  930  929  928  942  960  855  856  966
  967  968  969  961  943  944  945  946  947  948  949  938  934  935
  936  916  917  937  950  963  975  990  986  976  977  978  991  992
 1075 1076 1078 1079 1077 1081 1095 1090 1089 1088 1087 1086 1085 1093
 1084 1083 1082 1091 1092 1104 1103 1100 1126 1125 1123 1124 1128 1127
 1129 1130 1111 1112 1105 1101 1106 1107 1108 1113 1114 1109 1102 1116
 1115 1136 1135 1134 1141 1145 1154 1153 1152 1157 1150 1144 1140 1133
 1132 1131 1139 1138 1142 1143 1149 1148 1151 1147 1122 1146 1158 1159
 1160 1161 1162 1163 1094 1164 1165 1166 1167 1168 1169 1172 1171 1170
 1155 1156 1137 1120 1121 1119 1118 1117 1110 1098 1099 1097 1096  989
  988  987  984  983  982  981  980  979  964  953  952  951  939  940
  941  954  965  955  956  957  958  959  926  925  924  923  922  921
  920  919  918  800  801  799  745  744  743  787  788  798  797  796
  795  786  794  793  792  790  789  791  775  773  772  774  783  782
  781  780  784  779  778  777  769  710  465  466  463  449  448  447
  446  450  445  444  443  442  441  440  439  438  436  422  240  239
  452  267  269  266  265  264  263  262  261  260  259  258  252  251
  250  249  248  247  246  245  244  243  242  241  215  216  217  218
  220  221  222  223  225  224  257  256  255  253  254  207  206  205
  176  175  204  203  202  201  200  229  230  228  226  227  231  232
  233  234  235  236  237  238   39   38   57   58   59   60   61   62
  407   63   64   65  408  409   67   56   84   85   86   87   88   89
   90   91   92   66   93   94  105  106  107  108  109  104  110  111
  112  113  627  628  130  131  128  132  660  133  134  129  135  136
  137  138  663  662  661  669  676  670  671  672  673  674  675  677
  680  681  682  683  684  685  686  747  764  759  760  765  766  761
  762  767  768  763  809  810  758  748  757  756  755  754  746  678
  679  659  658  657  656  655  654  653  652  644  643  642  641  640
  629  639  638  637  636  635  634  630  633  645  632  631  614  613
  612  611  603  610  609  608  607  602  601  606  605  600  604  421
  420  419  418  417  416  415  414  413  412  411  410  423  424  425
  437  426  427  428  429  430  431  432  433  434  435  615  616  617
  618  619  620  621  626  622  623  624  625  646  647  648  649  650
  651  725  724  723  722  721  720  704  703  702  701  700  699  698
  697  705  696  695  694  709  711  712  713  770  776  771  715  714
  706  707  708  716  717  718  719  735  736  737  734  733  738  785
  739  740  741  742  732  726  727  731  728  729  730  749  750  751
  752  753  802  803  804  805  806  807  808  811  812  813  815  816
  814  693  691  690  692  688  689  687  666  667  668  664  665  139
  127  118  126  117  125  124  123  122  121  120  119  116  115  114
  102  103  101  100   99   96   98   97   95   79   78   77   76   75
   83   82   74   72   71   73   81   80   70   69   68   54   50   49
   55   48   53   47   46   45   52   44   51   43   42   41   40   37
   26   25   24   23   22   28   34   35   36   33   32   31   30   29
   27   21   20    8    7    6    5    4    3    2    1    0    9   10
   11   19   18   17   16   15   14   13   12  140  141  219  147  148
  149  177  178  150  151  179  180  152  153  181  182  154  155  183
  184  156  157  185  186  158  159  187  188  160  161  189  208  210
  209  190  162  163  167  191  192  168  164  170  171  172  173  174
  143  142  144  145  146  406  405  404  403  402  401  390  391  392
  393  400  394  399  395  396  397  398  581  582  583  584  585  586
  587  588  596  597  598  599  900  901  902  903  904  905  906  899
  898  892  890  889  888  887  883  882  886  891  897  896  895  894
  893  885  884  590  589  591  592  593  594  595  580  579  578  572
  577  576  575  574  573  389  379  378  381  388  377  376  375  374
  373  369  368  367  562  563  564  565  566  571  568  569  561  570
  559  556  555  554  553  552  560  551  550  548  547  537  538  539
  536  540  541  546  542  543  544  535  334  333  530  529  331  330
  324  329  526  328  527  336  349  348  347  363  364  366  365  362
  361  360  358  357  567  370  372  371  387  386  385  384  383  382
  380  214  213  212  211  199  198  197  196  340  350  351  352  353
  354  356  355  341  338  342  343  359  344  339  345  346  337  195
  194  332  166  169  165  193  312  311  310  319  309  307  291  295
  296  297  292  298  299  306  308  313  314  315  316  320  326  322
  323  321  317  514  525  318  515  516  517  518  519  520  513  512
  507  506  505  504  503  502  501  303  302  304  305  300  301  294
  293  290  289  288  287  286  285  284  283  282  281  280  279  278
  277  276  270  275  274  273  272  271  472  471  470  453  268  454
  451  455  456  469  457  458  459  460  461  464  462  467  468  482
  481  480  479  478  483  477  476  475  474  473  484  486  488  485
  489  487  490  498  491  492  493  494  495  496  497  499  500  508
  509  510  511  834  835  839  836  837  838  327  524  523  522  521
  325  533  335  857  534  528  858  859  860  532  861  531  862  863
  864  865  872  874  873  871  870  869  866  868  867]

eliteFit: 58059.0
percentError: 2.051255009491668
computationTime: 46.447s