instanceName: kroD100
n: 100
optFit: 21294

genTime, gen, eliteFit, percentError:
0.0005401999951573089, 0, 142141.0, 567.517
0.006371700001182035, 1, 21875.0, 2.728
0.0033559000003151596, 2, 21843.0, 2.578
0.0027962000021943823, 3, 21708.0, 1.944
0.002753099994151853, 4, 21542.0, 1.165
0.0028609000000869855, 5, 21542.0, 1.165
0.0026233000098727643, 6, 21413.0, 0.559
0.0025630999880377203, 7, 21413.0, 0.559
0.003216000011889264, 8, 21346.0, 0.244
0.0038924999971641228, 9, 21346.0, 0.244
0.0031215000053634867, 10, 21294.0, 0.000

tour:
[ 2 58 84 63 42 76 90 53 62 15 95 85 64 13 67 32 44 98 77 30 56 71 79 75
 60 73  6 74 66 35 28 57 21 69 48 97 96 31 93 16 89 10 88 41 22 45 51  7
 65 37 80 33 49  0 12 78 87 26 23 40 83 68 14 72 38 70  3 92 43 59 52  4
 61 36 18 50 34 29 99  1 47 91 54 86 25 94 55 27 11 46 20  9  8 19 24 81
 17  5 39 82]

eliteFit: 21294.0
percentError: 0.0
computationTime: 0.041s