instanceName: kroD100
n: 100
optFit: 21294

genTime, gen, eliteFit, percentError:
0.00043339999683666974, 0, 141847.0, 566.136
0.007377000001724809, 1, 21964.0, 3.146
0.004434699992998503, 2, 21613.0, 1.498
0.0048712999996496364, 3, 21546.0, 1.183
0.0043476999999256805, 4, 21477.0, 0.859
0.004437499999767169, 5, 21387.0, 0.437
0.004267900003469549, 6, 21362.0, 0.319
0.004215900000417605, 7, 21358.0, 0.301
0.004344499990111217, 8, 21307.0, 0.061
0.0036275000020395964, 9, 21294.0, 0.000

tour:
[14 72 38 70  3 92 43 59 52  4 61 36 18 50 34 29 99  1 47 91 54 86 25 94
 55 27 11 46 20  9  8 19 24 81 17  5 39 82  2 58 84 63 42 76 90 53 62 15
 95 85 64 13 67 32 44 98 77 30 56 71 79 75 60 73  6 74 66 35 28 57 21 69
 48 97 96 31 93 16 89 10 88 41 22 45 51  7 65 37 80 33 49  0 12 78 87 26
 23 40 83 68]

eliteFit: 21294.0
percentError: 0.0
computationTime: 0.049s