instanceName: kroB100
n: 100
optFit: 22141

genTime, gen, eliteFit, percentError:
0.00011610001092776656, 0, 142977.0, 545.757
0.004774300003191456, 1, 22984.0, 3.807
0.004006599992862903, 2, 22380.0, 1.079
0.004364899999927729, 3, 22372.0, 1.043
0.002967499996884726, 4, 22372.0, 1.043
0.0028098000038880855, 5, 22353.0, 0.957
0.0024397000088356435, 6, 22275.0, 0.605
0.0031427000067196786, 7, 22225.0, 0.379
0.00252609999733977, 8, 22141.0, 0.000

tour:
[72 84 92 10  2 27 90 96 98  7 28 75 58 31 97 94  0 11 70 26 60 34 93 56
 59 73 65 86 88 42 49 15  1 41 13 63 82  3  5 14 32 81 50 47 30 62 12 77
 16 40 43 18 91 95 35 44 17 23 76 54 21 22 87 53 51 57 83  6 33  8 24 45
 89 20  9 67 85 48 29 74 79 19 37 71 36 64 46 78 80 55 99 25 68 61  4 66
 39 38 69 52]

eliteFit: 22141.0
percentError: 0.0
computationTime: 0.033s