instanceName: st70
n: 70
optFit: 675

genTime, gen, eliteFit, percentError:
0.00011069999891333282, 0, 3267.0, 384.000
0.0025292000063927844, 1, 682.0, 1.037
0.0013795999984722584, 2, 678.0, 0.444
0.0011492000048747286, 3, 676.0, 0.148
0.001221699989400804, 4, 675.0, 0.000

tour:
[58 37 68 30 34 69 12 28 35  0 22 15 46 36 57 49 50 55 64 63 10 47 66 53
 61 32 20 33 11 59 51  9  4 52  5 40 42 16  8 39 60 38 24 44 45 26 67 43
 29 19 13 27 48 54 25  7  2 31 41 17  3  1  6 18 23 14 56 62 65 21]

eliteFit: 675.0
percentError: 0.0
computationTime: 0.010s