instanceName: pr136
n: 136
optFit: 96772

genTime, gen, eliteFit, percentError:
0.00019190000602975488, 0, 749161.0, 674.151
0.012437700002919883, 1, 100559.0, 3.913
0.00889399999869056, 2, 99599.0, 2.921
0.00825759999861475, 3, 99129.0, 2.436
0.007289300003321841, 4, 98120.0, 1.393
0.006666700006462634, 5, 98000.0, 1.269
0.006162599995150231, 6, 97949.0, 1.216
0.0071112999867182225, 7, 97866.0, 1.130
0.007005799998296425, 8, 97582.0, 0.837
0.005354299995815381, 9, 97492.0, 0.744
0.006014700004016049, 10, 97492.0, 0.744
0.005651800005580299, 11, 97403.0, 0.652
0.0032654000096954405, 12, 97311.0, 0.557
0.004034100013086572, 13, 97231.0, 0.474
0.0030041999998502433, 14, 97120.0, 0.360
0.003313900000648573, 15, 96972.0, 0.207
0.0031328000040957704, 16, 96972.0, 0.207
0.0034755000087898225, 17, 96874.0, 0.105
0.003760800012969412, 18, 96874.0, 0.105
0.004650800008676015, 19, 96874.0, 0.105
0.0021065000037197024, 20, 96874.0, 0.105
0.001807699998607859, 21, 96874.0, 0.105
0.0030276999896159396, 22, 96874.0, 0.105
0.002256899999338202, 23, 96874.0, 0.105
0.0029061999957775697, 24, 96874.0, 0.105
0.0024187999952118844, 25, 96874.0, 0.105
0.004515299995546229, 26, 96874.0, 0.105
0.005343500000890344, 27, 96874.0, 0.105
0.0029091000033076853, 28, 96874.0, 0.105
0.0028058000025339425, 29, 96874.0, 0.105
0.0025999999925261363, 30, 96874.0, 0.105
0.00311429999419488, 31, 96874.0, 0.105
0.0023867000127211213, 32, 96874.0, 0.105
0.00243870000122115, 33, 96874.0, 0.105
0.002631499999552034, 34, 96874.0, 0.105
0.003089699996053241, 35, 96874.0, 0.105
0.007109600002877414, 36, 96874.0, 0.105
0.0077228000009199604, 37, 96874.0, 0.105
0.004076500001247041, 38, 96874.0, 0.105
0.0036180000024614856, 39, 96874.0, 0.105
0.004106100008357316, 40, 96874.0, 0.105
0.004111699992790818, 41, 96874.0, 0.105
0.004806199998711236, 42, 96874.0, 0.105
0.004230400008964352, 43, 96874.0, 0.105
0.0033085000031860545, 44, 96874.0, 0.105
0.005767399998148903, 45, 96874.0, 0.105
0.00469669999438338, 46, 96874.0, 0.105
0.004298500003642403, 47, 96874.0, 0.105
0.002603299988550134, 48, 96874.0, 0.105
0.004787899990333244, 49, 96874.0, 0.105
0.006179999996675178, 50, 96874.0, 0.105
0.005885099992156029, 51, 96874.0, 0.105
0.00291060000017751, 52, 96874.0, 0.105
0.0027192999987164512, 53, 96874.0, 0.105
0.005062099997303449, 54, 96874.0, 0.105
0.006100300000980496, 55, 96874.0, 0.105
0.0031135999888647348, 56, 96874.0, 0.105
0.0025135999894700944, 57, 96874.0, 0.105
0.002920099999755621, 58, 96874.0, 0.105
0.0025313999940408394, 59, 96874.0, 0.105
0.001869200001237914, 60, 96874.0, 0.105
0.0023108000023057684, 61, 96874.0, 0.105
0.0016032999992603436, 62, 96874.0, 0.105
0.0027756999916164204, 63, 96874.0, 0.105
0.0020141999993938953, 64, 96874.0, 0.105
0.0017130999913206324, 65, 96874.0, 0.105
0.0025082999927690253, 66, 96874.0, 0.105
0.002237499997136183, 67, 96874.0, 0.105

tour:
[ 33  21  12   3  11  10   2   9   8  25  14  31  19  15   1   7  26  27
  18  16   6   0   5   4  17  29  28  30  37  40  41  36  49  53  65  60
  61  52  50  39  38  51  63  62  64  71  73  72  84  97  96  98  85  83
  74  95  94  75  70  82  86  99 104 109 108 105 107 106 118 131 130 135
 119 117 129 128 134 120 116 121 127 110 111 115 122 126 133 125 124 132
 123 114 102 113 112 103 100  92  93  87  76  77  81  88  91  90 101  89
  80  68  79  78  69  66  58  59  48  42  43  47  54  57  56  67  55  46
  34  45  44  35  32  24  20  13  23  22]

eliteFit: 96874.0
percentError: 0.10540238912082006
computationTime: 0.331s