instanceName: pr136
n: 136
optFit: 96772

genTime, gen, eliteFit, percentError:
0.00036530000215861946, 0, 720483.0, 644.516
0.013312900002347305, 1, 100246.0, 3.590
0.006904699999722652, 2, 100028.0, 3.365
0.008277800006908365, 3, 98878.0, 2.176
0.008485800004564226, 4, 98453.0, 1.737
0.006946199995581992, 5, 98034.0, 1.304
0.007121499991626479, 6, 97416.0, 0.665
0.006221000003279187, 7, 97416.0, 0.665
0.004885600006673485, 8, 97177.0, 0.419
0.0075127000018255785, 9, 97009.0, 0.245
0.0065821000025607646, 10, 97009.0, 0.245
0.008552799990866333, 11, 97009.0, 0.245
0.01146829999925103, 12, 97009.0, 0.245
0.006804599994211458, 13, 97009.0, 0.245
0.01206159999128431, 14, 97009.0, 0.245
0.00445449999824632, 15, 97009.0, 0.245
0.008607099996879697, 16, 97009.0, 0.245
0.004893099991022609, 17, 97009.0, 0.245
0.004306700007873587, 18, 97009.0, 0.245
0.0035281000018585473, 19, 97009.0, 0.245
0.003668200006359257, 20, 97009.0, 0.245
0.0060683000046992674, 21, 97009.0, 0.245
0.013321699996595271, 22, 97009.0, 0.245
0.003008700005011633, 23, 97009.0, 0.245
0.00452630000654608, 24, 97009.0, 0.245
0.004466200000024401, 25, 97009.0, 0.245
0.003532900009304285, 26, 97009.0, 0.245
0.0021486999903572723, 27, 97009.0, 0.245
0.003154500009259209, 28, 97009.0, 0.245
0.0032213999947998673, 29, 97009.0, 0.245
0.0026019000069936737, 30, 97009.0, 0.245
0.0024692000006325543, 31, 97009.0, 0.245
0.0029491000022972003, 32, 97009.0, 0.245
0.003015800000866875, 33, 97009.0, 0.245
0.003822400001809001, 34, 97009.0, 0.245
0.0030300000071292743, 35, 97009.0, 0.245
0.0029697000136366114, 36, 97009.0, 0.245
0.0023453999892808497, 37, 97009.0, 0.245
0.0029894000035710633, 38, 97009.0, 0.245
0.0030709999991813675, 39, 97009.0, 0.245
0.0029352999990805984, 40, 97009.0, 0.245
0.0028668000013567507, 41, 97009.0, 0.245
0.0044744999904651195, 42, 97009.0, 0.245
0.006570800003828481, 43, 97009.0, 0.245
0.004334299999754876, 44, 97009.0, 0.245
0.003102800008491613, 45, 97009.0, 0.245
0.0030199000029824674, 46, 97009.0, 0.245
0.0031067999952938408, 47, 97009.0, 0.245
0.0033140000014100224, 48, 97009.0, 0.245
0.0028128999983891845, 49, 97009.0, 0.245
0.003927800004021265, 50, 97009.0, 0.245
0.003310200001578778, 51, 97009.0, 0.245
0.0037597999908030033, 52, 97009.0, 0.245
0.0031648000003769994, 53, 97009.0, 0.245
0.0026018999924417585, 54, 97009.0, 0.245
0.0032964000129140913, 55, 97009.0, 0.245
0.0027439999976195395, 56, 97009.0, 0.245
0.003440600004978478, 57, 97009.0, 0.245
0.0026951000036206096, 58, 97009.0, 0.245
0.003324999997857958, 59, 97009.0, 0.245

tour:
[  8  14  19  15   1   7   6   0   5   4  17  29  28  30  18  16  27  26
  31  36  41  40  37  39  38  51  63  62  64  52  50  61  60  49  53  65
  70  82  86  75  74  71  73  72  84  97  96  98  85  83  95  94  99 104
 109 108 119 117 105 107 106 118 131 130 135 129 128 134 120 116 121 110
 127 126 133 125 124 132 123 114 102 113 112 122 115 111 103 100  92  93
  87  76  77  81  88  91  90 101  89  80  68  79  78  69  66  58  59  48
  42  43  47  54  57  56  67  55  46  34  45  44  35  32  23  22  33  21
  12   3  11  10   2   9  13  20  24  25]

eliteFit: 97009.0
percentError: 0.2449055511924937
computationTime: 0.345s