instanceName: pr136
n: 136
optFit: 96772

genTime, gen, eliteFit, percentError:
0.00020700000459328294, 0, 735317.0, 659.845
0.013834700002917089, 1, 100462.0, 3.813
0.005743100002291612, 2, 100055.0, 3.393
0.006222299998626113, 3, 99713.0, 3.039
0.005918700000620447, 4, 98402.0, 1.684
0.005129600001964718, 5, 98109.0, 1.382
0.0052863000018987805, 6, 97833.0, 1.096
0.0051592999952845275, 7, 97514.0, 0.767
0.005427500000223517, 8, 97514.0, 0.767
0.0038451000000350177, 9, 97434.0, 0.684
0.0033435000077588484, 10, 97305.0, 0.551
0.002640400009113364, 11, 97286.0, 0.531
0.00200159999076277, 12, 97157.0, 0.398
0.003071700004511513, 13, 97157.0, 0.398
0.001843699996243231, 14, 97009.0, 0.245
0.00238540000282228, 15, 97009.0, 0.245
0.0016973000019788742, 16, 97009.0, 0.245
0.002069199996185489, 17, 97009.0, 0.245
0.002072599992970936, 18, 97009.0, 0.245
0.0017275999998673797, 19, 97009.0, 0.245
0.002135300004738383, 20, 97009.0, 0.245
0.002876400001696311, 21, 97009.0, 0.245
0.0017865000118035823, 22, 97009.0, 0.245
0.002590900010545738, 23, 97009.0, 0.245
0.0018462000007275492, 24, 97009.0, 0.245
0.0016552000015508384, 25, 97009.0, 0.245
0.0030301000078907236, 26, 97009.0, 0.245
0.0021261999936541542, 27, 97009.0, 0.245
0.0020182999869575724, 28, 97009.0, 0.245
0.0028697999950964004, 29, 97009.0, 0.245
0.002897099999245256, 30, 97009.0, 0.245
0.003628899998147972, 31, 97009.0, 0.245
0.004068499998538755, 32, 97009.0, 0.245
0.003833199996734038, 33, 97009.0, 0.245
0.0026622000004863366, 34, 97009.0, 0.245
0.002622300002258271, 35, 97009.0, 0.245
0.002317199992830865, 36, 97009.0, 0.245
0.002745600009802729, 37, 97009.0, 0.245
0.002360200000111945, 38, 97009.0, 0.245
0.0028703999996650964, 39, 97009.0, 0.245
0.0028141000075265765, 40, 97009.0, 0.245
0.0025925999943865463, 41, 97009.0, 0.245
0.002844499991624616, 42, 97009.0, 0.245
0.002417100011371076, 43, 97009.0, 0.245
0.002879100007703528, 44, 97009.0, 0.245
0.0021063000021968037, 45, 97009.0, 0.245
0.0023409999994328246, 46, 97009.0, 0.245
0.002433100002235733, 47, 97009.0, 0.245
0.0026388000114820898, 48, 97009.0, 0.245
0.001981800000066869, 49, 97009.0, 0.245
0.0018199000041931868, 50, 97009.0, 0.245
0.002722899997024797, 51, 97009.0, 0.245
0.0020727000082843006, 52, 97009.0, 0.245
0.003009099993505515, 53, 97009.0, 0.245
0.002249500001198612, 54, 97009.0, 0.245
0.002217100001871586, 55, 97009.0, 0.245
0.00268320000031963, 56, 97009.0, 0.245
0.002171600004658103, 57, 97009.0, 0.245
0.002239200010080822, 58, 97009.0, 0.245
0.0016101000073831528, 59, 97009.0, 0.245
0.0024930000072345138, 60, 97009.0, 0.245
0.0022427999938372523, 61, 97009.0, 0.245
0.001815700001316145, 62, 97009.0, 0.245
0.002500400005374104, 63, 97009.0, 0.245
0.0027353000041330233, 64, 97009.0, 0.245

tour:
[  7   6  18  16   0   5   4  17  29  28  30  27  26  31  36  41  40  37
  39  38  51  63  62  64  52  50  61  60  49  53  65  70  75  74  71  73
  72  84  97  96  98  85  83  95  94  82  86  99 104 109 108 105 107 106
 118 131 130 135 119 117 129 128 134 120 116 121 127 110 111 115 122 126
 133 125 124 132 123 114 102 113 112 103 100  92  93  87  76  77  81  88
  91  90 101  89  80  68  79  78  69  66  58  59  48  42  43  47  54  57
  56  67  55  46  34  45  44  35  32  24  20  13  23  22  33  21  12   3
  11  10   2   9   8  25  14  19  15   1]

eliteFit: 97009.0
percentError: 0.2449055511924937
computationTime: 0.232s