instanceName: a280
n: 280
optFit: 2579

genTime, gen, eliteFit, percentError:
0.000258400003076531, 0, 31583.0, 1124.622
0.041142100002616644, 1, 2724.0, 5.622
0.03302309999708086, 2, 2703.0, 4.808
0.022886400009156205, 3, 2703.0, 4.808
0.022957900000619702, 4, 2678.0, 3.839
0.024039299998548813, 5, 2665.0, 3.335
0.022447499999543652, 6, 2652.0, 2.831
0.02347909999662079, 7, 2631.0, 2.016
0.019830099990940653, 8, 2631.0, 2.016
0.02347369999915827, 9, 2624.0, 1.745
0.017768499994417652, 10, 2619.0, 1.551
0.014554099994711578, 11, 2612.0, 1.280
0.016042999995988794, 12, 2608.0, 1.124
0.015641900012269616, 13, 2604.0, 0.969
0.013939099997514859, 14, 2601.0, 0.853
0.011587100001634099, 15, 2600.0, 0.814
0.009306199994171038, 16, 2596.0, 0.659
0.01090249999833759, 17, 2594.0, 0.582
0.008627000002888963, 18, 2591.0, 0.465
0.009726399992359802, 19, 2591.0, 0.465
0.009476699997321703, 20, 2586.0, 0.271
0.012361999994027428, 21, 2586.0, 0.271
0.011260599989327602, 22, 2586.0, 0.271
0.012374300000374205, 23, 2584.0, 0.194
0.010769800006528385, 24, 2584.0, 0.194
0.010718300007283688, 25, 2584.0, 0.194
0.013314900003024377, 26, 2584.0, 0.194
0.00840730000345502, 27, 2584.0, 0.194
0.011135500011732802, 28, 2584.0, 0.194
0.007871300011174753, 29, 2584.0, 0.194
0.012880199996288866, 30, 2584.0, 0.194
0.00930750000406988, 31, 2584.0, 0.194
0.007193299999926239, 32, 2584.0, 0.194
0.0084843000076944, 33, 2584.0, 0.194
0.00890359999903012, 34, 2584.0, 0.194
0.011051699999370612, 35, 2584.0, 0.194
0.00620280001021456, 36, 2584.0, 0.194
0.00827110001409892, 37, 2584.0, 0.194
0.00932460000331048, 38, 2584.0, 0.194
0.0068681999982800335, 39, 2584.0, 0.194
0.007478500003344379, 40, 2584.0, 0.194
0.00725770001008641, 41, 2584.0, 0.194
0.00970439999946393, 42, 2584.0, 0.194
0.006766899998183362, 43, 2584.0, 0.194
0.009501200009253807, 44, 2584.0, 0.194
0.008270899998024106, 45, 2584.0, 0.194
0.007983699993928894, 46, 2584.0, 0.194
0.006334899997455068, 47, 2584.0, 0.194
0.008754299997235648, 48, 2584.0, 0.194
0.00633160000143107, 49, 2584.0, 0.194
0.009625399994547479, 50, 2584.0, 0.194
0.00697250000666827, 51, 2584.0, 0.194
0.0076216000015847385, 52, 2584.0, 0.194
0.006282699992880225, 53, 2584.0, 0.194
0.00794139999197796, 54, 2584.0, 0.194
0.008055700003751554, 55, 2584.0, 0.194
0.007486300004529767, 56, 2584.0, 0.194
0.009197000006679446, 57, 2584.0, 0.194
0.006630500007304363, 58, 2584.0, 0.194
0.011952600005315617, 59, 2584.0, 0.194
0.009108400001423433, 60, 2584.0, 0.194
0.006625299996812828, 61, 2584.0, 0.194
0.008334599988302216, 62, 2584.0, 0.194
0.007863399994676001, 63, 2584.0, 0.194
0.0066719000024022534, 64, 2584.0, 0.194
0.010041500005172566, 65, 2584.0, 0.194
0.008125600012135692, 66, 2584.0, 0.194
0.007266100001288578, 67, 2584.0, 0.194
0.0077705000003334135, 68, 2584.0, 0.194
0.005993999991915189, 69, 2584.0, 0.194
0.008644700006698258, 70, 2584.0, 0.194
0.007630199994309805, 71, 2584.0, 0.194
0.007744000002276152, 72, 2584.0, 0.194
0.009572499999194406, 73, 2584.0, 0.194

tour:
[123 124  29 125 126 127 128 153 154 152 155 151 150 176 177 149 178 179
 175 180 181 182 183 184 185 186 187 188 189 190 191 192 193 194 195 196
 197 200 201 202 203 204 205 206 209 210 211 212 213 214 215 216 217 218
 219 220 221 222 223 224 225 226 227 228 229 250 249 246 243 244 245 230
 231 232 233 234 235 236 237 238 239 240 242 241   1   0 279   2 278 277
 247 248 255 254 251 208 207 252 253 256 257 258 259 260 261 262 263 264
 265 139 140 141 142 143 199 198 144 145 146 147 148 138 137 136 266 267
 135 134 268 269 133 132 131 130 129  20  19  18  17  16  15 270 271 272
 273 274 275 276   3   4   5   6   7   8   9  10  11  12  14  13  23  22
  24  21  25  26  27  28  30  31  32  33  34  35  36  37  38  39  40  41
  42  59  60 117 116 114 115  85  86  83  84  64  65  63  62  61  58  43
  44  45  46  47  48  49  50  51  52  53  54  55  56  57  67  68  66  69
  70  71  72  73  74  76  77  75  78  79  80  81  82  87 111 112 113 110
 109 107 108  88  89  90  91  92  93  94  95  96  97  98  99 100 101 102
 103 104 105 106 173 172 170 171 169 168 167 166 165 164 163 162 161 160
 174 159 158 157 156 118 119 120 121 122]

eliteFit: 2584.0
percentError: 0.19387359441644048
computationTime: 0.874s