instanceName: lin318
n: 318
optFit: 42029

genTime, gen, eliteFit, percentError:
0.0002851000026566908, 0, 548082.0, 1204.057
0.05318289999559056, 1, 44635.0, 6.200
0.033949299991945736, 2, 43968.0, 4.613
0.03171480000310112, 3, 43698.0, 3.971
0.03088489999936428, 4, 43530.0, 3.571
0.02954459999455139, 5, 43477.0, 3.445
0.030740300004254095, 6, 43385.0, 3.226
0.03110319998813793, 7, 43109.0, 2.570
0.030029399989871308, 8, 43089.0, 2.522
0.029003100004047155, 9, 43067.0, 2.470
0.027575500003877096, 10, 43021.0, 2.360
0.02553780000016559, 11, 42890.0, 2.049
0.025199700001394376, 12, 42890.0, 2.049
0.025821100003668107, 13, 42890.0, 2.049
0.02469340000243392, 14, 42830.0, 1.906
0.0226321999944048, 15, 42830.0, 1.906
0.02051499999652151, 16, 42691.0, 1.575
0.023516400004155003, 17, 42652.0, 1.482
0.02004230000602547, 18, 42652.0, 1.482
0.021437500006868504, 19, 42571.0, 1.290
0.0177067999902647, 20, 42571.0, 1.290
0.01894439999887254, 21, 42571.0, 1.290
0.008991299997433089, 22, 42571.0, 1.290
0.008498700000927784, 23, 42571.0, 1.290
0.009893900001770817, 24, 42571.0, 1.290
0.008992000002763234, 25, 42571.0, 1.290
0.009713700012071058, 26, 42571.0, 1.290
0.009244200002285652, 27, 42571.0, 1.290
0.010201400000369176, 28, 42571.0, 1.290
0.008073799996054731, 29, 42571.0, 1.290
0.011145299999043345, 30, 42571.0, 1.290
0.009139300003880635, 31, 42571.0, 1.290
0.009971399995265529, 32, 42465.0, 1.037
0.012152499999501742, 33, 42465.0, 1.037
0.009114300002693199, 34, 42465.0, 1.037
0.009850199989159591, 35, 42465.0, 1.037
0.00870299999951385, 36, 42465.0, 1.037
0.009649200001149438, 37, 42465.0, 1.037
0.014479400007985532, 38, 42465.0, 1.037
0.012491700006648898, 39, 42465.0, 1.037
0.010315199993783608, 40, 42465.0, 1.037
0.010244100005365908, 41, 42465.0, 1.037
0.00861629999417346, 42, 42465.0, 1.037
0.010473300004377961, 43, 42465.0, 1.037
0.009833999996772036, 44, 42465.0, 1.037
0.011040500001399778, 45, 42465.0, 1.037
0.008774300004006363, 46, 42465.0, 1.037
0.011456199994427152, 47, 42452.0, 1.006
0.010355999998864718, 48, 42452.0, 1.006
0.012248199986061081, 49, 42384.0, 0.845
0.01193730000522919, 50, 42384.0, 0.845
0.012657400002353825, 51, 42351.0, 0.766
0.016265300000668503, 52, 42351.0, 0.766
0.010184800004935823, 53, 42351.0, 0.766
0.008678700003656559, 54, 42351.0, 0.766
0.009257199999410659, 55, 42351.0, 0.766
0.008923200002755038, 56, 42351.0, 0.766
0.00867919999291189, 57, 42351.0, 0.766
0.00894729999708943, 58, 42351.0, 0.766
0.010260499999276362, 59, 42351.0, 0.766
0.009054500013007782, 60, 42351.0, 0.766
0.008654399993247353, 61, 42351.0, 0.766
0.011168699988047592, 62, 42351.0, 0.766
0.009472400008235127, 63, 42351.0, 0.766
0.009892199988826178, 64, 42351.0, 0.766
0.011997900001006201, 65, 42351.0, 0.766
0.00901490000251215, 66, 42351.0, 0.766
0.010308400000212714, 67, 42351.0, 0.766
0.00917930000287015, 68, 42351.0, 0.766
0.010670200004824437, 69, 42351.0, 0.766
0.00958830000308808, 70, 42351.0, 0.766
0.008755800008657388, 71, 42351.0, 0.766
0.011079699994297698, 72, 42351.0, 0.766
0.012731700000585988, 73, 42351.0, 0.766
0.009292500006267801, 74, 42351.0, 0.766
0.010221699994872324, 75, 42351.0, 0.766
0.008302300004288554, 76, 42351.0, 0.766
0.009611899993615225, 77, 42351.0, 0.766
0.009066500002518296, 78, 42351.0, 0.766
0.010043300004326738, 79, 42351.0, 0.766
0.009274800002458505, 80, 42351.0, 0.766
0.010807099999510683, 81, 42351.0, 0.766
0.010027700001955964, 82, 42351.0, 0.766
0.010352199999033473, 83, 42351.0, 0.766
0.013933099995483644, 84, 42351.0, 0.766
0.010409800001070835, 85, 42351.0, 0.766
0.010341700006392784, 86, 42351.0, 0.766
0.007870399989769794, 87, 42351.0, 0.766
0.010432299997773953, 88, 42351.0, 0.766
0.011295200005406514, 89, 42351.0, 0.766
0.013654999987920746, 90, 42351.0, 0.766
0.011585300002479926, 91, 42351.0, 0.766
0.009882300000754185, 92, 42351.0, 0.766
0.010608600001432933, 93, 42351.0, 0.766
0.009275999997043982, 94, 42351.0, 0.766
0.00907780000125058, 95, 42351.0, 0.766
0.00870950000535231, 96, 42351.0, 0.766
0.010758499993244186, 97, 42351.0, 0.766
0.009062299999641255, 98, 42351.0, 0.766
0.0102511000004597, 99, 42351.0, 0.766
0.008764799989876337, 100, 42351.0, 0.766
0.008371099989744835, 101, 42351.0, 0.766

tour:
[ 68  69  62  61  57  52  51  45  42  41  40  43  46  50  53  56 104  58
  55  54  49  47  44  48 316 315  39 103  32  26  23  18  11  19  22  27
  29  30  31  28  21  20 102  14  10   9   6   5   1   0   2   7   8  16
  15  17  24  25  35  36  38  37  34  33 136 135 134 133 126 125 207 119
  13  12 115 114 111 110   4   3 106 105 107 112 113 121 120 122 129 130
 131 128 123 116 124 127 132 137 140 141 139 138 241 240 239 238 231 230
 312 224 118 117 220 219 216 215 109 108 211 210 212 221 229 232 237 242
 236 233 228 235 234 227 225 226 217 218 214 213 222 223 243 244 247 248
 317 269 270 274 275 296 297 303 304 309 308 307 299 298 302 300 301 305
 306 310 311 204 199 198 192 191 294 292 291 287 293 295 288 286 281 282
 285 289 290 284 283 278 279 272 271 273 276 277 280 169 170 165 164 268
 314 265 264 259 257 258 254 253 256 260 263 266 267 262 261 255 252 250
 251 246 245 313 249 142 143 146 145 147 150 156 157 162 161 158 155 151
 148 208 144 153 149 152 154 159 160 209 163  59  60  65  64 171 172 175
 182 186 187 189 188 183 181 176 168 166 167 174 173 178 179 185 177 180
 184 190 193 194 203 202 197 200 201 205 206  99  94  93 196 195  86  87
  89  88  98  97  92 101 100  96  95  91  90  84  83  82  81  77  70  67
  66  63  71  76  78  85  79  75  72  80  74  73]

eliteFit: 42351.0
percentError: 0.7661376668490804
computationTime: 1.443s