instanceName: lin318
n: 318
optFit: 42029

genTime, gen, eliteFit, percentError:
0.000599899998633191, 0, 557411.0, 1226.253
0.05093920000945218, 1, 44613.0, 6.148
0.03113810000650119, 2, 44194.0, 5.151
0.03158809999877121, 3, 43581.0, 3.693
0.030492299993056804, 4, 43472.0, 3.433
0.029307300006621517, 5, 43229.0, 2.855
0.028705999997328036, 6, 43229.0, 2.855
0.03541880000557285, 7, 43111.0, 2.574
0.030173400009516627, 8, 43036.0, 2.396
0.03699370000686031, 9, 42894.0, 2.058
0.026833000010810792, 10, 42716.0, 1.635
0.025938699996913783, 11, 42716.0, 1.635
0.03200530000322033, 12, 42621.0, 1.409
0.028618500000447966, 13, 42621.0, 1.409
0.027536900000995956, 14, 42621.0, 1.409
0.018370399993727915, 15, 42350.0, 0.764
0.01136979999137111, 16, 42350.0, 0.764
0.013844499990227632, 17, 42350.0, 0.764
0.015343799997936003, 18, 42350.0, 0.764
0.020320299998275004, 19, 42342.0, 0.745
0.024626800004625693, 20, 42308.0, 0.664
0.018503899991628714, 21, 42308.0, 0.664
0.01387830000021495, 22, 42256.0, 0.540
0.01866139999765437, 23, 42256.0, 0.540
0.02063369999814313, 24, 42256.0, 0.540
0.01997410001058597, 25, 42246.0, 0.516
0.010273099993355572, 26, 42235.0, 0.490
0.01142989999789279, 27, 42201.0, 0.409
0.012303700001211837, 28, 42180.0, 0.359
0.011476800005766563, 29, 42180.0, 0.359
0.012215199996717274, 30, 42180.0, 0.359
0.009327899999334477, 31, 42180.0, 0.359
0.009176599996862933, 32, 42180.0, 0.359
0.00823839999793563, 33, 42180.0, 0.359
0.009830900002270937, 34, 42180.0, 0.359
0.008702400009497069, 35, 42180.0, 0.359
0.009474699996644631, 36, 42180.0, 0.359
0.010945899994112551, 37, 42180.0, 0.359
0.00818509999953676, 38, 42180.0, 0.359
0.009316600000602193, 39, 42180.0, 0.359
0.00934080001024995, 40, 42180.0, 0.359
0.010622100002365187, 41, 42180.0, 0.359
0.009657599992351606, 42, 42180.0, 0.359
0.008418099998380058, 43, 42180.0, 0.359
0.010274699990986846, 44, 42180.0, 0.359
0.013924400001997128, 45, 42180.0, 0.359
0.01089559998945333, 46, 42180.0, 0.359
0.010440900005050935, 47, 42180.0, 0.359
0.016724899993278086, 48, 42180.0, 0.359
0.00999279999814462, 49, 42180.0, 0.359
0.009362400000100024, 50, 42180.0, 0.359
0.008779399999184534, 51, 42180.0, 0.359
0.014660700006061234, 52, 42180.0, 0.359
0.009600399993360043, 53, 42180.0, 0.359
0.011121899995487183, 54, 42180.0, 0.359
0.009071300009964034, 55, 42180.0, 0.359
0.01221280000754632, 56, 42180.0, 0.359
0.011317099997540936, 57, 42180.0, 0.359
0.009986200006096624, 58, 42141.0, 0.266
0.0108468999969773, 59, 42141.0, 0.266
0.00992739999492187, 60, 42141.0, 0.266
0.010466499996255152, 61, 42141.0, 0.266
0.013601799990283325, 62, 42141.0, 0.266
0.0091312000004109, 63, 42141.0, 0.266
0.009570299996994436, 64, 42141.0, 0.266
0.009468799995374866, 65, 42141.0, 0.266
0.010559400005149655, 66, 42141.0, 0.266
0.008045700000366196, 67, 42141.0, 0.266
0.008118300000205636, 68, 42141.0, 0.266
0.009682099989731796, 69, 42141.0, 0.266
0.009114099986618385, 70, 42141.0, 0.266
0.009118399990256876, 71, 42141.0, 0.266
0.00831619999371469, 72, 42141.0, 0.266
0.008373700009542517, 73, 42141.0, 0.266
0.00964390000444837, 74, 42141.0, 0.266
0.01139070000499487, 75, 42141.0, 0.266
0.010711099996115081, 76, 42141.0, 0.266
0.00832740000623744, 77, 42141.0, 0.266
0.010522500000661239, 78, 42141.0, 0.266
0.01005789999908302, 79, 42141.0, 0.266
0.009032600006321445, 80, 42141.0, 0.266
0.008063000001129694, 81, 42141.0, 0.266
0.010342499997932464, 82, 42141.0, 0.266
0.009009699992020614, 83, 42141.0, 0.266
0.012785500002792105, 84, 42141.0, 0.266
0.009361300006275997, 85, 42141.0, 0.266
0.009588000000803731, 86, 42141.0, 0.266
0.011134700005641207, 87, 42141.0, 0.266
0.009796199999982491, 88, 42141.0, 0.266
0.007800299994414672, 89, 42141.0, 0.266
0.009179700005915947, 90, 42141.0, 0.266
0.009607499989215285, 91, 42141.0, 0.266
0.011859999998705462, 92, 42141.0, 0.266
0.012699099999736063, 93, 42141.0, 0.266
0.013952100009191781, 94, 42141.0, 0.266
0.013327799999387935, 95, 42112.0, 0.197
0.013016500000958331, 96, 42112.0, 0.197
0.016183999992790632, 97, 42112.0, 0.197
0.017252899997401983, 98, 42112.0, 0.197
0.018222099999547936, 99, 42112.0, 0.197
0.01798580000468064, 100, 42112.0, 0.197
0.010043399990536273, 101, 42112.0, 0.197
0.012519000010797754, 102, 42112.0, 0.197
0.009679599999799393, 103, 42112.0, 0.197
0.00887469999724999, 104, 42112.0, 0.197
0.008151800007908605, 105, 42112.0, 0.197
0.009260699996957555, 106, 42112.0, 0.197
0.009574499999871477, 107, 42112.0, 0.197
0.008366399997612461, 108, 42112.0, 0.197
0.012705400004051626, 109, 42112.0, 0.197
0.01226989999122452, 110, 42112.0, 0.197
0.009969199993065558, 111, 42112.0, 0.197
0.010142500002984889, 112, 42112.0, 0.197
0.010558900001342408, 113, 42112.0, 0.197
0.009741200003190897, 114, 42112.0, 0.197
0.011599099991144612, 115, 42112.0, 0.197
0.01199070000438951, 116, 42112.0, 0.197
0.00902529999439139, 117, 42112.0, 0.197
0.008763499994529411, 118, 42112.0, 0.197
0.008457200005068444, 119, 42112.0, 0.197
0.009834600001340732, 120, 42112.0, 0.197
0.008561200011172332, 121, 42112.0, 0.197
0.008196299997507595, 122, 42112.0, 0.197
0.009841100007179193, 123, 42112.0, 0.197
0.010132999988854863, 124, 42112.0, 0.197
0.009160300003713928, 125, 42112.0, 0.197
0.009468599993851967, 126, 42112.0, 0.197
0.010809400002472103, 127, 42112.0, 0.197
0.00971650000428781, 128, 42112.0, 0.197
0.00913109999964945, 129, 42112.0, 0.197
0.00907050000387244, 130, 42112.0, 0.197
0.008887800009688362, 131, 42112.0, 0.197
0.008260999995400198, 132, 42112.0, 0.197
0.009634999994887039, 133, 42112.0, 0.197
0.009244200002285652, 134, 42112.0, 0.197
0.009021599995321594, 135, 42112.0, 0.197
0.009299500001361594, 136, 42112.0, 0.197
0.008570000005420297, 137, 42112.0, 0.197
0.008009199998923577, 138, 42112.0, 0.197
0.008387599998968653, 139, 42112.0, 0.197
0.010522099997615442, 140, 42112.0, 0.197
0.012144200009061024, 141, 42112.0, 0.197
0.00877490000857506, 142, 42112.0, 0.197
0.00890359999903012, 143, 42112.0, 0.197
0.012974099998245947, 144, 42112.0, 0.197
0.011130200000479817, 145, 42112.0, 0.197

tour:
[119 116 124 127 132 137 131 128 123 120 121 122 129 130 141 140 208 148
 151 155 158 161 162 157 156 150 147 145 146 143 142 139 138 241 240 239
 238 231 230 312 229 232 237 242 236 233 228 225 226 227 234 235 245 246
 251 250 252 255 261 262 267 266 263 260 256 253 313 249 258 254 257 259
 264 265 314 268 164 165 170 169 280 277 276 273 271 272 279 278 283 284
 290 289 285 282 281 286 288 295 293 287 291 292 294 191 192 198 199 204
 311 310 306 305 301 300 302 298 299 307 308 309 304 303 297 296 275 274
 270 269 317 248 247 244 243 223 222 213 214 218 217 212 221 224 118 117
 220 219 216 215 211 210 108 109 113 112 107 105 106   3   4 110 111 114
 115  12  13   8   7   2   0   1   5   6   9  10  14 102  20  21  28  29
  30  31  32  27  22  19  11  18  23  26  15  16  17  24  25  35  36  41
  40  42  45  51  52  57  56  53  50  46  43 103  39 315 316  48  44  47
  49  54  55  58 104  63  66  67  70  77  81  82  83  84  90  91  95  96
 100 101  92  97  98  89  88  85  78  76  71  72  75  79  80  74  73  68
  69  61  62  60  59  65  64 171 172 175 182 186 187 188 189  86  87  93
  94  99 206 205 201 200 196 195 197 202 203 194 193 190 183 181 176 168
 177 180 184 185 179 178 173 174 167 166 209 163 160 159 154 152 149 153
 144  37  38  34  33 136 135 134 133 126 125 207]

eliteFit: 42112.0
percentError: 0.19748269052321019
computationTime: 1.966s