instanceName: p654
n: 654
optFit: 34643

genTime, gen, eliteFit, percentError:
0.0006387000030372292, 0, 1913571.0, 5423.687
0.21122789999935776, 1, 35396.0, 2.174
0.14776520000305027, 2, 35240.0, 1.723
0.13272419999702834, 3, 35193.0, 1.588
0.1300805000064429, 4, 35059.0, 1.201
0.14606910001020879, 5, 34999.0, 1.028
0.14620970000396483, 6, 34984.0, 0.984
0.11963880000985228, 7, 34979.0, 0.970
0.13362410000991076, 8, 34959.0, 0.912
0.13308889999461826, 9, 34905.0, 0.756
0.13870950001000892, 10, 34901.0, 0.745
0.14159220000146888, 11, 34895.0, 0.727
0.12530040000274312, 12, 34889.0, 0.710
0.12624589999904856, 13, 34867.0, 0.647
0.1314355000067735, 14, 34863.0, 0.635
0.13628289999905974, 15, 34848.0, 0.592
0.13462579999759328, 16, 34848.0, 0.592
0.1147491000010632, 17, 34843.0, 0.577
0.12243909999961033, 18, 34797.0, 0.445
0.12974170000234153, 19, 34797.0, 0.445
0.13268730000709184, 20, 34785.0, 0.410
0.1299455999978818, 21, 34785.0, 0.410
0.12919580000743736, 22, 34768.0, 0.361
0.11511569999856874, 23, 34744.0, 0.292
0.12702010000066366, 24, 34730.0, 0.251
0.11758379999082536, 25, 34730.0, 0.251
0.09450759999162983, 26, 34730.0, 0.251
0.060723000002326444, 27, 34730.0, 0.251
0.041374000007635914, 28, 34730.0, 0.251
0.04164609999861568, 29, 34730.0, 0.251
0.036504299991065636, 30, 34730.0, 0.251
0.04597410000860691, 31, 34730.0, 0.251
0.04067770000256132, 32, 34730.0, 0.251
0.03516640000452753, 33, 34730.0, 0.251
0.034541300003184006, 34, 34730.0, 0.251
0.03557130000262987, 35, 34730.0, 0.251
0.044230900006368756, 36, 34730.0, 0.251
0.0625478000001749, 37, 34730.0, 0.251
0.03728899999987334, 38, 34730.0, 0.251
0.037996400002157316, 39, 34730.0, 0.251
0.03179629999794997, 40, 34730.0, 0.251
0.034060100006172433, 41, 34730.0, 0.251
0.03945400001248345, 42, 34730.0, 0.251
0.032809299998916686, 43, 34730.0, 0.251
0.04518570000072941, 44, 34730.0, 0.251
0.04498919998877682, 45, 34730.0, 0.251
0.04621919999772217, 46, 34730.0, 0.251
0.04442820000986103, 47, 34724.0, 0.234
0.04269390000263229, 48, 34724.0, 0.234
0.03959040000336245, 49, 34724.0, 0.234
0.04363639999064617, 50, 34724.0, 0.234
0.041841099999146536, 51, 34724.0, 0.234
0.04371549999632407, 52, 34724.0, 0.234
0.03701900001033209, 53, 34724.0, 0.234
0.0402652000047965, 54, 34722.0, 0.228
0.0459396999940509, 55, 34717.0, 0.214
0.046460099998512305, 56, 34717.0, 0.214
0.04328749999694992, 57, 34710.0, 0.193
0.03618200001074001, 58, 34705.0, 0.179
0.04043409999576397, 59, 34705.0, 0.179
0.040317499995580874, 60, 34705.0, 0.179
0.036061599996173754, 61, 34705.0, 0.179
0.05072949999885168, 62, 34705.0, 0.179
0.04025559998990502, 63, 34705.0, 0.179
0.041410699996049516, 64, 34705.0, 0.179
0.037616400004480965, 65, 34705.0, 0.179
0.041918100003385916, 66, 34705.0, 0.179
0.04322539998975117, 67, 34705.0, 0.179
0.04397880000760779, 68, 34698.0, 0.159
0.04465290000371169, 69, 34698.0, 0.159
0.039223200001288205, 70, 34698.0, 0.159
0.043499099992914125, 71, 34698.0, 0.159
0.043096800000057556, 72, 34698.0, 0.159
0.04118719999678433, 73, 34698.0, 0.159
0.043132400009199046, 74, 34698.0, 0.159
0.040776599998935126, 75, 34698.0, 0.159
0.044507400001748465, 76, 34698.0, 0.159
0.033735400007572025, 77, 34698.0, 0.159
0.039695300001767464, 78, 34698.0, 0.159
0.03237539999827277, 79, 34698.0, 0.159
0.0373812000034377, 80, 34698.0, 0.159
0.04946550000749994, 81, 34698.0, 0.159
0.034321300001465715, 82, 34698.0, 0.159
0.04081479999877047, 83, 34698.0, 0.159
0.046850699989590794, 84, 34698.0, 0.159
0.0393884000077378, 85, 34698.0, 0.159
0.03521869999531191, 86, 34698.0, 0.159
0.04251210000074934, 87, 34698.0, 0.159
0.03328099999635015, 88, 34698.0, 0.159
0.04745280000497587, 89, 34698.0, 0.159
0.042322100009187125, 90, 34698.0, 0.159
0.042887099989457056, 91, 34698.0, 0.159
0.041204100009053946, 92, 34698.0, 0.159
0.0432790000049863, 93, 34698.0, 0.159
0.04625030000170227, 94, 34698.0, 0.159
0.040818199995555915, 95, 34698.0, 0.159
0.04908009999780916, 96, 34698.0, 0.159
0.0353049999976065, 97, 34698.0, 0.159
0.052999999999883585, 98, 34698.0, 0.159
0.04103659999964293, 99, 34698.0, 0.159
0.0436109000002034, 100, 34698.0, 0.159
0.053362999999080785, 101, 34698.0, 0.159
0.04002749999926891, 102, 34691.0, 0.139
0.052029400001629256, 103, 34691.0, 0.139
0.04153480000968557, 104, 34691.0, 0.139
0.036062800005311146, 105, 34691.0, 0.139
0.04136609999113716, 106, 34691.0, 0.139
0.042758499999763444, 107, 34691.0, 0.139
0.039358900001388974, 108, 34691.0, 0.139
0.03957720000471454, 109, 34691.0, 0.139
0.04404490000160877, 110, 34691.0, 0.139
0.033603399991989136, 111, 34691.0, 0.139
0.042288800003007054, 112, 34691.0, 0.139
0.041853000002447516, 113, 34691.0, 0.139
0.03790340000705328, 114, 34691.0, 0.139
0.0508166999934474, 115, 34691.0, 0.139
0.045376199996098876, 116, 34691.0, 0.139
0.05062599999655504, 117, 34691.0, 0.139
0.04135060000407975, 118, 34691.0, 0.139
0.04215730000578333, 119, 34691.0, 0.139
0.037347400008002296, 120, 34691.0, 0.139
0.04181310000421945, 121, 34691.0, 0.139
0.06335349999426398, 122, 34691.0, 0.139
0.04999909999605734, 123, 34691.0, 0.139
0.04622950000339188, 124, 34691.0, 0.139
0.037991500008502044, 125, 34691.0, 0.139
0.0426558000035584, 126, 34691.0, 0.139
0.04368889999750536, 127, 34691.0, 0.139
0.04199910000897944, 128, 34691.0, 0.139
0.041480300002149306, 129, 34691.0, 0.139
0.042382800005725585, 130, 34691.0, 0.139
0.038045299996156245, 131, 34691.0, 0.139
0.04155500000342727, 132, 34691.0, 0.139
0.03708200000983197, 133, 34691.0, 0.139
0.04652129999885801, 134, 34691.0, 0.139
0.03955709999718238, 135, 34691.0, 0.139
0.04517209999903571, 136, 34691.0, 0.139
0.04775899999367539, 137, 34691.0, 0.139
0.03967030000058003, 138, 34691.0, 0.139
0.05145650000486057, 139, 34691.0, 0.139
0.040448399988235906, 140, 34691.0, 0.139
0.036252399993827567, 141, 34691.0, 0.139
0.04653310000139754, 142, 34690.0, 0.136
0.04175509999913629, 143, 34690.0, 0.136
0.04102730000158772, 144, 34690.0, 0.136
0.03543199998966884, 145, 34690.0, 0.136
0.04712940000172239, 146, 34690.0, 0.136
0.04426019999664277, 147, 34690.0, 0.136
0.043106700002681464, 148, 34690.0, 0.136
0.04817870000260882, 149, 34690.0, 0.136
0.03970619999745395, 150, 34690.0, 0.136
0.035748700000112876, 151, 34690.0, 0.136
0.033022799994796515, 152, 34690.0, 0.136
0.03970799999660812, 153, 34690.0, 0.136
0.04320350001216866, 154, 34690.0, 0.136
0.03440910000063013, 155, 34690.0, 0.136
0.036620099999709055, 156, 34690.0, 0.136
0.05108540000219364, 157, 34690.0, 0.136
0.04628779999620747, 158, 34690.0, 0.136
0.043501299995114096, 159, 34690.0, 0.136
0.03857689999858849, 160, 34690.0, 0.136
0.03928579999774229, 161, 34690.0, 0.136
0.04096900000877213, 162, 34680.0, 0.107
0.03919769999629352, 163, 34680.0, 0.107
0.04768309999781195, 164, 34680.0, 0.107
0.047869299989542924, 165, 34680.0, 0.107
0.04064190000644885, 166, 34680.0, 0.107
0.038469099992653355, 167, 34680.0, 0.107
0.053065799991600215, 168, 34680.0, 0.107
0.04976130000432022, 169, 34680.0, 0.107
0.06144399999175221, 170, 34680.0, 0.107
0.0439425999938976, 171, 34680.0, 0.107
0.05595399999583606, 172, 34680.0, 0.107
0.05356099999335129, 173, 34680.0, 0.107
0.05212609999580309, 174, 34680.0, 0.107
0.05680439999559894, 175, 34680.0, 0.107
0.05275479999545496, 176, 34680.0, 0.107
0.04655900000943802, 177, 34680.0, 0.107
0.038955199997872114, 178, 34680.0, 0.107
0.04094400000758469, 179, 34680.0, 0.107
0.04477880000195, 180, 34680.0, 0.107
0.03446690000419039, 181, 34680.0, 0.107
0.03757370001403615, 182, 34680.0, 0.107
0.04542799999762792, 183, 34680.0, 0.107
0.03948550000495743, 184, 34680.0, 0.107
0.04321830000844784, 185, 34680.0, 0.107
0.045063100013067015, 186, 34680.0, 0.107
0.03611559999990277, 187, 34680.0, 0.107
0.0461970000033034, 188, 34680.0, 0.107
0.0498074000061024, 189, 34680.0, 0.107
0.035768899993854575, 190, 34680.0, 0.107
0.04016179998870939, 191, 34680.0, 0.107
0.039552000002004206, 192, 34680.0, 0.107
0.04068350000306964, 193, 34680.0, 0.107
0.04047859999991488, 194, 34680.0, 0.107
0.04347919998690486, 195, 34680.0, 0.107
0.03664510000089649, 196, 34680.0, 0.107
0.04037570000218693, 197, 34680.0, 0.107
0.036542999994708225, 198, 34680.0, 0.107
0.037800999998580664, 199, 34680.0, 0.107
0.03754819999448955, 200, 34680.0, 0.107
0.041144000002532266, 201, 34680.0, 0.107
0.038336599987815134, 202, 34680.0, 0.107
0.04156759999750648, 203, 34680.0, 0.107
0.04395279999880586, 204, 34680.0, 0.107
0.040895199999795295, 205, 34680.0, 0.107
0.048027700002421625, 206, 34680.0, 0.107
0.043310299995937385, 207, 34680.0, 0.107
0.04403150000143796, 208, 34680.0, 0.107
0.031696200006990694, 209, 34680.0, 0.107
0.038789700003690086, 210, 34680.0, 0.107
0.0444705999980215, 211, 34680.0, 0.107
0.04026249999878928, 212, 34680.0, 0.107

tour:
[ 94  95  96  97  98  99 100 101 201 197 193 189 185 181 180 184 183 187
 188 192 196 200 199 198 194 195 191 190 186 182 178 174 179 175 176 177
 173 169 165 164 168 172 171 170 166 167 163 162 158 159 160 161 157 153
 149 148 152 156 155 154 150 151 147 146 142 143 144 145 141 140 139 138
 134 135 136 137 133 129 125 121 120 124 128 132 131 130 126 127 123 122
 118 119 115 114 111 110 106 107 108 112 116 117 113 109 559 504 503 539
 525 538 558 502 501 537 557 536 556 524 500 499 555 554 523 498 522 497
 553 552 551 535 521 496 495 494 493 534 550 549 533 520 492 491 490 532
 548   0   1   2   3   4  14  16  15 630 614 572 573 574 602 615 631 632
 616 575 576 577 578 603 617 633 634 635 579 604 580 605 636 637 638 606
 581 582 618 639 619 583 584 640 620 607 621 585 586 641 301 300 299 298
 302 306 310 311 312 308 307 303 304 305 309 313 317 316 320 321 325 329
 328 324 323 319 315 314 318 322 326 327 331 332 333 337 336 340 341 345
 349 353 357 361 360 356 352 351 347 348 344 343 339 335 330 334 338 342
 346 350 354 355 359 358 362 363 364 365 369 368 367 366 370 371 372 373
 377 376 375 374 378 379 380 381 385 384 383 382 386 390 391 387 388 389
 393 392 642 622 623 643 644 624 609 625 645 646 647 648 649 650 626 651
 627 652 628 629 653 397 401 405 409 413 417 421 425 429 428 424 420 416
 412 408 404 400 396 395 399 403 407 411 415 419 423 427 431 435 439 440
 436 432 433 437 441 445 449 453 457 461 465 469 473 477 476 475 479 483
 484 480 481 485 489 488 487 486 482 478 474 470 471 472 468 464 460 456
 452 448 444 443 447 451 455 459 463 467 466 462 458 454 450 446 442 438
 434 430 426 422 418 414 410 406 402 398 394 601 600 613 599 598 597 612
 596 611 595 610 594 593 592 591 590 608 589 588 587  18  17  49  52  53
  54  55  57  58  60  59  56  51  50  48  47  45  44  43  41  38  37  33
  32  31  30  27  26  24  25  23  20  19  22  21  28  29  34  35  36  39
  40  42  46  13  61  11  10  12   6   5   7   8   9  63  62  64  65  66
  68  67  69  70  71  72 103 102 104 105 297 296 292 293 289 285 281 280
 279 283 284 288 287 291 295 294 290 286 282 278 274 270 271 275 276 277
 273 269 272 268 267 266 262 258 254 255 256 260 259 263 264 265 261 257
 253 249 245 241 237 233 229 228 232 236 235 239 240 244 248 252 251 250
 246 247 243 242 238 234 230 231 227 226 222 218 214 210 211 215 219 223
 224 225 221 220 216 217 213 212 208 207 206 202 203 204 209 205 571 519
 518 547 531 546 570 517 516 545 569 544 568 530 515 514 567 566 529 513
 528 512 565 564 563 543 527 511 510 509 508 542 562 561 541 526 507 506
 505 540 560  74  77  78  75  76  73  81  85  86  87  80  79  82  83  84
  88  90  93  91  89  92]

eliteFit: 34680.0
percentError: 0.10680368328378027
computationTime: 11.469s