instanceName: nrw1379
n: 1379
optFit: 56638

genTime, gen, eliteFit, percentError:
0.001820300007238984, 0, 1371995.0, 2322.393
1.1554991000011796, 1, 62455.0, 10.270
0.7639156999939587, 2, 61726.0, 8.983
0.7054610999912256, 3, 61422.0, 8.447
0.7297136999986833, 4, 61246.0, 8.136
0.7203352000069572, 5, 61036.0, 7.765
0.703710100002354, 6, 60691.0, 7.156
0.6443185999960406, 7, 60646.0, 7.077
0.7089631999988342, 8, 60338.0, 6.533
0.6545794999983627, 9, 60338.0, 6.533
0.6758485000027576, 10, 60248.0, 6.374
0.6704615999915404, 11, 60137.0, 6.178
0.6175038000073982, 12, 60015.0, 5.962
0.5809852999955183, 13, 59929.0, 5.811
0.6026337000075728, 14, 59892.0, 5.745
0.5148611999902641, 15, 59864.0, 5.696
0.4620580000046175, 16, 59770.0, 5.530
0.4828676000033738, 17, 59761.0, 5.514
0.48728159999882337, 18, 59709.0, 5.422
0.5058913999964716, 19, 59639.0, 5.299
0.463764899992384, 20, 59410.0, 4.894
0.4176853000099072, 21, 59393.0, 4.864
0.4663132999994559, 22, 59344.0, 4.778
0.4551158999965992, 23, 59269.0, 4.645
0.41051540001353715, 24, 59229.0, 4.575
0.45106249999662396, 25, 59116.0, 4.375
0.465292099994258, 26, 59067.0, 4.289
0.3867890000110492, 27, 59067.0, 4.289
0.2975775000086287, 28, 59040.0, 4.241
0.19682769999781158, 29, 59003.0, 4.176
0.2748818999971263, 30, 58991.0, 4.154
0.30586829999811016, 31, 58987.0, 4.147
0.2560147999902256, 32, 58965.0, 4.109
0.2092860999982804, 33, 58965.0, 4.109
0.2724325000017416, 34, 58944.0, 4.071
0.35955429999739863, 35, 58916.0, 4.022
0.4123509000055492, 36, 58888.0, 3.973
0.3079466999915894, 37, 58881.0, 3.960
0.3644807000091532, 38, 58881.0, 3.960
0.40677010000217706, 39, 58831.0, 3.872
0.5086113000143087, 40, 58831.0, 3.872
0.4335642999940319, 41, 58831.0, 3.872
0.33450460000312887, 42, 58810.0, 3.835
0.28935120000096504, 43, 58759.0, 3.745
0.2715672999911476, 44, 58759.0, 3.745
0.20746539998799562, 45, 58717.0, 3.671
0.2768649999925401, 46, 58685.0, 3.614
0.24630709999473765, 47, 58654.0, 3.559
0.23314430000027642, 48, 58645.0, 3.544
0.21576450001157355, 49, 58614.0, 3.489
0.17192330000398215, 50, 58600.0, 3.464
0.1987329999974463, 51, 58600.0, 3.464
0.17145480000181124, 52, 58600.0, 3.464
0.1777326000010362, 53, 58600.0, 3.464
0.18491729999368545, 54, 58600.0, 3.464
0.16844890000356827, 55, 58600.0, 3.464
0.18021659999794792, 56, 58600.0, 3.464
0.19059860000561457, 57, 58590.0, 3.446
0.1869256000063615, 58, 58590.0, 3.446
0.20166029999381863, 59, 58534.0, 3.348
0.23880320000171196, 60, 58534.0, 3.348
0.21773299999767914, 61, 58534.0, 3.348
0.20238820000668056, 62, 58534.0, 3.348
0.1797867999994196, 63, 58534.0, 3.348
0.18261470001016278, 64, 58534.0, 3.348
0.16971129999728873, 65, 58534.0, 3.348
0.15946430001349654, 66, 58534.0, 3.348
0.1857577000046149, 67, 58534.0, 3.348
0.18644280001171865, 68, 58534.0, 3.348
0.17103820000193082, 69, 58534.0, 3.348
0.21728909999364987, 70, 58534.0, 3.348
0.1903833999967901, 71, 58534.0, 3.348
0.19099560000177007, 72, 58534.0, 3.348
0.17372040000918787, 73, 58534.0, 3.348
0.1649528999987524, 74, 58534.0, 3.348
0.2075332999957027, 75, 58534.0, 3.348
0.1810002000129316, 76, 58534.0, 3.348
0.162566600003629, 77, 58534.0, 3.348
0.16546839999500662, 78, 58534.0, 3.348
0.18714389999513514, 79, 58534.0, 3.348
0.19291090000479016, 80, 58534.0, 3.348
0.17657270000199787, 81, 58534.0, 3.348
0.17395219999889378, 82, 58534.0, 3.348
0.15970930000185035, 83, 58534.0, 3.348
0.180218599998625, 84, 58519.0, 3.321
0.20990900001197588, 85, 58519.0, 3.321
0.23972279998997692, 86, 58503.0, 3.293
0.33605810000153724, 87, 58491.0, 3.272
0.34969050000654534, 88, 58491.0, 3.272
0.23545910000393633, 89, 58461.0, 3.219
0.1903018000011798, 90, 58445.0, 3.190
0.1770262000063667, 91, 58445.0, 3.190
0.2353270000021439, 92, 58445.0, 3.190
0.2124234999937471, 93, 58445.0, 3.190
0.17465989998891018, 94, 58445.0, 3.190
0.17853870001272298, 95, 58445.0, 3.190
0.16737579999607988, 96, 58445.0, 3.190
0.1822944000014104, 97, 58445.0, 3.190
0.1882962000090629, 98, 58445.0, 3.190
0.17020059999777004, 99, 58445.0, 3.190
0.19201829998928588, 100, 58445.0, 3.190
0.18680939999467228, 101, 58445.0, 3.190
0.21187040000222623, 102, 58445.0, 3.190
0.20995319999929052, 103, 58445.0, 3.190
0.18354990000079852, 104, 58445.0, 3.190
0.1752005000016652, 105, 58445.0, 3.190
0.1947585000016261, 106, 58445.0, 3.190
0.18789570000080857, 107, 58445.0, 3.190
0.16711700000450946, 108, 58445.0, 3.190
0.19095830000878777, 109, 58445.0, 3.190
0.18214059999445453, 110, 58445.0, 3.190
0.17305119999218732, 111, 58445.0, 3.190
0.1674094000045443, 112, 58445.0, 3.190
0.20980840000265744, 113, 58445.0, 3.190
0.17923019999579992, 114, 58445.0, 3.190
0.18813620001310483, 115, 58445.0, 3.190
0.16188849999161903, 116, 58423.0, 3.152
0.18524250001064502, 117, 58423.0, 3.152
0.162811199988937, 118, 58423.0, 3.152
0.18936749998829328, 119, 58423.0, 3.152
0.18843850000121165, 120, 58423.0, 3.152
0.16783159998885822, 121, 58423.0, 3.152
0.1737954999989597, 122, 58423.0, 3.152
0.1595653999975184, 123, 58423.0, 3.152
0.1631339999876218, 124, 58423.0, 3.152
0.18189870000060182, 125, 58423.0, 3.152
0.20831870000984054, 126, 58423.0, 3.152
0.1652712000068277, 127, 58423.0, 3.152
0.18783130000520032, 128, 58423.0, 3.152
0.17025660000217613, 129, 58423.0, 3.152
0.20109209998918232, 130, 58423.0, 3.152
0.17858720000367612, 131, 58423.0, 3.152
0.1719242000108352, 132, 58423.0, 3.152
0.19205030000011902, 133, 58423.0, 3.152
0.17904440000711475, 134, 58423.0, 3.152
0.17264019999129232, 135, 58423.0, 3.152
0.20846810001239646, 136, 58423.0, 3.152
0.14629119999881368, 137, 58423.0, 3.152
0.1670665999990888, 138, 58423.0, 3.152
0.17729130000225268, 139, 58423.0, 3.152
0.18948940001428127, 140, 58412.0, 3.132
0.1992251000046963, 141, 58412.0, 3.132
0.2718429000087781, 142, 58388.0, 3.090
0.24194259999785572, 143, 58388.0, 3.090
0.24585459999798331, 144, 58367.0, 3.053
0.2798787000065204, 145, 58348.0, 3.019
0.28026490000775084, 146, 58348.0, 3.019
0.262273100001039, 147, 58338.0, 3.002
0.24350219999905676, 148, 58334.0, 2.994
0.16484709999349434, 149, 58334.0, 2.994
0.17686809999577235, 150, 58334.0, 2.994
0.15480239999305923, 151, 58334.0, 2.994
0.17347910000535194, 152, 58334.0, 2.994
0.17484360000526067, 153, 58334.0, 2.994
0.1922368999948958, 154, 58334.0, 2.994
0.18532370000320952, 155, 58334.0, 2.994
0.19515959999989718, 156, 58329.0, 2.986
0.1789035999972839, 157, 58329.0, 2.986
0.19635479999124072, 158, 58329.0, 2.986
0.25531300000147894, 159, 58326.0, 2.980
0.18816619999415707, 160, 58326.0, 2.980
0.1864241999865044, 161, 58319.0, 2.968
0.24859339999966323, 162, 58304.0, 2.941
0.23017730000719894, 163, 58289.0, 2.915
0.24333509999269154, 164, 58289.0, 2.915
0.23629120000987314, 165, 58282.0, 2.903
0.18000920000486076, 166, 58282.0, 2.903
0.18244659999618307, 167, 58271.0, 2.883
0.17131490001338534, 168, 58271.0, 2.883
0.1959657999977935, 169, 58271.0, 2.883
0.18497810000553727, 170, 58271.0, 2.883
0.16380550000758376, 171, 58271.0, 2.883
0.17119480000110343, 172, 58271.0, 2.883
0.20750190000399016, 173, 58271.0, 2.883
0.18824560000211932, 174, 58271.0, 2.883
0.1769856000028085, 175, 58271.0, 2.883
0.1893043000018224, 176, 58271.0, 2.883
0.218127000000095, 177, 58271.0, 2.883
0.16879709999193437, 178, 58271.0, 2.883
0.16371400000934955, 179, 58271.0, 2.883
0.17329100001370534, 180, 58271.0, 2.883
0.2013676999922609, 181, 58271.0, 2.883
0.18718120000266936, 182, 58271.0, 2.883
0.1945990999956848, 183, 58271.0, 2.883
0.17629479999595787, 184, 58271.0, 2.883
0.17889709999144543, 185, 58271.0, 2.883
0.18403610000677872, 186, 58264.0, 2.871
0.1942993000120623, 187, 58264.0, 2.871
0.19207260000985116, 188, 58264.0, 2.871
0.1673272000043653, 189, 58264.0, 2.871
0.19733569999516476, 190, 58264.0, 2.871
0.18887130000803154, 191, 58264.0, 2.871
0.1865205999929458, 192, 58264.0, 2.871
0.17366739999852143, 193, 58262.0, 2.867
0.21752249999553896, 194, 58247.0, 2.841
0.2795629000029294, 195, 58247.0, 2.841
0.3467388999997638, 196, 58247.0, 2.841
0.20350129999860656, 197, 58247.0, 2.841
0.2041559000062989, 198, 58247.0, 2.841
0.1823770000046352, 199, 58247.0, 2.841
0.1733686000079615, 200, 58247.0, 2.841
0.16609660000540316, 201, 58247.0, 2.841
0.19391569998697378, 202, 58247.0, 2.841
0.16982999999891035, 203, 58246.0, 2.839
0.1654326999996556, 204, 58246.0, 2.839
0.1880686000076821, 205, 58246.0, 2.839
0.194715499994345, 206, 58246.0, 2.839
0.2205781999946339, 207, 58246.0, 2.839
0.17499390000011772, 208, 58246.0, 2.839
0.17388669999490958, 209, 58246.0, 2.839
0.16306200000690296, 210, 58246.0, 2.839
0.17404089999035932, 211, 58246.0, 2.839
0.13950450000993442, 212, 58246.0, 2.839
0.1732715999969514, 213, 58246.0, 2.839
0.21578249998856336, 214, 58246.0, 2.839
0.19447040000522975, 215, 58246.0, 2.839
0.16023530000529718, 216, 58246.0, 2.839
0.18195359999663197, 217, 58246.0, 2.839
0.1751767999958247, 218, 58246.0, 2.839
0.1875261999957729, 219, 58246.0, 2.839
0.16994220000924543, 220, 58246.0, 2.839
0.1942404000001261, 221, 58246.0, 2.839
0.19872859999304637, 222, 58246.0, 2.839
0.1998122999939369, 223, 58246.0, 2.839
0.17913649999536574, 224, 58246.0, 2.839
0.15833380000549369, 225, 58246.0, 2.839
0.1768383000016911, 226, 58246.0, 2.839
0.17044899999746121, 227, 58246.0, 2.839
0.17380649999540765, 228, 58246.0, 2.839
0.1808904000063194, 229, 58246.0, 2.839
0.17834349999611732, 230, 58246.0, 2.839
0.19425710001087282, 231, 58246.0, 2.839
0.21007050000480376, 232, 58246.0, 2.839
0.17590479999489617, 233, 58246.0, 2.839
0.20154279998678248, 234, 58246.0, 2.839
0.19821899999806192, 235, 58246.0, 2.839
0.17114740000397433, 236, 58246.0, 2.839
0.18633340000815224, 237, 58246.0, 2.839
0.20748070000263397, 238, 58226.0, 2.804
0.25183239999751095, 239, 58226.0, 2.804
0.1829559000034351, 240, 58226.0, 2.804
0.18824050000694115, 241, 58226.0, 2.804
0.17342659999849275, 242, 58226.0, 2.804
0.2111997999891173, 243, 58226.0, 2.804
0.16584299999522045, 244, 58226.0, 2.804
0.1945275999896694, 245, 58226.0, 2.804
0.16330260000540875, 246, 58226.0, 2.804
0.17071180000493769, 247, 58226.0, 2.804
0.1711846000107471, 248, 58226.0, 2.804
0.19597929999872576, 249, 58224.0, 2.800
0.1908387000003131, 250, 58224.0, 2.800
0.1796061000059126, 251, 58224.0, 2.800
0.17093880000174977, 252, 58224.0, 2.800
0.19363239999802317, 253, 58224.0, 2.800
0.19687580000027083, 254, 58224.0, 2.800
0.18356350000249222, 255, 58224.0, 2.800
0.1786368000030052, 256, 58224.0, 2.800
0.1885513000015635, 257, 58224.0, 2.800
0.18038659999729134, 258, 58224.0, 2.800
0.20493310000165366, 259, 58224.0, 2.800
0.19100890000117943, 260, 58224.0, 2.800
0.16199790000973735, 261, 58224.0, 2.800
0.18860890000360087, 262, 58224.0, 2.800
0.1984612000087509, 263, 58224.0, 2.800
0.19946119999804068, 264, 58224.0, 2.800
0.20691910000459757, 265, 58224.0, 2.800
0.22424550000869203, 266, 58224.0, 2.800
0.17441079999844078, 267, 58224.0, 2.800
0.17828120000194758, 268, 58224.0, 2.800
0.18795710000267718, 269, 58224.0, 2.800
0.19845780001196545, 270, 58224.0, 2.800
0.213277000002563, 271, 58224.0, 2.800
0.1748475999920629, 272, 58224.0, 2.800
0.20384039999044035, 273, 58224.0, 2.800
0.2297995999979321, 274, 58224.0, 2.800
0.20551980000163894, 275, 58224.0, 2.800
0.18846030000713654, 276, 58224.0, 2.800
0.20145100000081584, 277, 58224.0, 2.800
0.1766864999954123, 278, 58224.0, 2.800
0.17075360000308137, 279, 58224.0, 2.800
0.15991410000424366, 280, 58224.0, 2.800
0.2164651000057347, 281, 58224.0, 2.800
0.16875690000597388, 282, 58224.0, 2.800
0.17394330000388436, 283, 58224.0, 2.800
0.19255069999780972, 284, 58224.0, 2.800
0.18590840000251774, 285, 58224.0, 2.800
0.17469050000363495, 286, 58224.0, 2.800
0.2232125000009546, 287, 58218.0, 2.790
0.16491940000560135, 288, 58218.0, 2.790
0.16850460000569, 289, 58218.0, 2.790
0.21446629999263678, 290, 58218.0, 2.790
0.1705084999994142, 291, 58218.0, 2.790
0.17583590000867844, 292, 58217.0, 2.788
0.19886779999069404, 293, 58196.0, 2.751
0.2948904000077164, 294, 58176.0, 2.715
0.307641399995191, 295, 58171.0, 2.707
0.28462259999650996, 296, 58170.0, 2.705
0.22327770000265446, 297, 58158.0, 2.684
0.17463359999237582, 298, 58152.0, 2.673
0.23445560000254773, 299, 58124.0, 2.624
0.24401969999598805, 300, 58124.0, 2.624
0.19379200000548735, 301, 58119.0, 2.615
0.20608930000162218, 302, 58101.0, 2.583
0.17010339999978896, 303, 58098.0, 2.578
0.19971840000653174, 304, 58098.0, 2.578
0.17555840000568423, 305, 58091.0, 2.565
0.22250230000645388, 306, 58091.0, 2.565
0.21531899999536108, 307, 58091.0, 2.565
0.19599259999813512, 308, 58091.0, 2.565
0.19952409999677911, 309, 58091.0, 2.565
0.21162659999390598, 310, 58091.0, 2.565
0.22477909999724943, 311, 58091.0, 2.565
0.21095740000600927, 312, 58091.0, 2.565
0.1622094000049401, 313, 58091.0, 2.565
0.19329470000229776, 314, 58091.0, 2.565
0.18478999999933876, 315, 58091.0, 2.565
0.20361499999125954, 316, 58091.0, 2.565
0.20824209999409504, 317, 58091.0, 2.565
0.1825111000071047, 318, 58091.0, 2.565
0.20791450000251643, 319, 58091.0, 2.565
0.1874521999998251, 320, 58091.0, 2.565
0.16864459999487735, 321, 58091.0, 2.565
0.210968800005503, 322, 58091.0, 2.565
0.19193109999469016, 323, 58091.0, 2.565
0.23697929999616463, 324, 58091.0, 2.565
0.1988434000086272, 325, 58091.0, 2.565
0.1546144999883836, 326, 58091.0, 2.565
0.17518160000327043, 327, 58091.0, 2.565
0.19128290000662673, 328, 58091.0, 2.565
0.18615139999019448, 329, 58091.0, 2.565
0.18340870000247378, 330, 58091.0, 2.565
0.25902209999912884, 331, 58091.0, 2.565
0.15561429999070242, 332, 58091.0, 2.565
0.1840684000053443, 333, 58091.0, 2.565
0.22656629999983124, 334, 58091.0, 2.565
0.18750749999890104, 335, 58091.0, 2.565
0.22901769999589305, 336, 58091.0, 2.565
0.17695640001329593, 337, 58091.0, 2.565
0.18134110000391956, 338, 58091.0, 2.565
0.18468639999628067, 339, 58091.0, 2.565
0.1894700999982888, 340, 58091.0, 2.565
0.18357949999335688, 341, 58091.0, 2.565
0.18047979999391828, 342, 58091.0, 2.565
0.17127780000737403, 343, 58091.0, 2.565
0.19371989999490324, 344, 58091.0, 2.565
0.16104469999845605, 345, 58091.0, 2.565
0.17668119999871124, 346, 58091.0, 2.565
0.16494869999587536, 347, 58091.0, 2.565
0.2254038999963086, 348, 58091.0, 2.565
0.16213340000831522, 349, 58091.0, 2.565
0.19031119999999646, 350, 58091.0, 2.565
0.1755665999953635, 351, 58091.0, 2.565
0.1683740000007674, 352, 58091.0, 2.565
0.17821320000803098, 353, 58091.0, 2.565
0.16863999998895451, 354, 58091.0, 2.565
0.1691197999898577, 355, 58091.0, 2.565

tour:
[ 152  178  193  184  163  151  125  111  127  158  203  196  200  222
  212  197  165  175  156  146  140  135  149  188  225  229  255  249
  268  289  283  284  315  320  349  366  360  331  306  291  271  240
  267  278  335  322  371  421  427  348  312  277  228  221  170  131
  143  161  142  147  172  183  207  234  232  202  134  137  121  110
   95   72   48   58   49   76   74   92   82   42   50   34   20   36
   53   77   62   85  103   83   73   87   96   97   79   41   31   39
   32   25    8    3    4   12   15   21   17    7   13   10    0    5
   27   23   16   38   63   88   78   60   44   66   67   45   30   29
   24   18    1    2    9   22   35   37   51   69   54   65  100   84
  101   90   80   68   43   52   59   64   86  104  108  109   94  102
  136  150  154  179  195  217  211  189  157  129  119  105   91   89
   81   55   57   75   98  120  116  115  112  122   93   70   56   33
   14   19   71   46   47   40   28    6   11   26   61  107  133  139
  180  201  219  241  235  297  305  359  333  410  456  465  495  437
  426  496  520  544  521  497  548  558  579  583  622  631  644  666
  670  689  654  628  626  594  581  562  557  540  546  529  494  448
  502  550  551  576  620  619  607  659  685  664  650  652  625  603
  590  614  634  657  665  692  703  737  732  760  757  758  784  806
  820  810  813  814  825  835  857  872  893  887  884  873  877  854
  847  840  830  829  821  802  788  773  761  774  724  701  697  707
  690  721  744  768  791  816  828  809  771  765  742  716  717  736
  738  746  781  799  803  852  817  783  772  740  731  706  683  679
  676  712  698  730  747  767  789  811  792  762  800  818  845  868
  902  912  869  838  858  878  897  896  934  954  992 1007 1020 1040
 1052 1081 1097 1111 1147 1180 1178 1179 1193 1209 1226 1236 1184 1168
 1152 1129 1141 1107 1109 1102 1075 1053 1043 1056 1084 1119 1104 1103
 1077 1066 1062 1071 1085 1089 1122 1142 1162 1171 1159 1160 1156 1132
 1163 1203 1207 1190 1218 1228 1239 1257 1267 1270 1269 1265 1264 1284
 1294 1311 1293 1296 1295 1315 1328 1306 1307 1320 1325 1341 1333 1337
 1335 1342 1329 1313 1312 1316 1322 1304 1298 1280 1290 1279 1261 1255
 1268 1251 1242 1253 1263 1285 1282 1291 1276 1283 1260 1246 1248 1238
 1243 1233 1221 1213 1204 1215 1212 1185 1189 1181 1161 1133 1144 1115
 1138 1130 1155 1137 1135 1164 1154 1116 1095 1069 1088 1113 1124 1145
 1195 1169 1170 1187 1205 1216 1194 1186 1217 1237 1234 1227 1214 1210
 1191 1197 1173 1172 1175 1199 1225 1223 1241 1254 1252 1273 1278 1277
 1262 1247 1249 1256 1272 1302 1330 1338 1323 1318 1300 1309 1310 1288
 1281 1287 1274 1286 1289 1292 1305 1324 1317 1301 1299 1308 1297 1314
 1331 1340 1339 1345 1344 1351 1362 1363 1366 1353 1354 1356 1359 1365
 1373 1378 1377 1370 1371 1375 1374 1369 1358 1364 1376 1368 1360 1361
 1372 1367 1357 1355 1350 1346 1347 1349 1352 1334 1327 1321 1303 1326
 1319 1332 1343 1348 1336 1271 1259 1275 1266 1250 1244 1230 1240 1231
 1219 1177 1206 1200 1174 1146 1157 1192 1220 1235 1224 1229 1245 1258
 1232 1211 1196 1202 1166 1150 1127 1134 1149 1125 1121 1108 1082 1070
 1087 1086 1098 1117 1128 1136 1165 1198 1183 1167 1143 1099 1067 1057
 1054 1093 1101 1112 1100 1074 1058 1029 1032 1027 1011  983  982  981
  999 1021 1023 1038 1035 1013 1004 1018 1000 1009 1016 1030 1078 1094
 1118 1140 1148 1153 1123 1106 1096 1083 1072 1060 1033 1048 1068 1045
 1026 1002  988  958  974  950  969  956  949  920  909  880  906  931
  941  959  922  885  856  833  865  888  874  843  848  826  837  844
  867  901  917  953  921  913  907  942  955  977  989  995 1014 1031
 1039 1050 1059 1042 1049 1024 1022 1034 1036 1041 1051 1073 1114 1126
 1151 1176 1201 1222 1208 1188 1182 1158 1139 1091 1079 1090 1120 1131
 1110 1105 1092 1064 1065 1055 1061 1080 1076 1063 1044 1046 1037 1047
 1028 1025 1015  994 1017  993  996  976  984  986  964  930  929  947
  960  944  928  911  908  890  875  886  871  846  834  850  855  879
  904  925  935  938  952  972  975  990  966  961  980  998  967  936
  914  915  900  883  891  918  937  951  939  924  943  945  962  970
  965  968 1008 1005 1003  985 1001  979 1006 1012 1019 1010  997  978
  963  946  926  923  905  903  927  919  899  892  866  860  863  862
  882  876  859  864  894  898  910  933  940  957  973  991  987  971
  948  932  916  889  895  881  870  851  853  861  849  836  827  832
  812  808  801  794  786  779  754  759  769  729  710  704  684  675
  702  673  649  647  630  635  606  621  587  597  623  662  682  688
  723  700  678  656  641  645  617  588  563  570  538  522  481  480
  476  484  501  516  532  517  524  553  560  577  543  561  537  511
  485  472  468  475  434  429  425  411  387  353  339  323  369  367
  330  314  296  245  239  208  204  182  194  216  254  269  270  299
  293  308  319  332  346  364  407  396  376  395  394  393  423  445
  470  510  490  446  454  440  447  436  449  442  435  419  405  386
  385  389  388  370  358  347  372  334  338  352  375  351  341  379
  392  378  443  462  514  525  547  564  574  572  539  531  493  455
  441  399  342  288  302  214  177  173  218  231  206  198  168  167
  162  153  186  237  262  275  303  318  300  273  287  274  253  280
  301  304  311  279  258  226  230  199  176  138  155  148  160  126
  132  181  187  191  166  141  123  145  169  192  220  215  209  227
  248  261  276  290  326  329  313  357  391  420  438  482  519  523
  527  549  555  559  584  565  586  605  568  573  567  575  582  602
  609  612  638  663  636  616  600  589  613  611  653  669  680  687
  726  749  750  755  725  695  715  719  741  756  753  777  776  790
  775  807  819  798  796  839  842  797  782  739  714  677  661  646
  624  637  668  694  720  734  751  727  735  770  787  804  822  824
  831  841  795  805  785  823  815  793  780  766  764  743  745  728
  711  691  671  667  696  718  733  752  763  778  748  722  709  705
  686  681  655  651  632  643  627  593  598  601  608  633  642  660
  693  699  713  708  672  674  658  640  610  585  578  599  618  639
  629  648  615  596  592  569  556  552  541  498  504  518  503  474
  432  416  408  390  406  377  354  344  309  294  272  242  244  259
  260  282  327  337  373  350  383  397  402  424  459  453  444  457
  439  412  414  403  368  340  295  243  224  250  256  263  285  324
  361  355  382  400  451  460  466  478  477  506  515  535  554  571
  591  595  604  580  566  545  542  533  536  530  505  479  500  491
  492  471  430  422  404  417  401  415  413  431  463  467  469  499
  486  483  464  458  461  473  487  509  489  508  513  528  534  507
  526  512  488  452  450  428  418  433  409  398  365  356  363  380
  374  362  336  317  307  292  298  316  310  321  325  343  384  381
  345  328  286  281  247  265  266  252  257  213  233  238  251  264
  246  236  223  210  205  190  164  144  174  171  185  159  130  117
   99  118  124  114  106  113  128]

eliteFit: 58091.0
percentError: 2.565415445460645
computationTime: 81.755s