instanceName: fl3795
n: 3795
optFit: 28772

genTime, gen, eliteFit, percentError:
0.749453800000083, 0, 3502121.0, 12071.976
26.038531899999953, 1, 30880.0, 7.327
13.576969200000121, 2, 30652.0, 6.534
12.618690799999968, 3, 30277.0, 5.231
12.98321390000001, 4, 30154.0, 4.803
13.274686100000054, 5, 30073.0, 4.522
12.83462150000014, 6, 29989.0, 4.230
14.283872200000133, 7, 29914.0, 3.969
11.986971799999992, 8, 29869.0, 3.813
12.72912069999984, 9, 29698.0, 3.218
12.700598899999932, 10, 29653.0, 3.062
12.437516200000118, 11, 29653.0, 3.062
12.079388200000267, 12, 29620.0, 2.947
11.370908300000337, 13, 29605.0, 2.895
10.350383899999997, 14, 29549.0, 2.701
9.1601612999998, 15, 29546.0, 2.690
9.612968200000068, 16, 29504.0, 2.544
6.4570041000001765, 17, 29504.0, 2.544
4.2004274000000805, 18, 29489.0, 2.492
4.936168499999894, 19, 29464.0, 2.405
4.013455400000112, 20, 29460.0, 2.391
3.922182899999825, 21, 29446.0, 2.343
4.267695300000014, 22, 29432.0, 2.294
3.6437237000000096, 23, 29421.0, 2.256
3.491994900000009, 24, 29401.0, 2.186
3.841799599999831, 25, 29372.0, 2.085
3.19350809999969, 26, 29343.0, 1.985
2.977541299999757, 27, 29336.0, 1.960
2.9509721999997964, 28, 29323.0, 1.915
2.7859237000002395, 29, 29323.0, 1.915
2.57284589999972, 30, 29311.0, 1.873
2.4296744999996918, 31, 29308.0, 1.863
2.226997200000369, 32, 29301.0, 1.839
2.793745299999955, 33, 29301.0, 1.839
2.5245514000002913, 34, 29299.0, 1.832
2.5297817999999097, 35, 29297.0, 1.825
2.500062600000092, 36, 29297.0, 1.825
2.3347211000000243, 37, 29297.0, 1.825
2.1343207999998413, 38, 29297.0, 1.825
2.5761179000000993, 39, 29297.0, 1.825
2.327764699999989, 40, 29297.0, 1.825
2.2538273000000117, 41, 29297.0, 1.825
3.0340142000000014, 42, 29297.0, 1.825
2.7597027000001617, 43, 29297.0, 1.825
2.521723800000018, 44, 29297.0, 1.825
2.4497541999999157, 45, 29297.0, 1.825
2.204866999999922, 46, 29293.0, 1.811
2.504024500000014, 47, 29293.0, 1.811
2.5341561000000183, 48, 29285.0, 1.783
2.156304999999975, 49, 29285.0, 1.783
2.468789900000047, 50, 29285.0, 1.783
2.355279899999914, 51, 29274.0, 1.745
2.356448499999715, 52, 29274.0, 1.745
2.961473300000307, 53, 29260.0, 1.696
3.8742339999998876, 54, 29260.0, 1.696
2.536354299999857, 55, 29258.0, 1.689
2.2453120000000126, 56, 29258.0, 1.689
2.7665020000004006, 57, 29249.0, 1.658
2.324420999999802, 58, 29249.0, 1.658
2.429159200000413, 59, 29249.0, 1.658
2.8448504999996658, 60, 29249.0, 1.658
2.707968499999879, 61, 29249.0, 1.658
2.266691599999831, 62, 29249.0, 1.658
2.705372299999908, 63, 29249.0, 1.658
2.5536323000001175, 64, 29249.0, 1.658
2.2598618000001807, 65, 29249.0, 1.658
2.7510019999999713, 66, 29249.0, 1.658
2.053260499999851, 67, 29248.0, 1.654
2.498069199999918, 68, 29248.0, 1.654
2.697488400000111, 69, 29248.0, 1.654
3.0111517000000276, 70, 29247.0, 1.651
2.4490538000000015, 71, 29247.0, 1.651
3.03105000000005, 72, 29238.0, 1.620
3.2824925999998413, 73, 29237.0, 1.616
2.679051900000104, 74, 29233.0, 1.602
3.5736375000001317, 75, 29231.0, 1.595
2.6204188000001523, 76, 29230.0, 1.592
2.8210566000002473, 77, 29229.0, 1.588
2.847809200000029, 78, 29224.0, 1.571
2.6702531000000818, 79, 29224.0, 1.571
3.125603200000114, 80, 29219.0, 1.554
2.6711442999999235, 81, 29207.0, 1.512
2.6202241999999387, 82, 29203.0, 1.498
2.7935198999998647, 83, 29203.0, 1.498
2.612557999999808, 84, 29201.0, 1.491
2.341314400000101, 85, 29197.0, 1.477
2.7914010999998027, 86, 29197.0, 1.477
2.7096245999996427, 87, 29197.0, 1.477
2.543686699999853, 88, 29193.0, 1.463
2.5115021999999954, 89, 29193.0, 1.463
2.9385975000000144, 90, 29192.0, 1.460
2.8349326000002293, 91, 29189.0, 1.449
2.6966599999996106, 92, 29188.0, 1.446
3.4850201999997807, 93, 29186.0, 1.439
3.3451930000001084, 94, 29186.0, 1.439
3.3435521000001245, 95, 29186.0, 1.439
2.599876899999799, 96, 29186.0, 1.439
2.9395215999998072, 97, 29186.0, 1.439
2.417210300000079, 98, 29186.0, 1.439
2.6787592000000586, 99, 29186.0, 1.439
2.3517322999996395, 100, 29186.0, 1.439
2.3818013000000064, 101, 29186.0, 1.439
2.3220626999996057, 102, 29186.0, 1.439
2.7831833999998707, 103, 29186.0, 1.439
2.2597046000000773, 104, 29186.0, 1.439
2.741939900000034, 105, 29186.0, 1.439
2.1365147999999863, 106, 29186.0, 1.439
3.1429034000002503, 107, 29186.0, 1.439
2.136440599999787, 108, 29186.0, 1.439
2.487496600000213, 109, 29186.0, 1.439
2.3182974999999715, 110, 29186.0, 1.439
2.5834583999999268, 111, 29186.0, 1.439
3.0215727999998307, 112, 29186.0, 1.439
3.346938300000147, 113, 29186.0, 1.439
2.459387400000196, 114, 29186.0, 1.439
2.8544471999998677, 115, 29186.0, 1.439
2.6770864000000074, 116, 29186.0, 1.439
2.560830099999748, 117, 29186.0, 1.439
2.757408899999973, 118, 29186.0, 1.439
1.8700174000000516, 119, 29186.0, 1.439
2.19248749999997, 120, 29186.0, 1.439
3.3530181000000994, 121, 29186.0, 1.439
2.2946776999997383, 122, 29186.0, 1.439
2.2154349000002185, 123, 29186.0, 1.439
2.66088499999978, 124, 29186.0, 1.439
2.8384370999997373, 125, 29186.0, 1.439
2.3198042999997597, 126, 29182.0, 1.425
2.984248299999763, 127, 29182.0, 1.425
2.8814016000001175, 128, 29182.0, 1.425
2.732721400000173, 129, 29182.0, 1.425
2.6741809000000103, 130, 29181.0, 1.422
2.5590925999999854, 131, 29181.0, 1.422
2.537555700000212, 132, 29181.0, 1.422
2.8421056000001954, 133, 29181.0, 1.422
2.4999250000000757, 134, 29181.0, 1.422
2.21129000000019, 135, 29181.0, 1.422
2.9094570000002022, 136, 29181.0, 1.422
2.0889282999996794, 137, 29181.0, 1.422
2.153580499999862, 138, 29181.0, 1.422
2.241609900000185, 139, 29181.0, 1.422
2.400302399999873, 140, 29181.0, 1.422
2.6662734999999884, 141, 29181.0, 1.422
3.3776474000001144, 142, 29181.0, 1.422
2.3433881999999358, 143, 29181.0, 1.422
2.5676650000000336, 144, 29181.0, 1.422
2.4108604000002742, 145, 29181.0, 1.422
2.8369910999999775, 146, 29181.0, 1.422
2.400692700000036, 147, 29181.0, 1.422
2.9504860000001827, 148, 29181.0, 1.422
2.2418822999998156, 149, 29167.0, 1.373
2.421269299999949, 150, 29167.0, 1.373
2.3491846000001715, 151, 29167.0, 1.373
3.406481299999996, 152, 29167.0, 1.373
2.898591000000124, 153, 29167.0, 1.373
2.304063600000063, 154, 29167.0, 1.373
2.1762362999998004, 155, 29167.0, 1.373
2.349674099999902, 156, 29151.0, 1.317
2.2151890000000094, 157, 29151.0, 1.317
2.666093099999671, 158, 29146.0, 1.300
2.2102168000001257, 159, 29146.0, 1.300
2.455403599999954, 160, 29146.0, 1.300
2.5210769000000255, 161, 29146.0, 1.300
2.2532711999997446, 162, 29146.0, 1.300
2.3215432000001783, 163, 29146.0, 1.300
2.454043400000046, 164, 29146.0, 1.300
2.8521018000001277, 165, 29142.0, 1.286
2.188520800000333, 166, 29142.0, 1.286
2.5891913999998906, 167, 29142.0, 1.286
2.4503515999999763, 168, 29142.0, 1.286
3.3769225999999435, 169, 29142.0, 1.286
2.7082864999997582, 170, 29142.0, 1.286
2.603125799999816, 171, 29142.0, 1.286
2.522486900000331, 172, 29142.0, 1.286
2.2836056999999528, 173, 29142.0, 1.286
2.9277936000003137, 174, 29142.0, 1.286
2.3594155000000683, 175, 29142.0, 1.286
2.194427600000381, 176, 29142.0, 1.286
2.9034772999998495, 177, 29142.0, 1.286
2.6049606999999924, 178, 29142.0, 1.286
2.5757243999996717, 179, 29142.0, 1.286
2.1207635000000664, 180, 29142.0, 1.286
2.4276184999998804, 181, 29142.0, 1.286
2.8144322999996803, 182, 29142.0, 1.286
2.3319041999998262, 183, 29142.0, 1.286
2.4072370999997474, 184, 29142.0, 1.286
3.215620499999659, 185, 29142.0, 1.286
2.800438199999917, 186, 29142.0, 1.286
2.7990500999999313, 187, 29142.0, 1.286
2.8612645999996857, 188, 29139.0, 1.276
2.3906817999995837, 189, 29138.0, 1.272
2.1983337000001484, 190, 29138.0, 1.272
2.234283300000243, 191, 29137.0, 1.269
2.8981440999996266, 192, 29136.0, 1.265
2.677253800000017, 193, 29134.0, 1.258
1.9985993000000235, 194, 29134.0, 1.258
2.5282781000000796, 195, 29134.0, 1.258
2.2656541999999718, 196, 29126.0, 1.230
2.2911494999998467, 197, 29125.0, 1.227
2.8916674000001876, 198, 29125.0, 1.227
2.61251029999994, 199, 29125.0, 1.227
2.791883400000188, 200, 29125.0, 1.227
2.5735913999997138, 201, 29125.0, 1.227
2.092483599999923, 202, 29122.0, 1.216
2.1845891000002666, 203, 29122.0, 1.216
2.4309211999998297, 204, 29122.0, 1.216
2.539131300000008, 205, 29122.0, 1.216
2.5541393000003154, 206, 29122.0, 1.216
2.594368999999915, 207, 29122.0, 1.216
2.757528199999797, 208, 29122.0, 1.216
2.5400957000001654, 209, 29122.0, 1.216
2.4278200999997352, 210, 29122.0, 1.216
2.607476300000144, 211, 29122.0, 1.216
3.043615099999897, 212, 29122.0, 1.216
2.3813093999997363, 213, 29122.0, 1.216
3.008443499999885, 214, 29122.0, 1.216
2.4487298000003648, 215, 29122.0, 1.216
2.393242399999963, 216, 29122.0, 1.216
2.180461500000092, 217, 29122.0, 1.216
2.8242685999998685, 218, 29122.0, 1.216
2.3978712999996787, 219, 29122.0, 1.216
2.454918700000235, 220, 29122.0, 1.216
2.4718840000000455, 221, 29122.0, 1.216
3.0140336999998, 222, 29122.0, 1.216
2.265535700000328, 223, 29122.0, 1.216
2.2801384000003964, 224, 29122.0, 1.216
2.3559627999998156, 225, 29119.0, 1.206
2.325239600000259, 226, 29119.0, 1.206
2.353978999999981, 227, 29119.0, 1.206
2.321431500000017, 228, 29119.0, 1.206
2.143181999999797, 229, 29119.0, 1.206
2.3199169000004076, 230, 29119.0, 1.206
2.347916499999883, 231, 29119.0, 1.206
2.676946600000065, 232, 29119.0, 1.206
2.503346699999838, 233, 29119.0, 1.206
2.3599945999999363, 234, 29119.0, 1.206
2.3309002000000874, 235, 29119.0, 1.206
2.7056947000000946, 236, 29119.0, 1.206
2.5236581999997725, 237, 29119.0, 1.206
2.651175200000125, 238, 29119.0, 1.206
2.1908057000000554, 239, 29119.0, 1.206
3.113585300000068, 240, 29119.0, 1.206
2.408489599999939, 241, 29119.0, 1.206
3.048541600000135, 242, 29119.0, 1.206
2.4864377999997487, 243, 29119.0, 1.206
2.351068800000121, 244, 29119.0, 1.206
2.4474150999999438, 245, 29119.0, 1.206
2.8916432000000896, 246, 29119.0, 1.206
2.2653770000001714, 247, 29119.0, 1.206
2.9200074999998833, 248, 29119.0, 1.206
2.2488046999997096, 249, 29118.0, 1.203
2.8556883999999627, 250, 29118.0, 1.203
2.357062799999767, 251, 29118.0, 1.203
2.523613899999873, 252, 29118.0, 1.203
2.313478099999884, 253, 29118.0, 1.203
2.978174299999864, 254, 29118.0, 1.203
2.7015708999997514, 255, 29118.0, 1.203
2.4258256000002802, 256, 29115.0, 1.192
2.250254000000041, 257, 29108.0, 1.168
2.470660500000122, 258, 29108.0, 1.168
2.7949188000002323, 259, 29108.0, 1.168
2.217518999999811, 260, 29108.0, 1.168
2.6135849999996026, 261, 29108.0, 1.168
2.273523800000021, 262, 29108.0, 1.168
2.9761539000000994, 263, 29108.0, 1.168
2.4230672000003324, 264, 29108.0, 1.168
3.2968574999999873, 265, 29108.0, 1.168
2.550091600000087, 266, 29108.0, 1.168
2.188907499999914, 267, 29108.0, 1.168
2.7068865000001097, 268, 29108.0, 1.168
2.344706999999744, 269, 29108.0, 1.168
2.760066299999835, 270, 29108.0, 1.168
2.1951804000000266, 271, 29108.0, 1.168
2.3354646000002504, 272, 29108.0, 1.168
3.174017499999991, 273, 29108.0, 1.168
2.2000537999997505, 274, 29108.0, 1.168
2.0557713000002877, 275, 29106.0, 1.161
2.4912115000001904, 276, 29106.0, 1.161
3.1549465999996755, 277, 29103.0, 1.150
2.6666297000001578, 278, 29103.0, 1.150
2.446510599999783, 279, 29103.0, 1.150
2.393811199999618, 280, 29103.0, 1.150
2.4213482999998632, 281, 29099.0, 1.137
2.643993000000137, 282, 29099.0, 1.137
2.64536279999993, 283, 29099.0, 1.137
2.717929699999786, 284, 29099.0, 1.137
2.293873600000097, 285, 29099.0, 1.137
2.2633746999999858, 286, 29099.0, 1.137
2.206101899999794, 287, 29097.0, 1.130
2.5166549999999006, 288, 29097.0, 1.130
2.624719599999935, 289, 29097.0, 1.130
2.3069439000000784, 290, 29095.0, 1.123
2.6513278000002174, 291, 29093.0, 1.116
2.8217955999998594, 292, 29093.0, 1.116
2.47636330000023, 293, 29091.0, 1.109
2.8616182999999182, 294, 29091.0, 1.109
2.2483366999999816, 295, 29087.0, 1.095
3.5068151999998918, 296, 29085.0, 1.088
2.8908559000001333, 297, 29085.0, 1.088
2.3916714999995747, 298, 29083.0, 1.081
2.176930000000084, 299, 29083.0, 1.081
2.393088799999987, 300, 29083.0, 1.081
3.9514289000003373, 301, 29083.0, 1.081
2.520700300000044, 302, 29083.0, 1.081
2.5955948000000717, 303, 29083.0, 1.081
3.5465048000000934, 304, 29083.0, 1.081
2.6588878000002296, 305, 29083.0, 1.081
2.3130841999995937, 306, 29083.0, 1.081
2.4945926999998846, 307, 29083.0, 1.081
2.301278700000239, 308, 29083.0, 1.081
2.4665164000002733, 309, 29083.0, 1.081
2.4344332000000577, 310, 29083.0, 1.081
3.050130900000113, 311, 29083.0, 1.081
2.2149011999999857, 312, 29083.0, 1.081
3.1426307000001543, 313, 29083.0, 1.081
2.2902353999998013, 314, 29083.0, 1.081
2.854138199999852, 315, 29083.0, 1.081
2.415650200000073, 316, 29083.0, 1.081
2.4023494000002756, 317, 29080.0, 1.070
2.320929399999841, 318, 29080.0, 1.070
2.273324700000103, 319, 29080.0, 1.070
2.4502419999998892, 320, 29080.0, 1.070
2.436112899999898, 321, 29080.0, 1.070
2.6363012000001618, 322, 29080.0, 1.070
2.698477599999933, 323, 29080.0, 1.070
2.48657779999985, 324, 29080.0, 1.070
2.546338199999809, 325, 29080.0, 1.070
2.2061358999999356, 326, 29080.0, 1.070
2.6662483999998585, 327, 29080.0, 1.070
2.682158099999924, 328, 29080.0, 1.070
2.3959006999998564, 329, 29080.0, 1.070
2.445685400000002, 330, 29080.0, 1.070
2.585399999999936, 331, 29080.0, 1.070
3.949238499999865, 332, 29078.0, 1.064
3.1474380999998175, 333, 29078.0, 1.064
3.173708099999658, 334, 29078.0, 1.064
2.4206250000002, 335, 29078.0, 1.064
2.2256554999999025, 336, 29078.0, 1.064
2.236757099999977, 337, 29078.0, 1.064
2.4973322000000735, 338, 29078.0, 1.064
2.2175154999999904, 339, 29078.0, 1.064
2.1248351999997794, 340, 29078.0, 1.064
2.490214200000082, 341, 29078.0, 1.064
2.293399700000009, 342, 29078.0, 1.064
3.5984647999998742, 343, 29078.0, 1.064
2.6094467000002624, 344, 29078.0, 1.064
2.7611056999999164, 345, 29078.0, 1.064
2.812618100000236, 346, 29078.0, 1.064
2.627784900000279, 347, 29078.0, 1.064
2.2479858000001514, 348, 29078.0, 1.064
2.503971200000251, 349, 29065.0, 1.018
2.5330600999996022, 350, 29065.0, 1.018
2.875406500000281, 351, 29065.0, 1.018
2.7353468000001158, 352, 29065.0, 1.018
2.2204411000002438, 353, 29065.0, 1.018
2.1892517999999654, 354, 29065.0, 1.018
2.4833126000003176, 355, 29065.0, 1.018
2.6820338000002266, 356, 29065.0, 1.018
2.463549999999941, 357, 29065.0, 1.018
2.509211399999913, 358, 29061.0, 1.004
2.658202000000074, 359, 29057.0, 0.991
2.4192026000000624, 360, 29057.0, 0.991
2.39177219999965, 361, 29057.0, 0.991
2.590209700000287, 362, 29057.0, 0.991
2.4053241999999955, 363, 29057.0, 0.991
2.6578229000001556, 364, 29057.0, 0.991
3.9075143000000025, 365, 29057.0, 0.991
2.1973330999999234, 366, 29057.0, 0.991
2.6756256999997277, 367, 29057.0, 0.991
2.385990100000072, 368, 29057.0, 0.991
2.4301540000001296, 369, 29057.0, 0.991
2.8606918999998925, 370, 29057.0, 0.991
2.4979977999996663, 371, 29057.0, 0.991
3.1351495999997496, 372, 29057.0, 0.991
2.8105037000000266, 373, 29057.0, 0.991
2.3511947000001783, 374, 29057.0, 0.991
3.039169700000002, 375, 29057.0, 0.991
2.380882400000246, 376, 29057.0, 0.991
3.464419099999759, 377, 29057.0, 0.991
2.5035705000000235, 378, 29057.0, 0.991
2.429309099999955, 379, 29057.0, 0.991
2.0738334000002396, 380, 29057.0, 0.991
2.2037940000000162, 381, 29057.0, 0.991
2.3395759999998518, 382, 29057.0, 0.991
2.689303999999993, 383, 29057.0, 0.991
2.4180372999999236, 384, 29057.0, 0.991
2.817887400000018, 385, 29055.0, 0.984
2.437123899999733, 386, 29055.0, 0.984
2.622376400000121, 387, 29055.0, 0.984
2.6232622000002266, 388, 29055.0, 0.984
2.3706192999998166, 389, 29055.0, 0.984
2.5295344999999543, 390, 29055.0, 0.984
2.1873939000001883, 391, 29055.0, 0.984
2.6302954999996473, 392, 29055.0, 0.984
2.186283900000035, 393, 29055.0, 0.984
2.615748600000188, 394, 29055.0, 0.984
2.234868600000027, 395, 29055.0, 0.984
2.2737818000000516, 396, 29055.0, 0.984
2.1715054000001146, 397, 29055.0, 0.984
2.197783900000104, 398, 29055.0, 0.984
3.000518899999861, 399, 29055.0, 0.984
2.4524085999996714, 400, 29055.0, 0.984
2.9634703000001537, 401, 29055.0, 0.984
2.597466700000041, 402, 29055.0, 0.984
2.3789812999998503, 403, 29055.0, 0.984
2.794272899999669, 404, 29055.0, 0.984
2.5040251999998873, 405, 29055.0, 0.984
2.4185427000002164, 406, 29055.0, 0.984
2.7487025999998878, 407, 29055.0, 0.984
2.525387900000169, 408, 29055.0, 0.984
2.772758900000099, 409, 29055.0, 0.984
3.605840900000203, 410, 29055.0, 0.984
2.5952005000003737, 411, 29055.0, 0.984
3.073938300000009, 412, 29055.0, 0.984
2.421240199999829, 413, 29055.0, 0.984
2.6013953000001493, 414, 29055.0, 0.984
3.4217226000000664, 415, 29055.0, 0.984
2.190935599999648, 416, 29055.0, 0.984
2.729193600000144, 417, 29055.0, 0.984
2.6231204000000616, 418, 29055.0, 0.984
2.876102600000195, 419, 29055.0, 0.984
2.3874001000003773, 420, 29055.0, 0.984
2.5438850999998976, 421, 29055.0, 0.984
2.2658238999997593, 422, 29055.0, 0.984
2.1381937999999536, 423, 29055.0, 0.984
2.2699562000002516, 424, 29055.0, 0.984
2.5620099000002483, 425, 29055.0, 0.984
3.0747247999997853, 426, 29055.0, 0.984
2.245582900000045, 427, 29055.0, 0.984
2.3497112000000016, 428, 29055.0, 0.984
2.477719800000159, 429, 29055.0, 0.984
2.244232799999736, 430, 29055.0, 0.984
2.762650300000132, 431, 29055.0, 0.984
2.866045799999938, 432, 29055.0, 0.984
2.5491237000001092, 433, 29055.0, 0.984
2.1198380000000725, 434, 29055.0, 0.984
2.356410500000038, 435, 29055.0, 0.984

tour:
[ 684 1888  685 1889  686 1890  687 1891  688 1892  689 1893  683 1887
  690  682 1894  691 1886  681 1895  692 1885  680 1896  693 1884  679
 1897  694 1883  678 1882  677 1881  676 1880  675 1879  674 1878  673
 1877  672 1876  671 1875  670 1874  669 1873  668 1872  705 1908  704
 1907  703 1906  702 1905  701 1904  700 1903  699 1902  698 1901  697
 1900  696 1899  695 1898  770 1974  771 1975  772 1976  773 1977  774
 1978  775 1993  790 1994  791 1995  792 1996  793 1997  794 1998  795
 1999 1973  769 1972  768  796 2000  797 1971 2001  767 1970  798 2002
  766 1969  799 2003  765 1968  800  764 2004  801 1967  763 2005  802
 1966  762 2006  803 1965  761 2007  804 1964  760 2008  805 1963  759
 2009  806 2010  807 2011  808 2012  809 2013  810 2014  811 2015  812
 2016  813 2017  814 2018  815 2019  816 2020  817 2021  818 2022  819
 2023  820   43 1948  745 1949  746 1950  747 1951  748 1952  749 1953
  750 1954  751 1955  752 1956  753 1957  754 1958  755 1959  756 1960
  757 1961  758 1962 1910  706 1909  667 1871  666 1870  707 1911  665
 1869  708 1912  664 1868  709 1913  663 1867  710 1914  662 1866  711
 1915  661 1865  712 1916  660 1864  713 1917  659 1863  714 1918  658
 1862  715 1919  657 1861  716 1920  656 1860  717 1921  655 1859  718
 1922  654 1858  719  653 1923  720 1857  652 1856  651 1855  650 1854
  649 1853  648 1852  647 1851  646 1850  645 1849  644 1848  643 1847
  642 1934  730 1933  729 1932  728 1931  727 1930  726 1929  725 1928
  724 1927  723 1926  722 1925  721 1924  744 1947  743 1946  742 1945
  741 1944  740 1943  739 1942  738 1941  737 1940  736 1939  735 1938
  734 1937  733 1936   44 2031  875 2078  828 2032  874 2077  829 2033
  830 2034  831 2035  832 2036  833 2037  834 2038  835 2039  836 2040
  837 2041  838 2042  839 2043  840 2044  841 2045  842 2046  843 2047
  844 2048  845 2049  846 2050  847 2051  848 2052  849 2053  850 2054
  851 2055  852 2056  853 2057  854 2058  855 2059  856 2060  857 2061
  858 2062  859 2063  860 2064  861 2065  862 2066  863 2067  864 2068
  865 2069  866 2070  867 2071  868 2072  869 2073  870 2074  871 2075
  872 2076  873   46   47 1002 2206 1001 2205 1000 2204  999 2203  998
 2202  997 2201  996 2200  995 2199  994 2198  993 2197  992 2196  991
 2195  990 2194  989 2193  988 2192  987 2191  986 2190  985 2189  984
 2188  983 2187  982 2186  981 2185  980 2184  979 2183  978 2182  977
 2181  976 2180  975 2179  974 2178  973 2177  972 2176  971 2175  970
 2174  969 2173  968 2172  967 2171  966 2170  965 2169  964 2168  963
 2167  962 2166  961 2165  960 2164  959 2163  958 2162  957 2079  827
 2030  826 2080  876 2161  956 2160  955 2081  877 2029  825 2028  878
 2159  954 2082  824 2027  879 2083  823 2026  822 2025  821 2085 2155
  951  881 2156  952 2084  880 2157  953 2158 1007 2211 1006 2210 1005
 2209 1004 2208 1003   49 2212 2207   48 1008 2213 1009 2214 1010 2222
 1017 2223 1018 2224 1019 2225 1020 2226 1021 2252 1046 2264 1058 2265
 1045 2227   53 2251 1044 2250 2267 1043   52 2249 1022 2228 1023 2229
   51 1024 2230 1025 2231 1026 2232 1040 2246   56 2268 1061 2245 1039
 2269 1062 2244 1038 2270 1063 2271 1064 2242 1037 2243   50 1027 2233
 1028 2234 1029 1036 2241 1035 2235 1030 2236 1031 2237 1032 2238 1033
 2239 1034 2240 2296 1087 2295 1086 2294 1085 2293 1084 2292 1083 2291
 1082 2290 1119 2327   62 1081 2289   61 1041 2247 1042 2248   57 1065
 2272 1066 2273   58 1067 2288   63 1080 2274 1060 2266 1059 2275 1068
 2287 1079 2286 1078 2285 1057 2253 1047 2254 1048 1069 2276 1070 2277
 1071 2278 1072 2279   59 2263 1073   64 1124 2332 1125 2333 1126 2334
 1076 2283 1075 2282 1052 2259 1053 2260 1054 2261 1055 2262 2281 2284
 1077   60 1074 2280 1056 2255   54 2221 1049 2256 1016 2220 1050 2257
 1015 2219 1051 2258   55 1014 2218 1013 2217 1012 2216 1011 2215 2496
 2495 1131 2338 1130 2337 1129 2336 1128 2335 1127 2367 1169 2376 1170
 2377 1171 1172 2378 1173 2379 1174 2380 1175 1161 2368 2355 1149   71
 2356 1150 2357 1151 2358 1133 2339 1132   65 1123 2331 1122 2330 1121
 2329 1120 2328   66 2353 1148   70 2354 1162 2369 1163 1147 2352 1146
 2351   72 2366 1160 2365 1159 2350 1145 1134 2340 1135 1144 2349 2359
 1152 1143 2341 1136 2342   67 1137   69 1142 2348 2360 1153 2361 2370
 1164 2371 1165 2372 1166 2373 1167 2374 1168 2375 1156 2363 1157 2364
 1158 1154 2362 1155   68 2347 1141 2346 1140 2345 1139 2344 1138 2343
 1088 2297 1089 2298 1090 2299 1091 2300 1092 2301 1093 2302 1094 2303
 1095 2304 1096 2305 1097 2306 1098 2307 1099 2308 1100 2309 1101 2310
 1102 2311 1103 2312 1104 2313 1105 2314 1106 2315 1107 2316 1108 2317
 1109 2318 1110 2319 1111 2320 1112 2321 1113 2322 1114 2323 1115 2324
 1116 2325 1117 2326 1118 1176 2381 1177 2382 1178 2383 1179 2384 1180
 2385 1181 2386 1182 2387 1183 2388 1184 2389 1185 2390 1186 2391 1187
 2392 1188 2393 1189 2394 1190 2395 1191 2396 1192 2397 1193 2398 1194
 2399 1195 2400 1196 2401 1197 2402 1198 2403 1199 2404 1200 2405 1201
 2406 1202 2407 1203 2408 1204 2409 1205 2410 1206 2411 1207 2412 1208
 2413 1209 2414 1278 2483 1277 2482 1276 1210 2415 1211 2416 2481 1275
 2480   73 1212 2417 1213   74 2418 1214 2419 1215 2420 1216 2421 1217
 2422 1218 2423 1219 2424 1220 2425 1221 2426 1222 2427 1223 2428 1224
 2429 1225 2430 1226 2431 1227 2432 1228 2433 1229 2434 1230 2435 1231
 2436 1232 2437 1233 2438 1234 2439 1235 2440 1236 2441 1237 2442 1238
 2443 1239 2444 1240 2445 1241 2446 1242 2447 1243 2448 1244 2449 1245
 2450 1246 2451 1247 2452 1248 2453 1249 2454 1250 2455 1251 2456 1252
 2457 1253 2458 1254 2459 1255 2460 1256 2461 1257 2462 1258 2463 1259
 2464 1260 2465 1261 2466 1262 2467 1263 2468 1264 2469 1265 2470 1266
 2471 1267 2472 1268 2473 1269 2474 1270 2475 1271 2476 1272 2477 1273
 2478 1274 2479 2497   75 2659 3360 3694 2686 3026 3743 3450 3744 2742
 3114 2716 3492 3793 2743 3745 3451 3742 3071 2688 3452 3741 3028 3696
 3409 2661 3027 2687 3070 3408 2660 3693 2972 2658 3695 3361 3692 2973
 2657 3362 2662 3410 2689 3029 3697 2974 3691 2656 3363 2663 3690 2655
 3689 3364 2975 3698 3411 3740 3453 3747 3072 2718 3746 3493 2717 3115
 3792 2744 3116 3791 3494 2745 3117 3790 3495 2746 3118 3789 2747 3119
 3496 2720 3074 3749 3455 3738 3413 2665 3365 3699 3031 2691 3412 3739
 3454 3748 2719 3073 2690 3030 2664 2976 2654 3688 2977 2653 3687 3366
 2666 3032 3700 2692 3075 3750 2721 3788 3497 2748 3120 3787 3498 2722
 3456 3737 3076 3751 3457 3736 3415 2667 3033 2693 3414 3701 2978 2652
 3367 3686 2651 2979 3702 3368 3685 2980 2668 3034 2694 3077 2723 3121
 2749 3786 3499 2750 3122 3752 3458 3735 3416 2695 3035 3703 3369 2650
 3684 2669 3417 3734 3459 3753 3078 2724 3785 3500 2751 3123 2725 3784
 3501 2752 3124 3754 3079 2696 3704 2981 2649 3370 3683 2670 3036 3460
 2726 3783 2753 3502 3755 3080 3733 3418 3705 2982 2648 3371 3682 2983
 2671 3037 2697 3461 3732 3081 2727 3125 3782 3503 2754 3756 2698 3419
 3706 2647 3025 3407 3024 3406 3545 3173 3544 3172 3491 3113 3543 3171
 3490 2715 3069 3449 3068 3448 3111 3489 3112 3542 3170 3541 3169 3540
 3023 3405 3022 3110 3488 2685 3021 3404 3020 3403 3019 3402 3018 3065
 3446 3066 3447 3067 3108 3487 3109 3539 3168 3538 3167 3166 3537 3165
 2769 3164 3536 3163 3064 3445 3401 3017 3444 3063 3162 3535 3161 3486
 3062 3400 3016 3443 3107 3485 2741 3534 3160 3533 3159 3105 3484 3106
 3015 3399 3014 3398 3013 3397 3061 3442 3012 3396 3011 2714 3441 3060
 3483 3104 3158 3532 3157 3531 3156 2755 3781 2728 3126 3757 3462 2699
 3707 3038 3731 3082 2700 3420 2672 3372 2646 3681 2984 3708 3039 2673
 3373 2645 3680 2644 2985 3421 3730 3463 3758 3504 2756 3127 3780 2757
 3505 2729 3083 2701 3759 3128 3779 2758 3129 3778 3507 2759 3130 3777
 2760 3762 3508 2732 3466 3761 2731 3465 3760 3506 2730 3464 3084 3729
 3040 3709 3374 2674 3679 2986 3710 3422 2702 3041 3728 3085 2703 3423
 2675 3375 2643 3678 2987 3711 2642 3376 3677 2988 3424 2676 3042 3727
 3086 2704 3467 2733 3131 3776 3509 2761 3132 3763 3468 2705 3087 3726
 3425 3043 3712 2677 3377 2641 3676 2989 3713 3044 3725 3088 2734 3775
 3510 2762 3133 3774 2735 3764 3469 2706 3426 2678 3378 2640 3675 2990
 3714 3045 3724 3089 3765 3511 2763 3134 2736 3773 3512 3766 3090 3428
 2708 3047 3716 2680 3715 3046 3723 3470 2707 3427 2679 3379 2639 3674
 2991 2638 3380 3673 2992 2637 3672 3381 2681 2993 2636 3717 3429 3722
 3471 2737 3135 2764 3772 3513 2765 3136 3771 3514 2738 3092 3721 3472
 3767 3091 2709 3048 2682 3430 2710 3768 2766 3770 2767 3515 3137 2739
 3473 3720 3049 3431 3093 3769 2711 3719 2683 3718 2994 3382 3671 2635
 3383 3670 2995 2634 3010 3395 3009 3394 3530 3155 3529 3154 3482 3103
 3528 3153 3527 3481 2713 3059 3440 3102 3480 3058 3439 3101 3152 3526
 3151 3525 3524 3150 3523 3149 3098 3478 3099 3479 3100 3008 3393 3007
 2684 3006 3392 3005 3057 3438 3056 3391 3004 3390 3003 3055 3437 3148
 3522 3147 2768 3146 3521 3145 3054 3436 3053 3389 3002 3435 3144 3520
 3143 3477 3052 3388 3001 3434 3097 3476 3096 2740 3519 3142 3518 3095
 3475 3000 3387 2999 3386 2998 3385 3051 3141 3140 3517 3139 3516 3138
 2712 3432 3474 3094 3433 3050 2997 3384 2996   76 3794   45 2153  949
 2152  948 2151  947 2150  946 2149  945 2148  944 2147  943 2146  942
 2145  941 2144  940 2143  939 2142  938 2141  937 2140  936 2139  935
 2138  934 2137  933 2136  932 2135  931 2134  930 2133  929 2132  928
 2131  927 2130  926 2129  925 2128  924 2127  923 2126  922 2125  921
 2124  920 2123  919 2122  918 2121  917 2120  916 2119  915 2118  914
 2117  913 2116  912 2115  911 2114  910 2113  909 2112  908 2111  907
 2110  906 2109  905 2108  904 2107  903 2106  902 2105  901 2104  900
 2103  899 2102  898 2101  897 2100  896 2099  895 2098  894 2097  893
 2096  892 2095  891 2094  890 2093  889 2092  888 2091  887 2090  886
 2089  885 2088  884 2087  883 2154  950 2086  882 2024   37 1835  631
 1836  632 1837  633 1838  634 1839  635 1840  636 1841  637 1842  638
 1843  639 1844  640   38  732 1935  731 1846  641 1845   39 1834  630
 1833  629 1832  628 1831  627 1830  626 1829  625 1828  624 1827  623
 1826  622 1825  621 1824  620 1823  619 1822  618 1821  617 1820  616
 1819  615 1818  614 1817  613 1816  612 1815  611 1814  610 1813  609
 1812  608 1811  607 1810  606 1809  605 1808  604 1807  603 1806  602
 1805  601 1804  600 1803  599 1802  598 1801  597 1800  596 1799  595
 1798  594 1797  593 1796  592 1795  591 1794  590 1793  589 1792  588
 1791  587 1790  586 1789  585 1788  584 1787  583 1786  582 1785   40
 1781  579 1768  565 1782  580 1783  581 1784 1767   42  564 1766  563
 1765  562 1764  561 1763  560   41  504 1762  559 1708  505 1709  558
 1761  566 1769  567 1770  568 1771  569 1772  570 1773  571 1774  572
 1775  573 1776  574 1777  575 1778  576 1779  577 1780  578 1750  548
 1751  549 1752  550 1753  551 1754  552 1755  553 1756  554 1757  555
 1758  556 1759  557 1760  506 1710  507 1711  508 1712  509 1713  510
 1714  511 1715  512 1716  513 1717  514 1718  515 1719  516  547 1749
  546 1748  545 1747  544 1746  543 1745  542 1744  541 1743  540 1742
  539 1741  538 1740  537 1739  536 1738  535 1737  534 1736  533 1735
  532 1734  531 1733  530 1732  529 1731  528 1730  527 1729  526 1728
  525 1727  524 1720   36  517 1721  518 1722  519 1723  520 1724  521
 1725  522 1726  523  458 1663  459 1664  460 1665  461 1666  462 1667
  463 1668  464 1669  465 1670  466 1671  467 1672  468 1673  469 1674
  470 1675  471 1676  472 1677  473 1678  474 1679  475 1680  476 1681
  477 1682  478 1683  479 1684  480 1685  481 1686  482 1687  483 1688
  484 1689  485 1690  486 1691  487 1692  488 1693  489 1694  490 1695
  491 1696  492 1697  493 1698  494 1699  495 1700  496 1701  497 1702
  498 1703  499 1704  500 1705  501 1706  502 1707  503  408 1613  409
 1614  410 1615  411 1616  412 1617  413 1618  414 1619  415 1620  416
 1621  417 1622  418 1623  419 1624  420 1625  421 1626  422 1627  423
 1628  424 1629  425 1630  426 1631  427 1632  428 1633  429 1634  430
 1635  431 1636  432 1637  433 1638  434 1639  435 1640  436 1641  437
 1642  438 1643  439 1644  440 1645  441 1646  442 1647  443 1648  444
 1649  445 1650  446 1651  447 1652  448 1653  449 1654  450 1655  451
 1656  452 1657  453 1658  454 1659  455 1660  456 1661  457 1662 1589
  385 1588  384 1587  383 1586  382 1585  381 1584  380 1583  379 1582
  378 1581  377 1580  376 1579  375 1578  374 1577  373 1576  372 1575
  371 1574  370 1573  369 1572  368 1571  367 1570  366 1569  365 1568
  364 1567  363 1566  362 1565  361 1564  360 1563  359 1562  358 1561
  357 1560  356 1559  355 1558  354 1557  353 1556  352 1555  351 1554
  350 1553  349 1552  348 1551  347 1550  346 1549  345 1548  344 1547
  343 1546  342 1545  341 1544  340 1543  339 1542  338 1541  337 1540
  336 1539  335 1538  334 1537  333 1536  332 1535  331 1534  330 1533
  329 1532  328 1531  327 1530  326 1529  325 1528  324 1527  323 1526
  322 1525  321 1524  320 1523  319 1522  318 1521  317 1520  316 1519
  315 1518  314   31 1517 2494  313 1516  312 1515  311 1514  310 1513
  309 1512  308 1511  307 1510  306 1509  305 1508  304 1507  303 1506
  302 1505  301 1504  300 1503  299 1502  298 1501  297 1500  296 1499
  295 1498  294 1497  293 1496  292 1495  291 1494  290 1493  289 1492
  288 1491  287 1490  286 1489  285 1488  284 1487  283 1486  282 1485
  281 1484  280 1483  279 1482  278 1481   32 1431  277 1480  228 1432
  276 1479  229 1433  275 1478  230 1434  274 1477  231 1435  273 1476
  232  272 1475  271 1474  270 1473  269 1472  268 1471  267 1470  266
 1469  265 1468  264 1467  263 1466  262 1465  261 1464  260 1463  259
 1462  258 1461  257 1460  256 1459  255 1458  254 1457  253 1456  252
 1455  251 1454  250 1453  249 1452  248 1451  247 1450  246 1449  245
 1448  244 1447  243 1446  242 1445  241 1444  240 1443  239 1442  238
 1441   33  226 1429  227 1430   30   27 1420  217 1419  216 1418  215
 1417  214 1416  213 1415  212   26 1414  211    2 2912 3306 2913 3305
 2911 3307 2914 2825 3223 2824 2579 3222 2823 3221 2822 3220 2821 3219
 2820 3218 2819 2909 3304 2910 2915 3308 2916 3309 2580 3303 2908 3224
 2818 3217 2817 3216 2828 3226 2827 3225 2826 3302 2917 3310 2918 2919
 3311 2920 2633 2921 3312 2922 3227 2829 2816 3215 2815 3214 2830 3228
 2831 2814 3213 2813 2524 3301 2907 2923 3313 2924 3314 2906 3300 2905
 2812 3212 2811 3315 2925 3316 2926 3317 2903 3299 2904 3229 2832 3230
 2833 2578 2902 3298 2927 3318 2928 3319 2929 3320 3297 3211 2810 3210
 2809 2523 3569 2808 3570 2577 3620 2632 3321 2581 2901 3619 3231 2525
 3209 2522 3571 2834 3296 3621 2930 3669 2631 3322 2582 3295 2575 2835
 3618 2900 2576 3232 2526 2807 3568 3208 2521 2806 3572 3233 2527 3207
 3567 2520 2805 3573 2836 3617 2899 2583 3622 2931 3668 2630 3323 3667
 2932 3623 3294 2574 2898 3616 3234 2528 3566 2519 3206 3574 2804 3565
 3205 2518 3564 3204 2839 2530 2803 3575 2838 2529 3235 3615 2897 2573
 2837 3293 2584 3324 2629 3666 2933 2628 3624 3325 2585 3665 2934 2627
 3664 3326 3625 3292 2572 3236 3614 2896 2586 3291 2571 2895 3613 3237
 3576 2802 2517 3563 2531 2840 3577 3203 2516 2801 3562 2515 3202 2532
 3238 2570 2894 3290 2587 3327 3626 2935 2626 3663 2936 2625 3627 3328
 2588 3662 2937 3628 3289 3612 2841 2569 2893 3611 3239 3578 2800 3561
 3201 2533 2842 3579 2514 2799 3560 2513 2798 3559 3199 2512 2797 3558
 2511 3198 2536 3581 2844 2535 3241 2567 3287 3610 2843 3580 3200 2534
 3240 2568 3288 2589 3329 2624 3661 2938 3629 2892 2590 3330 2623 3660
 2939 2622 3331 3630 2891 3609 3242 2566 3286 2591 3659 2940 3631 2890
 3608 2845 3582 2565 3285 2592 3332 2621 3658 2941 3632 2620  139 1341
  140 1342  141 1343  142 1344  143 1345  144 1346  145   16 1347   17
 1364  163 1365  164 1366  165 1367  166 1368  167 1369  181 1383  180
 1382  179 1381  178   22 1380   23  201 1403  200 1402  199 1401  198
 1400  197 1399  196 1398  195 1397  194 1404  202 1396  193 1405  203
 1395  192 1406  204 1394 1407  205 1408  206 1409  207 1410  208 1411
  209 1412  176 1378  177 1379 2490  168 1360  159 1361  160 1362  161
 1363  162   18 1337  136 1338  137 1330   11  123 1326  126 1339  138
 1340 1329  124 2486 1327  125 1314  111 1328   10 1313  110 1312  109
 1311  108 1310  107 1309  106 1308  105 1307  104 1306  103 1305  102
 2484 1290   89 1291   90 1292   91 1293    6   77 1279   78 1280   79
    3 1281   80 1282   81 1283   97 1300   98 1301   99 1302  100 1303
  101 1304    7 1325  122  135   15 2489 1348  146 1349  147  127 1331
  128 1332  129 1333  130 1324  121    9 2485   88 1284   82 1285   83
 1289   87 1315  112 1316  120 1323  113 1317  119 1322  114 1318  118
 1321  117 1320  116 2488  153 1355  152 1354  154 1356  151 1353  155
 1357  150   13  156 1358  157 1359   19   14 1352  149 1351  148 1350
  158 1370  169 1371  170 1377   21 1372  171 1373 2491  182 2493 1393
  191 1384  183 1392  190 1385  184 1391  189 1386  185 1390  188 1387
  186 1389   24 1388  187  175   20 1376  174 1375  173 1374  172 2492
 2487  134 1336  133 1335  132 1334  131   12 1299    5   96 1298   95
 1297   94 1296   93    8 1319  115 1294   92 1295    4 1286   84 1287
   85 1288   86    1 2942 2564 3243 2796 3197 2795 3196 2794 2847 3244
 2846 3284 3333 2943 2889 3334 2944 2945 3335 2888 3195 2793 3194 2792
 3283 2946 3336 2887 2593 3282 2886 3245 2791 3193 2848 3281 2947 3337
 2948 3246 2790 3192 2849 3247 2850 2949 3338 2950 2619 2951 3339 2952
 3248 2851 2789 3191 2788 3190 2852 3249 2853 2885 2953 3340 2954 3341
 2884 3280 2787 3189 2786 2537 3279 2883 2785 3188 2784 3342 2955 3343
 2882 3250 2854 3278 2956 3344 2881 3251 2855 2563 3277 2957 3345 2880
 3276 2958 3346 2959 3347 3187 2783 3186 2782 2510 2781 3557 2509 3185
 3584 2538 2856 3607 3275 2594 2879 3252 3583 2562 3633 2618 3348 3657
 2617 2960 3634 3349 3656 2961 2595 2878 2561 3253 2539 2780 3556 3184
 2857 3606 3274 3635 2877 2560 3254 3605 2858 2540 3585 2779 2508 3555
 3183 3586 2507 2778 3554 2506 2777 3553 3181 2505 3552 2776 3588 2542
 3256 3587 2859 3182 2541 3255 2559 3273 2596 3350 2616 3655 2962 3636
 3351 2615 3654 2597 2876 3604 3272 2558 2875 2598 3352 3637 2963 2614
 3653 2964 2613 3353 2599 3638 3271 3603 2860 2557 2874 3602 3257 2543
 2861 3270 3639 2965 3652 2612 3354 3651 2966 2600 2873 2556 3258 3589
 3180 2504 2775 3551 3179 2544 2862 3601 3269 3640 2611 3355 2601 2967
 3650 2610 3356 3649 2968 3642 3357 2609 3648 2969 3643 3358 2608 3647
 2607 3359 2605 3596 2868 3644 2970 2604 2869 2552 3262 3597 3265 2551
 3263 3594 2866 2548 2771 3593 2865 2547 3261 3598 3266 2603 2870 2553
 3267 2602 2871 3641 3268 2554 3591 2545 2863 3600 2872 2555 3259 3590
 2774 2503 3550 3178 2502 2773 3549 2501 3177 2546 3260 3599 2864 3592
 2772 3548 3176 2500 3547 3175 2499 2770 3546 3174 2498 3595 2549 2867
 2550 3264 3645 2971 3646 2606    0  224 1427  225 1428   29   28 1426
  223 1425  222 1424  221 1423  220 1422  219 1421   25 1413  210  218
   34 1436  233 1437  234 1438  235 1439  236 1440  237 1612  407 1611
  406 1610  405 1609  404 1608  403 1607  402 1606  401 1605  400 1604
  399 1603  398 1602  397 1601  396 1600  395 1599  394 1598  393 1597
  392 1596  391 1595  390 1594  389 1593  388 1592  387 1591  386   35
 1590 1983  780 1984  781 1985  782 1986  783 1987  784 1988  785 1989
  786 1990  787 1991  788 1992  789 1979  776 1980  777 1981  778 1982
  779]

eliteFit: 29055.0
percentError: 0.9835951619630197
computationTime: 1306.439s