instanceName: fl3795
n: 3795
optFit: 28772

genTime, gen, eliteFit, percentError:
0.004860699991695583, 0, 3516961.0, 12123.554
23.350952799999504, 1, 31035.0, 7.865
14.04814109999279, 2, 30526.0, 6.096
15.6599242999946, 3, 30366.0, 5.540
13.140088900006958, 4, 30304.0, 5.325
13.569934900006047, 5, 30096.0, 4.602
13.118306500007748, 6, 30013.0, 4.313
14.040908700000728, 7, 29969.0, 4.160
13.36322569999902, 8, 29932.0, 4.032
11.944361199988634, 9, 29879.0, 3.847
12.57480800000485, 10, 29829.0, 3.674
12.4941273000004, 11, 29829.0, 3.674
12.423841399999219, 12, 29801.0, 3.576
10.70974199999182, 13, 29715.0, 3.277
7.978223899990553, 14, 29715.0, 3.277
8.52709689999756, 15, 29708.0, 3.253
8.674134500004584, 16, 29638.0, 3.010
9.30825279999408, 17, 29604.0, 2.892
9.847747299994808, 18, 29604.0, 2.892
8.330262100003893, 19, 29584.0, 2.822
5.985430200002156, 20, 29581.0, 2.812
5.573348600009922, 21, 29550.0, 2.704
6.549924099992495, 22, 29538.0, 2.662
5.6474543000076665, 23, 29509.0, 2.562
6.628742399989278, 24, 29484.0, 2.475
5.642342100007227, 25, 29477.0, 2.450
4.173906000010902, 26, 29473.0, 2.436
4.903510500007542, 27, 29462.0, 2.398
4.889117700004135, 28, 29456.0, 2.377
4.816353899994283, 29, 29443.0, 2.332
5.214266199996928, 30, 29438.0, 2.315
6.946984900001553, 31, 29423.0, 2.263
5.966828400007216, 32, 29420.0, 2.252
5.5749191000068095, 33, 29417.0, 2.242
4.740885799998068, 34, 29405.0, 2.200
5.978460500002257, 35, 29395.0, 2.165
4.933418400003575, 36, 29380.0, 2.113
3.631815100001404, 37, 29373.0, 2.089
3.9977036000054795, 38, 29366.0, 2.065
3.3323774000018602, 39, 29364.0, 2.058
3.3729227999865543, 40, 29353.0, 2.019
3.2232235000119545, 41, 29352.0, 2.016
2.7187311000016052, 42, 29350.0, 2.009
2.820536800005357, 43, 29345.0, 1.992
3.523556500003906, 44, 29345.0, 1.992
4.389393600009498, 45, 29343.0, 1.985
4.893581299998914, 46, 29339.0, 1.971
3.9148872999940068, 47, 29336.0, 1.960
4.942349599994486, 48, 29335.0, 1.957
3.935471899996628, 49, 29333.0, 1.950
3.8834939999942435, 50, 29330.0, 1.939
4.538832599995658, 51, 29310.0, 1.870
4.773398399993312, 52, 29310.0, 1.870
3.931283699988853, 53, 29304.0, 1.849
4.0565977999940515, 54, 29299.0, 1.832
3.3538533999962965, 55, 29299.0, 1.832
5.1456718999979785, 56, 29297.0, 1.825
2.9534681999939494, 57, 29294.0, 1.814
3.284263399997144, 58, 29290.0, 1.800
3.3389752999937627, 59, 29287.0, 1.790
3.5601830999949016, 60, 29281.0, 1.769
2.7481942000013078, 61, 29281.0, 1.769
2.751642000002903, 62, 29277.0, 1.755
2.8741112999996403, 63, 29276.0, 1.752
2.808679399997345, 64, 29274.0, 1.745
3.3984324999910314, 65, 29272.0, 1.738
3.1754423000093084, 66, 29271.0, 1.734
3.7187650999985635, 67, 29269.0, 1.727
2.5721581999969203, 68, 29269.0, 1.727
3.3007125000003725, 69, 29268.0, 1.724
3.637162900005933, 70, 29268.0, 1.724
2.6615445999923395, 71, 29267.0, 1.720
2.946768699999666, 72, 29264.0, 1.710
2.647031899992726, 73, 29264.0, 1.710
2.8065094000048703, 74, 29263.0, 1.707
2.3942555999965407, 75, 29259.0, 1.693
3.0086568999977317, 76, 29256.0, 1.682
3.1955833999963943, 77, 29255.0, 1.679
2.575653899999452, 78, 29253.0, 1.672
2.5271843999944394, 79, 29250.0, 1.661
2.6190471000008984, 80, 29249.0, 1.658
2.8227171000035014, 81, 29249.0, 1.658
2.7467849000095157, 82, 29245.0, 1.644
2.345711499991012, 83, 29245.0, 1.644
2.2584598999965237, 84, 29245.0, 1.644
2.919311599995126, 85, 29245.0, 1.644
3.799303099993267, 86, 29245.0, 1.644
2.7150275000021793, 87, 29245.0, 1.644
3.4276355000038166, 88, 29235.0, 1.609
3.14941580001323, 89, 29235.0, 1.609
2.6881933999975445, 90, 29229.0, 1.588
2.613428800003021, 91, 29229.0, 1.588
2.814914000002318, 92, 29225.0, 1.574
2.7578945999994176, 93, 29225.0, 1.574
2.4478075000079116, 94, 29221.0, 1.561
2.6727041999984067, 95, 29221.0, 1.561
2.596397099987371, 96, 29221.0, 1.561
2.4268776000099024, 97, 29221.0, 1.561
2.5785849999956554, 98, 29221.0, 1.561
2.9560836000018753, 99, 29221.0, 1.561
2.687142599999788, 100, 29221.0, 1.561
2.283281399999396, 101, 29221.0, 1.561
2.531497900010436, 102, 29221.0, 1.561
2.378146700008074, 103, 29221.0, 1.561
4.01942009999766, 104, 29221.0, 1.561
2.686133700000937, 105, 29221.0, 1.561
2.663246199997957, 106, 29221.0, 1.561
2.6599319000088144, 107, 29221.0, 1.561
2.8395293000066886, 108, 29221.0, 1.561
2.6807846000010613, 109, 29221.0, 1.561
2.2422651999950176, 110, 29221.0, 1.561
2.313590200006729, 111, 29221.0, 1.561
2.4306145000009565, 112, 29221.0, 1.561
2.994158100002096, 113, 29221.0, 1.561
2.9651800999999978, 114, 29221.0, 1.561
2.5893127000017557, 115, 29221.0, 1.561
2.936730199988233, 116, 29221.0, 1.561
2.659932199996547, 117, 29221.0, 1.561
2.4208998000103747, 118, 29221.0, 1.561
3.0554478999983985, 119, 29221.0, 1.561
2.3123938999924576, 120, 29221.0, 1.561
2.412880400006543, 121, 29221.0, 1.561
2.4299334999959683, 122, 29221.0, 1.561
2.4559925999928964, 123, 29221.0, 1.561
2.6950218999991193, 124, 29221.0, 1.561
2.7067968000046676, 125, 29221.0, 1.561
2.4233754000015324, 126, 29221.0, 1.561
2.418151999998372, 127, 29221.0, 1.561
2.681201500003226, 128, 29218.0, 1.550
2.8061332999932347, 129, 29218.0, 1.550
3.2798364000045694, 130, 29217.0, 1.547
4.419583599999896, 131, 29214.0, 1.536
3.487187599996105, 132, 29210.0, 1.522
4.200286100007361, 133, 29210.0, 1.522
3.9076765999925556, 134, 29209.0, 1.519
3.895292999994126, 135, 29209.0, 1.519
3.8312737999949604, 136, 29205.0, 1.505
2.7812367000005906, 137, 29205.0, 1.505
2.5018543000041973, 138, 29205.0, 1.505
2.7817772999987938, 139, 29205.0, 1.505
3.180564600013895, 140, 29205.0, 1.505
2.6115020999859553, 141, 29205.0, 1.505
2.3483581000036793, 142, 29205.0, 1.505
4.696010200001183, 143, 29205.0, 1.505
2.2087228000018513, 144, 29205.0, 1.505
3.3623117999959504, 145, 29205.0, 1.505
2.960380400007125, 146, 29205.0, 1.505
2.5459788000007393, 147, 29205.0, 1.505
2.599466499988921, 148, 29205.0, 1.505
2.423742200000561, 149, 29205.0, 1.505
2.1947260000015376, 150, 29205.0, 1.505
2.6014677999919513, 151, 29205.0, 1.505
2.7349503000004916, 152, 29205.0, 1.505
2.5742338999989443, 153, 29205.0, 1.505
2.3702862999925856, 154, 29205.0, 1.505
2.7450704000075348, 155, 29205.0, 1.505
2.495259099989198, 156, 29205.0, 1.505
2.9125964999984717, 157, 29205.0, 1.505
2.499906100012595, 158, 29205.0, 1.505
2.513915299990913, 159, 29205.0, 1.505
2.712313899988658, 160, 29205.0, 1.505
2.370879199996125, 161, 29205.0, 1.505
2.3167499999981374, 162, 29197.0, 1.477
2.948853900001268, 163, 29197.0, 1.477
2.509055200003786, 164, 29197.0, 1.477
2.3066691999993054, 165, 29197.0, 1.477
2.9543340999953216, 166, 29197.0, 1.477
2.9354517000028864, 167, 29197.0, 1.477
2.483579199993983, 168, 29197.0, 1.477
2.5510948000010103, 169, 29197.0, 1.477
2.4162057999928948, 170, 29197.0, 1.477
2.731531299999915, 171, 29197.0, 1.477
2.9497346999996807, 172, 29197.0, 1.477
2.75675400000182, 173, 29197.0, 1.477
2.418477700004587, 174, 29197.0, 1.477
2.6010418999940157, 175, 29197.0, 1.477
2.6057780999981333, 176, 29197.0, 1.477
2.3253332000022056, 177, 29197.0, 1.477
2.811371499992674, 178, 29197.0, 1.477
2.4686024999973597, 179, 29197.0, 1.477
2.849963200002094, 180, 29197.0, 1.477
2.5435887000057846, 181, 29197.0, 1.477
2.282061599995359, 182, 29197.0, 1.477
2.700436900006025, 183, 29197.0, 1.477
2.245451900002081, 184, 29197.0, 1.477
2.905628799999249, 185, 29197.0, 1.477
2.520554300004733, 186, 29197.0, 1.477
2.553977399991709, 187, 29197.0, 1.477
2.1665225999895483, 188, 29197.0, 1.477
2.6275349000061397, 189, 29197.0, 1.477
2.1383335999998963, 190, 29197.0, 1.477
2.648883499990916, 191, 29197.0, 1.477
2.7765351999987615, 192, 29197.0, 1.477
2.093254400009755, 193, 29197.0, 1.477
2.2524789000017336, 194, 29197.0, 1.477
2.5410880999988876, 195, 29197.0, 1.477
2.278588699991815, 196, 29197.0, 1.477
2.7078380000020843, 197, 29197.0, 1.477
2.6679389999917476, 198, 29197.0, 1.477
2.500733399996534, 199, 29197.0, 1.477
2.286357199991471, 200, 29197.0, 1.477
2.364436299991212, 201, 29197.0, 1.477
2.957121100000222, 202, 29197.0, 1.477
2.232250800007023, 203, 29197.0, 1.477
2.35864340000262, 204, 29197.0, 1.477
2.370863400006783, 205, 29197.0, 1.477
2.692179700010456, 206, 29197.0, 1.477
2.624792599992361, 207, 29197.0, 1.477
2.5494657999952324, 208, 29197.0, 1.477
2.308701400004793, 209, 29197.0, 1.477
2.6021883000066737, 210, 29197.0, 1.477
3.485008100004052, 211, 29197.0, 1.477
2.851580100003048, 212, 29197.0, 1.477

tour:
[ 698 1901  675 1880  697 1900  696 1899  695 1898  694 1897  693 1896
  692 1895  691 1894 1977  773 1976  772 1975  771 1974  770 1973  769
 1972  768 1971  767 1970  766 1969  765 2003  799 2002  798 2001  797
 2000  796 1999  795 1998  794 1997  793 1996  792 1995  791 1994  774
 1978  790 1993  775 1979  789 1992  776 1980  788 1991  777 1981  787
 1990  778 1982  786 1989  779  785 1988  784 1987  783 1986  782 1985
  781 1984  780 1983  684 1888  685 1889  686 1890  687 1891  688 1892
  689 1893  690  683 1887  682 1886  681 1885  680 1884  679 1883  678
 1882  677 1881  676 1799  595 1798  594 1797  593 1796  592 1795  591
 1794  590 1793  589 1792  588 1791  587 1790  586 1789  585 1788  584
 1787  583 1786  582 1785 1784  581 1783  580 1782  579  565 1768  566
 1781   40 1769  567 1770  568 1771 1759  557 1710  506 1760  558 1709
  505 1761  559 1708  504   41 1762  560 1763  561 1764  562 1765  563
 1766  564 1767   42   35 1590  386 1591  387 1592  388 1593  389 1594
  390 1595  391 1596  392 1597  393 1598  394 1599  395 1600  396 1601
  397 1602  398 1603  399 1604  400 1605  401 1606  402 1607  403 1608
  404 1609  405 1610  406 1611  407 1612  237 1440  236 1439  235 1438
  234 1437  233 1436   34  218  210 1413   25 1421  219 1422  220 1423
  221 1424  222 1425  223 1426   28   29 1428  225 1427  224    0 2606
 2971 3646 3359 2607 2970 3644 2868 2605 3645 3264 2550 3595 2498 3546
 3174 2549 2867 3596 3263 2770 2499 3175 3547 2771 2548 3594 2866 2551
 3265 2604 3647 2608 3358 3643 2969 3648 3357 2609 2968 3649 3356 2602
 3642 3267 3599 2871 3641 2610 2967 3650 3355 2601 3268 2554 2863 3600
 2872 3640 2611 2966 3651 3354 2600 3269 3601 2862 2555 3259 3590 2545
 3591 3260 2546 2864 2553 2870 2603 3266 3598 3261 2865 2552 2869 3597
 3262 3593 2500 3176 2547 3548 2772 3592 2501 3177 3549 2773 2502 3178
 3550 2774 2503 3179 3551 2775 2544 3258 2556 2873 3639 3270 3602 3257
 3588 2776 2543 2861 3589 2504 3180 3552 2505 3181 3553 2777 3587 3182
 2506 3554 2778 2541 2859 3604 3255 2559 2876 2597 2963 3637 3272 2558
 2875 3256 2542 2860 3603 3271 2557 2874 2599 2965 2612 3652 3353 2613
 3638 2964 2598 3653 3352 2614 3654 3351 3636 3273 2596 2962 2615 3655
 3350 2616 3635 2877 3605 2858 3586 3183 2507 3555 2779 2540 3254 3585
 2857 2560 3274 2595 2961 3656 3349 2617 2960 3634 2878 3606 3253 2539
 3184 2508 3556 2780 2509 3185 3584 2561 3275 2594 3657 3348 2618 3633
 2879 2562 3583 3252 3607 2856 2538 2781 3557 2510 2782 3186 2783 3187
 2855 3251 2881 3277 2563 2880 3276 3347 2959 3346 2958 3345 2957 3344
 2956 3278 2854 3250 2882 3343 2955 3342 2784 3188 2785 2537 2786 3189
 2787 3190 2788 3191 2789 2851 3248 2852 3249 2853 2885 3280 2884 3279
 2883 3341 2954 3340 2953 2952 3339 2951 2619 2950 3338 2949 2850 3247
 3192 2790 3193 2791 3245 2848 3246 2849 2948 3337 2947 3281 2886 3282
 2593 2887 2792 3194 2793 3283 3336 2946 3335 2945 2888 3195 2794 3196
 2795 2847 3244 2846 3197 2796 3243 2564 3284 2889 2944 3334 2943 3333
 2942    1   86 1288   85 1287   84 1286    4 1294   92 1295   93 1296
   94 1297   95 1298   96 1299    5 2487  134 1336  133 1335  132 1334
  131   12  116 1320  117    8 1319  115 1321  118 1318  114 1322 1317
  113 1316  112 1315 2485   88 1289   87   83 1285   82 1284 1283   81
 1282   80 1281    3   79 1280   78 1279   77    6 1293   91 1292   90
 1291   89 1290 2484  102 1305  103 1306  104 1307  105 1308  106 1309
  107 1310  108 1311  109 1312  110 1313   10 1328  111 1314  125 1327
 2486  124 1326  123 1325   11 1330  126 1329 1340  138 1339  137 1338
  136  122    7 1304  101 1303  100 1302   99 1301   98 1300   97  127
 1331  128 1332  129    9  121 1333  130 1324  120 1323  119   13  150
 1353  151 1354  152 1355 2488  153  154 1356  155 1357  156 1358  157
 1359   19 1352   14  149 1351  148 1350  147 1349  146 1348 2489   15
  135 1337   18  162 1363  161 1362  160 1361  159 2490 1379  177 1370
  168 1360  158  169 1371  170 1378  176 1377   21 1372  171 1373 2491
  182 1384  183 1385  184 1386  185 1387  186   20  175 1376  174 1375
  173 1374 2492  172  187 1388   24 1389  188 1390  189 1391  190 1392
  191 1393 2493 1412  209 1411  208 1410  207 1409  206 1408  205 1407
 1394  204 1406  192 1395  203 1405  193 1396  202 1404  194 1397  195
 1398  196 1399  197 1400  198 1401  199 1402  200 1403  201   23 1380
   22  178 1381  179 1382  180 1383  181 1369  167 1368  166 1367  165
 1366  164 1365  163 1364   17   16 1347  145 1346  144 1345  143 1344
  142 1343  141 1342  140 1341  139 2620 2941 3632 2565 3285 3608 2890
 3631 3332 2592 3658 2621 2940 3659 2622 3331 2591 3286 2566 3242 2536
 2845 3582 2511 3198 3558 2512 2797 3581 2844 2535 3199 3559 2798 3580
 2843 3610 2567 3241 3609 2891 3630 3287 2590 2939 3660 3330 2623 2938
 3661 3329 3628 2937 2624 3662 2588 3289 2569 2893 2589 3629 2892 2568
 3288 3611 2842 3579 3240 2534 3200 2513 3560 2799 2514 3201 3561 2515
 2800 2533 3239 3578 2841 2532 3202 3562 2801 2516 3577 3238 3612 2894
 2570 2840 2531 3203 3563 2802 2517 3564 3204 2530 2839 3236 3575 2803
 2518 3205 3565 2519 2804 2529 2838 2572 2896 3614 3291 2571 3576 3237
 3613 3290 3627 3328 2625 3663 2936 2587 2895 3626 3327 2626 2935 2586
 3664 3326 2627 2934 3625 3292 3615 3235 2573 2897 2585 3665 3325 2628
 3666 2933 3624 3293 2584 2898 3616 2837 3574 2528 3206 3566 2805 3573
 3234 2574 3294 3623 3324 2629 2932 3667 2583 2899 3617 2836 2520 3207
 2527 3233 2575 3295 3622 3323 2630 3668 2931 2582 3322 2631 3621 2930
 2581 3669 2632 3321 3620 2901 2577 3231 3619 3296 2576 2900 3618 2835
 3572 2806 3567 2521 3208 3568 2807 2526 3232 3571 2834 2525 3209 2522
 3569 2523 2808 3570 2809 3210 2810 3211 3297 3320 2929 3319 2928 3318
 2927 2902 2578 2833 3298 3317 2903 3230 2832 3229 2904 3299 2926 3316
 2925 3315 2811 3212 2812 2905 3300 3314 2924 3313 2923 2907 3301 2906
 2524 2813 3213 2814 2831 3228 3214 2815 3215 2816 2829 3227 2830 2922
 3312 2921 2633 2920 3311 2919 2828 3226 3216 2817 3217 2818 2826 3225
 2827 2918 3310 2917 3302 2908 3224 3303 2580 3309 2916 3308 2915 2910
 3304 2909 2819 3218 2820 3219 2821 3220 2825 2911 2914 3307 2913 3305
 2824 3223 2822 3221 2823 3222 2579 3306 2912    2  211 1414   26  212
 1415  213 1416  214 1417  215 1418  216 1419  217 1420   27   30 1430
  227 1429  226   33 1441  238 1442  239 1443  240 1444  241 1445  242
 1446  243 1447  244 1448  245 1449  246 1450  247 1451  248 1452  249
 1453  250 1454  251 1455  252 1456  253 1457  254 1458  255 1459  256
 1460  257 1461  258 1462  259 1463  260 1464  261 1465  262 1466  263
 1467  264 1468  265 1469  266 1470  267 1471  268 1472  269 1473  270
 1474  271 1475  272 1476  232 1435  273 1477  231 1434  274 1478  230
 1433  275 1479  229 1432  276 1480  228 1431  277   32 1481  278 1482
  279 1483  280 1484  281 1485  282 1486  283 1487  284 1488  285 1489
  286 1490  287 1491  288 1492  289 1493  290 1494  291 1495  292 1496
  293 1497  294 1498  295 1499  296 1500  297 1501  298 1502  299 1503
  300 1504  301 1505  302 1506  303 1507  304 1508  305 1509  306 1510
  307 1511  308 1512  309 1513  310 1514  311 1515  312 1516  313 2494
 1517   31  314 1518  315 1519  316 1520  317 1521  318 1522  319 1523
  320 1524  321 1525  322 1526  323 1527  324 1528  325 1529  326 1530
  327 1531  328 1532  329 1533  330 1534  331 1535  332 1536  333 1537
  334 1538  335 1539  336 1540  337 1541  338 1542  339 1543  340 1544
  341 1545  342 1546  343 1547  344 1548  345 1549  346 1550  347 1551
  348 1552  349 1553  350 1554  351 1555  352 1556  353 1557  354 1558
  355 1559  356 1560  357 1561  358 1562  359 1563  360 1564  361 1565
  362 1566  363 1567  364 1568  365 1569  366 1570  367 1571  368 1572
  369 1573  370 1574  371 1575  372 1576  373 1577  374 1578  375 1579
  376 1580  377 1581  378 1582  379 1583  380 1584  381 1585  382 1586
  383 1587  384 1588  385 1589 1662  457 1661  456 1660  455 1659  454
 1658  453 1657  452 1656  451 1655  450 1654  449 1653  448 1652  447
 1651  446 1650  445 1649  444 1648  443 1647  442 1646  441 1645  440
 1644  439 1643  438 1642  437 1641  436 1640  435 1639  434 1638  433
 1637  432 1636  431 1635  430 1634  429 1633  428 1632  427 1631  426
 1630  425 1629  424 1628  423 1627  422 1626  421 1625  420 1624  419
 1623  418 1622  417 1621  416 1620  415 1619  414 1618  413 1617  412
 1616  411 1615  410 1614  409 1613  408  503 1707  502 1706  501 1705
  500 1704  499 1703  498 1702  497 1701  496 1700  495 1699  494 1698
  493 1697  492 1696  491 1695  490 1694  489 1693  488 1692  487 1691
  486 1690  485 1689  484 1688  483 1687  482 1686  481 1685  480 1684
  479 1683  478 1682  477 1681  476 1680  475 1679  474 1678  473 1677
  472 1676  471 1675  470 1674  469 1673  468 1672  467 1671  466 1670
  465 1669  464 1668  463 1667  462 1666  461 1665  460 1664  459 1663
  458  523 1726  522 1725  521 1724  520 1723  519 1722  518 1721  517
   36 1720  524 1727  525 1728  526 1729  527 1730  528 1731  529 1732
  530 1733  531 1734  532 1735  533 1736  534 1737  535 1738  536 1739
  537 1740  538 1741  539 1742  540 1743  541 1744  542 1745  543 1746
  544 1747  545 1748  546 1749  547 1750  516 1719  548 1751  515 1718
  549 1752  514 1717  550 1753  513 1716  551 1754  512 1715  552 1755
  511 1714  553 1756  510 1713  554 1757  509 1712  555 1758  508 1711
  507  556  569 1772  570 1773  571 1774  572 1775  573 1776  574 1777
  575 1778  576 1779  577 1780  578  596 1800  597 1801  598 1802  599
 1803  600 1804  601 1805  602 1806  603 1807  604 1808  605 1809  606
 1810  607 1811  608 1812  609 1813  610 1814  611 1815  612 1816  613
 1817  614 1818  615 1819  616 1820  617 1821  618 1822  619 1823  620
 1824  621 1825  622 1826  623 1827  624 1828  625 1829  626 1830  627
 1831  628 1832  629 1833  630 1834   39  641 1846  731 1935  732   38
 1845  640 1844  639 1843  638 1842  637 1841  636 1840  635 1839  634
 1838  633 1837  632 1836  631 1835   37 2024  821 2025  822 2026  823
 2027  824 2082  954 2158  879 2083  953 2157  880 2084  952 2156  881
 2085  951 2155  882 2086  950 2154  883 2087  884 2088  885 2089  886
 2090  887 2091  888 2092  889 2093  890 2094  891 2095  892 2096  893
 2097  894 2098  895 2099  896 2100  897 2101  898 2102  899 2103  900
 2104  901 2105  902 2106  903 2107  904 2108  905 2109  906 2110  907
 2111  908 2112  909 2113  910 2114  911 2115  912 2116  913 2117  914
 2118  915 2119  916 2120  917 2121  918 2122  919 2123  920 2124  921
 2125  922 2126  923 2127  924 2128  925 2129  926 2130  927 2131  928
 2132  929 2133  930 2134  931 2135  932 2136  933 2137  934 2138  935
 2139  936 2140  937 2141  938 2142  939 2143  940 2144  941 2145  942
 2146  943 2147  944 2148  945 2149  946 2150  947 2151  948 2152  949
 2153   45 1118 2326 1117 2325 1116 2324 1115 2323 1114 2322 1113 2321
 1112 2320 1111 2319 1110 2318 1109 2317 1108 2316 1107 2315 1106 2314
 1105 2313 1104 2312 1103 2311 1102 2310 1101 2309 1100 2308 1099 2307
 1098 2306 1097 2305 1096 2304 1095 2303 1094 2302 1093 2301 1092 2300
 1091 2299 1090 2298 1089 2297 1088 2239 1033 2238 1032 2237 1031 2236
 1030 1034 2240 1035 2235 1029 2241 1036 1064 2242 2234 1028 2233 1037
 2271 1063 2243 1027   50 1038 2270 1062 2244 1039 2269 1061 2268   56
 2245 2232 1040 2246 1026 2231 1041 2247 1025 2230 1042 2248 1024   51
 2229 1023 2228 1022 2249   52 1043 2267 1060 2250 1044 2266 1068 2275
 1059 2251   53 2227 1045 2265 1058 2285 1078 2286 1079 2287 1134 2340
 1144 2350 1145   72 2366 1160 2365 1159 2359 1152 2360 1153 2361   67
 1137   69 1142 2342 1136 2348 1143 2349 2341 1135   63 2288 1080 2274
 1067   58 2273 1066 2272 1065   57   61 2289   62 1081 2327 1119 2290
 1082 2291 1083 2292 1084 2293 1085 2294 1086 2295 1087 2296 2343 1138
 2344 1139 2345 1140 2346 1141 2347   68 2362 1154 1158 2364 1157 1155
 2363 1156 2375 1168 2374 1167 2373 1166 2372 1165 2371 1164 2370 1209
 2414 1210 2415 1211 2416 1212 2417 1213   73 2480 1275 2481 1276 2482
 1277 2483 1278 2413 1208 2412 1207 2411 1206 2410 1205 2409 1204 2408
 1203 2407 1202 2406 1201 2405 1200 2404 1199 2403 1198 2402 1197 2401
 1196 2400 1195 2399 1194 2398 1193 2397 1192 2396 1191 2395 1190 2394
 1189 2393 1188 2392 1187 2391 1186 2390 1185 2389 1184 2388 1183 2387
 1182 2386 1181 2385 1180 2384 1179 2383 1178 2382 1177 2381 1176   76
 3794 3138 3516 3139 3474 2712 3432 2996 3384 3050 3433 2997 3385 2998
 3386 3051 3094 3517 3140 3141 3518 3142 3519 2740 3096 3475 3095 2999
 3387 3000 3476 3097 3434 3001 3388 3002 3389 3053 3435 3052 3477 3143
 3520 3144 3436 3054 3145 3521 3146 2768 3147 3522 3148 3437 3055 3003
 3390 3004 3391 3056 3438 3057 3149 3523 3098 3478 3005 3392 3006 2684
 3099 3150 3524 3479 3100 3007 3393 3008 3525 3151 3526 3152 3527 3153
 3528 3154 3529 3155 3530 3482 3103 2713 3481 3102 3480 3101 3439 3058
 3440 3059 3394 3009 3395 3010 3719 2711 3093 3769 3515 2767 3770 3137
 2766 3514 3768 3473 2739 3720 3431 2683 2995 2634 3670 3383 2635 2994
 3718 3049 2710 3430 2682 3382 3671 2636 3717 3048 3429 3722 3047 2681
 2993 3672 3381 2637 3716 3428 2708 3471 3091 2709 3472 3721 3092 2738
 3771 3136 3767 2765 3513 3772 2737 3135 3766 2764 3773 3512 2736 3090
 3723 2680 2992 3673 3380 2638 3674 2991 3715 3046 2707 3470 3765 3134
 2763 3511 3774 3133 2762 3775 3510 3764 3088 3725 3044 3713 3378 2678
 3426 2706 3469 2735 3089 3427 3724 3045 2679 3379 3714 2990 2639 3675
 2640 2989 2677 3425 2705 3468 2734 3132 2761 3509 3763 3087 2733 3776
 3131 2760 3777 3508 3762 3467 3726 3043 3377 3676 2641 3677 2988 3712
 3424 2676 3376 2642 3678 2987 3711 3423 2703 3042 3727 2704 3086 2732
 3466 3761 3130 2759 3507 3778 2758 3506 3779 3128 2757 3759 3505 3780
 3127 2729 3083 3464 2730 3729 3084 3760 3129 2731 3085 3465 3728 3041
 2675 3375 2643 3710 2702 3422 2986 2674 3040 2701 3421 3730 3463 3758
 3504 2756 3781 2755 3126 2728 3082 2700 3039 3708 3373 2673 3709 3374
 3679 2644 2985 3680 2645 2984 3681 2646 3372 2672 3420 3731 3462 3757
 2699 3038 3707 3156 3531 3157 3483 3104 3532 3158 3061 3442 3060 3441
 2714 3011 3396 3012 3397 3013 3398 3014 3399 3015 3484 3105 3159 3533
 3160 3534 2741 3106 3485 3107 3443 3016 3400 3062 3486 3161 3535 3162
 3444 3017 3401 3063 3445 3064 3163 3536 3164 2769 3165 3537 3166 3066
 3446 3065 3018 3402 3019 3403 3447 3167 3538 3168 3539 3487 3108 3067
 3020 3404 3021 2685 3109 3488 3110 3022 3405 3023 3540 3169 3541 3111
 3448 3068 3489 3170 3542 3171 3543 3172 3544 3173 3545 3491 3113 2715
 3490 3112 3449 3069 3406 3024 3407 3025 2647 2983 2671 3682 3371 3705
 2982 2648 3683 2670 3418 3733 3036 2696 3417 2669 2981 3704 3370 2649
 3684 3369 3703 3416 2668 2980 2650 3685 3368 3702 3034 3735 3458 2724
 3078 3753 3459 2695 3035 3734 3079 3754 3460 3080 2726 3502 3755 3125
 2727 3461 2697 3037 3732 3419 3706 2698 3081 3756 2754 3503 3782 2753
 3783 3124 2752 3501 2725 3784 3123 2751 3500 3785 3122 3752 3077 2694
 3415 3736 2723 3499 2750 3786 2749 3121 3751 3457 2693 3076 2722 3498
 3787 3120 2748 3497 3750 3456 3737 3414 3701 3033 2667 2979 2651 3686
 3367 2652 3687 2978 2666 3032 2692 3075 2721 3119 3788 2747 3789 3118
 3748 2746 3495 2719 3453 2689 3029 2663 2975 3364 3698 3411 3740 3073
 2690 3454 2720 3496 3749 3455 3738 3031 2665 2977 3413 3700 3366 2653
 3688 3365 2654 3699 2691 3074 3412 3739 3030 2664 2976 3689 2655 3690
 2656 3363 3697 3410 3741 3072 3747 3117 3790 2745 3494 2718 3791 3116
 2744 3493 3792 2743 3745 3115 2717 3071 3746 3452 2688 3028 2662 2974
 3691 3362 2657 3692 2973 3696 3409 3742 3451 3070 3743 3450 2716 3492
 3793 3114 2742 3744 2686 3026 3694 2660 3408 2687 3027 2661 3361 3695
 2972 2658 3693 3360 2659   75 2497 2479 1274 2478 1273 2477 1272 2476
 1271 2475 1270 2474 1269 2473 1268 2472 1267 2471 1266 2470 1265 2469
 1264 2468 1263 2467 1262 2466 1261 2465 1260 2464 1259 2463 1258 2462
 1257 2461 1256 2460 1255 2459 1254 2458 1253 2457 1252 2456 1251 2455
 1250 2454 1249 2453 1248 2452 1247 2451 1246 2450 1245 2449 1244 2448
 1243 2447 1242 2446 1241 2445 1240 2444 1239 2443 1238 2442 1237 2441
 1236 2440 1235 2439 1234 2438 1233 2437 1232 2436 1231 2435 1230 2434
 1229 2433 1228 2432 1227 2431 1226 2430 1225 2429 1224 2428 1223 2427
 1222 2426 1221 2425 1220 2424 1219 2423 1218 2422 1217 2421 1216 2420
 1215 2419 1214 2418   74 1175 2380 1174 2379 1173 2378 1172 1171 2377
 1170 2376 1169 2367 1161 2368 2355 1149   71 2356 1150 2357 1151 2358
   70 2354 1148 1162 2369 1163 2351 1146 2352 1147 2353   66 2328 1120
 2329 1121 2330 1122 1133 2331 1123   65 2339 1132   64 1124 2332 1125
 2333 1077   60 2281 1055 2261 1054 2260 1053 2259 1052 2282 1075 2283
 1076 2284 1126 2334 1127 2335 1128 2336 1129 2337 1130 2338 1131 2495
 2496 2215 1011 2216 1012 2217 1013 2218   55 2258 1014 2219 1015 2220
 1051 2257 1050 2256 1016 2221 1049   54 2255 1056 2262 1074 2280 1073
 2263   59 2279 1072 2278 1071 2277 1070 2276 1069 2254 1047 1057 2264
 1046 2252 1021 2226 2253 1020 2225 1019 2224 1048 1018 2223 1017 2222
 1010 2214 1009 2213   48 2207 1008   49 2212 1003 2208 1004 2209 1005
 2210 1006 2211 1007 2159  955 2160  877 2081  878 2028  825 2029  826
 2030  827 2031  828 2078  875 2079  876 2080  956 2161  957 2162  958
 2163  959 2164  960 2165  961 2166  962 2167  963 2168  964 2169  965
 2170  966 2171  967 2172  968 2173  969 2174  970 2175  971 2176  972
 2177  973 2178  974 2179  975 2180  976 2181  977 2182  978 2183  979
 2184  980 2185  981 2186  982 2187  983 2188  984 2189  985 2190  986
 2191  987 2192  988 2193  989 2194  990 2195  991 2196  992 2197  993
 2198  994 2199  995 2200  996 2201  997 2202  998 2203  999 2204 1000
 2205 1001 2206 1002   47   46  873 2076  872 2075  871 2074  870 2073
  869 2072  868 2071  867 2070  866 2069  865 2068  864 2067  863 2066
  862 2065  861 2064  860 2063  859 2062  858 2061  857 2060  856 2059
  855 2058  854 2057  853 2056  852 2055  851 2054  850 2053  849 2052
  848 2051  847 2050  846 2049  845 2048  844 2047  843 2046  842 2045
  841 2044  840 2043  839 2042  838 2041  837 2040  836 2039  835 2038
  834 2037  833 2036  832 2035  831 2034  830 2033  829 2077  874 2032
   44 1936  733 1937  734 1938  735 1939  736 1940  737 1941  738 1942
  739 1943  740 1944  741 1945  742 1946  743 1947  721 1925  722 1926
  723 1927  724 1928  725 1929  726 1930  727 1931  728 1932  729 1933
  730 1934  642 1847  643 1848  644 1849  645 1850  646 1851  647 1852
  648 1853  649 1854  650 1855  651 1856 1924  652 1857  720 1923  653
 1858  719 1922  654 1859  718 1921  655 1860  717 1920  656 1861  716
 1919  657 1862  715 1918  658 1863  714 1917  659 1864  713 1916  660
 1865  712 1915  661 1866  711 1914  662 1867  710 1913  663 1868  709
 1912  664 1869  708 1911  665 1870  666 1871  667 1872  668 1873  669
 1874  670 1875  702 1906  703 1907  704 1908  705 1909  706 1910  707
 1961  757 1960  756 1959  755 1958  754 1957  753 1956  752 1955  751
 1954  750 1953  749 1952  748 1951  747 1950  746 1949  745 1948  744
   43  820 2023  819 2022  818 2021  817 2020  816 2019  815 2018  814
 2017  813 2016  812 2015  811 2014  810 2013  809 2012  808 2011  807
  758 2010  806 1962 2009  805  759 1963  760 1964 2008  804  761 1965
 2007  803 2006  762 1966  763  802 2005  801 1967  764 2004  800 1968
  700 1904  701 1905  671 1876  672 1877  673 1903  699 1878  674 1879
 1902]

eliteFit: 29197.0
percentError: 1.47713054358404
computationTime: 834.949s