instanceName: fl3795
n: 3795
optFit: 28772

genTime, gen, eliteFit, percentError:
0.4966602999920724, 0, 3511554.0, 12104.762
25.74806169999647, 1, 31127.0, 8.185
14.706035499999416, 2, 30534.0, 6.124
13.768679000000702, 3, 30534.0, 6.124
13.93254789999628, 4, 30363.0, 5.530
15.048106099988217, 5, 30273.0, 5.217
13.15604099999473, 6, 30241.0, 5.106
12.595365000001038, 7, 30214.0, 5.012
16.2037765999994, 8, 30099.0, 4.612
13.1797549000039, 9, 30004.0, 4.282
13.13960500000394, 10, 29979.0, 4.195
12.266453000003821, 11, 29893.0, 3.896
12.692484400002286, 12, 29841.0, 3.715
12.71201679999649, 13, 29813.0, 3.618
12.505924099998083, 14, 29770.0, 3.469
11.80949439998949, 15, 29770.0, 3.469
11.562980700007756, 16, 29691.0, 3.194
10.563338100007968, 17, 29659.0, 3.083
9.658596399996895, 18, 29659.0, 3.083
9.434600699998555, 19, 29644.0, 3.031
8.20820389999426, 20, 29607.0, 2.902
8.262826699996367, 21, 29580.0, 2.808
9.017928600005689, 22, 29562.0, 2.746
9.172424000003957, 23, 29543.0, 2.680
10.532154599990463, 24, 29523.0, 2.610
9.015459500005818, 25, 29523.0, 2.610
9.285618699999759, 26, 29498.0, 2.523
5.498982299992349, 27, 29482.0, 2.468
5.480930300007458, 28, 29482.0, 2.468
5.581652099994244, 29, 29480.0, 2.461
4.2005809000111185, 30, 29464.0, 2.405
3.795313900001929, 31, 29462.0, 2.398
3.8290871999925002, 32, 29452.0, 2.363
4.204608400003053, 33, 29452.0, 2.363
2.5195250999968266, 34, 29450.0, 2.356
3.0455960999970557, 35, 29449.0, 2.353
2.987370299990289, 36, 29446.0, 2.343
2.6524078999937046, 37, 29445.0, 2.339
3.5260439999983646, 38, 29443.0, 2.332
3.807578599997214, 39, 29438.0, 2.315
4.110627299989574, 40, 29433.0, 2.297
4.543239400009043, 41, 29433.0, 2.297
6.263817899991409, 42, 29426.0, 2.273
7.905230999997002, 43, 29422.0, 2.259
5.846195799997076, 44, 29416.0, 2.238
8.654210299995611, 45, 29406.0, 2.204
8.102282199994079, 46, 29396.0, 2.169
5.187647600003402, 47, 29388.0, 2.141
3.7686912000062875, 48, 29357.0, 2.033
4.709700800012797, 49, 29354.0, 2.023
4.940397500002291, 50, 29350.0, 2.009
5.128481599997031, 51, 29342.0, 1.981
5.858268199997838, 52, 29338.0, 1.967
5.986669200006872, 53, 29327.0, 1.929
5.828577799999039, 54, 29316.0, 1.891
6.60907400000724, 55, 29307.0, 1.859
6.499976800012519, 56, 29293.0, 1.811
5.891202099999646, 57, 29293.0, 1.811
2.920921900004032, 58, 29285.0, 1.783
3.107500300000538, 59, 29282.0, 1.773
3.5132663999975193, 60, 29281.0, 1.769
2.8837390999979107, 61, 29278.0, 1.759
3.2274631000036607, 62, 29278.0, 1.759
2.9540483000018867, 63, 29274.0, 1.745
3.5137897999957204, 64, 29274.0, 1.745
2.5033139000006486, 65, 29274.0, 1.745
2.9005728000047384, 66, 29274.0, 1.745
2.5709918000065954, 67, 29274.0, 1.745
2.59624349999649, 68, 29273.0, 1.741
3.2575611999927787, 69, 29272.0, 1.738
4.029812699998729, 70, 29267.0, 1.720
5.5854097999981605, 71, 29267.0, 1.720
6.437418200002867, 72, 29265.0, 1.713
5.876229300003615, 73, 29263.0, 1.707
4.995040900001186, 74, 29262.0, 1.703
5.269622199994046, 75, 29259.0, 1.693
6.529231599997729, 76, 29257.0, 1.686
7.52823250000074, 77, 29255.0, 1.679
6.371786199990311, 78, 29226.0, 1.578
5.631710699992254, 79, 29223.0, 1.567
7.094772200012812, 80, 29221.0, 1.561
7.261614599992754, 81, 29215.0, 1.540
6.304839700009325, 82, 29211.0, 1.526
6.929078100001789, 83, 29207.0, 1.512
7.5792585000017425, 84, 29207.0, 1.512
6.192894799998612, 85, 29207.0, 1.512
5.250565900001675, 86, 29204.0, 1.501
4.051555500001996, 87, 29201.0, 1.491
5.935450499993749, 88, 29192.0, 1.460
5.532406900005299, 89, 29183.0, 1.428
6.07724660000531, 90, 29183.0, 1.428
5.511898400000064, 91, 29180.0, 1.418
5.639337300002808, 92, 29179.0, 1.415
5.066119799987064, 93, 29167.0, 1.373
4.24932849999459, 94, 29167.0, 1.373
5.650713399998494, 95, 29156.0, 1.335
5.786783599993214, 96, 29155.0, 1.331
5.2023212000058265, 97, 29151.0, 1.317
6.653536900004838, 98, 29142.0, 1.286
5.123553099998389, 99, 29140.0, 1.279
4.7307484000048134, 100, 29138.0, 1.272
4.923357899999246, 101, 29133.0, 1.255
3.8316667000035523, 102, 29119.0, 1.206
2.9296923999936553, 103, 29119.0, 1.206
3.799077000003308, 104, 29116.0, 1.196
3.6488157999992836, 105, 29113.0, 1.185
3.5368161000078544, 106, 29113.0, 1.185
3.3340355999971507, 107, 29111.0, 1.178
2.8706324999948265, 108, 29111.0, 1.178
3.3885125999950105, 109, 29111.0, 1.178
2.1450861999910558, 110, 29111.0, 1.178
2.968154100002721, 111, 29111.0, 1.178
2.7772124000039184, 112, 29111.0, 1.178
2.732905500000925, 113, 29111.0, 1.178
3.4556256999931065, 114, 29111.0, 1.178
2.7017522000096506, 115, 29111.0, 1.178
3.1049116000067443, 116, 29111.0, 1.178
3.43717080001079, 117, 29111.0, 1.178
3.4585111000051256, 118, 29111.0, 1.178
2.9542050000018207, 119, 29111.0, 1.178
2.3204277000040747, 120, 29111.0, 1.178
2.457709700000123, 121, 29111.0, 1.178
2.5853005000099074, 122, 29111.0, 1.178
3.1884422000002814, 123, 29111.0, 1.178
2.6352306000044337, 124, 29110.0, 1.175
2.9621143999975175, 125, 29110.0, 1.175
2.811014000006253, 126, 29110.0, 1.175
3.2037312000029488, 127, 29110.0, 1.175
2.453842300004908, 128, 29110.0, 1.175
2.3922957999893697, 129, 29110.0, 1.175
3.0832533999928273, 130, 29110.0, 1.175
2.7032087999978103, 131, 29110.0, 1.175
3.388949499989394, 132, 29110.0, 1.175
2.9260032000020146, 133, 29110.0, 1.175
2.207790799991926, 134, 29110.0, 1.175
2.9866045999951893, 135, 29110.0, 1.175
2.389062999995076, 136, 29095.0, 1.123
2.742548300011549, 137, 29095.0, 1.123
2.48298290000821, 138, 29095.0, 1.123
2.8356521999958204, 139, 29095.0, 1.123
2.770980999994208, 140, 29095.0, 1.123
2.941905700005009, 141, 29095.0, 1.123
2.3540030000003753, 142, 29095.0, 1.123
2.0954238999984227, 143, 29095.0, 1.123
2.416808099995251, 144, 29095.0, 1.123
2.9059078999998746, 145, 29095.0, 1.123
2.493980700004613, 146, 29095.0, 1.123
3.139577100009774, 147, 29095.0, 1.123
3.6060725999996066, 148, 29095.0, 1.123
2.8727753999992274, 149, 29095.0, 1.123
2.320815400002175, 150, 29095.0, 1.123
3.024637900001835, 151, 29095.0, 1.123
3.061724899991532, 152, 29095.0, 1.123
3.1243428999878233, 153, 29095.0, 1.123
2.722140700003365, 154, 29095.0, 1.123
2.9209305999975186, 155, 29095.0, 1.123
2.747894100000849, 156, 29095.0, 1.123
2.6250798999972176, 157, 29095.0, 1.123
2.3645093999948585, 158, 29095.0, 1.123
2.6144949000008637, 159, 29095.0, 1.123
3.227504399997997, 160, 29095.0, 1.123
4.009994599997299, 161, 29095.0, 1.123
2.8831057000061264, 162, 29095.0, 1.123
3.5270741999993334, 163, 29095.0, 1.123
2.6591090000001714, 164, 29095.0, 1.123
3.088486799999373, 165, 29095.0, 1.123
3.047996900000726, 166, 29091.0, 1.109
3.164481700005126, 167, 29091.0, 1.109
2.4767328000016278, 168, 29091.0, 1.109
2.7207106000132626, 169, 29091.0, 1.109
2.719041999996989, 170, 29091.0, 1.109
3.28510660000029, 171, 29091.0, 1.109
2.473847000001115, 172, 29091.0, 1.109
2.9520574000052875, 173, 29091.0, 1.109
2.6432613000069978, 174, 29091.0, 1.109
2.9006539000110934, 175, 29091.0, 1.109
2.445966600003885, 176, 29091.0, 1.109
3.091915400000289, 177, 29091.0, 1.109
2.6903134000021964, 178, 29091.0, 1.109
3.070809400000144, 179, 29088.0, 1.098
2.8520511999959126, 180, 29088.0, 1.098
2.64035440000589, 181, 29088.0, 1.098
2.946228200002224, 182, 29088.0, 1.098
4.032906499996898, 183, 29088.0, 1.098
2.677596399997128, 184, 29088.0, 1.098
2.772879700001795, 185, 29088.0, 1.098
2.46160680000321, 186, 29088.0, 1.098
3.340697999999975, 187, 29088.0, 1.098
2.767014500001096, 188, 29087.0, 1.095
3.6937045000086073, 189, 29087.0, 1.095
2.715864900004817, 190, 29087.0, 1.095
3.063444999992498, 191, 29087.0, 1.095
2.5897752000018954, 192, 29087.0, 1.095
2.773213399996166, 193, 29087.0, 1.095
2.4728152000025148, 194, 29087.0, 1.095
2.805513699990115, 195, 29087.0, 1.095
2.5552992000011727, 196, 29087.0, 1.095
2.3220610999997007, 197, 29087.0, 1.095
2.98321209999267, 198, 29087.0, 1.095
3.5309928999922704, 199, 29087.0, 1.095
2.4464784000010695, 200, 29087.0, 1.095
2.6582798000017647, 201, 29087.0, 1.095
3.8963892000028864, 202, 29085.0, 1.088
2.433476199992583, 203, 29085.0, 1.088
2.7466101000027265, 204, 29085.0, 1.088
2.747964199996204, 205, 29085.0, 1.088
2.382841099999496, 206, 29085.0, 1.088
2.314176400002907, 207, 29085.0, 1.088
2.401824200002011, 208, 29085.0, 1.088
2.5724967999994988, 209, 29085.0, 1.088
2.7189950999891153, 210, 29085.0, 1.088
3.1251189000031445, 211, 29085.0, 1.088
3.107761199993547, 212, 29085.0, 1.088
2.8639002999989316, 213, 29085.0, 1.088
2.659625900007086, 214, 29085.0, 1.088
2.9577782999986084, 215, 29085.0, 1.088
2.6655156000051647, 216, 29085.0, 1.088
2.6454015000053914, 217, 29085.0, 1.088
2.7101414000062505, 218, 29085.0, 1.088
3.116981500003021, 219, 29085.0, 1.088
2.8744461000023875, 220, 29085.0, 1.088
2.3644926999986637, 221, 29085.0, 1.088
2.611563300000853, 222, 29085.0, 1.088
3.1682589999982156, 223, 29085.0, 1.088
2.6250449000071967, 224, 29085.0, 1.088
2.5074815999978455, 225, 29085.0, 1.088
2.7654507999977795, 226, 29085.0, 1.088
2.625854199999594, 227, 29085.0, 1.088
2.4397565000108443, 228, 29085.0, 1.088
2.244943700003205, 229, 29085.0, 1.088
2.831162200003746, 230, 29085.0, 1.088
2.6252651999966474, 231, 29085.0, 1.088
3.255041299998993, 232, 29085.0, 1.088
2.9978263000084553, 233, 29085.0, 1.088
2.547355600006995, 234, 29085.0, 1.088
2.9077875000075437, 235, 29085.0, 1.088
2.428483800002141, 236, 29085.0, 1.088
2.8798069000040414, 237, 29085.0, 1.088
3.1656220000004396, 238, 29085.0, 1.088
3.287361599999713, 239, 29085.0, 1.088
2.75337479999871, 240, 29085.0, 1.088
2.9751906000019517, 241, 29085.0, 1.088
2.6842391999962274, 242, 29085.0, 1.088
3.0057591999939177, 243, 29085.0, 1.088
2.8696235999959754, 244, 29085.0, 1.088
3.508860999994795, 245, 29085.0, 1.088
2.3223244000109844, 246, 29085.0, 1.088
2.4011116000037873, 247, 29085.0, 1.088
3.273330600000918, 248, 29085.0, 1.088
3.091144100006204, 249, 29085.0, 1.088
2.4375265999988187, 250, 29085.0, 1.088
2.6693808999989415, 251, 29085.0, 1.088
3.0231136999937007, 252, 29085.0, 1.088

tour:
[3463 3730 2701 3040 3729 3084 3760 3129 2758 3779 3506 2730 3464 3083
 3759 3128 2757 3505 2729 3780 3127 2756 3781 3126 2755 3757 3462 3731
 3038 2699 3707 3372 3681 2646 3011 3396 3060 3483 3441 2714 3156 3531
 3157 3532 3158 3104 3442 3012 3397 3061 3013 3398 3014 3399 3015 3484
 3105 3159 3533 3160 3534 2741 3106 3485 3107 3443 3016 3400 3062 3486
 3161 3535 3162 3444 3017 3401 3063 3445 3064 3163 3536 3164 2769 3165
 3537 3166 3446 3065 3018 3402 3019 3403 3066 3447 3067 3020 3404 3021
 2685 3487 3108 3167 3538 3168 3539 3109 3488 3110 3022 3405 3023 3540
 3169 3541 3170 3489 3111 3448 3068 3449 3069 2715 3491 3113 3490 3112
 3542 3171 3543 3172 3544 3173 3545 3406 3024 3407 3025 2647 2983 3682
 3371 2648 2982 3683 2649 3370 2670 3418 3705 2697 3080 3502 3755 3461
 3037 2671 3706 3419 3732 3081 2698 3756 2754 3782 3503 2727 3125 2753
 3783 2752 3124 2726 3733 3036 3704 3417 2696 3460 3754 3501 3784 2725
 3079 3734 3035 3703 3369 2669 2981 3684 2650 3685 2980 3416 2695 3459
 3123 2751 3500 3753 3078 2724 3122 3785 2750 3499 3786 3121 2723 3077
 3752 3458 3735 2694 3415 3736 3033 2667 2979 3702 3034 2668 3368 2651
 3686 3367 2652 2978 3701 2693 3457 3751 2749 3498 2722 3076 3414 2666
 3032 3737 3456 3750 3120 3787 2748 3497 3788 2721 3119 3749 3074 3739
 3412 3699 3031 2691 3455 3738 3075 2692 3413 2665 2977 3700 3366 3687
 2653 3688 3365 2654 2976 3689 2664 3030 3364 2655 3698 2975 3690 3363
 2663 3411 3740 2719 3073 2690 3454 2720 3496 2747 3789 3118 3748 2746
 3495 3790 3117 2745 3791 2744 3116 3746 3452 2718 3494 3747 3453 2689
 3072 3741 3410 3029 3697 2656 2974 2662 3028 3696 3362 3691 2657 2973
 3692 3361 2661 3409 2688 3071 3742 3027 2687 3451 2717 3493 3792 3115
 3745 3070 2716 3492 2743 3793 2742 3114 3744 3450 2686 3026 3694 2660
 3743 3408 3695 2972 2658 3693 3360 2659   75 2497 2479 1274 2478 1273
 2477 1272 2476 1271 2475 1270 2474 1269 2473 1268 2472 1267 2471 1266
 2470 1265 2469 1264 2468 1263 2467 1262 2466 1261 2465 1260 2464 1259
 2463 1258 2462 1257 2461 1256 2460 1255 2459 1254 2458 1253 2457 1252
 2456 1251 2455 1250 2454 1249 2453 1248 2452 1247 2451 1246 2450 1245
 2449 1244 2448 1243 2447 1242 2446 1241 2445 1240 2444 1239 2443 1238
 2442 1237 2441 1236 2440 1235 2439 1234 2438 1233 2437 1232 2436 1231
 2435 1230 2434 1229 2433 1228 2432 1227 2431 1226 2430 1225 2429 1224
 2428 1223 2427 1222 2426 1221 2425 1220 2424 1219 2423 1218 2422 1217
 2421 1216 2420 1215 2419 1214 2418   74 1213 2417 1212   73 2480 1275
 2481 1276 2416 1211 2415 1210 2482 1277 2483 1278 2414 1209 2413 1208
 2412 1207 2411 1206 2410 1205 2409 1204 2408 1203 2407 1202 2406 1201
 2405 1200 2404 1199 2403 1198 2402 1197 2401 1196 2400 1195 2399 1194
 2398 1193 2397 1192 2396 1191 2395 1190 2394 1189 2393 1188 2392 1187
 2391 1186 2390 1185 2389 1184 2388 1183 2387 1182 2386 1181 2385 1180
 2384 1179 2383 1178 2382 1177 2381 1176 1118 2326 1117 2325 1116 2324
 1115 2323 1114 2322 1113 2321 1112 2320 1111 2319 1110 2318 1109 2317
 1108 2316 1107 2315 1106 2314 1105 2313 1104 2312 1103 2311 1102 2310
 1101 2309 1100 2308 1099 2307 1098 2306 1097 2305 1096 2304 1095 2303
 1094 2302 1093 2301 1092 2300 1091 2299 1090 2298 1089 2297 1088 2296
 1087 2295 1086 2294 1085 2293 1084 1063 2271 1064 1037 2242 1036 2241
 1035 2240 1034 2239 1033 2238 1032 2237 1031 2236 1030 2235 1029 2234
 1028 2233 1027   50 2243 1038 2270 1062 2244 1039 2245 2269 1061 2268
   56 1040 2232 2246 1026 2231 1041   61 2289   62 2327 1081 2290 1119
 1082 2291 1083 2292   68 2347 1155 2362 1154 1158 2364 1157 2363 1156
 1141 2346 1140 2345 1139 2344 1138 2343 2375 1168 2374 1167 2373 1166
 2372 1165 2371 1164 2370 2361 1153 2360 1152 2359 2348 1142   69 1137
   67 2342 1136 2341 1143 2349 1144 1159 2365 1160 2366   72 1163 2369
 1162 2353 1148 2354   70 2329 1121 2330 1122 2331 1123   65 1132 2339
 1133 2358 1151 2357 1150 2356   71 1149 2355 2368 1175 2380 1174 2379
 1173 2378 1172 1171 2377 1170 2376 1169 2367 1161 1127 2283 1075 2335
 1128 2282 2259 1052 2336 1129 2337 1130 2338 1131 2495 2496 2215 1011
 2216 1012 2217 1013 2218   55 1014 2258 1053 2260 1054 1051 2219 1015
 2257 2220 1016 1050 2261 1055 2256 1049 2221   54 2255 2263   59 1073
 2280 1056 2262 1074   60 2281 1077 2284 1076 2334 1126 2333 1125 2332
 1124   64 2279 1072 2278 1071 2277 1070 2276 1069 1120 2328   66 1147
 2352 1146 2351 1145 2350 1134 2340 1135   63 2288 2273 1066 2272 1065
   57 2248 1042 2247 1025 2230 1024   51 2229 1023 2228 1022 2249   52
 1043 2250 1060 2267   58 1067 2274 1080 2287 1068 2266 1044 2251 1045
   53 2227 1021 2252 2264 1058 2265 1059 2275 1079 2286 1078 2285 1057
 1047 2253 1046 2226 1020 2225 2254 1048 1019 2224 1018 2223 1017 2222
 1010 2214 1009 2213 1008 2207   48 1003 2212   49 2208 1004 2209 1005
 2210 1006 2211 1007 2161  876 2079  957 2162  875 2078  958 2163  874
 2077  959 2164  960 2165  961 2166  962 2167  963 2168  964 2169  965
 2170  966 2171  967 2172  968 2173  969 2174  970 2175  971 2176  972
 2177  973 2178  974 2179  975 2180  976 2181  977 2182  978 2183  979
 2184  980 2185  981 2186  982 2187  983 2188  984 2189  985 2190  986
 2191  987 2192  988 2193  989 2194  990 2195  991 2196  992 2197  993
 2198  994 2199  995 2200  996 2201  997 2202  998 2203  999 2204 1000
 2205 1001 2206 1002   47   46  873 2076  872 2075  871 2074  870 2073
  869 2072  868 2071  867 2070  866 2069  865 2068  864 2067  863 2066
  862 2065  861 2064  860 2063  859 2062  858 2061  857 2060  856  806
 2009  805 2008  804 2007  803 2006  802 2005  801 2004  800 2003  799
 2002  798 2001  797 2000  796 1999  795 1998  794 1997  793 1996  792
 1995  791 1994  790 1993  789 1992  788 1991  787 1990  786 1989  785
 1988  784 1987  783 1986  782 1985  781 1984  780 1983 1785  582 1786
  583 1787  584 1788  585 1789  586 1790  587 1791  588 1792  589 1793
  590 1794  591 1795  592 1796  593 1797  594 1798  595 1799  596 1800
  597 1801  598 1802  599 1803  600 1804  601 1805  602 1806  603 1807
  604 1808  605 1809  606 1810  607 1811  608 1812  609 1813  610 1814
  611 1815  612 1816  613 1817  614 1818  615 1819  616 1820  617 1821
  618 1822  619 1823  620 1824  621 1825  622 1826  623 1827  624 1828
  625 1829  626 1830  627 1831  628 1832  629 1833  630   39 1834  523
 1726  522 1725  521 1724  520 1723  519 1722  518 1721  517   36 1720
  524 1727  525 1728  526 1729  527 1730  528 1731  529 1732  530 1733
  531 1734  532 1735  533 1736  534 1737  535 1738  536 1739  537 1740
  538 1741  539 1742  540 1743  541 1744  542 1745  543 1746  544 1747
  545 1748  546 1749  547  578 1780  577 1779  576 1778  575 1777  574
 1776  573 1775  572 1774  571 1773  570 1772  569 1771  568 1770  567
 1769   40 1781  566 1768  565  579 1782  580 1783  581 1784 1767   42
  564 1766  563 1765  562 1764  561 1763  560   41 1762  559 1761  558
 1760  557 1759  556 1758  555 1757  554 1756  553 1755  552 1754  551
 1753  550 1752  549 1751  548 1750  516 1719  515 1718  514 1717  513
 1716  512 1715  511 1714  510 1713  509 1712  508 1711  507 1710  506
 1709  505 1708  504  503 1707  502 1706  501 1705  500 1704  499 1703
  498 1702  497 1701  496 1700  495 1699  494 1698  493 1697  492 1696
  491 1695  490 1694  489 1693  488 1692  487 1691  486 1690  485 1689
  484 1688  483 1687  482 1686  481 1685  480 1684  479 1683  478 1682
  477 1681  476 1680  475 1679  474 1678  473 1677  472 1676  471 1675
  470 1674  469 1673  468 1672  467 1671  466 1670  465 1669  464 1668
  463 1667  462 1666  461 1665  460 1664  459 1663  458  454 1658  453
 1657  452 1656  451 1655  450 1654  449 1653  448 1652  447 1651  446
 1650  445 1649  444 1648  443 1647  442 1646  441 1645  440 1644  439
 1643  438 1642  437 1641  436 1640  435 1639  434 1638  433 1637  432
 1636  431 1635  430 1634  429 1633  428 1632  427 1631  426 1630  425
 1629  424 1628  423 1627  422 1626  421 1625  420 1624  419 1623  418
 1622  417 1621  416 1620  415 1619  414 1618  413 1617  412 1616  411
 1615  410 1614  409 1613  408 1612  407 1611  406 1610  405 1609  404
 1608  403 1607  402 1606  401 1605  400 1604  399 1603  398 1602  397
 1601  396 1600  395 1599  394 1598  393 1597  392 1596  391 1595  390
 1594  389 1593  388 1592  387 1591  386 1590   35  237 1440  236 1439
  235 1438  234 1437  233 1436   34  218  210 1413   25 1421  219 1422
  220 1423  221 1424  222 1425  223 1426   28   29 1428  225 1427  224
    0 2606 3645 2971 3646 2607 3359 2605 3596 3264 2550 2867 3263 2551
 2868 3644 2970 3647 3358 2604 3265 3597 2869 3643 3266 2552 3262 3593
 2771 2548 2866 3594 2549 3174 3595 2498 3546 2770 2499 3175 3547 2500
 3176 3548 2772 2547 2865 3598 2870 2603 2969 2608 3648 3357 2609 2968
 3642 2553 3261 3592 2501 3549 2773 3177 2546 2864 3599 3267 2602 3356
 3649 2610 3650 2967 3641 2871 3260 3591 3178 2502 3550 2774 3590 3179
 2503 3551 2544 2775 2504 3180 3552 2776 2543 3257 3602 2861 3589 3258
 2556 3270 3639 2873 3601 2862 2555 2872 3259 2545 2863 2554 3268 3600
 2601 3355 3640 3269 2600 2966 2611 3651 3354 2612 3652 2965 2599 3353
 3638 2874 2557 2860 3588 2505 3181 3553 2542 3256 3603 3271 2598 2964
 2613 3653 3352 2614 3637 2875 2558 2859 3587 2777 2506 3182 3554 2778
 2541 3255 2559 3273 3605 2877 2596 3636 2876 3604 3272 2597 2963 3654
 3351 2615 2962 3655 3350 2616 2961 3656 3349 3634 2878 2595 3274 3635
 2560 2857 3585 3254 2540 2858 3586 3183 2507 3555 2779 2508 3556 3184
 2539 3253 3606 2561 3275 2960 2617 3657 2618 3348 2594 3607 3252 2538
 2856 3584 2780 2509 3185 3557 2781 2510 3583 2562 2879 3633 3347 2959
 3346 2782 3186 2783 3187 2855 3251 2881 3277 2563 2880 3276 2958 3345
 2957 3344 2956 3278 2854 3250 2882 3343 2955 3342 2784 3188 2785 2537
 2786 3189 2787 3280 2884 3279 2883 3341 2954 3340 2953 2885 2853 3249
 3190 2788 3191 2789 2851 3248 2852 2952 3339 2951 2619 2950 3338 2949
 2850 3247 2849 3192 2790 3246 2948 3337 2947 3281 2848 3193 2791 3245
 2886 3282 2593 3336 2946 3335 2945 2888 3283 2887 2792 3194 2793 3195
 2794 3196 2795 2847 3244 2889 2944 3334 2943 3284 2846 3197 2796 3243
 2564 3333 2942    1   86 1288   85 1287   84 1286    4 1294   92 1295
   93 1296   94 1297   95 1298   96    5 1299  132 1335  133 1336  134
 2487 2492  172 1374  173 1375  174 1376   20  175  187 1388  186   24
 1389  188 1387 1390  185 1386  189 1391  184 1385  190 1392  183 1384
  191 1393 2493  182 2491 1373  171 1372   21  170   19 1359  157 1358
  156 1357  155  150   13 1353  151 1356  154 1354  152 1355  153 2488
 1334  131   12  116 1320  117    8 1319  115 1321  118 1318  114 1322
  119 1317  113 1323  120 1316  112 1324  121    9 1315 2485   88 1289
   87   83 1285   82 1284 1283   81 1282   80 1281    3   79 1280   78
 1279   77    6 1293   91 1292   90 1291   89 1290 2484  102 1305  103
 1306  104 1307  105 1308  106 1309  107 1310  108 1311  109 1312  110
 1313   10 1328  111 1314  125 1327 2486  124 1326  123    7 1304  101
 1303  100 1302   99 1301   98 1300   97  127 1331  128 1332  129 1333
  130   14 1352  149 1351  148 1350  147 1349  146 1348 2489  122 1325
   11 1330  126 1329 1340  138 1339  137 1338  136 1337  135   15   18
  162 1363  161 1362  160 1361  159 1360  158 1370  168 2490 1379  177
 1378  169 1371  176 1377 1412  209 1411  208 1410  207 1409  206 1408
  205 1407  204 1394  192 1406  203 1395  193 1405 1396  202 1404  194
 1397  195 1398  196 1399  197 1400  198 1401  199 1402  200 1403  201
   23   22 1380  178 1381  179 1382  180 1383  181 1369  167 1368  166
 1367  165 1366  164 1365  163 1364   17 1347   16  145 1346  144 1345
  143 1344  142 1343  141 1342  140 1341  139 2620 3658 2941 3632 3285
 2565 3582 3198 2511 3558 2512 3559 2798 2513 3200 3560 2514 3561 2800
 2533 3201 3579 2799 2534 2843 3580 2535 3199 3581 2797 2536 2845 3608
 2890 2592 3332 3631 2621 2940 3659 3331 2622 3660 2590 2939 3630 2891
 2591 3286 2566 3242 2844 3609 3241 2567 3287 3610 3240 2842 3611 2893
 2569 3289 3628 3329 2589 3288 2568 2892 3629 3330 2623 2938 3661 2624
 2937 3662 2588 3328 2625 3663 3327 2587 2936 3627 2894 3612 2570 3290
 3613 2895 3626 2626 2935 3664 2627 3326 2586 3291 2571 2839 3204 3576
 3237 2802 2531 2840 3577 3238 2532 3202 2841 3239 3578 2515 3562 2801
 2516 3203 3563 2517 3564 2530 3236 3614 2896 3625 3292 2572 2838 3575
 2803 2518 3565 3205 2529 2804 2519 3206 3574 2837 2528 3566 2805 2520
 3207 2527 3567 2806 3572 2835 2526 3208 2521 3568 2807 3232 3618 2576
 2834 3571 3209 2522 3569 2525 2808 2523 3570 3231 3619 3296 2581 2930
 3621 2900 2582 3295 3622 3323 2583 2899 2575 3233 3617 2836 3573 3234
 3616 2573 3235 3615 2897 3624 3325 2585 2934 3665 2628 2933 3293 2584
 2898 2574 3294 3623 3324 3666 2629 2932 3667 2630 2931 3668 3322 2631
 3669 3321 2632 3620 2901 2577 2809 3210 2810 3211 3320 2929 3319 2928
 3318 3297 2902 2578 2833 3230 3298 2927 3317 2903 2832 3229 2904 3299
 2926 3316 2925 3315 2811 3212 2812 2905 3300 2524 2813 3213 2814 2831
 3228 3214 2815 3215 2816 2829 3227 2830 2907 3301 2906 3314 2924 3313
 2923 2922 3312 2921 2633 2920 3311 2919 2828 3226 2827 3216 2817 3225
 2918 3310 2917 3302 2826 3217 2818 3224 2908 3303 2580 3309 2916 3308
 2915 2910 3304 2909 2819 3218 2820 3219 2821 3220 2822 3221 2823 3222
 2579 3305 2824 3223 2825 2911 2914 3307 2913 3306 2912    2  211 1414
   26  212 1415  213 1416  214 1417  215 1418  216 1419  217 1420   27
   30 1430  227 1429  226 1462  259 1463  260 1464  261 1465  262 1466
  263 1467  264 1468  265 1469  266 1470  267 1471  268 1472  269 1473
  270 1474  271 1475  272 1476  232 1435  273 1477  231 1434  274 1478
  230 1433  275 1479  229 1432  276 1480  228 1431  277   32 1481  278
 1482  279 1483  280 1484  281 1485  282 1486  283 1487  284 1488  285
 1489  286 1490  287 1491  288 1492  289 1493  290 1494  291 1495  292
 1496  293 1497  294 1498  295 1499  296 1500  297 1501  298 1502  299
 1503  300 1504  301 1505  302 1506  303 1507  304 1508  305 1509  306
 1510  307 1511  308 1512  309 1513  310 1514  311 1515  312 1516  313
 2494 1517   31  314 1518  315 1519  316 1520  317 1521  318 1522  319
 1523  320 1524  321 1525  322 1526  323 1527  324 1528  325 1529  326
 1530  327 1531  328 1532  329 1533  330 1534  331 1535  332 1536  333
 1537  334 1538  335 1539  336 1540  337 1541  338 1542  339 1543  340
 1544  341 1545  342 1546  343 1547  344 1548  345 1549  346 1550  347
 1551  348 1552  349 1553  350 1554  351 1555  352 1556  353 1557  354
 1558  355 1559  356 1560  357 1561  358 1562  359 1563  360 1564  361
 1565  362 1566  363 1567  364 1568  365 1569  366 1570  367 1571  368
 1572  369  258 1461  257 1460  256 1459  255 1458  254 1457  253 1456
  252 1455  251 1454  250 1453  249 1452  248 1451  247 1450  246 1449
  245 1448  244 1447  243 1446  242 1445  241 1444  240 1443  239 1442
  238 1441   33 1659  455 1660  456 1661  457 1662 1589  385 1588  384
 1587  383 1586  382 1585  381 1584  380 1583  379 1582  378 1581  377
 1580  376 1579  375 1578  374 1577  373 1576  372 1575  371 1574  370
 1573   37 1835  631 1836  632 1837  633 1838  634 1839  635 1840  636
 1841  637 1842  638 1843  639 1844  640   38  732 1845  641 1935   44
 1936  733 1937  734 1938  735 1939  736 1940  737 1941  738 1942  739
 1943  740 1944  741 1945  742 1946  743 1947  744   43  820 1948  745
 2023  819 1949  746 2022  818 1950  747 2021  817 1951  748 2020  816
 1952  749 2019  815 1953  750 2018  814 2017  813 1955  751 1954  714
 1918  715 1919  716 1920  717 1921  718 1922  719 1923  720 1924  721
 1925  722 1926  723 1927  724 1928  725 1929  726 1930  727 1931  728
 1932  729 1933  730 1934  731 1846  642 1847  643 1848  644 1849  645
 1850  646 1851  647 1852  648 1853  649 1854  650 1855  651 1856  652
 1857  653 1858  654 1859  655 1860  656 1861  657 1862  658 1863  659
 1917  713 1864  660 1916  712 1865  661 1915  711 1866  662 1914  710
 1867  663 1913  709 1868 1912  664 1869  665  708 1911  707 1910 1870
  666 1871  706 1909  667 1872  705 1908  668 1873  704 1907  669 1874
  703 1906  670 1875  702 1905  671 1876  701 1904  672 1877  700 1903
  673 1878  699 1902  674 1879  698 1901  675 1880  697 1900  676 1881
  696 1899  677 1882  695 1898  678 1883  694 1897  679 1884  693 1896
  680 1885  692 1895  681 1886  691 1894  682 1887  690 1893  683  689
 1892  688 1891  687 1890  686 1889  685 1888  684  779 1982  778 1981
  777 1980  776 1979  775 1978  774 1977  773 1976  772 1975  771 1974
  770 1973  769 1972  768 1971  767 1970  766 1969  765 1968  764 1967
  763 1966  762 1965  761 1964  760 1963  759 1962  758 1961  757 1960
  756 1959  755 1958  754 1957  753 1956  752 2016  812 2015  811 2014
  810 2013  809 2012  808 2011  807 2010 2059  855 2058  854 2057  853
 2056  852 2055  851 2054  850 2053  849 2052  848 2051  847 2050  846
 2049  845 2048  844 2047  843 2046  842 2045  841 2044  840 2043  839
 2042  838 2041  837 2040  836 2039  835 2038  834 2037  833 2036  832
 2035  831 2034  830 2033  829 2032  828 2031  827 2030  826 2080  956
 2160  877 2029  825 2081  955 2159  878 2028  824 2082  954 2158  879
 2027  823 2083  953 2157  952 2084  880 2026  822 2025  881 2156  951
 2085  821 2024  882 2155  950 2086  883 2154 2087  884 2088  885 2089
  886 2090  887 2091  888 2092  889 2093  890 2094  891 2095  892 2096
  893 2097  894 2098  895 2099  896 2100  897 2101  898 2102  899 2103
  900 2104  901 2105  902 2106  903 2107  904 2108  905 2109  906 2110
  907 2111  908 2112  909 2113  910 2114  911 2115  912 2116  913 2117
  914 2118  915 2119  916 2120  917 2121  918 2122  919 2123  920 2124
  921 2125  922 2126  923 2127  924 2128  925 2129  926 2130  927 2131
  928 2132  929 2133  930 2134  931 2135  932 2136  933 2137  934 2138
  935 2139  936 2140  937 2141  938 2142  939 2143  940 2144  941 2145
  942 2146  943 2147  944 2148  945 2149  946 2150  947 2151  948 2152
  949 2153   45 3794   76 3138 3516 3139 3517 3140 3051 3433 3094 3474
 3050 2712 3432 2996 3384 2997 3385 2998 3386 2999 3387 3000 3475 3095
 3141 3518 3142 3519 3096 2740 3476 3097 3434 3001 3388 3052 3477 3143
 3520 3144 3435 3002 3389 3053 3436 3054 3145 3521 3146 2768 3147 3522
 3055 3003 3390 3004 3437 3056 3391 3438 3148 3149 3523 3098 3057 3005
 3392 3006 2684 3099 3478 3150 3524 3479 3100 3007 3393 3008 3525 3151
 3526 3101 3439 3058 3440 3059 2713 3481 3102 3480 3152 3527 3153 3528
 3103 3482 3154 3529 3394 3009 3395 3010 3155 3530 3769 2767 3515 2739
 3093 3473 3720 3431 2711 3719 2634 2995 2683 3049 2710 3092 3768 3137
 3770 2766 3514 2738 3136 3771 2765 3772 3513 3767 3091 2709 3472 3721
 3048 3430 3718 3383 3670 2635 2994 2682 3671 3382 2636 3672 2993 3717
 3429 2681 3381 2637 3716 3047 3722 2737 3471 3766 3135 2764 3512 3773
 2736 3134 2763 3511 3765 3470 3723 3090 2708 3428 2680 2992 3673 3380
 3715 3046 2707 3427 2679 3045 3724 3089 2735 3774 3133 2762 3764 3469
 2706 3426 3714 3379 2991 2638 3674 2639 3675 2990 2678 3044 3725 3088
 3468 2734 3510 3775 3132 2761 3509 3776 2760 3131 2733 3087 3763 2705
 3425 3726 3043 3377 2677 2989 3713 3378 2640 3676 2641 3677 2988 3712
 3424 2704 3467 3762 3086 2732 3508 3777 3130 2759 3778 3507 2731 3085
 3761 3466 3727 3042 2676 3376 3711 2642 2987 3423 2703 3728 3465 2702
 3422 3710 3041 2675 3678 3375 2643 2986 2674 3679 3374 3709 3421 2673
 2985 2644 3680 3373 2645 2984 2672 3420 3708 3039 2700 3082 2728 3504
 3758]

eliteFit: 29085.0
percentError: 1.0878632003336577
computationTime: 1128.121s