instanceName: kroE100
n: 100
optFit: 22068

genTime, gen, eliteFit, percentError:
0.00011249999806750566, 0, 152371.0, 590.461
0.005106099997647107, 1, 22337.0, 1.219
0.003197999991243705, 2, 22306.0, 1.078
0.0029088000010233372, 3, 22233.0, 0.748
0.002844799993908964, 4, 22191.0, 0.557
0.002622900006826967, 5, 22188.0, 0.544
0.003123100002994761, 6, 22073.0, 0.023
0.0023708000080659986, 7, 22073.0, 0.023
0.0023194999957922846, 8, 22073.0, 0.023
0.002170699997805059, 9, 22073.0, 0.023
0.0018752999894786626, 10, 22073.0, 0.023
0.0015522000030614436, 11, 22073.0, 0.023
0.0013618000084534287, 12, 22073.0, 0.023
0.0012504999904194847, 13, 22073.0, 0.023
0.001253900001756847, 14, 22068.0, 0.000

tour:
[53 24 96 64  7  4 41 89 47 67 37 32 21 38 42 85 18 93 17 23 28 99 77 52
 33  5 69 36 76 84 95 10  1  3 81 91 26 66 86 40 74 12 54 90 92 29 65 30
  8 56 79  9 59 49 48 19 14 55 61 63 22 27 35 94 58 97 50 68 46  2 45 25
 78 80 88 71 43 51 13 60 70 15 72 82  0 73 20  6 75 11 31 57 62 87 34 39
 83 16 98 44]

eliteFit: 22068.0
percentError: 0.0
computationTime: 0.042s