instanceName: kroE100
n: 100
optFit: 22068

genTime, gen, eliteFit, percentError:
0.00010630000906530768, 0, 153941.0, 597.576
0.005163199995877221, 1, 22756.0, 3.118
0.0025852999970084056, 2, 22376.0, 1.396
0.0031670000025769696, 3, 22376.0, 1.396
0.002917699996032752, 4, 22243.0, 0.793
0.003151800003251992, 5, 22243.0, 0.793
0.0016127999988384545, 6, 22073.0, 0.023
0.0015647999971406534, 7, 22073.0, 0.023
0.002481999996234663, 8, 22073.0, 0.023
0.002090099995257333, 9, 22073.0, 0.023
0.002422999998088926, 10, 22073.0, 0.023
0.0013575000048149377, 11, 22073.0, 0.023
0.0009400999988429248, 12, 22073.0, 0.023
0.0009236999903805554, 13, 22073.0, 0.023
0.0012401999993016943, 14, 22073.0, 0.023
0.0013755000109085813, 15, 22073.0, 0.023
0.0009677000052761286, 16, 22073.0, 0.023
0.0009539000020595267, 17, 22073.0, 0.023
0.0010456000018166378, 18, 22073.0, 0.023
0.0020732999983010814, 19, 22073.0, 0.023
0.001037699999869801, 20, 22073.0, 0.023
0.0009895000112010166, 21, 22073.0, 0.023
0.0009270999871660024, 22, 22073.0, 0.023
0.0016125999973155558, 23, 22073.0, 0.023
0.0014089000032981858, 24, 22073.0, 0.023
0.0010607000003801659, 25, 22073.0, 0.023
0.0010729999921750277, 26, 22073.0, 0.023
0.0014604000025428832, 27, 22073.0, 0.023
0.0009966000070562586, 28, 22073.0, 0.023
0.0009680000075604767, 29, 22068.0, 0.000

tour:
[20 73  0 82 72 15 70 60 13 51 43 71 88 80 78 25 45  2 46 68 50 97 58 94
 35 27 22 63 61 55 14 19 48 49 59  9 79 56  8 30 65 29 92 90 54 12 74 40
 86 66 26 91 81  3  1 10 95 84 76 36 69  5 33 52 77 99 28 23 17 93 18 85
 42 38 21 32 37 67 47 89 41  4  7 64 96 24 53 44 98 16 83 39 34 87 62 57
 31 11 75  6]

eliteFit: 22068.0
percentError: 0.0
computationTime: 0.065s