instanceName: kroE100
n: 100
optFit: 22068

genTime, gen, eliteFit, percentError:
0.0001402000052621588, 0, 147803.0, 569.762
0.004881100001512095, 1, 22785.0, 3.249
0.002703799997107126, 2, 22527.0, 2.080
0.0024800999963190407, 3, 22527.0, 2.080
0.0030764999974053353, 4, 22444.0, 1.704
0.0025378000136697665, 5, 22257.0, 0.856
0.003269000008003786, 6, 22257.0, 0.856
0.0027002999995602295, 7, 22257.0, 0.856
0.0032008999987738207, 8, 22140.0, 0.326
0.002097499993396923, 9, 22140.0, 0.326
0.002339600003324449, 10, 22140.0, 0.326
0.0021906000038143247, 11, 22137.0, 0.313
0.0038976999931037426, 12, 22121.0, 0.240
0.002445799997076392, 13, 22121.0, 0.240
0.0027176000003237277, 14, 22121.0, 0.240
0.0023475000052712858, 15, 22121.0, 0.240
0.0028454999992391095, 16, 22121.0, 0.240
0.0023112999915611, 17, 22121.0, 0.240
0.0021514999971259385, 18, 22121.0, 0.240
0.0016751999937696382, 19, 22121.0, 0.240
0.0015324999985750765, 20, 22121.0, 0.240
0.0011831000010715798, 21, 22121.0, 0.240
0.000995499998680316, 22, 22121.0, 0.240
0.0018457999976817518, 23, 22121.0, 0.240
0.0009296000062022358, 24, 22121.0, 0.240
0.0011191000085091218, 25, 22121.0, 0.240
0.0011408999998820946, 26, 22121.0, 0.240
0.0013122999953338876, 27, 22121.0, 0.240
0.0014493000053334981, 28, 22121.0, 0.240
0.0010149999870918691, 29, 22121.0, 0.240
0.000999800002318807, 30, 22121.0, 0.240
0.0013466000091284513, 31, 22121.0, 0.240
0.0012218000047141686, 32, 22121.0, 0.240
0.00098230000003241, 33, 22121.0, 0.240
0.0009194000012939796, 34, 22121.0, 0.240
0.0009210999996867031, 35, 22121.0, 0.240
0.0018901000003097579, 36, 22121.0, 0.240
0.0011070999898947775, 37, 22121.0, 0.240
0.0010418000019853935, 38, 22121.0, 0.240
0.0009234000026481226, 39, 22121.0, 0.240
0.0013537999911932275, 40, 22121.0, 0.240
0.0009683000098448247, 41, 22121.0, 0.240
0.0011626000050455332, 42, 22121.0, 0.240
0.0010601999965729192, 43, 22121.0, 0.240
0.00129489999380894, 44, 22121.0, 0.240
0.0012707999994745478, 45, 22121.0, 0.240
0.0011287999950582162, 46, 22121.0, 0.240
0.001014900000882335, 47, 22121.0, 0.240
0.0009806999878492206, 48, 22121.0, 0.240
0.002218399997218512, 49, 22121.0, 0.240
0.0010268999903928488, 50, 22121.0, 0.240
0.0009529000089969486, 51, 22121.0, 0.240
0.0010092000011354685, 52, 22121.0, 0.240
0.002043600004981272, 53, 22121.0, 0.240
0.007904899990535341, 54, 22121.0, 0.240
0.008441099998890422, 55, 22121.0, 0.240
0.0012080000014975667, 56, 22121.0, 0.240
0.0014179999998304993, 57, 22121.0, 0.240
0.0032415000023320317, 58, 22121.0, 0.240
0.0010320000001229346, 59, 22121.0, 0.240
0.0012910999939776957, 60, 22121.0, 0.240
0.001564099991810508, 61, 22121.0, 0.240
0.0009085999918170273, 62, 22121.0, 0.240

tour:
[ 6 20 68 50 97 58 94 35 27 22 63 57 31 11 75 62 87 34 39 24 53 44 98 16
 83 61 55 14 19 48 49 59  9 79 56 96 64  7  4 41 47 89 29 65 30  8 86 40
 26 66 81 91 74 12 92 90 54  5 69  3  1 10 95 84 76 36 33 52 77 99 28 23
 17 93 18 85 42 38 21 32 37 67 71 43 51 13 88 80 70 60 72 15 78 25 45  2
 46 82  0 73]

eliteFit: 22121.0
percentError: 0.24016675729563167
computationTime: 0.156s