instanceName: pr76
n: 76
optFit: 108159

genTime, gen, eliteFit, percentError:
0.00010409999231342226, 0, 498001.0, 360.434
0.0033534000103827566, 1, 109455.0, 1.198
0.0014912000042386353, 2, 108843.0, 0.632
0.0015143999917199835, 3, 108159.0, 0.000

tour:
[49 48 50 65 64 70 71 72 63 62 61 60 40 59 58 57 56 55 54 51 52 53 41 42
 27 26 25 19 18 30 29 28 31 32 34 33 39 38 37 35 36 17 16 15 14 73 13 12
 11 10  9  8  7  6  5  4  3  2  1 74 75  0 22 21 20 24 23 45 44 43 47 46
 68 67 69 66]

eliteFit: 108159.0
percentError: 0.0
computationTime: 0.009s