instanceName: pr76
n: 76
optFit: 108159

genTime, gen, eliteFit, percentError:
0.00019799999427050352, 0, 526577.0, 386.855
0.0027233000000705943, 1, 110233.0, 1.918
0.0024659000046085566, 2, 109329.0, 1.082
0.0016983999958029017, 3, 108882.0, 0.668
0.0014316000015242025, 4, 108426.0, 0.247
0.003216400000383146, 5, 108426.0, 0.247
0.001667700009420514, 6, 108426.0, 0.247
0.0018757000070763752, 7, 108274.0, 0.106
0.002290999997057952, 8, 108274.0, 0.106
0.00210609998612199, 9, 108274.0, 0.106
0.002372500006458722, 10, 108159.0, 0.000

tour:
[33 39 38 37 35 36 17 16 15 14 73 13 12 11 10  9  8  7  6  5  4  3  2  1
 74 75  0 22 21 20 24 23 45 44 43 47 46 68 67 69 66 49 48 50 65 64 70 71
 72 63 62 61 60 40 59 58 57 56 55 54 51 52 53 41 42 27 26 25 19 18 30 29
 28 31 32 34]

eliteFit: 108159.0
percentError: 0.0
computationTime: 0.029s