instanceName: kroC100
n: 100
optFit: 20749

genTime, gen, eliteFit, percentError:
0.0002595999976620078, 0, 145822.0, 602.790
0.004634900004020892, 1, 21019.0, 1.301
0.003619399998569861, 2, 21019.0, 1.301
0.002734200010308996, 3, 20990.0, 1.162
0.0031675000063842162, 4, 20890.0, 0.680
0.0019415999995544553, 5, 20880.0, 0.631
0.002215399988926947, 6, 20880.0, 0.631
0.001628900005016476, 7, 20875.0, 0.607
0.001731000011204742, 8, 20875.0, 0.607
0.0016750000067986548, 9, 20785.0, 0.174
0.002153700013877824, 10, 20785.0, 0.174
0.0020708000083686784, 11, 20749.0, 0.000

tour:
[34 67 29 76 79 64 30 46 66 54 41 19 63 78 12 14 26 84  0 52 39 11 48 17
 28 45 23 31 60 25  6 81 77  8 36 15 50 62 43 65 47 83 10 51 86 95 96 80
 44 32 99 73 56 35 13  9 91 18 98 92  3 59 68  2 72 58 40 88 20 22 69 75
 90 93 94 49 61 82 71 85  4 42 55 70 37 38 27 87 97 57 33 89 24 16  7 21
 74  5 53  1]

eliteFit: 20749.0
percentError: 0.0
computationTime: 0.035s