instanceName: kroA150
n: 150
optFit: 26524

genTime, gen, eliteFit, percentError:
0.00034520000917837024, 0, 231029.0, 771.019
0.017586999994819053, 1, 27537.0, 3.819
0.006328699993900955, 2, 27365.0, 3.171
0.006934999997611158, 3, 26951.0, 1.610
0.005869600005098619, 4, 26927.0, 1.519
0.006324399990262464, 5, 26740.0, 0.814
0.006457100011175498, 6, 26707.0, 0.690
0.006534900006954558, 7, 26707.0, 0.690
0.0057557999971322715, 8, 26699.0, 0.660
0.007989400008227676, 9, 26663.0, 0.524
0.0056293000088771805, 10, 26633.0, 0.411
0.005864299993845634, 11, 26524.0, 0.000

tour:
[ 81 125  94  12  75  32 145 102 146  36   4  51  77  95  38 100 120  29
 106 111 131  28  45   2  13  47  99  70  40 135 127  42 122 114 119 148
  54  82  33 116   8   6  56  19  11  26  85  34 149  61  59  76 109  22
  97  90  44 108  31  10  14  16 140  58 126  73  20  71 112  46 130  92
  27 129   0  62   5  48  89   9  83  35  98 101 110 103  37  23  17  93
  21  69  15  87 136  78 105 133  52  18  74  96   3  64  65 128  25 123
 117 118 142  55 138  91   7  41 121  79  30  88 137 132 147 141 104  66
 107  57  60  80  24 124  50  86 144 139 134  84  67  72  68  63  39  53
   1 143 113  43  49 115]

eliteFit: 26524.0
percentError: 0.0
computationTime: 0.089s