instanceName: pr226
n: 226
optFit: 80369

genTime, gen, eliteFit, percentError:
0.000258100000792183, 0, 1540102.0, 1816.289
0.024805900000501424, 1, 81763.0, 1.734
0.014288999998825602, 2, 81283.0, 1.137
0.014301800008979626, 3, 81045.0, 0.841
0.012599399997270666, 4, 80814.0, 0.554
0.01264840000658296, 5, 80796.0, 0.531
0.013504000002285466, 6, 80722.0, 0.439
0.012922299996716902, 7, 80516.0, 0.183
0.012478499993449077, 8, 80467.0, 0.122
0.012526799997431226, 9, 80422.0, 0.066
0.014249699990614317, 10, 80422.0, 0.066
0.017849399999249727, 11, 80397.0, 0.035
0.01142460000119172, 12, 80373.0, 0.005
0.009896900010062382, 13, 80373.0, 0.005
0.009855399999651127, 14, 80373.0, 0.005
0.009163800001260825, 15, 80373.0, 0.005
0.011562700005015358, 16, 80373.0, 0.005
0.006509699989692308, 17, 80373.0, 0.005
0.00727539999934379, 18, 80373.0, 0.005
0.006797800000640564, 19, 80373.0, 0.005
0.00481079999008216, 20, 80373.0, 0.005
0.004577899992000312, 21, 80373.0, 0.005
0.005541200007428415, 22, 80373.0, 0.005
0.005696200008969754, 23, 80373.0, 0.005
0.004526500008068979, 24, 80373.0, 0.005
0.0044962999963900074, 25, 80373.0, 0.005
0.0059664000000339, 26, 80373.0, 0.005
0.006350299998302944, 27, 80373.0, 0.005
0.006114400006481446, 28, 80373.0, 0.005
0.0068017999874427915, 29, 80373.0, 0.005
0.006168699997942895, 30, 80373.0, 0.005
0.004754299996420741, 31, 80373.0, 0.005
0.006507600002805702, 32, 80373.0, 0.005
0.005712500002118759, 33, 80373.0, 0.005
0.005447300005471334, 34, 80373.0, 0.005
0.005926999991061166, 35, 80373.0, 0.005
0.004379699996206909, 36, 80373.0, 0.005
0.004823700000997633, 37, 80373.0, 0.005
0.004750399995828047, 38, 80373.0, 0.005
0.005443699992611073, 39, 80373.0, 0.005
0.0047039999917615205, 40, 80373.0, 0.005
0.004462199998670258, 41, 80373.0, 0.005
0.004612799995811656, 42, 80373.0, 0.005
0.005295099996146746, 43, 80373.0, 0.005
0.004533900006208569, 44, 80373.0, 0.005
0.004436999995959923, 45, 80373.0, 0.005
0.004903399996692315, 46, 80373.0, 0.005
0.006047000002581626, 47, 80373.0, 0.005
0.004589499993016943, 48, 80373.0, 0.005
0.004307499999413267, 49, 80373.0, 0.005
0.004816400003619492, 50, 80373.0, 0.005
0.004622899999958463, 51, 80373.0, 0.005
0.00583819999883417, 52, 80373.0, 0.005
0.00659540000197012, 53, 80373.0, 0.005
0.006913899997016415, 54, 80373.0, 0.005
0.005994399994960986, 55, 80373.0, 0.005
0.006333199999062344, 56, 80373.0, 0.005
0.005520999999134801, 57, 80373.0, 0.005
0.004975799995008856, 58, 80373.0, 0.005
0.004213799998979084, 59, 80373.0, 0.005
0.0046679999941261485, 60, 80373.0, 0.005
0.005452800003695302, 61, 80373.0, 0.005
0.004940999991958961, 62, 80373.0, 0.005

tour:
[130 132 133 134 135 109 117 116 108 107 115 114 106 105 113 112 103 104
 102 111 110  85  84  83  82  81  80  79  78  77  76  75  74  73  72   0
   1   2   3   4   5   6   7  71  70  12  11  10   8   9  13  14  15  16
  66  67  68  69  65  64  17  18  19  63  62  61  60  59  58  57  56  55
  54  53  52  51  50  49  20  21  22  23  24  25  26  27  48  47  32  31
  30  28  29  33  34  35  36  43  44  45  46  42  41  37  38  39  40  86
  94  95  88  87  96  97  89  90  98  99  91  92 100 101  93 136 143 145
 137 138 144 146 139 140 141 142 149 147 148 150 151 152 153 154 155 156
 157 158 159 160 161 162 163 164 165 166 167 168 169 170 171 172 173 174
 175 176 177 178 179 180 181 182 183 184 185 186 187 188 189 190 191 192
 193 194 195 196 197 198 199 200 201 202 203 204 205 206 207 208 209 210
 211 212 213 214 215 216 217 218 219 220 221 222 223 224 225 124 131 129
 123 122 121 120 119 118 125 127 126 128]

eliteFit: 80373.0
percentError: 0.004977043387375729
computationTime: 0.497s