instanceName: vm1084
n: 1084
optFit: 239297

genTime, gen, eliteFit, percentError:
0.0012479999859351665, 0, 8141380.0, 3302.207
0.7024128999910317, 1, 261223.0, 9.163
0.46080929998424836, 2, 256143.0, 7.040
0.43517670000437647, 3, 254611.0, 6.400
0.419308499986073, 4, 254611.0, 6.400
0.446689599979436, 5, 253207.0, 5.813
0.4465953000180889, 6, 253207.0, 5.813
0.4697225999843795, 7, 252151.0, 5.372
0.42260069999611005, 8, 252151.0, 5.372
0.412794700008817, 9, 251489.0, 5.095
0.42417090001981705, 10, 250801.0, 4.807
0.405396699992707, 11, 250717.0, 4.772
0.3952221999934409, 12, 250359.0, 4.623
0.3879245999851264, 13, 249713.0, 4.353
0.3994045999716036, 14, 249713.0, 4.353
0.42405909998342395, 15, 249065.0, 4.082
0.3606529000098817, 16, 248606.0, 3.890
0.2626128000265453, 17, 248435.0, 3.819
0.2528953999863006, 18, 248435.0, 3.819
0.3236259999976028, 19, 247398.0, 3.385
0.3191706000070553, 20, 247398.0, 3.385
0.3254102999926545, 21, 247134.0, 3.275
0.24054819997400045, 22, 246787.0, 3.130
0.21762729997863062, 23, 246761.0, 3.119
0.1918170000135433, 24, 246206.0, 2.887
0.12294089997885749, 25, 246001.0, 2.802
0.12447150002117269, 26, 245827.0, 2.729
0.13966750001418404, 27, 245661.0, 2.659
0.11792910000076517, 28, 245610.0, 2.638
0.13861439999891445, 29, 245610.0, 2.638
0.11054309998871759, 30, 245610.0, 2.638
0.10538239998277277, 31, 245610.0, 2.638
0.13102219998836517, 32, 245610.0, 2.638
0.10599310000543483, 33, 245610.0, 2.638
0.1360852999787312, 34, 245610.0, 2.638
0.1421060000138823, 35, 245610.0, 2.638
0.12607140000909567, 36, 245610.0, 2.638
0.14587120001669973, 37, 245610.0, 2.638
0.11720330000389367, 38, 245610.0, 2.638
0.13116579997586086, 39, 245537.0, 2.608
0.13616460000048392, 40, 245537.0, 2.608
0.16262299998197705, 41, 245479.0, 2.583
0.24026789999334142, 42, 245413.0, 2.556
0.2673975999932736, 43, 245184.0, 2.460
0.2353348000033293, 44, 245150.0, 2.446
0.30229890000191517, 45, 245127.0, 2.436
0.2693876999837812, 46, 244850.0, 2.321
0.28975509997690096, 47, 244440.0, 2.149
0.2842623999749776, 48, 244440.0, 2.149
0.2705028000054881, 49, 244440.0, 2.149
0.2611839000019245, 50, 244340.0, 2.107
0.3171350999909919, 51, 244334.0, 2.105
0.17104429999017157, 52, 244059.0, 1.990
0.17341659998055547, 53, 244036.0, 1.980
0.16809120000107214, 54, 243855.0, 1.905
0.16733470000326633, 55, 243559.0, 1.781
0.21596400000271387, 56, 243559.0, 1.781
0.1315982999803964, 57, 243530.0, 1.769
0.12399049999658018, 58, 243530.0, 1.769
0.14222290000179783, 59, 243530.0, 1.769
0.1311064999899827, 60, 243530.0, 1.769
0.12211440000100993, 61, 243530.0, 1.769
0.10911039999336936, 62, 243530.0, 1.769
0.12560820000362583, 63, 243371.0, 1.702
0.1137931999983266, 64, 243371.0, 1.702
0.1044636000005994, 65, 243371.0, 1.702
0.10969660000409931, 66, 243371.0, 1.702
0.1096071999927517, 67, 243371.0, 1.702
0.12336880000657402, 68, 243371.0, 1.702
0.1095387999957893, 69, 243371.0, 1.702
0.13160769999376498, 70, 243371.0, 1.702
0.14452760000131093, 71, 243371.0, 1.702
0.11907929999870248, 72, 243371.0, 1.702
0.12318019999656826, 73, 243371.0, 1.702
0.13158849999308586, 74, 243371.0, 1.702
0.12578000000212342, 75, 243168.0, 1.618
0.11459499999182299, 76, 243168.0, 1.618
0.14468339999439195, 77, 243168.0, 1.618
0.1318588999856729, 78, 243168.0, 1.618
0.12360249998164363, 79, 243079.0, 1.580
0.10923030000412837, 80, 243079.0, 1.580
0.11345279999659397, 81, 243079.0, 1.580
0.10935640000388958, 82, 243079.0, 1.580
0.11477279997779988, 83, 243079.0, 1.580
0.11336009998922236, 84, 242957.0, 1.529
0.15230060002068058, 85, 242957.0, 1.529
0.16209820000221953, 86, 242826.0, 1.475
0.18790180000360124, 87, 242817.0, 1.471
0.2651305999897886, 88, 242773.0, 1.453
0.2795220999978483, 89, 242760.0, 1.447
0.175106999988202, 90, 242681.0, 1.414
0.21039230001042597, 91, 242681.0, 1.414
0.206217300001299, 92, 242678.0, 1.413
0.271400800003903, 93, 242548.0, 1.359
0.25465990000520833, 94, 242548.0, 1.359
0.23221000001649372, 95, 242492.0, 1.335
0.16527560001122765, 96, 242492.0, 1.335
0.193063600017922, 97, 242492.0, 1.335
0.119365899998229, 98, 242492.0, 1.335
0.10591549999662675, 99, 242492.0, 1.335
0.11849180000717752, 100, 242492.0, 1.335
0.12262499998905696, 101, 242492.0, 1.335
0.11708370002452284, 102, 242492.0, 1.335
0.10472089998074807, 103, 242492.0, 1.335
0.1272062000061851, 104, 242492.0, 1.335
0.12196700001368299, 105, 242492.0, 1.335
0.12368859999696724, 106, 242492.0, 1.335
0.12449180000112392, 107, 242492.0, 1.335
0.11404650000622496, 108, 242492.0, 1.335
0.1399692000122741, 109, 242492.0, 1.335
0.13838409999152645, 110, 242492.0, 1.335
0.11394839998683892, 111, 242492.0, 1.335
0.1098026999970898, 112, 242492.0, 1.335
0.109637899993686, 113, 242492.0, 1.335
0.12290880002547055, 114, 242492.0, 1.335
0.1059530999918934, 115, 242492.0, 1.335
0.12653340000542812, 116, 242492.0, 1.335
0.11880339999333955, 117, 242492.0, 1.335
0.10936059997766279, 118, 242492.0, 1.335
0.10056099999928847, 119, 242492.0, 1.335
0.12746109999716282, 120, 242492.0, 1.335
0.13549859999329783, 121, 242492.0, 1.335
0.10555229999590665, 122, 242492.0, 1.335
0.11409789999015629, 123, 242492.0, 1.335
0.10513489998993464, 124, 242492.0, 1.335
0.11977520000073127, 125, 242492.0, 1.335
0.14772639999864623, 126, 242492.0, 1.335
0.12274389999220148, 127, 242492.0, 1.335
0.12724669999442995, 128, 242492.0, 1.335
0.10115419997600839, 129, 242492.0, 1.335
0.10486069999751635, 130, 242492.0, 1.335
0.10474059998523444, 131, 242492.0, 1.335
0.1180789000063669, 132, 242492.0, 1.335
0.12539920001290739, 133, 242492.0, 1.335
0.11847800001851283, 134, 242492.0, 1.335
0.11524959999951534, 135, 242492.0, 1.335
0.1135945999994874, 136, 242492.0, 1.335
0.12308130000019446, 137, 242492.0, 1.335
0.12401199998566881, 138, 242492.0, 1.335
0.10579780000261962, 139, 242492.0, 1.335
0.12510849998216145, 140, 242492.0, 1.335
0.10526060001575388, 141, 242492.0, 1.335
0.10019840000313707, 142, 242492.0, 1.335
0.11089650000212714, 143, 242492.0, 1.335
0.1137993999873288, 144, 242492.0, 1.335
0.14503479999257252, 145, 242428.0, 1.308
0.11484170000767335, 146, 242428.0, 1.308
0.10760440002195537, 147, 242428.0, 1.308
0.10576740000396967, 148, 242428.0, 1.308
0.10965719999512658, 149, 242428.0, 1.308
0.10041320000891574, 150, 242428.0, 1.308
0.10708499999600463, 151, 242419.0, 1.305
0.10979069999302737, 152, 242315.0, 1.261
0.129328799986979, 153, 242309.0, 1.259
0.12918059999356046, 154, 242300.0, 1.255
0.12274279998382553, 155, 242300.0, 1.255
0.12251330001163296, 156, 242300.0, 1.255
0.16959809997933917, 157, 242300.0, 1.255
0.11362419999204576, 158, 242300.0, 1.255
0.12176110001746565, 159, 242300.0, 1.255
0.129519199981587, 160, 242300.0, 1.255
0.15405149999423884, 161, 242300.0, 1.255
0.1083814000012353, 162, 242300.0, 1.255
0.12136089999694377, 163, 242300.0, 1.255
0.10062539999489672, 164, 242300.0, 1.255
0.10496200001216494, 165, 242300.0, 1.255
0.11788169998908415, 166, 242300.0, 1.255
0.12900169999920763, 167, 242300.0, 1.255
0.11883710001711734, 168, 242300.0, 1.255
0.13461149999056943, 169, 242300.0, 1.255
0.11533020000206307, 170, 242300.0, 1.255
0.1104635999945458, 171, 242300.0, 1.255
0.1184413000009954, 172, 242300.0, 1.255
0.10501699999440461, 173, 242300.0, 1.255
0.141667400021106, 174, 242300.0, 1.255
0.15975959997740574, 175, 242300.0, 1.255
0.11301610001828521, 176, 242300.0, 1.255
0.10184650000883266, 177, 242290.0, 1.251
0.10098580000340007, 178, 242290.0, 1.251
0.100646599981701, 179, 242290.0, 1.251
0.14076790001126938, 180, 242290.0, 1.251
0.10589229999459349, 181, 242290.0, 1.251
0.10613110000849701, 182, 242290.0, 1.251
0.10929789999499917, 183, 242290.0, 1.251
0.10695810001925565, 184, 242290.0, 1.251
0.1304426999995485, 185, 242290.0, 1.251
0.11480649997247383, 186, 242290.0, 1.251
0.11471900000469759, 187, 242290.0, 1.251
0.12360999998054467, 188, 242290.0, 1.251
0.10967679999885149, 189, 242290.0, 1.251
0.13908850000007078, 190, 242261.0, 1.239
0.127821199974278, 191, 242261.0, 1.239
0.17125049998867325, 192, 242223.0, 1.223
0.12693790000048466, 193, 242223.0, 1.223
0.153381400014041, 194, 242174.0, 1.202
0.14014679999672808, 195, 242171.0, 1.201
0.13946230002329685, 196, 242171.0, 1.201
0.11477359998389147, 197, 242171.0, 1.201
0.12893770000664517, 198, 242171.0, 1.201
0.13590240001212806, 199, 242171.0, 1.201
0.12986660000751726, 200, 242171.0, 1.201
0.12636290001682937, 201, 242171.0, 1.201
0.11854669998865575, 202, 242171.0, 1.201
0.10993800000869669, 203, 242171.0, 1.201
0.10918980001588352, 204, 242171.0, 1.201
0.15013250001356937, 205, 242171.0, 1.201
0.11466490000020713, 206, 242171.0, 1.201
0.1254389999958221, 207, 242171.0, 1.201
0.1061078000057023, 208, 242171.0, 1.201
0.11125750001519918, 209, 242171.0, 1.201
0.14417470002081245, 210, 242171.0, 1.201
0.10863100001006387, 211, 242171.0, 1.201
0.1014374999795109, 212, 242171.0, 1.201
0.11764819998643361, 213, 242171.0, 1.201
0.10929629998281598, 214, 242171.0, 1.201
0.12145989999407902, 215, 242171.0, 1.201
0.1248415999871213, 216, 242171.0, 1.201
0.13581329997396097, 217, 242171.0, 1.201
0.10941220002132468, 218, 242171.0, 1.201
0.10926399999880232, 219, 242171.0, 1.201
0.10587719999602996, 220, 242171.0, 1.201
0.1095760999887716, 221, 242171.0, 1.201
0.13771499998983927, 222, 242171.0, 1.201
0.1101236000249628, 223, 242171.0, 1.201
0.12346879998221993, 224, 242171.0, 1.201
0.09230859999661334, 225, 242171.0, 1.201
0.12354000000050291, 226, 242171.0, 1.201
0.1307105000014417, 227, 242171.0, 1.201
0.11369549998198636, 228, 242171.0, 1.201
0.11411160000716336, 229, 242171.0, 1.201
0.1411661999882199, 230, 242171.0, 1.201
0.11355849998653866, 231, 242171.0, 1.201
0.12281279999297112, 232, 242171.0, 1.201
0.10532569998758845, 233, 242171.0, 1.201
0.10988100001122802, 234, 242171.0, 1.201
0.1235859000007622, 235, 242171.0, 1.201
0.109511399990879, 236, 242171.0, 1.201
0.11619130001054145, 237, 242171.0, 1.201
0.1288938999932725, 238, 242171.0, 1.201
0.1336371999932453, 239, 242171.0, 1.201
0.12148180001531728, 240, 242171.0, 1.201
0.1497942999994848, 241, 242171.0, 1.201
0.10933019997901283, 242, 242171.0, 1.201
0.10975589998997748, 243, 242171.0, 1.201
0.12246820001746528, 244, 242171.0, 1.201
0.11367429999518208, 245, 242171.0, 1.201

tour:
[ 429  427  426  428  932  969  935  918  972  934  937 1037  776  735
  734 1039 1053  733  732 1057  977  731  730  975  967  728  709  688
  963  721 1063  782 1036  992 1049 1038  995 1045  609 1052  987  766
 1035 1056  773  767  993  943  941 1000  681  999  881  879  770  702
  947 1069 1062 1048  986  959  949  897 1044 1034 1033  953  945  928
  785  783  894  957  951 1081  779  777 1051  982  955  727  826  824
  822  820  658  816  814  813  819  700  883  930  980 1030  902 1032
  708  699  961  989 1078  922 1068  706  633   73  264  698  939  829
  984 1040  912 1050  705  697  965  771  904  924  896  704 1008 1064
  691  722  717  788 1066 1007 1017 1019  689 1011  855  757 1021  756
  853 1010  885  737 1002  694 1009  680 1001  852 1025  678  828 1023
  891  797  884  353  262  305  530  354   31   34  542  306  531   33
  543  309  311  308  545  152  312  546  532  355  544  307  151  153
  547  539  263  541   69  540  371   70   56   71  606   72   58   57
   74   59  468  372   78   61  607   60  579   62  634  580  608  368
  582  373  581  603  635  346  348  528  349  527  529  518  519  615
  604  170  369  441  171  168  584  169  588  616  605  585  610  105
  586  109  111  617  113  116  611  118  121  120  587  119  590  117
  114  115  112  110  108  106  387  589  477   44   95  626  193  517
  521  599  469  179  509  418  463  471  451  183  486  404  322  388
  295  470   19  466  107   79   43   94  516  192  522  370  376  625
  167  172  386  598  520  574  421  438   35  347  174   66  507  444
  653  501  650  245  258  261    2  381  252  254  242  577   76  396
  374  248  103  498  351   63  240  251  453  185  459  253  241  380
  576  249  244  104  502  654  188  257  260    1  197  456  624  465
  597  508  175  583  375  447  450  417  194  462  259  256    0  250
  352  420  499   77  649   75  512  591  505  395  176  411   96  630
  203  627   87   48   45  124  569  566  216  364   53  563  560  556
  154   32  310  202  201   46  383   49  435  408  592  513  504  474
   88  628  631  177   97  503   47  178  200  123  565  568  215  122
  363  564  567  695   54  214  362  534   55  533 1003 1022 1024  796
  890  696 1004 1005  679  736  693  536  535  537   51   52  538 1006
 1020  561  562  557  559  558  155  156  555  554  854 1018 1016  758
  787  772  690  983  718  726 1067 1065  692  723  719  990 1041  707
  882  979  898  818  812  815  926 1031  981  817 1080  905  385  821
  823  825  827 1079  985  913  659  701  769  703 1028  880  682  906
  903  994  768  765  925  988  923  996  895 1029  781  899  991 1014
  720  940  687  710  729 1015  445  437  553  454  551  415  410  511
  413  382   68  475   65   67  436  255   64  239  414  238  384   92
   90   91   98  632  629  102   89   50  514  593  350  497  247  243
  578  246  500  412  652  409  651  506  397  173  573  510  523  191
  575  460  515   93   42  552  457  422  182  433    4  186    3  434
  571  439  570 1026  931  670  775  966  476  919  938  660  962  846
  929  907  863  927  805  662 1027  416  572  594  751 1042  847  956
  952  803 1046 1054  958  946  836 1058 1070  954  834  950 1072 1082
  960  795  948  886  753  867  942  792  944  673  739 1043  856  869
  674 1047  668  810  873  724 1055  875  740  716 1059  808  676  920
  749 1071  683 1073  800  711 1083  742  713  685  887  798  877  860
  964  778  807  968  665  780  790  976  760  755  784  921  978  746
  917  865  843  786  774  973  974  971  911  909 1012 1061  791  915
  838  901 1013  761  832  893  162  762  889  840  872  763 1077  744
  851  764 1075  859  666  166   12  745   13   15  135  647  134  165
  648  164  163  361  360  366  269  367  161  271  160  550  549  209
  548  490  488  489  208  407  207  187  473  406   39  657  638  405
  487  614  235  602  637  596  440  595  636  446  600  612  455  296
  461  225  458  274  655  601  613  472  356  467  273  297  224  144
  228  419    6  198  464  277  618  452  639  147  180  449  328  210
  443  492  495   86  128  357  337   25  313   24  127  331   16  236
  656   99  340  620  232   28  141  288   36  641  220   80  131   83
  317   40  358  217  343  479  231  190  206   11  493  159  496  136
  199  291  181  400  280  379  623  391  394  325  403  150  196  137
  289  485  399  279  390  378  268  283  336  304  645  316   14  646
  359  365  290  324  402  149  622  393  205   10  158  344  218  230
  318   41   84  132   81  221   37  341   29  233  338   26  314   23
  211  619  126  330  237  100   17  640  424  478  213  146  272  298
  223  195  276  287  327    7  143  189  227    5  432  448  491  494
  442  184  423  294  226  142   20  145    8  275  326   21  139  125
  212   22  315  332   27  329  140   18  101  484  129  234   30  339
  342   38  222   82  133   85  333  319  219  345  157  425  229  621
    9  204  392  148  282  300  401  323  398  138  278  389  377  292
  335  303  302  644  643  301  642  667  858 1074  850 1076  841  285
  286  284  334  270  267  888  871  892  831  900  844  908  837  747
  914  864  916  998  997  526  525  524  754  910  789  664 1060  759
  806  933  936  431  878  861  266  686  799  714  743  712  801  684
  849  874  876  299  130  281  839  741  677  809  715  725  811  669
  675  870  857  868  830  430  265  672  793  738  748  794  671  842
  866  833  835  848  663  802  752  750  804  661  862  845  970  320
  321  293  483  481  482  480]

eliteFit: 242171.0
percentError: 1.2010179818384685
computationTime: 39.018s