instanceName: kroA200
n: 200
optFit: 29368

genTime, gen, eliteFit, percentError:
0.0001900000061141327, 0, 310822.0, 958.370
0.020629500009818003, 1, 30779.0, 4.805
0.011508299998240545, 2, 29904.0, 1.825
0.013271700008772314, 3, 29807.0, 1.495
0.012680699990596622, 4, 29604.0, 0.804
0.011408899998059496, 5, 29604.0, 0.804
0.009901400000671856, 6, 29578.0, 0.715
0.01080760000331793, 7, 29536.0, 0.572
0.01187269999354612, 8, 29471.0, 0.351
0.009099000002606772, 9, 29471.0, 0.351
0.009543599997414276, 10, 29453.0, 0.289
0.006026600007317029, 11, 29401.0, 0.112
0.006238800007849932, 12, 29401.0, 0.112
0.007061900003463961, 13, 29401.0, 0.112
0.008629599993582815, 14, 29401.0, 0.112
0.007402999995974824, 15, 29394.0, 0.089
0.00463300000410527, 16, 29394.0, 0.089
0.006074699995224364, 17, 29394.0, 0.089
0.007145600000512786, 18, 29394.0, 0.089
0.0080873000115389, 19, 29394.0, 0.089
0.006162500008940697, 20, 29394.0, 0.089
0.004686200001742691, 21, 29394.0, 0.089
0.003812299997662194, 22, 29394.0, 0.089
0.003937400004360825, 23, 29394.0, 0.089
0.00411139999050647, 24, 29394.0, 0.089
0.0039164000045275316, 25, 29394.0, 0.089
0.0036416999937500805, 26, 29394.0, 0.089
0.0039988999924389645, 27, 29394.0, 0.089
0.0034270000032847747, 28, 29394.0, 0.089
0.003954500003601424, 29, 29394.0, 0.089
0.003400999994482845, 30, 29394.0, 0.089
0.0035706999915419146, 31, 29394.0, 0.089
0.003414799997699447, 32, 29394.0, 0.089
0.00378919999639038, 33, 29394.0, 0.089
0.0036296999896876514, 34, 29394.0, 0.089
0.003349599995999597, 35, 29394.0, 0.089
0.004154500013100915, 36, 29394.0, 0.089
0.0034097000025212765, 37, 29394.0, 0.089
0.004327700007706881, 38, 29394.0, 0.089
0.004139800003031269, 39, 29394.0, 0.089
0.0036155999987386167, 40, 29394.0, 0.089
0.003740600004675798, 41, 29394.0, 0.089
0.003823999999440275, 42, 29394.0, 0.089
0.0037010999949416146, 43, 29394.0, 0.089
0.0038219999987632036, 44, 29394.0, 0.089
0.00327290000859648, 45, 29394.0, 0.089
0.004567999989376403, 46, 29394.0, 0.089
0.004752799999550916, 47, 29394.0, 0.089
0.005098400011775084, 48, 29394.0, 0.089
0.003212399999029003, 49, 29394.0, 0.089
0.004091199996764772, 50, 29394.0, 0.089
0.005039399999077432, 51, 29394.0, 0.089
0.0055527000076835975, 52, 29394.0, 0.089
0.004958300007274374, 53, 29394.0, 0.089
0.00524710000900086, 54, 29394.0, 0.089
0.004896799990092404, 55, 29394.0, 0.089
0.00456109999504406, 56, 29394.0, 0.089
0.004670399997849017, 57, 29394.0, 0.089
0.00619530001131352, 58, 29394.0, 0.089
0.005085299999336712, 59, 29394.0, 0.089
0.004990500005078502, 60, 29394.0, 0.089
0.005540600002859719, 61, 29394.0, 0.089
0.004531300000962801, 62, 29394.0, 0.089
0.003832599992165342, 63, 29394.0, 0.089
0.0038229000056162477, 64, 29394.0, 0.089
0.004158399999141693, 65, 29394.0, 0.089

tour:
[ 73  99 155  32  44 196  80  96 103 164 125  86  95 165  47  83  10  51
 169 121 115 187  43  62 193  50  15 117 123 137   8  77  81   6 198  25
  60 135  31  23 158 173 120 171  45  11 146  39 131 110 116 114  52   0
  84 144 190  26 197 122  14  12  78 159 161  63  19  54  41 134 185 126
 111 119  46  30  66 176  64  79  76 157 192 127 166  29  67 168  34   1
 180 124 160 150 186 156 106 108   5  53  74 182 154   7  21 133 128 145
 102 142  16  24  89  33  57 140 170 199  97 113  87 147  27  38  37  70
 129  71  82  61 184 167  49 138  85 195  55 151 177   4 104  42 136 132
 175 112 194 181  93  94  90 149 172  22 143  69  75 101 163 139  20 153
  88  40  58   2  72 188 130 179 141  68 107  13 191  59 100   3 162  92
 105 148 189  48  17 109  28 183  36 178 152  65 118  18  98  91   9 174
  35  56]

eliteFit: 29394.0
percentError: 0.08853173522201035
computationTime: 0.415s