instanceName: rd100
n: 100
optFit: 7910

genTime, gen, eliteFit, percentError:
0.00011670000094454736, 0, 47885.0, 505.373
0.0050392999983159825, 1, 8076.0, 2.099
0.003416999999899417, 2, 8076.0, 2.099
0.002634599994053133, 3, 7911.0, 0.013
0.0031792999943718314, 4, 7911.0, 0.013
0.0023942000116221607, 5, 7910.0, 0.000

tour:
[39 42 24 23 41  6 33 40 21  4 60 10 51 44 15 30 83 87 65 97 93  5 78 52
 98 46 56 35 63 90 80 79 29 47 64 89 50 82 67 70  7 68 59  0 17 61 86 14
 62 85 96 66 12 48 20 74 81 84 13 11  3 31  8 25 73 19 77  2 32  9 26 91
 16 71 69 37 53 72 49 45 55 18 36 27 92 76 94 58 75 57 88  1 22 34 28 43
 99 38 95 54]

eliteFit: 7910.0
percentError: 0.0
computationTime: 0.021s