instanceName: rd100
n: 100
optFit: 7910

genTime, gen, eliteFit, percentError:
0.00011069999891333282, 0, 48804.0, 516.991
0.005154200000106357, 1, 8091.0, 2.288
0.003047199992579408, 2, 8091.0, 2.288
0.002401400008238852, 3, 8012.0, 1.290
0.002443600009428337, 4, 7944.0, 0.430
0.002601700005470775, 5, 7944.0, 0.430
0.0031101000058697537, 6, 7944.0, 0.430
0.002435599992168136, 7, 7916.0, 0.076
0.0029350999975576997, 8, 7910.0, 0.000

tour:
[52 98 46 56 35 63 90 80 79 29 47 64 89 50 82 67 70  7 68 59  0 17 61 86
 14 62 85 96 66 12 48 20 74 81 84 13 11  3 31  8 25 73 19 77  2 32  9 26
 91 16 71 69 37 53 72 49 45 55 18 36 27 92 76 94 58 75 57 88  1 22 34 28
 43 99 38 95 54 39 42 24 23 41  6 33 40 21  4 60 10 51 44 15 30 83 87 65
 97 93  5 78]

eliteFit: 7910.0
percentError: 0.0
computationTime: 0.031s