instanceName: rd100
n: 100
optFit: 7910

genTime, gen, eliteFit, percentError:
0.0001370999962091446, 0, 49231.0, 522.389
0.0046104000066407025, 1, 8063.0, 1.934
0.002879799998481758, 2, 8016.0, 1.340
0.0026331000117352232, 3, 7973.0, 0.796
0.002471200001309626, 4, 7953.0, 0.544
0.0023268999939318746, 5, 7920.0, 0.126
0.0027446000021882355, 6, 7914.0, 0.051
0.002031700001680292, 7, 7910.0, 0.000

tour:
[95 54 39 42 24 23 41  6 33 40 21  4 60 10 51 44 15 30 83 87 65 97 93  5
 78 52 98 46 56 35 63 90 80 79 29 47 64 89 50 82 67 70  7 68 59  0 17 61
 86 14 62 85 96 66 12 48 20 74 81 84 13 11  3 31  8 25 73 19 77  2 32  9
 26 91 16 71 69 37 53 72 49 45 55 18 36 27 92 76 94 58 75 57 88  1 22 34
 28 43 99 38]

eliteFit: 7910.0
percentError: 0.0
computationTime: 0.025s