instanceName: pr264
n: 264
optFit: 49135

genTime, gen, eliteFit, percentError:
0.00032020000799093395, 0, 975790.0, 1885.937
0.035610600010841154, 1, 51452.0, 4.716
0.021979199998895638, 2, 50804.0, 3.397
0.019041099993046373, 3, 50189.0, 2.145
0.018462599997292273, 4, 50147.0, 2.060
0.019230200006859377, 5, 50122.0, 2.009
0.016920000009122305, 6, 49791.0, 1.335
0.015193100000033155, 7, 49773.0, 1.298
0.013816899998346344, 8, 49512.0, 0.767
0.014463700004853308, 9, 49512.0, 0.767
0.009987099998397753, 10, 49396.0, 0.531
0.006458599993493408, 11, 49328.0, 0.393
0.00826279999455437, 12, 49328.0, 0.393
0.009522599997580983, 13, 49328.0, 0.393
0.005934700006037019, 14, 49328.0, 0.393
0.008181999990483746, 15, 49328.0, 0.393
0.005509499998879619, 16, 49328.0, 0.393
0.006829899997683242, 17, 49328.0, 0.393
0.007115700005670078, 18, 49328.0, 0.393
0.008423100007348694, 19, 49328.0, 0.393
0.008600299988756888, 20, 49328.0, 0.393
0.008876499996404164, 21, 49328.0, 0.393
0.009184900001855567, 22, 49328.0, 0.393
0.010193200010689907, 23, 49328.0, 0.393
0.007361200012383051, 24, 49328.0, 0.393
0.008309099997859448, 25, 49267.0, 0.269
0.008465699997032061, 26, 49267.0, 0.269
0.009709899997687899, 27, 49267.0, 0.269
0.008437900003627874, 28, 49267.0, 0.269
0.007047299994155765, 29, 49267.0, 0.269
0.0094429000018863, 30, 49267.0, 0.269
0.007146399992052466, 31, 49267.0, 0.269
0.007515700010117143, 32, 49251.0, 0.236
0.007525399996666238, 33, 49251.0, 0.236
0.005640699993818998, 34, 49251.0, 0.236
0.006316700004390441, 35, 49251.0, 0.236
0.0067347000003792346, 36, 49251.0, 0.236
0.006015599996317178, 37, 49251.0, 0.236
0.0057480999967083335, 38, 49251.0, 0.236
0.005732499994337559, 39, 49251.0, 0.236
0.008026499999687076, 40, 49251.0, 0.236
0.006949000002350658, 41, 49251.0, 0.236
0.0065297999972244725, 42, 49251.0, 0.236
0.007079999995767139, 43, 49251.0, 0.236
0.006841199996415526, 44, 49251.0, 0.236
0.007346800004597753, 45, 49251.0, 0.236
0.007232000003568828, 46, 49251.0, 0.236
0.006525100005092099, 47, 49251.0, 0.236
0.006882499990751967, 48, 49251.0, 0.236
0.0059984999970765784, 49, 49251.0, 0.236
0.007274100003996864, 50, 49251.0, 0.236
0.0066907000000355765, 51, 49251.0, 0.236
0.006946400011656806, 52, 49251.0, 0.236
0.006628400005865842, 53, 49251.0, 0.236
0.006648199996561743, 54, 49251.0, 0.236
0.005995500003336929, 55, 49251.0, 0.236
0.007172400000854395, 56, 49251.0, 0.236
0.006836100001237355, 57, 49251.0, 0.236
0.009383199998410419, 58, 49251.0, 0.236
0.006927700000233017, 59, 49251.0, 0.236
0.007262399987666868, 60, 49251.0, 0.236
0.007741099994746037, 61, 49251.0, 0.236
0.01942070000222884, 62, 49251.0, 0.236
0.011915999988559633, 63, 49251.0, 0.236
0.007842100007110275, 64, 49251.0, 0.236
0.0067949999938718975, 65, 49251.0, 0.236
0.007112999999662861, 66, 49251.0, 0.236
0.00788279999687802, 67, 49251.0, 0.236
0.006777500006137416, 68, 49251.0, 0.236
0.005814700009068474, 69, 49251.0, 0.236
0.007164199996623211, 70, 49251.0, 0.236
0.005927599995629862, 71, 49251.0, 0.236
0.0069961999979568645, 72, 49251.0, 0.236
0.006761399999959394, 73, 49251.0, 0.236
0.006442300000344403, 74, 49251.0, 0.236
0.008293299993965775, 75, 49251.0, 0.236
0.006489999999757856, 76, 49251.0, 0.236
0.006891099998028949, 77, 49251.0, 0.236
0.007023900005151518, 78, 49151.0, 0.033
0.006934499993803911, 79, 49151.0, 0.033
0.009246799992979504, 80, 49151.0, 0.033
0.007730699988314882, 81, 49151.0, 0.033
0.0066854999895440415, 82, 49151.0, 0.033
0.008542399998987094, 83, 49151.0, 0.033
0.006663899999693967, 84, 49151.0, 0.033
0.006630999996559694, 85, 49151.0, 0.033
0.00601230000029318, 86, 49151.0, 0.033
0.007482699991669506, 87, 49151.0, 0.033
0.0056610000028740615, 88, 49151.0, 0.033
0.006910500000230968, 89, 49151.0, 0.033
0.006441699995775707, 90, 49151.0, 0.033
0.007024099992122501, 91, 49151.0, 0.033
0.0067454000090947375, 92, 49151.0, 0.033
0.00689250000868924, 93, 49151.0, 0.033
0.006587500000023283, 94, 49151.0, 0.033
0.007484900008421391, 95, 49151.0, 0.033
0.005848500004503876, 96, 49151.0, 0.033
0.006873399994219653, 97, 49151.0, 0.033
0.006335400001262315, 98, 49151.0, 0.033
0.008137600001646206, 99, 49151.0, 0.033
0.006282999995164573, 100, 49151.0, 0.033
0.008561700000427663, 101, 49151.0, 0.033
0.006516699999338016, 102, 49151.0, 0.033
0.006586200004676357, 103, 49151.0, 0.033
0.006067199996323325, 104, 49151.0, 0.033
0.0068835999991279095, 105, 49151.0, 0.033
0.007119600006262772, 106, 49151.0, 0.033
0.006401399994501844, 107, 49151.0, 0.033
0.007115200001862831, 108, 49151.0, 0.033
0.006908299998030998, 109, 49151.0, 0.033
0.006903100002091378, 110, 49151.0, 0.033
0.0067592999985208735, 111, 49151.0, 0.033
0.007045899998047389, 112, 49151.0, 0.033
0.005593299996689893, 113, 49151.0, 0.033
0.00865400000475347, 114, 49151.0, 0.033
0.008822100004181266, 115, 49151.0, 0.033
0.008517800000845455, 116, 49151.0, 0.033
0.008075099991401657, 117, 49151.0, 0.033
0.005298100004438311, 118, 49151.0, 0.033
0.008046900009503588, 119, 49151.0, 0.033
0.005919000002904795, 120, 49151.0, 0.033
0.006897999992361292, 121, 49151.0, 0.033
0.006192899993038736, 122, 49151.0, 0.033
0.00577980000525713, 123, 49151.0, 0.033
0.005717899999581277, 124, 49151.0, 0.033
0.006704100000206381, 125, 49151.0, 0.033
0.0066513000056147575, 126, 49151.0, 0.033
0.006147599997348152, 127, 49151.0, 0.033
0.006829799996921793, 128, 49151.0, 0.033

tour:
[110 109  66  65  29  28  27  26  25  24  68  67 108 107 106 105 104 103
  70  69  23  22  21  20  19  18  72  71 102 101 100  99  98  97  74  73
  17  16  15  14  13  12  76  75  96  95  94  93  92  91  78  77  11  10
   9   8   7   6  80  79  90  89  88  85  82  81   5   4   3   2   1  83
  84  86  87 131 130 129 133 132 198 195 196 197 200 201 202 199 258 259
 256 257 203 204 192 193 194 134 135 191 190 189 206 205 255 254 260 261
 262 253 252 208 207 188 187 186 136 137 185 184 183 210 209 251 250 249
 248 212 211 182 181 180 138 139 179 178 177 214 213 247 246 245 244 216
 215 176 175 174 140 141 171 172 173 217 218 242 243 240 241 219 220 168
 169 170 142 143 165 166 167 221 222 238 239 263 236 237 223 224 162 163
 164 144 145 146 147 161 160 225 159 158 157 148 154 155 156 226 227 234
 235 232 231 233 228 229 230 150 151 152 153 149 127  53  52  51  50  49
  55  54 126 125 124 123 122 121  57  56  48  47  46  45  44  43  58  42
  41  40  39   0  38  37  36  60  59 120 119 118 128 117 116 115  62  61
  35  34  33  32  31  30  64  63 114 113 112 111]

eliteFit: 49151.0
percentError: 0.03256334588378956
computationTime: 1.117s