instanceName: pr264
n: 264
optFit: 49135

genTime, gen, eliteFit, percentError:
0.00024819999816827476, 0, 1009004.0, 1953.534
0.033866700003272854, 1, 50944.0, 3.682
0.020413799997186288, 2, 50936.0, 3.665
0.0185228000045754, 3, 50437.0, 2.650
0.0192036999942502, 4, 49734.0, 1.219
0.019870999996783212, 5, 49672.0, 1.093
0.024578600001404993, 6, 49508.0, 0.759
0.02031199999328237, 7, 49273.0, 0.281
0.021011899996665306, 8, 49273.0, 0.281
0.016807199994218536, 9, 49273.0, 0.281
0.015314699994632974, 10, 49257.0, 0.248
0.013823700006469153, 11, 49232.0, 0.197
0.008374600001843646, 12, 49232.0, 0.197
0.01327359999413602, 13, 49232.0, 0.197
0.012337300009676255, 14, 49232.0, 0.197
0.010230799991404638, 15, 49228.0, 0.189
0.012373500008834526, 16, 49228.0, 0.189
0.013591800001449883, 17, 49223.0, 0.179
0.0155598999990616, 18, 49223.0, 0.179
0.021826900003361516, 19, 49223.0, 0.179
0.018785500011290424, 20, 49219.0, 0.171
0.013643900005263276, 21, 49219.0, 0.171
0.012564999997266568, 22, 49203.0, 0.138
0.00825849999091588, 23, 49203.0, 0.138
0.009777300001587719, 24, 49203.0, 0.138
0.015687399994931184, 25, 49203.0, 0.138
0.013661700009834021, 26, 49203.0, 0.138
0.011190999997779727, 27, 49203.0, 0.138
0.006772499997168779, 28, 49203.0, 0.138
0.0059456000017235056, 29, 49203.0, 0.138
0.005819500001962297, 30, 49203.0, 0.138
0.006023900001309812, 31, 49203.0, 0.138
0.00675980000232812, 32, 49135.0, 0.000

tour:
[202 258 259 256 257 203 204 192 193 194 134 135 191 190 189 206 205 255
 254 260 261 262 253 252 208 207 188 187 186 136 137 185 184 183 210 209
 251 250 249 248 212 211 182 181 180 138 139 179 178 177 214 213 247 246
 245 244 216 215 176 175 174 140 141 171 172 173 217 218 242 243 240 241
 219 220 168 169 170 142 143 165 166 167 221 222 238 239 263 236 237 223
 224 162 163 164 144 145 146 147 161 160 225 159 158 157 148 154 155 156
 226 227 234 235 232 231 233 228 229 230 150 151 152 153 149 127  53  52
  51  50  49  55  54 126 125 124 123 122 121  57  56  48  47  46  45  44
  43  58  42  41  40  39   0  38  37  36  60  59 120 119 118 128 117 116
 115  62  61  35  34  33  32  31  30  64  63 114 113 112 111 110 109  66
  65  29  28  27  26  25  24  68  67 108 107 106 105 104 103  70  69  23
  22  21  20  19  18  72  71 102 101 100  99  98  97  74  73  17  16  15
  14  13  12  76  75  96  95  94  93  92  91  78  77  11  10   9   8   7
   6  80  79  90  89  88  85  82  81   5   4   3   2   1  83  84  86  87
 131 130 129 133 132 198 195 196 197 201 200 199]

eliteFit: 49135.0
percentError: 0.0
computationTime: 0.485s