instanceName: lin318
n: 318
optFit: 42029

genTime, gen, eliteFit, percentError:
0.0002808999997796491, 0, 551989.0, 1213.353
0.05190000000584405, 1, 44580.0, 6.070
0.03144869999960065, 2, 43411.0, 3.288
0.033910199999809265, 3, 43411.0, 3.288
0.034720800002105534, 4, 43192.0, 2.767
0.029754599992884323, 5, 43103.0, 2.555
0.028093900007661432, 6, 43103.0, 2.555
0.028753099992172793, 7, 42981.0, 2.265
0.018745599998510443, 8, 42889.0, 2.046
0.015755699991132133, 9, 42783.0, 1.794
0.01677850000851322, 10, 42774.0, 1.773
0.014683800007333048, 11, 42774.0, 1.773
0.010424399995827116, 12, 42768.0, 1.758
0.008858099987264723, 13, 42768.0, 1.758
0.010010400001192465, 14, 42768.0, 1.758
0.010329400000046007, 15, 42768.0, 1.758
0.009828900001593865, 16, 42768.0, 1.758
0.009519300001556985, 17, 42752.0, 1.720
0.008253000007243827, 18, 42752.0, 1.720
0.00946739999926649, 19, 42735.0, 1.680
0.012616699998034164, 20, 42735.0, 1.680
0.011519299994688481, 21, 42719.0, 1.642
0.014182300001266412, 22, 42719.0, 1.642
0.017441699994378723, 23, 42657.0, 1.494
0.023726400002487935, 24, 42657.0, 1.494
0.021072499992442317, 25, 42657.0, 1.494
0.03555450000567362, 26, 42657.0, 1.494
0.02578749999520369, 27, 42657.0, 1.494
0.014500599994789809, 28, 42609.0, 1.380
0.010967800000798889, 29, 42609.0, 1.380
0.014469300003838725, 30, 42609.0, 1.380
0.012049300014041364, 31, 42609.0, 1.380
0.010821000003488734, 32, 42609.0, 1.380
0.012440600010449998, 33, 42609.0, 1.380
0.010432799987029284, 34, 42609.0, 1.380
0.011318900011247024, 35, 42609.0, 1.380
0.010639900006935932, 36, 42609.0, 1.380
0.014066799994907342, 37, 42609.0, 1.380
0.010013299994170666, 38, 42609.0, 1.380
0.010175200004596263, 39, 42609.0, 1.380
0.008612000005086884, 40, 42609.0, 1.380
0.010334600010537542, 41, 42609.0, 1.380
0.009073300010641105, 42, 42609.0, 1.380
0.009275799995521083, 43, 42609.0, 1.380
0.010240200004773214, 44, 42609.0, 1.380
0.009087799990084022, 45, 42609.0, 1.380
0.011642199999187142, 46, 42609.0, 1.380
0.009025399995152839, 47, 42606.0, 1.373
0.009207499999320135, 48, 42606.0, 1.373
0.01023719999648165, 49, 42563.0, 1.271
0.010410200004116632, 50, 42560.0, 1.263
0.012015399988740683, 51, 42560.0, 1.263
0.011848099995404482, 52, 42560.0, 1.263
0.010347300005378202, 53, 42560.0, 1.263
0.010584000003291294, 54, 42560.0, 1.263
0.009047599989571609, 55, 42560.0, 1.263
0.009970099999918602, 56, 42560.0, 1.263
0.008876499996404164, 57, 42560.0, 1.263
0.010394600001745857, 58, 42560.0, 1.263
0.00935399999434594, 59, 42560.0, 1.263
0.011233900004299358, 60, 42560.0, 1.263
0.009653000000980683, 61, 42560.0, 1.263
0.00885769999877084, 62, 42547.0, 1.232
0.011325900006340817, 63, 42547.0, 1.232
0.00965120000182651, 64, 42547.0, 1.232
0.009432300008484162, 65, 42547.0, 1.232
0.008452199996099807, 66, 42547.0, 1.232
0.008179500000551343, 67, 42547.0, 1.232
0.009538999991491437, 68, 42547.0, 1.232
0.008563099996536039, 69, 42547.0, 1.232
0.011178399989148602, 70, 42547.0, 1.232
0.010006199998315424, 71, 42547.0, 1.232
0.00840299999981653, 72, 42547.0, 1.232
0.010124799999175593, 73, 42547.0, 1.232
0.010570300000836141, 74, 42547.0, 1.232
0.009430000005522743, 75, 42547.0, 1.232
0.010937700004433282, 76, 42547.0, 1.232
0.028587599997990765, 77, 42547.0, 1.232
0.012398899998515844, 78, 42547.0, 1.232
0.01004599999578204, 79, 42547.0, 1.232
0.009051299988641404, 80, 42547.0, 1.232
0.009957699992810376, 81, 42547.0, 1.232
0.008749500004341826, 82, 42547.0, 1.232
0.010730199996032752, 83, 42547.0, 1.232
0.010145600012037903, 84, 42547.0, 1.232
0.009803599998122081, 85, 42547.0, 1.232
0.010569400008535013, 86, 42547.0, 1.232
0.008660100007546134, 87, 42547.0, 1.232
0.00996159999340307, 88, 42547.0, 1.232
0.010206100007053465, 89, 42477.0, 1.066
0.010282199989887886, 90, 42437.0, 0.971
0.009746499999891967, 91, 42437.0, 0.971
0.010621099994750693, 92, 42437.0, 0.971
0.009055200003786013, 93, 42437.0, 0.971
0.010652400000253692, 94, 42437.0, 0.971
0.010179800010519102, 95, 42437.0, 0.971
0.010462599995662458, 96, 42437.0, 0.971
0.008688699992490001, 97, 42437.0, 0.971
0.010343199988710694, 98, 42437.0, 0.971
0.008801000003586523, 99, 42437.0, 0.971
0.008830399994621985, 100, 42437.0, 0.971
0.010593599989078939, 101, 42437.0, 0.971
0.010002800001529977, 102, 42437.0, 0.971
0.00985940000100527, 103, 42437.0, 0.971
0.010846600009244867, 104, 42437.0, 0.971
0.013171999991755001, 105, 42437.0, 0.971
0.00862230001075659, 106, 42437.0, 0.971
0.010509899992030114, 107, 42437.0, 0.971
0.009095399989746511, 108, 42437.0, 0.971
0.009544300002744421, 109, 42437.0, 0.971
0.00955489999614656, 110, 42437.0, 0.971
0.008972800002084114, 111, 42437.0, 0.971
0.010560499998973683, 112, 42437.0, 0.971
0.013798800006043166, 113, 42437.0, 0.971
0.009641900003771298, 114, 42437.0, 0.971
0.00927179999416694, 115, 42437.0, 0.971
0.009895399998640642, 116, 42437.0, 0.971
0.013035199997830205, 117, 42437.0, 0.971
0.011970200008363463, 118, 42437.0, 0.971
0.009917499992297962, 119, 42437.0, 0.971
0.008556200002203695, 120, 42437.0, 0.971
0.010206399994785897, 121, 42437.0, 0.971
0.00935409999510739, 122, 42437.0, 0.971
0.008408599998801947, 123, 42437.0, 0.971
0.009876300013274886, 124, 42437.0, 0.971
0.009753600010299124, 125, 42437.0, 0.971
0.009146600001258776, 126, 42437.0, 0.971
0.011104599994723685, 127, 42437.0, 0.971
0.010172800000873394, 128, 42437.0, 0.971
0.009351400003652088, 129, 42437.0, 0.971
0.011591500006034039, 130, 42437.0, 0.971
0.010210799999185838, 131, 42437.0, 0.971
0.0126419000007445, 132, 42437.0, 0.971
0.009921099990606308, 133, 42437.0, 0.971
0.010367900002165698, 134, 42437.0, 0.971
0.009374899993417785, 135, 42437.0, 0.971
0.010867999997572042, 136, 42437.0, 0.971
0.00927860000228975, 137, 42437.0, 0.971
0.011387599995941855, 138, 42437.0, 0.971
0.009173300000838935, 139, 42437.0, 0.971
0.00865920000069309, 140, 42437.0, 0.971

tour:
[213 214 218 217 212 210 211 108 109 215 216 219 220 117 118 113 112 107
 116 124 127 132 137 131 128 123 120 121 122 129 130 140 141 146 145 147
 150 156 157 162 161 158 155 151 148 208 149 152 154 159 160 153 144  37
  38  34  33 136 135 134 133 126 125 207 119  13  12 115 114 111 110 106
 105   3   4   8   7   2   0   1   5   6   9  10  14  20  21  28  29  30
  31  32  27  22  19 102  11  18  23  26  15  16  17  24  25  35  36  41
  40  42  45  51  52  57  56  53  50  46  43 103  39 315 316  48  44  47
  49  54  55  58 104  63  66  67  70  77  81  82  83  84  90  91  95  96
 100 101  92  97  98  89  88  85  78  76  71  72  75  79  80  74  73  68
  69  61  62  65  64  60  59 163 209 166 167 174 173 178 179 185 177 180
 184 190 183 181 176 168 171 172 175 182 186 187 188 189  86  87  93  94
  99 206 205 201 200 196 195 197 193 194 202 203 199 198 204 311 310 306
 305 301 300 192 191 294 292 291 287 293 288 286 281 273 276 277 280 169
 170 165 164 143 142 139 138 241 240 239 238 231 230 312 224 221 229 232
 237 242 236 233 228 225 226 227 234 235 245 246 251 250 252 255 261 262
 267 266 263 260 256 253 313 249 258 254 257 259 264 265 268 314 271 272
 279 278 283 284 290 282 285 289 295 302 298 299 307 308 309 304 303 297
 296 275 274 270 269 317 248 247 244 243 223 222]

eliteFit: 42437.0
percentError: 0.9707582859454186
computationTime: 1.797s