instanceName: pr124
n: 124
optFit: 59030

genTime, gen, eliteFit, percentError:
0.00014869999722577631, 0, 623105.0, 955.573
0.009544300002744421, 1, 59408.0, 0.640
0.004992100002709776, 2, 59030.0, 0.000

tour:
[ 15  16  17  18  44  53  43  42  41  40  19  20  39  38  22  21  24  23
  25  37  36  54  55  56  57  59  60  58  35  34  28  27  26   6   7   0
   1   2   3   4   5  31  30  29  33  32  61  65  64  66  82  83  81  80
  62  63  67  68  69  70  71  72  73  74  75  76  77  78  79  91  92  93
  94  95  96  97  98  99 123 122 121 120 119 118 117 116 115 114 100  90
  84  85  86  89 101 102 113 112 111 110 109 108 107 106 105 104 103  88
  87  52  51  45  46  47  48  49  50  14  13  12  11  10   9   8]

eliteFit: 59030.0
percentError: 0.0
computationTime: 0.017s