instanceName: pr124
n: 124
optFit: 59030

genTime, gen, eliteFit, percentError:
0.0001281000004382804, 0, 615366.0, 942.463
0.009153899998636916, 1, 59682.0, 1.105
0.004063100001076236, 2, 59159.0, 0.219
0.006125100000645034, 3, 59076.0, 0.078
0.005470599993714131, 4, 59076.0, 0.078
0.005324800004018471, 5, 59076.0, 0.078
0.0026657999987946823, 6, 59076.0, 0.078
0.0029134000069461763, 7, 59076.0, 0.078
0.0025067000096896663, 8, 59030.0, 0.000

tour:
[ 44  53  43  42  41  40  19  20  39  38  22  21  24  23  25  37  36  54
  55  56  57  59  60  58  35  34  28  27  26   6   7   0   1   2   3   4
   5  31  30  29  33  32  61  65  64  66  82  83  81  80  62  63  67  68
  69  70  71  72  73  74  75  76  77  78  79  91  92  93  94  95  96  97
  98  99 123 122 121 120 119 118 117 116 115 114 100  90  84  85  86  89
 101 102 113 112 111 110 109 108 107 106 105 104 103  88  87  52  51  45
  46  47  48  49  50  14  13  12  11  10   9   8  15  16  17  18]

eliteFit: 59030.0
percentError: 0.0
computationTime: 0.045s