instanceName: pr226
n: 226
optFit: 80369

genTime, gen, eliteFit, percentError:
0.00019770000653807074, 0, 1550723.0, 1829.504
0.025438800003030337, 1, 81527.0, 1.441
0.014718599995831028, 2, 81392.0, 1.273
0.021521700007724576, 3, 80967.0, 0.744
0.017080100005841814, 4, 80812.0, 0.551
0.017873999997391365, 5, 80629.0, 0.324
0.01431080000475049, 6, 80570.0, 0.250
0.0154917000036221, 7, 80563.0, 0.241
0.018510599998990074, 8, 80468.0, 0.123
0.010361799999373034, 9, 80397.0, 0.035
0.011193700003786944, 10, 80397.0, 0.035
0.013190400000894442, 11, 80369.0, 0.000

tour:
[174 175 176 177 178 179 180 181 182 183 184 185 186 187 188 189 190 191
 192 193 194 195 196 197 198 199 200 201 202 203 204 205 206 207 208 209
 210 211 212 213 214 215 216 217 218 219 220 221 222 223 224 225 124 131
 129 123 122 121 120 119 118 125 127 126 128 130 132 133 134 135 109 117
 108 116 115 107 106 114 113 105 103 112 111 104 102 110  85  84  83  82
  81  80  79  78  77  76  75  74  73  72   0   1   2   3   4   5   6   7
  71  70  12  11  10   8   9  13  14  15  16  66  67  68  69  65  64  17
  18  19  63  62  61  60  59  58  57  56  55  54  53  52  51  50  49  20
  21  22  23  24  25  26  27  48  47  32  31  30  28  29  33  34  35  36
  43  44  45  46  42  41  37  38  39  40  86  94  95  88  87  96  97  89
  90  98  99  91  92 100 101  93 143 136 137 145 144 138 139 140 141 142
 149 147 148 146 150 151 152 153 154 155 156 157 158 159 160 161 162 163
 164 165 166 167 168 169 170 171 172 173]

eliteFit: 80369.0
percentError: 0.0
computationTime: 0.188s