instanceName: pr226
n: 226
optFit: 80369

genTime, gen, eliteFit, percentError:
0.00045009999303147197, 0, 1561393.0, 1842.780
0.02976150000176858, 1, 81314.0, 1.176
0.016422699991380796, 2, 81303.0, 1.162
0.014645400005974807, 3, 80871.0, 0.625
0.014099899999564514, 4, 80801.0, 0.538
0.01340640000125859, 5, 80563.0, 0.241
0.013155699998605996, 6, 80434.0, 0.081
0.01287360000424087, 7, 80397.0, 0.035
0.013186500000301749, 8, 80397.0, 0.035
0.013119199997163378, 9, 80377.0, 0.010
0.012980200001038611, 10, 80377.0, 0.010
0.012202400001115166, 11, 80373.0, 0.005
0.010288400007993914, 12, 80373.0, 0.005
0.014792500005569309, 13, 80373.0, 0.005
0.018676000006962568, 14, 80373.0, 0.005
0.01331209999625571, 15, 80373.0, 0.005
0.008708600013051182, 16, 80373.0, 0.005
0.006277899999986403, 17, 80373.0, 0.005
0.0044683000014629215, 18, 80373.0, 0.005
0.005891299995710142, 19, 80373.0, 0.005
0.006054799989215098, 20, 80373.0, 0.005
0.006185199992614798, 21, 80373.0, 0.005
0.006025599999702536, 22, 80373.0, 0.005
0.004673400006140582, 23, 80373.0, 0.005
0.004419100005179644, 24, 80373.0, 0.005
0.004516500004683621, 25, 80373.0, 0.005
0.006069900002330542, 26, 80373.0, 0.005
0.005460099986521527, 27, 80373.0, 0.005
0.006479700008640066, 28, 80373.0, 0.005
0.005176200007554144, 29, 80373.0, 0.005
0.004583300004014745, 30, 80373.0, 0.005
0.004475599998841062, 31, 80373.0, 0.005
0.005800300001283176, 32, 80373.0, 0.005
0.0054751999996369705, 33, 80373.0, 0.005
0.004817099994397722, 34, 80373.0, 0.005
0.0042138999997405335, 35, 80373.0, 0.005
0.0058320999960415065, 36, 80373.0, 0.005
0.004388199988170527, 37, 80373.0, 0.005
0.00597090000519529, 38, 80373.0, 0.005
0.005328400002326816, 39, 80373.0, 0.005
0.004749899992020801, 40, 80373.0, 0.005
0.004379500009235926, 41, 80373.0, 0.005
0.0059624999994412065, 42, 80373.0, 0.005
0.0063147999899229035, 43, 80373.0, 0.005
0.006747699997504242, 44, 80373.0, 0.005
0.007772900004056282, 45, 80373.0, 0.005
0.0061704999970970675, 46, 80373.0, 0.005
0.00651540000399109, 47, 80373.0, 0.005
0.00665679998928681, 48, 80373.0, 0.005
0.006697999997413717, 49, 80373.0, 0.005
0.006306499999482185, 50, 80373.0, 0.005
0.005756900005508214, 51, 80373.0, 0.005
0.005215800003497861, 52, 80373.0, 0.005
0.007200799998827279, 53, 80373.0, 0.005
0.006899799991515465, 54, 80373.0, 0.005
0.007873700000345707, 55, 80373.0, 0.005
0.006352700002025813, 56, 80373.0, 0.005
0.005746900002122857, 57, 80373.0, 0.005
0.005246699991403148, 58, 80373.0, 0.005
0.0058176000020466745, 59, 80373.0, 0.005
0.005167399998754263, 60, 80373.0, 0.005
0.0061157000018283725, 61, 80373.0, 0.005

tour:
[126 127 125 118 119 120 121 122 123 129 131 124 225 224 223 222 221 220
 219 218 217 216 215 214 213 212 211 210 209 208 207 206 205 204 203 202
 201 200 199 198 197 196 195 194 193 192 191 190 189 188 187 186 185 184
 183 182 181 180 179 178 177 176 175 174 173 172 171 170 169 168 167 166
 165 164 163 162 161 160 159 158 157 156 155 154 153 152 151 150 148 147
 149 142 141 140 139 146 144 138 137 145 143 136  93 101 100  92  91  99
  98  90  89  97  96  87  88  95  94  86  40  39  38  37  41  42  46  45
  44  43  36  35  34  33  29  28  30  31  32  47  48  27  26  25  24  23
  22  21  20  49  50  51  52  53  54  55  56  57  58  59  60  61  62  63
  19  18  17  64  65  69  68  67  66  16  15  14  13   9   8  10  11  12
  70  71   7   6   5   4   3   2   1   0  72  73  74  75  76  77  78  79
  80  81  82  83  84  85 110 102 104 111 112 103 105 113 114 106 107 115
 116 117 108 109 135 134 133 132 130 128]

eliteFit: 80373.0
percentError: 0.004977043387375729
computationTime: 0.529s