instanceName: pr226
n: 226
optFit: 80369

genTime, gen, eliteFit, percentError:
0.00020229999790899456, 0, 1579162.0, 1864.889
0.02790439999080263, 1, 81159.0, 0.983
0.016543799996725284, 2, 81159.0, 0.983
0.01441670001077, 3, 80618.0, 0.310
0.016306799996527843, 4, 80618.0, 0.310
0.01564409999991767, 5, 80587.0, 0.271
0.014572299987776205, 6, 80526.0, 0.195
0.01570819999324158, 7, 80522.0, 0.190
0.011545600005774759, 8, 80485.0, 0.144
0.015425899997353554, 9, 80479.0, 0.137
0.016155400007846765, 10, 80418.0, 0.061
0.018890499995904975, 11, 80397.0, 0.035
0.01801730001170654, 12, 80397.0, 0.035
0.011565099994186312, 13, 80385.0, 0.020
0.008181700002751313, 14, 80377.0, 0.010
0.007086700003128499, 15, 80369.0, 0.000

tour:
[ 48  47  32  31  30  28  29  33  34  35  36  43  44  45  46  42  41  37
  38  39  40  86  94  95  88  87  96  97  89  90  98  99  91  92 100 101
  93 143 136 137 145 144 138 139 140 141 142 149 147 148 146 150 151 152
 153 154 155 156 157 158 159 160 161 162 163 164 165 166 167 168 169 170
 171 172 173 174 175 176 177 178 179 180 181 182 183 184 185 186 187 188
 189 190 191 192 193 194 195 196 197 198 199 200 201 202 203 204 205 206
 207 208 209 210 211 212 213 214 215 216 217 218 219 220 221 222 223 224
 225 124 131 129 123 122 121 120 119 118 125 127 126 128 130 132 133 134
 135 109 117 116 108 107 115 114 106 105 113 112 103 104 102 111 110  85
  84  83  82  81  80  79  78  77  76  75  74  73  72   0   1   2   3   4
   5   6   7  71  70  12  11  10   8   9  13  14  15  16  66  67  68  69
  65  64  17  18  19  63  62  61  60  59  58  57  56  55  54  53  52  51
  50  49  20  21  22  23  24  25  26  27]

eliteFit: 80369.0
percentError: 0.0
computationTime: 0.243s