instanceName: rl1323
n: 1323
optFit: 270199

genTime, gen, eliteFit, percentError:
0.001609899991308339, 0, 9495121.0, 3414.121
1.167720299999928, 1, 297919.0, 10.259
0.6974866000091424, 2, 291898.0, 8.031
0.8132605999999214, 3, 287868.0, 6.539
0.6977431999985129, 4, 287356.0, 6.350
0.7005186000023969, 5, 286238.0, 5.936
0.6607231000089087, 6, 282792.0, 4.661
0.6993596999964211, 7, 282792.0, 4.661
0.6450418000022182, 8, 282792.0, 4.661
0.6094859000004362, 9, 281751.0, 4.275
0.6805300999985775, 10, 281751.0, 4.275
0.614670599999954, 11, 281744.0, 4.273
0.6524228000052972, 12, 280889.0, 3.956
0.6047241000051145, 13, 279457.0, 3.426
0.5907740999973612, 14, 279457.0, 3.426
0.6150326000060886, 15, 279376.0, 3.396
0.613981500006048, 16, 278729.0, 3.157
0.4685868000087794, 17, 278104.0, 2.926
0.42466849999618717, 18, 278104.0, 2.926
0.5252973000024213, 19, 278104.0, 2.926
0.5928930999943987, 20, 277788.0, 2.809
0.5246113999892259, 21, 277329.0, 2.639
0.5667569999932311, 22, 277329.0, 2.639
0.5240947999991477, 23, 276650.0, 2.387
0.48046140000224113, 24, 276650.0, 2.387
0.48001789998670574, 25, 276650.0, 2.387
0.4677737000019988, 26, 276640.0, 2.384
0.37076750000414904, 27, 276640.0, 2.384
0.2210690999927465, 28, 276270.0, 2.247
0.249598700000206, 29, 276011.0, 2.151
0.26946029999817256, 30, 276011.0, 2.151
0.22476149999420159, 31, 275947.0, 2.127
0.1742357000039192, 32, 275675.0, 2.027
0.19477319999714382, 33, 275665.0, 2.023
0.21644580000429414, 34, 275665.0, 2.023
0.2059315000078641, 35, 275568.0, 1.987
0.17944119998719543, 36, 275327.0, 1.898
0.1600800000014715, 37, 275327.0, 1.898
0.19834160000027623, 38, 275213.0, 1.856
0.18869249999988824, 39, 275213.0, 1.856
0.17566170000645798, 40, 275213.0, 1.856
0.1812802000058582, 41, 275213.0, 1.856
0.1782967000035569, 42, 275213.0, 1.856
0.18588570000429172, 43, 275213.0, 1.856
0.16816210000251886, 44, 275213.0, 1.856
0.19051780000154395, 45, 275213.0, 1.856
0.18746790000295732, 46, 275213.0, 1.856
0.19119060000230093, 47, 275213.0, 1.856
0.19263340000179596, 48, 275213.0, 1.856
0.15830409999762196, 49, 275213.0, 1.856
0.200737899998785, 50, 275213.0, 1.856
0.17371010000351816, 51, 275213.0, 1.856
0.19358469999860972, 52, 275213.0, 1.856
0.16561799999908544, 53, 275203.0, 1.852
0.16662360000191256, 54, 274946.0, 1.757
0.17137039999943227, 55, 274946.0, 1.757
0.1805298999970546, 56, 274936.0, 1.753
0.15489809999417048, 57, 274936.0, 1.753
0.17225929998676293, 58, 274936.0, 1.753
0.15672060000360943, 59, 274936.0, 1.753
0.19189269999333192, 60, 274936.0, 1.753
0.15371379999851342, 61, 274936.0, 1.753
0.22705620000488125, 62, 274936.0, 1.753
0.19084440000005998, 63, 274936.0, 1.753
0.2010164000093937, 64, 274936.0, 1.753
0.20468470000196248, 65, 274936.0, 1.753
0.1907193999941228, 66, 274870.0, 1.729
0.1736827999993693, 67, 274870.0, 1.729
0.16170640000200365, 68, 274870.0, 1.729
0.18280669998785015, 69, 274750.0, 1.684
0.1701178999937838, 70, 274750.0, 1.684
0.17957659999956377, 71, 274750.0, 1.684
0.17795499999192543, 72, 274750.0, 1.684
0.15980029999627732, 73, 274750.0, 1.684
0.17471459999796934, 74, 274501.0, 1.592
0.21445630000380334, 75, 274382.0, 1.548
0.28625199999078177, 76, 274371.0, 1.544
0.4349628999916604, 77, 274363.0, 1.541
0.5262767000094755, 78, 274092.0, 1.441
0.42110360000515357, 79, 274092.0, 1.441
0.3125794999941718, 80, 273919.0, 1.377
0.37484679999761283, 81, 273919.0, 1.377
0.4028406999859726, 82, 273853.0, 1.352
0.42019360000267625, 83, 273649.0, 1.277
0.3399914000037825, 84, 273478.0, 1.214
0.3927841999975499, 85, 273478.0, 1.214
0.410087600001134, 86, 273329.0, 1.158
0.3533268000028329, 87, 273329.0, 1.158
0.297794400001294, 88, 273290.0, 1.144
0.2323857000010321, 89, 273195.0, 1.109
0.27660899999318644, 90, 273156.0, 1.094
0.32872850001149345, 91, 273073.0, 1.064
0.3488861999940127, 92, 273073.0, 1.064
0.30210620000434574, 93, 273016.0, 1.043
0.16367130000435282, 94, 273016.0, 1.043
0.19121970000560395, 95, 273016.0, 1.043
0.16033040000183973, 96, 272975.0, 1.027
0.157979499999783, 97, 272975.0, 1.027
0.18450869999651331, 98, 272975.0, 1.027
0.1813259000045946, 99, 272975.0, 1.027
0.19766510000044946, 100, 272975.0, 1.027
0.16476780000084545, 101, 272975.0, 1.027
0.18224320000445005, 102, 272975.0, 1.027
0.18686719999823254, 103, 272975.0, 1.027
0.1688997000019299, 104, 272975.0, 1.027
0.18625769999925978, 105, 272975.0, 1.027
0.1573705000046175, 106, 272975.0, 1.027
0.1633118000027025, 107, 272975.0, 1.027
0.18654720000631642, 108, 272975.0, 1.027
0.16298700000334065, 109, 272975.0, 1.027
0.18593710000277497, 110, 272975.0, 1.027
0.15218879999883939, 111, 272975.0, 1.027
0.16115620000346098, 112, 272975.0, 1.027
0.16947459999937564, 113, 272975.0, 1.027
0.17295030000968836, 114, 272975.0, 1.027
0.19156540000403766, 115, 272975.0, 1.027
0.17029530000581872, 116, 272975.0, 1.027
0.1923872999905143, 117, 272975.0, 1.027
0.1722748999891337, 118, 272975.0, 1.027
0.18250349999289028, 119, 272975.0, 1.027
0.1646267999894917, 120, 272975.0, 1.027
0.18190249998588115, 121, 272975.0, 1.027
0.19165110000176355, 122, 272975.0, 1.027
0.1685388000041712, 123, 272975.0, 1.027
0.17160210000292864, 124, 272975.0, 1.027
0.17859969999699388, 125, 272975.0, 1.027
0.1651930999942124, 126, 272975.0, 1.027
0.2020903999946313, 127, 272975.0, 1.027
0.15643629999249242, 128, 272975.0, 1.027
0.20431979998829775, 129, 272975.0, 1.027
0.18617010000161827, 130, 272975.0, 1.027
0.20736390000092797, 131, 272975.0, 1.027
0.18389119999483228, 132, 272975.0, 1.027
0.18892010000126902, 133, 272975.0, 1.027
0.1528295000025537, 134, 272975.0, 1.027
0.15686629999254365, 135, 272975.0, 1.027
0.2062288000015542, 136, 272975.0, 1.027
0.18522430000302847, 137, 272975.0, 1.027
0.18497390000266023, 138, 272975.0, 1.027
0.1942923000024166, 139, 272975.0, 1.027
0.1605182000057539, 140, 272975.0, 1.027
0.23358030000235885, 141, 272975.0, 1.027
0.20409849999123253, 142, 272975.0, 1.027
0.17324509999889415, 143, 272975.0, 1.027
0.1836973999888869, 144, 272975.0, 1.027
0.17102449999947567, 145, 272975.0, 1.027
0.1592493999924045, 146, 272975.0, 1.027

tour:
[1271  905  944  979 1126  276 1002 1001 1114 1219 1017 1159 1162 1317
  717  995  364  417 1179 1149  483  704 1308  365  418  484  575  652
 1258 1281 1265  174  701  146  702  703 1263  682   70   22   21  151
  150  149  645  233  627  496  700  208 1293 1259  425  424  207  940
  947  948  505  626  644  232  949  837  173 1279  158  739  950  491
  416  363  578  579  580  581  582  583  584  585  586  587  588  589
  590  275  591  592 1297 1272  593  594  595  596  597  598 1296 1298
  923  924  925  903  782  550  926  927  928  929  930  510  530  825
  931  341  840  310  311  312  313  314  315  316   38  144 1288  932
  165   64  109  267  268  212  269  270  219  218  217  561   63  549
  143  548   37  547  546  545  544  543  542  541  309  540  340  539
  538  537 1260  509  560  559  558  557  902 1222 1083  922  607  250
  669  915 1214 1125  982  892  909  914  978  274 1000  711 1213 1212
 1139 1016  715  846  847  716  708  707  706  705  620  362  415  414
  413  412  411  410  409  408  407  406   20  405  404  403  402  401
  231  643  625  504  845 1011  946  939  206  205  204  203  202 1286
   55  135   56  136  187  460 1137 1192 1193 1194  186  459 1200 1226
  122 1176 1189 1224 1225 1136 1202 1203 1204 1199  458  185  134   54
  201 1107  292  325 1110 1010  938  844 1113  503  624  642  230  400
  183  836 1186  992  399  182  835  984  985  157  681  945  988  993
 1195  952  987  742  745  807   19  680  156  991 1185  834  181  398
  229  641  623  502 1112  843  937 1009 1109  324  291 1106  200   53
  133  184  457  721   52  199  722  290  323  723  724  725  726  727
  501  622  640  228  397  180  728  729  730  155  679   18  731  732
  733  734  735  736  737  482  684  495  423  683  494  685 1019  998
  481  997  951  986  738  741  744  806   17  678  154  990 1184  833
  179  396  227  639  621 1008  936  842 1111  500  638  226  395  178
  832 1183  989  153  677   16  805  743  740  480  808  809  810  493
  811  429  422  812  813  814  619  815  816  817  713  818  819  820
  821  710  272  686  687  688  689  690  691  692  693  758  755  754
  753  752  751  750  749  273  382  381  380  379  378  377  376  375
  374  373  372  371  370  361  996 1013  714 1014  977  913  908  891
  981 1124 1128  249  606  921 1082 1129  901  781 1030 1078 1065  508
 1079  824  339  839  308  964  880 1178 1120 1119  879  963  307  838
  338 1118  823 1117  507 1064 1101 1029 1075  780  900 1116 1081  920
  605  248  668 1295  789  791  247  790  246  604  919 1080  918  603
  245  667  757 1123  695  696  244  602 1074 1028 1100 1063  517  518
  519  337  306  520  521  522  523  524  525  526  527   34  528 1180
  107   61 1084  141  886   35 1086 1039  870 1175 1215  871  872   36
  873  142  874   62  108  875  876  877  747  221 1127   11  974  975
 1278   10  220  746  973  972  106   60  971  140  529   33  970  969
  869  968  967  878  966 1277 1262  617  336  616  506  615  614  613
  612  611  610  609  608 1261  666  756  694 1122  822  890  907  912
  976  271  999  709 1223 1228 1138 1015  712 1229  994  618  910 1230
 1131  421  428 1231  492  889 1018 1257  479  478  477  476  475  474
  473  472  471  470   15  469  152  468  467  466  177  394  224  465
  464  463 1256 1306 1305  935  393  225  392  391  390  389  388  387
  386  322  289  385  198 1241 1240 1244 1233   51   50   49   48   47
   46   45 1232   44 1289 1251 1301 1309 1252 1253 1088  358   77  259
  234  296 1089 1090 1091 1092 1093   85   86   87   88   89   90 1290
   91   92   93   94   95   96   97   98   99  100 1227 1201  461  188
  137   57 1238  462 1099 1098  101 1094 1097 1096 1095  676  123  190
 1250 1153 1307  671 1073 1146 1140 1152 1151 1150 1242  297  235  260
   78  359    6  357   40 1132  119  171  383 1303 1302 1310 1311 1038
 1218  355  169  170  172  356  120   41    7 1066  360   79 1243 1312
 1246  298 1068  236 1067  255 1234   74  256 1154  237  299 1156 1314
 1141 1147 1144 1161 1054 1022  350  648  563  569  564  570  194  571
  572  573  103  647  453  574  304  303  193  302  646  632  562  568
  349 1021 1053 1160 1143 1069 1070 1071 1072 1287  672  673  674  675
  348  486  487  488  191  192  124  125  126  127  102  128  129 1313
  189  697  698  699  130  131  720 1104 1291 1247 1248 1292  636  209
  426  637  628  497  326  261   58  321  320  319  318  317  132  430
 1285 1037  454  916  455  104 1036 1035  195 1034  633  565 1023  649
  351  566 1024  650  352 1274  933 1055 1052 1316 1051 1050 1049  300
  238 1048  257   75    8   42 1012  354  168  384  121   43    9   76
  258 1155  239  301 1157 1142 1148 1145 1158 1315  934  353  651 1025
  567  635 1163  197 1105  634 1056  196 1057 1058  305  105  456  917
   80 1235   81   82 1236   83   84 1237   59 1190 1191 1108  262  293
  211  294  295  631  223 1294  432  431  222  630  499  327  210  427
  498  629  953  175  147  954  887  489  893   71   23  955 1318  576
  441  440  439   24   72  438  437  436  435  434  433  148  176  888
  490  894   73   25  941  577  485  420  369  942  911  943 1275 1282
 1283 1254 1267 1268  849  850  851  852  853  854  855  856  857 1322
  556  858  859  860  861  516  536  831  862  347  863  864  865  866
   29  867  162  868 1270 1269 1249  328   69  266  329  216  330  118
  331    2  332  333  334  335  288  287  286  285  284  283    1  282
  117  281  215 1047  265   68 1046 1045  139 1044  161 1043   28 1007
 1217  885 1173  346  830  535  515 1207 1103 1168 1027  555  779  778
  777  776  775  774  554  785 1221 1059 1300  899  898  897  896  895
  254  243  242  241 1321  906  980  279 1026 1299  240  773  772  771
  770  280 1255  452  451  450  449  448  447  446  445  444  443  442
  368  764  765  766  719  767  768  769 1133  718  848  983  367  419
 1264  366  653  654  655  656  657  658  659  660  792  793  794  277
  795  796  797  798 1276 1280 1245  661  278  662  663  664  665  253
  799  800  801  802  803  804  784  552  553  956  957  958  959  960
  512  532 1304  827  343  961  962 1266  882 1174 1004   30   31   32
 1239  167   66  164  163  138  159 1164 1319 1041   26 1005 1196  883
 1188 1171  344  828  533  513 1033 1167 1102 1206  514  534  829  345
 1172  884 1216 1006   27 1042 1165  160 1182   67  264 1134  214 1135
 1197  116   14    0  763 1205 1211    3 1198    5  762  761  760  115
 1169  263 1320  111  112  113  114   13  788 1209 1177    4  787   12
  786  759  748  213 1170 1181  110   65  166 1187  145   39 1087 1040
 1121 1003 1208  881  965  841  342 1077  826  531  511 1062 1061 1060
 1032 1166 1031 1076  551  783  904 1220 1210 1085 1130  601  251  600
  599 1273  252  670 1115 1020 1284]

eliteFit: 272975.0
percentError: 1.0273909229863916
computationTime: 41.512s