instanceName: fl1577
n: 1577
optFit: 22249

genTime, gen, eliteFit, percentError:
0.002080299993394874, 0, 1323672.0, 5849.355
1.8133926000009524, 1, 23919.0, 7.506
1.0100135000102455, 2, 23645.0, 6.274
0.9562274999916553, 3, 23566.0, 5.919
0.9375646999978926, 4, 23228.0, 4.400
1.0183942000003299, 5, 23189.0, 4.225
0.9885428999987198, 6, 23150.0, 4.050
0.9905929000087781, 7, 23098.0, 3.816
0.881156400006148, 8, 22939.0, 3.101
0.8574862999957986, 9, 22939.0, 3.101
0.9192081000073813, 10, 22856.0, 2.728
0.8996684000012465, 11, 22849.0, 2.697
0.9008113000018056, 12, 22806.0, 2.503
0.9007352000044193, 13, 22806.0, 2.503
0.9403008999943268, 14, 22790.0, 2.432
0.8017955999966944, 15, 22790.0, 2.432
0.8098602000100072, 16, 22781.0, 2.391
0.7220945000008214, 17, 22739.0, 2.202
0.5029286000062712, 18, 22739.0, 2.202
0.41317510000953916, 19, 22720.0, 2.117
0.3890681999910157, 20, 22717.0, 2.103
0.36089570001058746, 21, 22704.0, 2.045
0.2635238000075333, 22, 22700.0, 2.027
0.285700899999938, 23, 22684.0, 1.955
0.2767660999961663, 24, 22684.0, 1.955
0.3528457000065828, 25, 22673.0, 1.906
0.33824969999841414, 26, 22673.0, 1.906
0.30427740000595804, 27, 22673.0, 1.906
0.32653510000091046, 28, 22665.0, 1.870
0.2996315000054892, 29, 22665.0, 1.870
0.32542779999494087, 30, 22665.0, 1.870
0.31057989998953417, 31, 22665.0, 1.870
0.3291909000108717, 32, 22665.0, 1.870
0.3425983999914024, 33, 22664.0, 1.865
0.29386540000268724, 34, 22664.0, 1.865
0.31347059999825433, 35, 22662.0, 1.856
0.27917179999349173, 36, 22662.0, 1.856
0.2790530000056606, 37, 22649.0, 1.798
0.24298019999696407, 38, 22649.0, 1.798
0.3068462999945041, 39, 22647.0, 1.789
0.2776924999925541, 40, 22646.0, 1.784
0.22710910000023432, 41, 22646.0, 1.784
0.3119089000101667, 42, 22646.0, 1.784
0.29424780000408646, 43, 22646.0, 1.784
0.21735749999061227, 44, 22646.0, 1.784
0.31515439999930095, 45, 22646.0, 1.784
0.24774220000836067, 46, 22646.0, 1.784
0.2292098000034457, 47, 22646.0, 1.784
0.26145330000144895, 48, 22646.0, 1.784
0.25866380000661593, 49, 22646.0, 1.784
0.270544200000586, 50, 22646.0, 1.784
0.26427529999637045, 51, 22646.0, 1.784
0.2742083999910392, 52, 22646.0, 1.784
0.2563137999968603, 53, 22646.0, 1.784
0.22938080001040362, 54, 22646.0, 1.784
0.23903599999903236, 55, 22646.0, 1.784
0.2617683999997098, 56, 22646.0, 1.784
0.2916484000015771, 57, 22646.0, 1.784
0.28954859999066684, 58, 22646.0, 1.784
0.2483524999988731, 59, 22642.0, 1.766
0.2254157999996096, 60, 22642.0, 1.766
0.2612516999943182, 61, 22638.0, 1.748
0.26212349999696016, 62, 22638.0, 1.748
0.2503757000085898, 63, 22635.0, 1.735
0.23596389999147505, 64, 22635.0, 1.735
0.35181480000028387, 65, 22631.0, 1.717
0.41360219998750836, 66, 22629.0, 1.708
0.36819339999055956, 67, 22629.0, 1.708
0.27664300000469666, 68, 22627.0, 1.699
0.2767230000026757, 69, 22617.0, 1.654
0.2945921999926213, 70, 22617.0, 1.654
0.2923951999982819, 71, 22613.0, 1.636
0.26280499999120366, 72, 22604.0, 1.596
0.33054180000908673, 73, 22604.0, 1.596
0.28348490000644233, 74, 22602.0, 1.587
0.3046891999983927, 75, 22602.0, 1.587
0.26683049999701325, 76, 22600.0, 1.578
0.289134800012107, 77, 22600.0, 1.578
0.26347240000905003, 78, 22600.0, 1.578
0.3399805999943055, 79, 22600.0, 1.578
0.4181328999984544, 80, 22595.0, 1.555
0.2940188000065973, 81, 22595.0, 1.555
0.29539819998899475, 82, 22595.0, 1.555
0.3338599999988219, 83, 22584.0, 1.506
0.32196050000493415, 84, 22584.0, 1.506
0.33209769999666605, 85, 22578.0, 1.479
0.3228992000076687, 86, 22574.0, 1.461
0.32753940000839066, 87, 22574.0, 1.461
0.363026400009403, 88, 22574.0, 1.461
0.5328029000083916, 89, 22574.0, 1.461
0.627131899993401, 90, 22571.0, 1.447
0.6026465999893844, 91, 22571.0, 1.447
0.4334172000089893, 92, 22571.0, 1.447
0.47399279999081045, 93, 22571.0, 1.447
0.5217191999981878, 94, 22571.0, 1.447
0.5897009999898728, 95, 22571.0, 1.447
0.3017863999994006, 96, 22571.0, 1.447
0.23000429999956395, 97, 22570.0, 1.443
0.30033860000548884, 98, 22570.0, 1.443
0.3269102999911411, 99, 22562.0, 1.407
0.3694461999984924, 100, 22562.0, 1.407
0.3353776000003563, 101, 22562.0, 1.407
0.42124550000880845, 102, 22551.0, 1.357
0.24471970000013243, 103, 22542.0, 1.317
0.2746054000017466, 104, 22542.0, 1.317
0.32335730000340845, 105, 22542.0, 1.317
0.25792820000788197, 106, 22534.0, 1.281
0.22771479999937583, 107, 22534.0, 1.281
0.24722639999527019, 108, 22534.0, 1.281
0.2289050999970641, 109, 22534.0, 1.281
0.2478798999945866, 110, 22534.0, 1.281
0.2522651000035694, 111, 22534.0, 1.281
0.2895691000012448, 112, 22534.0, 1.281
0.2142872999975225, 113, 22534.0, 1.281
0.2567821999982698, 114, 22534.0, 1.281
0.2510713000083342, 115, 22534.0, 1.281
0.2619492999947397, 116, 22534.0, 1.281
0.25438139999459963, 117, 22534.0, 1.281
0.2501458999904571, 118, 22534.0, 1.281
0.26936879999993835, 119, 22534.0, 1.281
0.23910069999692496, 120, 22534.0, 1.281
0.24778540000261273, 121, 22534.0, 1.281
0.28314169999794103, 122, 22534.0, 1.281
0.30655079999996815, 123, 22534.0, 1.281
0.23087639998993836, 124, 22530.0, 1.263
0.27586710000468884, 125, 22530.0, 1.263
0.24251500000536907, 126, 22529.0, 1.258
0.2774383000069065, 127, 22529.0, 1.258
0.22885640000458807, 128, 22529.0, 1.258
0.223869299996295, 129, 22528.0, 1.254
0.2829012000001967, 130, 22528.0, 1.254
0.24766490000183694, 131, 22528.0, 1.254
0.3024205000110669, 132, 22528.0, 1.254
0.24913830000150483, 133, 22528.0, 1.254
0.25895679999666754, 134, 22528.0, 1.254
0.25931879998825025, 135, 22528.0, 1.254
0.27051839999330696, 136, 22528.0, 1.254
0.22719830001005903, 137, 22528.0, 1.254
0.23551779999979772, 138, 22520.0, 1.218
0.21740690000297036, 139, 22520.0, 1.218
0.2879337000049418, 140, 22520.0, 1.218
0.260683299988159, 141, 22520.0, 1.218
0.28313419999904, 142, 22520.0, 1.218
0.29135719999612775, 143, 22520.0, 1.218
0.2321830000000773, 144, 22520.0, 1.218
0.2529123999993317, 145, 22520.0, 1.218
0.2393508999957703, 146, 22520.0, 1.218
0.2755213999917032, 147, 22520.0, 1.218
0.3280737000022782, 148, 22520.0, 1.218
0.22066010000708047, 149, 22520.0, 1.218
0.25641110001015477, 150, 22520.0, 1.218
0.2664105000003474, 151, 22520.0, 1.218
0.26462409998930525, 152, 22520.0, 1.218
0.26970319999963976, 153, 22520.0, 1.218
0.2791637000045739, 154, 22520.0, 1.218
0.23142319999169558, 155, 22520.0, 1.218
0.2768093999911798, 156, 22520.0, 1.218
0.25828619999811053, 157, 22520.0, 1.218
0.27931620000163093, 158, 22520.0, 1.218
0.2537214000039967, 159, 22520.0, 1.218
0.33376890000363346, 160, 22520.0, 1.218
0.22902379999868572, 161, 22520.0, 1.218
0.22060800000326708, 162, 22520.0, 1.218
0.23315400000137743, 163, 22520.0, 1.218
0.26641539999400266, 164, 22520.0, 1.218
0.25770630000624806, 165, 22520.0, 1.218
0.257243500003824, 166, 22520.0, 1.218
0.28213990000949707, 167, 22520.0, 1.218
0.255508699992788, 168, 22520.0, 1.218
0.28909659999771975, 169, 22520.0, 1.218
0.30110350000904873, 170, 22520.0, 1.218
0.2376384999952279, 171, 22520.0, 1.218
0.264679600004456, 172, 22520.0, 1.218
0.22855729999719188, 173, 22520.0, 1.218
0.2223692999978084, 174, 22520.0, 1.218
0.28992930000822525, 175, 22520.0, 1.218
0.3565091000054963, 176, 22520.0, 1.218
0.25036849999742117, 177, 22520.0, 1.218
0.26037299999734387, 178, 22520.0, 1.218
0.24724509999214206, 179, 22520.0, 1.218
0.22241709999798331, 180, 22520.0, 1.218
0.22292070000548847, 181, 22520.0, 1.218
0.21900469998945482, 182, 22520.0, 1.218
0.261448899997049, 183, 22520.0, 1.218
0.28129189999890514, 184, 22520.0, 1.218
0.2559761000011349, 185, 22520.0, 1.218
0.25708080000185873, 186, 22520.0, 1.218
0.21855049999430776, 187, 22520.0, 1.218
0.26895969999895897, 188, 22520.0, 1.218

tour:
[ 709  708  707  706  705  704  506  507  508  509  510  511  512  513
  514  515  516  517  518  519  520  521  522  523  524  525  526  527
  528  529  530  531  532  533  534  535  536  537  538  539  540  541
  542  543  544  545  576  647  575  648  574  649  573  650  572  651
  571  652  570  653  569  654  568  655  567  555  554  553  552  551
  550  549  548  547  546  447  446  445  444  443  442  441  448  449
  450  451  452  453  454  455  456  457  458  459  460  461  462  463
  464  465  466  467  468  469  470  471  501  500  472  440  439  473
  438  437  474  499  498  497  496  495  475  436  476  435  477  434
  433  478  494  493  479  432  480  492  491  490  502  489  503  504
  505  488  487  486  485  484  483  429  482  430  481  431  428  427
  426  425  424  423  422  421  420  419  418  417  416  415  414  413
  412  411  410  409  408  407  406  405  404  403  402  401  400  399
  398  397  396  395  394  393  392  391  390  389  388  387  386  385
  384  379  378  377  376  375  374  373  372  371  370  369  368  367
  366  365  364  363  362  361  360  359  358  357  356  355  354  353
  352  351  350  349  348  347  346  345  344  343  342  341  340  339
  338  337  336  335  157  158  159  160  161  334  333  332  331  330
  329  328  327  326  325  324  323  322  321  320  319  318  317  316
  315  314  313  312  311  148  149  147  146  145  144  143  142  134
 1380 1305 1381 1304 1382 1303 1383 1302 1384 1385 1300 1386 1387 1298
 1388 1292 1297 1389 1296 1390 1295 1205 1294 1206 1293 1207 1208 1291
 1299 1209 1290 1210 1211 1289 1301 1288 1212 1287 1213 1286 1214 1285
 1215 1284 1216 1283 1306 1379 1378 1217 1218 1307 1377 1376 1308 1282
 1375 1309 1281 1374 1373 1219 1310 1372 1371 1311 1220 1280 1221 1222
 1279 1370 1369 1278 1223 1368 1312 1277 1224 1276 1313 1367 1366 1314
 1225 1226 1227 1275 1228 1274 1315 1365 1364    9    8    7   16   15
   39   43   38   44   79   80   73   72   71   81   91  100   99   92
   98   93   94   78   74   77   75   76   41   42   40   17   18   19
   20   55   56   57   95   96   97  109  110  108  111  107  112  106
  113  105  114  133  132  131  130  129  128  115  127  116  126  125
  118  117   84   83   82   70   69   58   59   60   61   48   50   47
   51   46   25   24   23   22   21   52   53   54   45   37   36   10
    6    5    4    3    2    1    0   14   13   12   35   49   34   11
   33   26   32   27   31   28   29   30   66   65   88   87   86   67
   68   85  119  120  121  122  123  124  101  102  103  104   90   89
   64   63   62 1316 1363 1317 1273 1229 1230 1272 1231 1271 1232 1319
 1318 1362 1361 1360 1320 1270 1233 1269 1234 1321 1359 1358 1322 1268
 1235 1267 1236 1266 1237 1265 1238 1325 1324 1323 1357 1356 1355 1354
 1326 1264 1239 1263 1240 1262 1327 1353 1352 1351 1350 1241 1242 1328
 1349 1329 1348 1261 1260 1330 1347 1346 1243 1331 1345 1344 1332 1244
 1259 1245 1246 1258 1343 1342 1257 1247 1248 1256 1341 1333 1255 1334
 1340 1339 1335 1249 1250 1251 1254 1252 1253 1336 1337 1338  135  136
  137  138  139  140  141  151  150  186  187  188  189  190  191  192
  193  194  195  196  197  156  198  155  199  154  200  153  201  152
  202  203  204  205  206  207  208  209  210  211  212  213  214  215
  216  217  218  219  220  221  222  223  224  225  226  227  228  229
  230  231  232  233  234  235  236  237  238  239  240  241  242  243
  244  245  246  247  248  249  250  251  252  253  254  255  256  257
  258  259  260  261  262  263  264  265  266  267  268  269  270  271
  272  273  274  275  276  277  278  279  280  281  282  283  284  285
  286  287  288  289  290  185  184  183  182  181  180  179  178  177
  176  175  174  173  172  171  170  169  168  167  166  165  164  163
  162  380  381  382  383  310  309  308  307  306  305  304  303  302
  301  300  299  298  297  296  295  294  293  292  291  556  557  558
  559  560  561  562  563  564  565  566  656  657  658  659  660  661
  662  663  664  665  666  667  668  646  577  645  578  644  579  643
  580  642  581  641  582  640  583  639  584  638  585  637  586  636
  587  635  588  634  589  633  590  632  591  631  592  630  593  629
  594  628  595  627  596  626  597  625  598  624  599  623  600  622
  601  621  602  620  603  619  604  618  605  617  606  616  607  615
  608  614  613  612  611  610  609  710  703  711  702  712  701  713
  700  714  699  715  698  716  697  717  696  718  695  719  694  720
  693  721  692  722  691  723  690  724  689  725  688  726  687  727
  686  728  685  729  684  730  683  731  682  732  681  733  680  734
  679  735  678  736  677  737  676  738  675  739  674  740  673  741
  672  742  671  743  670  669  744  767  766  765  764  763  762  761
  760  759  758  757  756  755  754  753  752  800  751  750  802  749
  803  879  748  804  878  747  805  877  746  806  876  745  807  875
  808  809  810  811  812  813  814  815  816  817  818  819  820  821
  822  823  824  825  826  827  828  829  830  831  832  833  834  835
  836  837  838  839  840  841  842  843  844  845  846  847  848  849
  850  851  852  853  854  855  856  857  858  859  860  861  862  863
  864  865  866  867  868  869  870  871  872  873  874 1047 1046 1045
 1044 1043 1042 1041 1040 1039 1038 1037 1036 1035 1034 1033 1032 1031
 1030 1029 1028 1027 1026 1025 1024 1023 1022 1021 1020 1019  959  958
  960  957  961  956  962  955  963  954  964  992 1014 1015 1016 1017
 1018 1064 1065 1066 1067 1068 1083 1085 1084 1096 1095 1094 1093 1092
 1091 1136 1137 1138 1201 1202 1203 1204 1135 1134 1133 1132 1131 1130
 1129 1128 1127 1126 1125 1124 1123 1122 1121 1120 1119 1118 1117 1116
 1115 1114 1113 1112 1111 1110 1109 1108 1107 1106 1105 1104 1103 1102
 1426 1425 1471 1470 1424 1423 1469 1422 1468 1421 1467 1420 1466 1419
 1465 1418 1417 1416 1464 1415 1463 1547 1505 1548 1549 1506 1550 1507
 1508 1551 1552 1553 1554 1509 1555 1510 1556 1557 1511 1558 1512 1559
 1513 1560 1561 1546 1504 1545 1503 1461 1462 1414 1413 1460 1412 1411
 1459 1502 1544 1543 1501 1542 1500 1458 1410 1457 1409 1408 1456 1499
 1541 1540 1498 1539 1538 1496 1497 1455 1407 1454 1406 1453 1405 1404
 1403 1451 1494 1452 1495 1537 1536 1535 1493 1472 1562 1514 1563 1473
 1427 1428 1429 1430 1515 1564 1565 1516 1474 1431 1517 1566 1475 1432
 1476 1567 1568 1477 1433 1434 1478 1435 1518 1569 1570 1519 1436 1571
 1572 1520 1479 1480 1573 1521 1574 1522 1437 1438 1575 1576 1534 1492
 1450 1402 1449 1491 1533 1532 1448 1401 1400 1447 1490 1531 1489 1530
 1529 1488 1446 1399 1398 1445 1397 1396 1444 1487 1528 1486 1527 1443
 1395 1485 1526 1484 1442 1394 1441 1525 1524 1483 1393 1440 1482 1523
 1481 1391 1439 1392 1200 1199 1198 1197 1196 1195 1194 1193 1192 1191
 1190 1189 1188 1187 1186 1185 1184 1183 1182 1181 1180 1179 1178 1177
 1176 1175 1174 1173 1172 1171 1170 1169 1168 1167 1166 1165 1164 1163
 1162 1161 1160 1159 1158 1157 1156 1155 1154 1153 1152 1151 1150 1149
 1148 1147 1146 1145 1144 1143 1142 1141 1140 1139 1099 1098 1097 1100
 1101 1088 1089 1076 1055 1004 1056 1003 1057 1058 1059  936  937  938
  939  980  981  979  940  978  941  977  982 1002 1005 1054 1053 1001
  983  942  976  984 1000  999  943  944  945  975  997  998 1051 1052
 1060 1077 1078 1079 1075 1050 1049 1074 1090 1073 1072 1087 1086 1071
 1061 1070 1062 1063 1069 1080 1081 1082 1010 1048 1011 1012 1013  991
  965  990  989  966  953  967  952  968  951  969  950  949  970  993
  994 1009  988  995  987  971  972  986  996 1008 1007 1006  985  974
  946  947  973  948  935  934  928  933  929  930  931  932  880  881
  801  882  883  799  884  798  885  886  887  888  889  890  891  892
  893  894  895  896  897  898  899  768  769  900  901  770  771  902
  903  772  773  904  905  774  775  906  907  776  777  908  909  778
  779  910  911  780  781  912  913  782  783  914  915  784  785  916
  917  786  787  918  919  788  789  920  921  790  791  922  923  792
  793  924  925  794  795  926  927  796  797]

eliteFit: 22520.0
percentError: 1.2180322711133085
computationTime: 66.075s