instanceName: u1817
n: 1817
optFit: 57201

genTime, gen, eliteFit, percentError:
0.002540799992857501, 0, 2053870.0, 3490.619
2.417004500020994, 1, 65527.0, 14.556
1.4379211000050418, 2, 64513.0, 12.783
1.3604474999883678, 3, 63786.0, 11.512
1.371176699991338, 4, 63729.0, 11.412
1.4253839000011794, 5, 63179.0, 10.451
1.326059000013629, 6, 62867.0, 9.905
1.3260519000177737, 7, 62275.0, 8.870
1.2604263000248466, 8, 61845.0, 8.119
1.365143300005002, 9, 61845.0, 8.119
1.3198626000084914, 10, 61703.0, 7.870
1.2362844000163022, 11, 61480.0, 7.481
1.2004696000076365, 12, 61177.0, 6.951
1.3494831999996677, 13, 61177.0, 6.951
1.2908060000045225, 14, 61063.0, 6.752
1.2434651000075974, 15, 61063.0, 6.752
1.2013789000047836, 16, 60866.0, 6.407
1.2308076999906916, 17, 60804.0, 6.299
1.2720735000038985, 18, 60757.0, 6.217
1.1056170999945607, 19, 60441.0, 5.664
1.120226700004423, 20, 60441.0, 5.664
0.9745358000218403, 21, 60441.0, 5.664
0.9450813999865204, 22, 60228.0, 5.292
0.6944368000258692, 23, 60222.0, 5.281
0.7991086000110954, 24, 60104.0, 5.075
0.5300837000249885, 25, 60095.0, 5.059
0.3689185999974143, 26, 60053.0, 4.986
0.44542800000635907, 27, 59975.0, 4.850
0.48569190001580864, 28, 59939.0, 4.787
0.3873611000017263, 29, 59939.0, 4.787
0.43646840000292286, 30, 59917.0, 4.748
0.42831039999146014, 31, 59904.0, 4.725
0.4095108000037726, 32, 59882.0, 4.687
0.3768649999983609, 33, 59880.0, 4.683
0.4088214999937918, 34, 59860.0, 4.649
0.37885090001509525, 35, 59860.0, 4.649
0.40093780000461265, 36, 59845.0, 4.622
0.35883579999790527, 37, 59845.0, 4.622
0.3120821999909822, 38, 59843.0, 4.619
0.317100299987942, 39, 59843.0, 4.619
0.3575393999926746, 40, 59838.0, 4.610
0.38407749999896623, 41, 59838.0, 4.610
0.44014349998906255, 42, 59838.0, 4.610
0.34306199999991804, 43, 59838.0, 4.610
0.28316000002087094, 44, 59838.0, 4.610
0.4083386000129394, 45, 59800.0, 4.544
0.34233760001370683, 46, 59786.0, 4.519
0.3563857000262942, 47, 59780.0, 4.509
0.42735199999879114, 48, 59728.0, 4.418
0.4007897999836132, 49, 59713.0, 4.392
0.3942623999901116, 50, 59687.0, 4.346
0.4020242000115104, 51, 59671.0, 4.318
0.41542659999686293, 52, 59643.0, 4.269
0.35898469999665394, 53, 59643.0, 4.269
0.35738440000568517, 54, 59643.0, 4.269
0.4256483000062872, 55, 59588.0, 4.173
0.4000272999983281, 56, 59570.0, 4.142
0.563728600012837, 57, 59515.0, 4.045
0.6508147999993525, 58, 59515.0, 4.045
0.902260800008662, 59, 59429.0, 3.895
1.0084021000075154, 60, 59429.0, 3.895
0.86135110000032, 61, 59394.0, 3.834
0.4344656000030227, 62, 59317.0, 3.699
0.4473411999933887, 63, 59282.0, 3.638
0.4422230999916792, 64, 59257.0, 3.594
0.43262229999527335, 65, 59213.0, 3.517
0.4106788999924902, 66, 59195.0, 3.486
0.38321410000207834, 67, 59195.0, 3.486
0.38425760000245646, 68, 59193.0, 3.482
0.42337900001439266, 69, 59188.0, 3.474
0.3407676999922842, 70, 59171.0, 3.444
0.38883650000207126, 71, 59171.0, 3.444
0.32422480001696385, 72, 59171.0, 3.444
0.4094211999909021, 73, 59171.0, 3.444
0.32499200000893325, 74, 59171.0, 3.444
0.36798879998968914, 75, 59129.0, 3.371
0.35538930000620894, 76, 59129.0, 3.371
0.4582040999957826, 77, 59129.0, 3.371
0.3578675000171643, 78, 59129.0, 3.371
0.41375609999522567, 79, 59129.0, 3.371
0.3404416000121273, 80, 59125.0, 3.364
0.36482250000699423, 81, 59125.0, 3.364
0.30627800000365824, 82, 59125.0, 3.364
0.34297650001826696, 83, 59125.0, 3.364
0.3566968999803066, 84, 59125.0, 3.364
0.3861378000001423, 85, 59125.0, 3.364
0.3407674999907613, 86, 59125.0, 3.364
0.31029369999305345, 87, 59113.0, 3.343
0.38080140002421103, 88, 59113.0, 3.343
0.3005154999846127, 89, 59113.0, 3.343
0.32685830001719296, 90, 59110.0, 3.337
0.3335009000147693, 91, 59110.0, 3.337
0.3521721000142861, 92, 59110.0, 3.337
0.37540530000114813, 93, 59110.0, 3.337
0.4027236999827437, 94, 59110.0, 3.337
0.3851925999915693, 95, 59110.0, 3.337
0.34268500001053326, 96, 59110.0, 3.337
0.3307560999819543, 97, 59110.0, 3.337
0.3164604000048712, 98, 59110.0, 3.337
0.3365349000087008, 99, 59110.0, 3.337
0.3384444999974221, 100, 59110.0, 3.337
0.2658258000155911, 101, 59110.0, 3.337
0.3177782999991905, 102, 59110.0, 3.337
0.3721388000121806, 103, 59110.0, 3.337
0.34997280000243336, 104, 59110.0, 3.337
0.33712280000327155, 105, 59110.0, 3.337
0.40797480000765063, 106, 59110.0, 3.337
0.4083944000012707, 107, 59100.0, 3.320
0.35361260001081973, 108, 59088.0, 3.299
0.3986789000045974, 109, 59088.0, 3.299
0.31600459999754094, 110, 59088.0, 3.299
0.3191248000075575, 111, 59062.0, 3.253
0.3178575999918394, 112, 59062.0, 3.253
0.34816850000061095, 113, 59062.0, 3.253
0.39453530000173487, 114, 59062.0, 3.253
0.3202504999935627, 115, 59062.0, 3.253
0.30737840000074357, 116, 59062.0, 3.253
0.3293718000059016, 117, 59062.0, 3.253
0.30831200000829995, 118, 59062.0, 3.253
0.39952780000749044, 119, 59062.0, 3.253
0.3119738000095822, 120, 59062.0, 3.253
0.35405130000435747, 121, 59062.0, 3.253
0.34936829999787733, 122, 59058.0, 3.246
0.38368379999883473, 123, 59058.0, 3.246
0.3826616999867838, 124, 59058.0, 3.246
0.3274634999979753, 125, 59058.0, 3.246
0.3549916000047233, 126, 59058.0, 3.246
0.3309368999907747, 127, 59058.0, 3.246
0.29994180001085624, 128, 59058.0, 3.246
0.3616772999812383, 129, 59058.0, 3.246
0.3382878999982495, 130, 59058.0, 3.246
0.3333316000062041, 131, 59058.0, 3.246
0.36267560001579113, 132, 59048.0, 3.229
0.31288700000732206, 133, 59048.0, 3.229
0.33923959999810904, 134, 59048.0, 3.229
0.3488346999802161, 135, 59048.0, 3.229
0.34659719999763183, 136, 59048.0, 3.229
0.34959450000314973, 137, 59048.0, 3.229
0.332118399994215, 138, 59048.0, 3.229
0.2975538999889977, 139, 59048.0, 3.229
0.3158289999992121, 140, 59048.0, 3.229
0.34943179998663254, 141, 59048.0, 3.229
0.34731909999391064, 142, 59048.0, 3.229
0.36642129998654127, 143, 59048.0, 3.229
0.3426441000192426, 144, 59048.0, 3.229
0.3224404999928083, 145, 59048.0, 3.229
0.37611959999776445, 146, 59048.0, 3.229
0.3648364999971818, 147, 59048.0, 3.229
0.41068619998986833, 148, 59048.0, 3.229
0.3428104000049643, 149, 58995.0, 3.136
0.3583541999978479, 150, 58995.0, 3.136
0.38372569999773987, 151, 58995.0, 3.136
0.39970889998949133, 152, 58995.0, 3.136
0.3784760999842547, 153, 58995.0, 3.136
0.3314383999968413, 154, 58995.0, 3.136
0.3349056000006385, 155, 58977.0, 3.105
0.32803139998577535, 156, 58977.0, 3.105
0.31991439999546856, 157, 58977.0, 3.105
0.3351447000168264, 158, 58977.0, 3.105
0.3928367999906186, 159, 58977.0, 3.105
0.31713589999708347, 160, 58977.0, 3.105
0.31618880000314675, 161, 58977.0, 3.105
0.37701360002392903, 162, 58977.0, 3.105
0.32250789998215623, 163, 58977.0, 3.105
0.34217079999507405, 164, 58977.0, 3.105
0.3596642999909818, 165, 58977.0, 3.105
0.3294510999985505, 166, 58977.0, 3.105
0.3403097999980673, 167, 58977.0, 3.105
0.34386819999781437, 168, 58977.0, 3.105
0.3303580999781843, 169, 58977.0, 3.105
0.39092440000968054, 170, 58977.0, 3.105
0.3044712000119034, 171, 58977.0, 3.105
0.2993140000035055, 172, 58977.0, 3.105
0.31681879999814555, 173, 58977.0, 3.105
0.39214429998537526, 174, 58977.0, 3.105
0.3311845000134781, 175, 58977.0, 3.105
0.31312920001801103, 176, 58977.0, 3.105
0.3339706000115257, 177, 58977.0, 3.105
0.3618420000129845, 178, 58977.0, 3.105
0.3187319000135176, 179, 58977.0, 3.105
0.34789200001978315, 180, 58977.0, 3.105
0.2991346000053454, 181, 58977.0, 3.105
0.3671436999866273, 182, 58977.0, 3.105
0.325517299992498, 183, 58977.0, 3.105
0.3058735999802593, 184, 58977.0, 3.105
0.3705264000163879, 185, 58975.0, 3.101
0.35741779999807477, 186, 58975.0, 3.101
0.38005219999467954, 187, 58975.0, 3.101
0.3404333000071347, 188, 58975.0, 3.101
0.3619280999992043, 189, 58975.0, 3.101
0.3534629999776371, 190, 58975.0, 3.101
0.30446360001224093, 191, 58975.0, 3.101
0.340191799972672, 192, 58975.0, 3.101
0.36636109999381006, 193, 58975.0, 3.101
0.3698271000175737, 194, 58975.0, 3.101
0.36314339999808, 195, 58975.0, 3.101
0.36841250001452863, 196, 58975.0, 3.101
0.3097600000037346, 197, 58975.0, 3.101
0.41033949999837205, 198, 58975.0, 3.101
0.3565816000045743, 199, 58975.0, 3.101
0.31675249998806976, 200, 58975.0, 3.101
0.3756269000004977, 201, 58975.0, 3.101
0.34484400000656024, 202, 58975.0, 3.101
0.3750847000046633, 203, 58975.0, 3.101
0.34013039999990724, 204, 58975.0, 3.101
0.37770879999152385, 205, 58975.0, 3.101
0.3582202999969013, 206, 58975.0, 3.101
0.3351163999759592, 207, 58975.0, 3.101
0.33436039998196065, 208, 58975.0, 3.101
0.3191427999990992, 209, 58975.0, 3.101
0.40960710000945255, 210, 58975.0, 3.101
0.3360635999997612, 211, 58975.0, 3.101
0.31353489999310113, 212, 58975.0, 3.101
0.3325697000254877, 213, 58975.0, 3.101
0.3183216000034008, 214, 58975.0, 3.101
0.41694680001819506, 215, 58975.0, 3.101
0.3034654000075534, 216, 58975.0, 3.101
0.3580583000148181, 217, 58975.0, 3.101
0.3106998000002932, 218, 58975.0, 3.101
0.3823020000127144, 219, 58975.0, 3.101
0.33552409999538213, 220, 58975.0, 3.101
0.34120850000181235, 221, 58975.0, 3.101
0.32490360000520013, 222, 58975.0, 3.101
0.37260909998440184, 223, 58975.0, 3.101
0.39766770001733676, 224, 58975.0, 3.101
0.3191225999908056, 225, 58975.0, 3.101
0.33424809999996796, 226, 58975.0, 3.101
0.29772299999604, 227, 58905.0, 2.979
0.40482060000067577, 228, 58905.0, 2.979
0.3083716999972239, 229, 58905.0, 2.979
0.3856597999983933, 230, 58903.0, 2.975
0.38385009998455644, 231, 58903.0, 2.975
0.4624390999961179, 232, 58903.0, 2.975
0.576925500005018, 233, 58856.0, 2.893
0.6555392000009306, 234, 58856.0, 2.893
0.7403977999929339, 235, 58856.0, 2.893
0.7835516999766696, 236, 58826.0, 2.841
0.49801479998859577, 237, 58826.0, 2.841
0.4934241999872029, 238, 58756.0, 2.718
0.49291130001074634, 239, 58756.0, 2.718
0.566945400001714, 240, 58756.0, 2.718
0.5306412999925669, 241, 58746.0, 2.701
0.36940200001117773, 242, 58746.0, 2.701
0.3087882000254467, 243, 58746.0, 2.701
0.3344822000071872, 244, 58746.0, 2.701
0.382843800005503, 245, 58746.0, 2.701
0.3599085999885574, 246, 58746.0, 2.701
0.37660620000679046, 247, 58746.0, 2.701
0.32743109998409636, 248, 58746.0, 2.701
0.3631242999981623, 249, 58746.0, 2.701
0.3866074999968987, 250, 58746.0, 2.701
0.3726338999986183, 251, 58731.0, 2.675
0.30829409998841584, 252, 58731.0, 2.675
0.37171029997989535, 253, 58731.0, 2.675
0.3263730000180658, 254, 58731.0, 2.675
0.32037110000965185, 255, 58731.0, 2.675
0.3915238000045065, 256, 58731.0, 2.675
0.35521219999645837, 257, 58731.0, 2.675
0.3377125000115484, 258, 58731.0, 2.675
0.3714843000052497, 259, 58731.0, 2.675
0.3675721999898087, 260, 58731.0, 2.675
0.34188130000256933, 261, 58731.0, 2.675
0.35517670001718216, 262, 58731.0, 2.675
0.38789120002184063, 263, 58731.0, 2.675
0.36597829998936504, 264, 58731.0, 2.675
0.40457370001240633, 265, 58731.0, 2.675
0.34075079998001456, 266, 58731.0, 2.675
0.3785103000118397, 267, 58731.0, 2.675
0.37137119998806156, 268, 58731.0, 2.675
0.3672680000017863, 269, 58731.0, 2.675
0.3794427000102587, 270, 58731.0, 2.675
0.36317520000739023, 271, 58731.0, 2.675
0.3896598999854177, 272, 58731.0, 2.675
0.3101347000047099, 273, 58731.0, 2.675
0.3775282999849878, 274, 58731.0, 2.675
0.36774329998297617, 275, 58731.0, 2.675
0.3409325999964494, 276, 58731.0, 2.675
0.31998039997415617, 277, 58731.0, 2.675
0.39342819998273626, 278, 58731.0, 2.675
0.33833589998539537, 279, 58731.0, 2.675
0.37463560001924634, 280, 58731.0, 2.675
0.3911299000028521, 281, 58731.0, 2.675
0.3641160000115633, 282, 58731.0, 2.675
0.3357552000088617, 283, 58731.0, 2.675
0.33829480002168566, 284, 58731.0, 2.675
0.31908909999765456, 285, 58731.0, 2.675
0.3404795000096783, 286, 58731.0, 2.675
0.3525837999768555, 287, 58731.0, 2.675
0.4048006999946665, 288, 58731.0, 2.675
0.3553439000097569, 289, 58731.0, 2.675
0.3995985999936238, 290, 58731.0, 2.675
0.3488552999915555, 291, 58724.0, 2.663
0.3286962999845855, 292, 58724.0, 2.663
0.3910094999882858, 293, 58724.0, 2.663
0.36556500001461245, 294, 58724.0, 2.663
0.3627606999943964, 295, 58724.0, 2.663
0.34271179998177104, 296, 58695.0, 2.612
0.4087071999965701, 297, 58695.0, 2.612
0.37702299997908995, 298, 58663.0, 2.556
0.542903399997158, 299, 58653.0, 2.538
0.6252573000092525, 300, 58653.0, 2.538
0.350501599983545, 301, 58653.0, 2.538
0.3479857000056654, 302, 58653.0, 2.538
0.36589260000619106, 303, 58653.0, 2.538
0.307066900015343, 304, 58653.0, 2.538
0.3232379000110086, 305, 58653.0, 2.538
0.36162069998681545, 306, 58653.0, 2.538
0.32889120001345873, 307, 58653.0, 2.538
0.31342369999038056, 308, 58653.0, 2.538
0.35813300000154413, 309, 58653.0, 2.538
0.32340819999808446, 310, 58653.0, 2.538
0.37951249998877756, 311, 58653.0, 2.538
0.33019760000752285, 312, 58653.0, 2.538
0.3253192999982275, 313, 58653.0, 2.538
0.31525700000929646, 314, 58653.0, 2.538
0.3500398000178393, 315, 58653.0, 2.538
0.3580303000053391, 316, 58653.0, 2.538
0.31795680001960136, 317, 58653.0, 2.538
0.3836416999984067, 318, 58653.0, 2.538
0.3073271000175737, 319, 58653.0, 2.538
0.31942159999744035, 320, 58653.0, 2.538
0.30778070000815205, 321, 58652.0, 2.537
0.3520511999959126, 322, 58652.0, 2.537
0.3415487000020221, 323, 58635.0, 2.507
0.30356110000866465, 324, 58635.0, 2.507
0.3266202000086196, 325, 58635.0, 2.507
0.3359803000057582, 326, 58635.0, 2.507
0.3137012000079267, 327, 58635.0, 2.507
0.37819290001061745, 328, 58635.0, 2.507
0.32081460001063533, 329, 58635.0, 2.507
0.3110049999959301, 330, 58635.0, 2.507
0.32161690000793897, 331, 58635.0, 2.507
0.3206025999970734, 332, 58635.0, 2.507
0.41743960001622327, 333, 58635.0, 2.507
0.317922299989732, 334, 58635.0, 2.507
0.3674650000175461, 335, 58635.0, 2.507
0.3000469999969937, 336, 58635.0, 2.507
0.3468279000080656, 337, 58635.0, 2.507
0.3165748000028543, 338, 58635.0, 2.507
0.3775475999864284, 339, 58635.0, 2.507
0.3500830999983009, 340, 58635.0, 2.507
0.2871572999865748, 341, 58635.0, 2.507
0.3174639999924693, 342, 58635.0, 2.507
0.35790269999415614, 343, 58635.0, 2.507
0.32049019998521544, 344, 58635.0, 2.507
0.36150890000863, 345, 58635.0, 2.507
0.3575755000056233, 346, 58635.0, 2.507
0.3297559999919031, 347, 58635.0, 2.507
0.335085499973502, 348, 58635.0, 2.507
0.29557370001566596, 349, 58635.0, 2.507
0.31714229998760857, 350, 58635.0, 2.507
0.3172564000124112, 351, 58635.0, 2.507
0.34168009998393245, 352, 58635.0, 2.507
0.3519773999869358, 353, 58635.0, 2.507
0.3239309999917168, 354, 58635.0, 2.507
0.3545868000073824, 355, 58635.0, 2.507
0.3334478000178933, 356, 58620.0, 2.481
0.2860781000053976, 357, 58620.0, 2.481
0.3557874000107404, 358, 58620.0, 2.481
0.33839409999200143, 359, 58620.0, 2.481
0.3367238000209909, 360, 58611.0, 2.465
0.3655894999974407, 361, 58607.0, 2.458
0.40679090001503937, 362, 58607.0, 2.458
0.2980309999838937, 363, 58607.0, 2.458
0.3812389000086114, 364, 58607.0, 2.458
0.32977130002109334, 365, 58607.0, 2.458
0.3410938000015449, 366, 58607.0, 2.458
0.3744470000092406, 367, 58607.0, 2.458
0.3190788999781944, 368, 58607.0, 2.458
0.333665199985262, 369, 58607.0, 2.458
0.3430981000128668, 370, 58607.0, 2.458
0.35124570000334643, 371, 58607.0, 2.458
0.30588660002104007, 372, 58607.0, 2.458
0.32042570001794957, 373, 58607.0, 2.458
0.36297419999027625, 374, 58607.0, 2.458
0.3553554000100121, 375, 58607.0, 2.458
0.3866299999936018, 376, 58607.0, 2.458
0.32707319999462925, 377, 58607.0, 2.458
0.36730169999646023, 378, 58607.0, 2.458
0.33046279998961836, 379, 58607.0, 2.458
0.35708899999735877, 380, 58607.0, 2.458
0.332108500006143, 381, 58607.0, 2.458
0.3296709999849554, 382, 58607.0, 2.458
0.3212150000035763, 383, 58607.0, 2.458
0.341370599984657, 384, 58607.0, 2.458
0.31172090000472963, 385, 58607.0, 2.458
0.31774810000206344, 386, 58607.0, 2.458
0.3313311999954749, 387, 58607.0, 2.458
0.3683546000102069, 388, 58607.0, 2.458
0.31885790001251735, 389, 58607.0, 2.458
0.35455519999959506, 390, 58607.0, 2.458
0.38038139999844134, 391, 58607.0, 2.458
0.4218002999841701, 392, 58607.0, 2.458
0.3406331999867689, 393, 58607.0, 2.458
0.3852076999901328, 394, 58607.0, 2.458
0.40198540000710636, 395, 58607.0, 2.458
0.3206048999854829, 396, 58607.0, 2.458
0.32763720001094043, 397, 58607.0, 2.458
0.37475640000775456, 398, 58607.0, 2.458
0.3797308999928646, 399, 58607.0, 2.458
0.3615552000119351, 400, 58607.0, 2.458
0.32979570000316016, 401, 58607.0, 2.458
0.3262428999878466, 402, 58607.0, 2.458
0.3443519999855198, 403, 58607.0, 2.458
0.3587035999807995, 404, 58607.0, 2.458
0.36742819999926724, 405, 58607.0, 2.458
0.3180082000035327, 406, 58607.0, 2.458
0.3298683000029996, 407, 58607.0, 2.458
0.35554960000445135, 408, 58607.0, 2.458
0.36417109999456443, 409, 58607.0, 2.458
0.34000120000564493, 410, 58607.0, 2.458
0.37580249999882653, 411, 58607.0, 2.458

tour:
[ 357  356  332  333  334  331  330  329  328 1072 1069  337  336  335
  338  340  339  341  342  350  351  352  353  354  355  365  364  369
  370  380  381  384  385  383  382  379  371  368  367  366  372  373
  374  375  376  377  378 1028 1029 1030 1031 1032 1033 1034 1035 1021
 1022 1023 1024 1025 1026 1027  424  425  426  427  428  429  430  423
  418  417  416  415  414  413  412  411  410  409  419  420  421  422
  431  432  433  434  435  436  407  406  405  408  404  403  401  402
  400  399  394  398  397  396  395  386  387  388  389  390  393  392
  391 1354 1353 1352 1351 1350 1349 1348 1345 1344 1343 1369 1368 1367
 1366 1365 1364 1363 1362 1361 1388 1385 1384 1383 1387 1386 1396 1395
 1394 1393 1392 1389 1390 1391 1360 1359 1358 1346 1347 1357 1356 1355
 1401 1400 1399 1398 1397 1260 1261 1259 1258 1257 1256 1255 1254 1196
 1195 1194 1193 1191 1192 1268 1267 1266 1265 1264 1262 1263 1269 1270
 1271 1272 1273 1274 1275 1276 1277 1286 1285 1284 1283 1282 1382 1381
 1380 1281 1280 1279 1278 1287 1288 1289 1290 1291 1292 1293 1294 1295
 1296 1297 1379 1302 1301 1300 1299 1298 1140 1139 1138 1137 1143 1142
 1141 1136 1135 1134 1128 1127 1303 1304 1305 1306 1307 1308 1309 1310
 1317 1318 1319 1320 1335 1334 1333 1316 1315 1314 1313 1312 1311 1378
 1377 1376 1375 1374 1373 1372 1371 1370 1332 1331 1330 1329 1328 1327
 1326 1325 1324 1323 1322 1321 1089 1090 1091 1094 1093 1092 1088 1095
 1096 1097 1098 1118 1119 1120 1121 1122 1126 1125 1124 1123 1129 1130
 1131 1133 1132 1155 1156 1157 1159 1158 1160 1161 1162 1163 1164 1167
 1165 1166 1649 1650 1648 1647 1652 1651 1656 1657 1658 1661 1663 1668
 1664 1665 1150 1151 1152 1154 1153 1144 1145 1147 1146 1148 1149 1666
 1667 1669 1670 1662 1660 1659 1655 1654 1653 1644 1645 1646 1674 1673
 1672 1671  264  265  266  267  273  274  275  276  277  278  280  279
  287  286  285  284  283  282  281  272  271  270  269  268  262  261
  260  259  258  257  248  247  246  245  244  126  125  124  123  121
  122  120  119  116  118  117  113  115  114  127  128  129  130  131
  241  243  242  249  250  251  252  253  254  255  263  256  239  238
  237  236  235  234  233  240  232  231  230  229  228  133  132  112
  111  110  109  108  107  106  105  104   92   91  103  102  101  100
   99   98   97   96   95   94   93   90   81   80   82   83   84   89
   88   87   86   85   79   78   77   76   75   74   73   72   71   70
   64   65   66   67   69   68   54   55   56   57   58   59   63   62
   61   60   51   52   53   42   41   43   44   45   50   49   48   47
   46   38   39   40   37   36   35   34   33   32   31   30   29   28
   27   26   25   24   23   22   21   20   19   18   17   16   15   14
   13   12   11   10    9    8    1    7    6    5 1808    4    3    2
    0 1816 1815 1814 1813 1812 1811 1807 1810 1809 1782 1783 1781 1784
 1779 1780 1778 1777 1775 1774 1776 1536 1534 1535 1539 1540 1785 1786
 1787 1802 1803 1804 1805 1806 1799 1800 1801 1791 1790 1789 1788 1792
 1793 1794 1795 1796 1797 1798  172  173  174  175  176  177  178  179
  180  181  171  170  169  168  167  185  184  183  182  186  187  188
  189  164  165  166  163  157  158  159  160  162  161  190  191  192
  195  194  193  196  197  198  156  155  154  151  152  153  203  202
  201  200  199 1714 1715 1726 1725 1724 1719 1720 1721 1722 1723 1718
 1717 1716 1711 1712 1713 1701 1702 1703 1704 1705 1706 1707 1708 1709
 1710  208  207  206  205  204  150  149  148  147  146  212  211  210
  209  216  215  214  213  145  144  143  142  141  140  217  218  219
  220  221  222  223  139  138  137  136  135  134  224  225  227  226
 1684 1683 1682 1681 1680 1679 1675 1678 1677 1676 1687 1686 1685 1694
 1693 1692 1691 1690 1689 1688 1700 1699 1698 1697 1696 1695 1638 1639
 1643 1642 1641 1640 1637 1635 1634 1636 1633 1631 1630 1632 1629 1626
 1625 1627 1624 1623 1628 1621 1620 1619 1184 1183 1182 1179 1176 1175
 1172 1171 1170 1169 1168 1173 1174 1177 1178 1180 1181 1190 1189 1188
 1187 1186 1185 1622 1618 1617 1616 1613 1615 1614 1612 1609 1610 1611
 1601 1600 1599 1602 1603 1604 1605 1606 1607 1608 1733 1732 1731 1730
 1729 1728 1727 1739 1738 1737 1736 1735 1734 1743 1744 1745 1746 1747
 1748 1749 1750 1751 1752 1740 1741 1742 1758 1759 1757 1756 1755 1754
 1753 1762 1761 1760 1558 1559 1560 1557 1556 1552 1550 1549 1548 1551
 1553 1773 1772 1770 1768 1554 1555 1769 1767 1766 1763 1765 1764 1771
 1541 1538 1537 1542 1547 1543 1544 1531 1546 1545 1529 1528 1527 1530
 1533 1532 1524 1523 1525 1526 1522 1521 1519 1520 1518 1517 1512 1516
 1515 1513 1506 1514 1505 1504 1503 1502 1501 1500 1490 1488 1489 1486
 1487 1485 1484 1483 1481 1482 1479 1478 1480 1462 1463 1464 1465 1466
 1447 1456 1455 1469 1470 1473 1474 1477 1476 1475 1472 1471 1468 1467
 1448 1454 1449 1453 1452 1450 1451  486  487  488  491  492  495  496
  499  505  504  507  508  511  512  515  516  526  525  524  522  527
  523  528  529  549  548  530  531  532  533  535  541  536  540  542
  539  538  537  543  544  545  534  546  547  550  563  562  565  566
  567  568  569  570  573  572  571  554  553  556  555  559  560  564
  561  558  557  551  552  520  521  519  518  517  514  513  510  509
  506  503  500  498  497  494  493  490  489  485  484  480  479  478
  477  474  473  501  502  472  471  470  475  476  481  482  483  469
 1435 1436 1437 1438 1439 1440 1441 1442 1443 1444 1445 1446 1457 1458
 1459 1461 1460 1581 1580 1579 1578 1577 1576 1575 1491 1499 1498 1497
 1507 1508 1509 1510 1511 1562 1563 1564 1494 1495 1496 1492 1493 1565
 1566 1567 1568 1561 1569 1570 1571 1572 1573 1574 1587 1586 1594 1588
 1589 1585 1584 1583 1582 1590 1591 1592 1593 1215 1214 1595 1596 1597
 1598 1213 1212 1211 1210 1209 1216 1217 1218 1249 1250 1204 1205 1206
 1207 1208 1197 1198 1199 1200 1201 1202 1203 1251 1252 1253 1233 1234
 1235 1236 1237 1238 1239 1240 1241 1242 1243 1232 1246 1247 1248 1245
 1244 1231 1230 1229 1228 1223 1222 1220 1219 1221 1224 1225 1227 1226
 1431 1432 1433 1434 1423 1424 1425  468 1421 1422 1426 1427 1428 1429
 1430 1415 1416 1417 1418 1419 1420 1408 1409 1410 1411 1412 1413 1414
 1402 1403 1404 1405 1406 1407  443  442  441  440  439  438  437  454
  453  452  444  445  446  447  448  449  450  451  455  456  457  458
  589  590  591  592  593  594  585  586  587  588  459  460  461  462
  467  466  465  464  463  574  576  575  578  577  580  579  584  581
  583  582  595  596  597  598  599  600  601  709  710  602  603  604
  605  610  609  608  607  606  707  708  711  712  729  728  731  730
  713  714  715  716  717  721  718  719  720  722  723  724  725  726
  727  732  736  733  735  734  743  744  742  737  738  741  740  739
  749  748  747  746  745  755  754  750  753  752  751  767  761  756
  757  758  759  760  766  765  764  763  762  768  769  770  773  774
  775  790  771  772  791  792  822  821  820  819  818  817  816  815
  814  837  836  835  834  833  832  824  823  831  830  829  828  827
  826  825  884  883  882  881  880  879  878  877  876  890  891  892
  893  894  895  896  897  898  899  900  868  867  909  910  911  912
  913  914  915  916  917  853  854  855  856  857  858  865  866  869
  864  863  862  861  860  859  870  871  872  852  844  845  846  842
  843  851  873  874  875  889  888  887  886  885  850  849  848  841
  847  838  840  839  808  809  810  811  812  813  794  793  795  796
  797  798  807  806  805  919  918  804  803  802  801  800  799  669
  668  667  666  665  664  663  658  659  660  657  656  655  654  653
  673  674  661  662  670  671  672  675  676  677  678  634  635  636
  633  632  631  630  682  681  680  679  781  780  779  778  777  776
  789  788  787  786  785  784  783  782  694  696  697  695  693  684
  683  687  686  688  685  691  692  700  699  698  706  705  704  703
  702  701  690  689  611  612  616  615  614  613  623  622  621  620
  619  618  617  629  628  627  626  625  624  637  638  639  640  641
  642  643  644  645  647  646  648  649  650  651  652 1000 1001 1002
 1003 1004 1005  996  995  997 1006  998 1007 1018  999 1017 1015 1010
 1016 1011 1012 1013 1014 1009 1008 1019 1020  994  993  992  991  990
  989  988  979  980  981  978  985  984  983  982  973  972  974  975
  976  977  936  937  938  939  940  941  942  943  935  944  945  946
  947  948  949  932  933  934  925  924  923  922  920  921  926  927
  928  929  930  931  908  907  902  901  903  904  906  905  950  951
  952  953  954  955  956  957  959  958  960  961  963  962  964  965
  967  966  968  969  970  971 1044 1043 1042 1041 1040 1039  986  987
 1036 1037 1038 1048 1047 1046 1045 1054 1053 1052 1051 1050 1049  349
  348  347  346  345  344  343 1055 1056 1059 1057 1058 1060 1061 1062
 1064 1063 1065 1066 1068 1067 1070 1071  327  326  324  325  323  322
  320  321  318  317  315  316  312  311  313  314  302  303  301  300
  298  299  296  297  294  292  289  288  290  291  293  295  304  305
  306  307  308  309  310 1105 1106 1107 1108 1109 1110 1111 1112 1113
 1114 1115 1116 1117 1099 1100 1101 1102 1103 1104 1087 1085 1086 1080
 1079 1078 1077 1076  319 1073 1074 1075 1081 1082 1083 1084 1336 1337
 1338 1339 1340 1341 1342  360  361  362  363  359  358]

eliteFit: 58607.0
percentError: 2.4579989860317126
computationTime: 172.263s