instanceName: u2319
n: 2319
optFit: 234256

genTime, gen, eliteFit, percentError:
0.002535199999329052, 0, 5812399.0, 2381.217
4.198806700000205, 1, 250591.0, 6.973
2.8404030000001512, 2, 249839.0, 6.652
2.5365179999998873, 3, 248684.0, 6.159
2.710137300000497, 4, 248316.0, 6.002
2.5744340000001102, 5, 247904.0, 5.826
2.659809700000551, 6, 247434.0, 5.625
2.577777600000445, 7, 247434.0, 5.625
2.6346080000002985, 8, 247037.0, 5.456
2.667174199999863, 9, 246486.0, 5.221
2.6358436999998958, 10, 246486.0, 5.221
2.4278862000001027, 11, 245891.0, 4.967
2.387593399999787, 12, 245891.0, 4.967
2.358989699999256, 13, 245807.0, 4.931
2.3293557999995755, 14, 245643.0, 4.861
1.9984542000001966, 15, 245601.0, 4.843
2.0932167000000845, 16, 245456.0, 4.781
2.1453229999997347, 17, 245441.0, 4.775
2.4185582999998587, 18, 245237.0, 4.688
2.3411427000000913, 19, 245151.0, 4.651
2.320116300000336, 20, 244947.0, 4.564
2.2459458000002996, 21, 244762.0, 4.485
2.317107599999872, 22, 244516.0, 4.380
2.2760303999993994, 23, 244516.0, 4.380
2.2356645999998364, 24, 244516.0, 4.380
2.376999299999625, 25, 244293.0, 4.285
2.206609199999548, 26, 243898.0, 4.116
2.2388986999994813, 27, 243816.0, 4.081
2.261910700000044, 28, 243591.0, 3.985
2.3554973000000246, 29, 243570.0, 3.976
2.2813964999995733, 30, 243446.0, 3.923
2.052273599999353, 31, 243265.0, 3.846
2.028992300000027, 32, 243265.0, 3.846
1.7808634000002712, 33, 243265.0, 3.846
1.5354166000006444, 34, 243160.0, 3.801
1.4528657999999268, 35, 243118.0, 3.783
1.3153138000006948, 36, 243036.0, 3.748
1.693401100000301, 37, 242954.0, 3.713
1.6362215999997716, 38, 242872.0, 3.678
1.8351340999997774, 39, 242872.0, 3.678
2.1617229000003135, 40, 242872.0, 3.678
1.921798200000012, 41, 242666.0, 3.590
1.9556290000000445, 42, 242584.0, 3.555
2.0142328000001726, 43, 242420.0, 3.485
1.8965971999996327, 44, 242420.0, 3.485
1.7022839000001113, 45, 242420.0, 3.485
1.3705903999998554, 46, 242338.0, 3.450
0.856873199999427, 47, 242338.0, 3.450
1.0251579000005222, 48, 242338.0, 3.450
0.833360999999968, 49, 242256.0, 3.415
0.7055081999997128, 50, 242256.0, 3.415
0.8020536999993055, 51, 242256.0, 3.415
0.6589188999996622, 52, 242256.0, 3.415
0.6999323999998524, 53, 242256.0, 3.415
0.7150442000001931, 54, 242256.0, 3.415
0.6185814999998911, 55, 242256.0, 3.415
0.6869661999999153, 56, 242256.0, 3.415
0.6649655999999595, 57, 242256.0, 3.415
0.6813505999998597, 58, 242256.0, 3.415
0.6627941999995528, 59, 242256.0, 3.415
0.7241430999993099, 60, 242256.0, 3.415
0.7326111000002129, 61, 242256.0, 3.415
0.7835144000000582, 62, 242256.0, 3.415
0.7663980999996056, 63, 242256.0, 3.415
0.6805887000000439, 64, 242256.0, 3.415
0.6998219999995854, 65, 242256.0, 3.415
0.7373302000005424, 66, 242256.0, 3.415
0.7116054999996777, 67, 242256.0, 3.415
0.7193598000003476, 68, 242256.0, 3.415
0.7057722999998077, 69, 242256.0, 3.415
0.6672839000002568, 70, 242174.0, 3.380
0.7059042999999292, 71, 242174.0, 3.380
0.6600244999999632, 72, 242174.0, 3.380
0.7161992999999711, 73, 242174.0, 3.380
0.6557705999994141, 74, 242174.0, 3.380
0.6160639999998239, 75, 242174.0, 3.380
0.6481855000001815, 76, 242174.0, 3.380
0.6539957000004506, 77, 242174.0, 3.380
0.7902755999994042, 78, 242174.0, 3.380
0.6274332000002687, 79, 242174.0, 3.380
0.6913242000000537, 80, 242174.0, 3.380
0.638218300000517, 81, 242174.0, 3.380
0.6939230999996653, 82, 242174.0, 3.380
0.6735879000007117, 83, 242092.0, 3.345
0.6230814999998984, 84, 242092.0, 3.345
0.7038296000000628, 85, 242092.0, 3.345
0.7057428000007349, 86, 242092.0, 3.345
0.6693316999999297, 87, 242092.0, 3.345
0.7359442999995736, 88, 242092.0, 3.345
0.7092091000004075, 89, 242092.0, 3.345
0.7106348000006619, 90, 242092.0, 3.345
0.7017925000000105, 91, 242092.0, 3.345
0.7342801000004329, 92, 242092.0, 3.345
0.6318077999994784, 93, 242092.0, 3.345
0.6173655000002327, 94, 242092.0, 3.345
0.6060799000006227, 95, 242092.0, 3.345
0.668127199999617, 96, 242092.0, 3.345
0.6499665000001187, 97, 242092.0, 3.345
0.64774639999996, 98, 242092.0, 3.345
0.664454100000512, 99, 242092.0, 3.345
0.7383031999997911, 100, 242075.0, 3.338
0.7200542000000496, 101, 242033.0, 3.320
0.6754308999998102, 102, 241951.0, 3.285
0.8070502000000488, 103, 241951.0, 3.285
0.824720000000525, 104, 241951.0, 3.285
0.7961271000003762, 105, 241951.0, 3.285
0.6996265999996467, 106, 241869.0, 3.250
0.6537795000003825, 107, 241869.0, 3.250
0.6781848999999056, 108, 241869.0, 3.250
0.833724600000096, 109, 241869.0, 3.250
0.6996498000007705, 110, 241869.0, 3.250
0.6701944999995249, 111, 241869.0, 3.250
0.7403549000000567, 112, 241869.0, 3.250
0.6992239999999583, 113, 241869.0, 3.250
0.6519852999999785, 114, 241869.0, 3.250
0.776267100000041, 115, 241869.0, 3.250
0.7036770000004253, 116, 241869.0, 3.250
0.8082445999998527, 117, 241869.0, 3.250
0.7213788999997632, 118, 241869.0, 3.250
0.7533535000002303, 119, 241869.0, 3.250
0.7530038000004424, 120, 241869.0, 3.250
0.6871090999993612, 121, 241869.0, 3.250
0.7942221000002974, 122, 241869.0, 3.250
0.7735040000006848, 123, 241869.0, 3.250
0.6789300999998886, 124, 241869.0, 3.250
0.760565100000349, 125, 241846.0, 3.240
0.7439134000005652, 126, 241846.0, 3.240
0.795817100000022, 127, 241846.0, 3.240
0.8249297999991541, 128, 241846.0, 3.240
0.7599268000003576, 129, 241846.0, 3.240
0.7166056999994908, 130, 241846.0, 3.240
0.7179175999999643, 131, 241787.0, 3.215
0.7198293000001286, 132, 241787.0, 3.215
0.8048505999995541, 133, 241787.0, 3.215
0.908937700000024, 134, 241787.0, 3.215
0.6693108999998003, 135, 241787.0, 3.215
0.7215150000001813, 136, 241705.0, 3.180
0.752265900000566, 137, 241705.0, 3.180
0.7340404999995371, 138, 241705.0, 3.180
0.7360226000000694, 139, 241705.0, 3.180
0.6360045000001264, 140, 241705.0, 3.180
0.6811986000002435, 141, 241705.0, 3.180
0.7713237999996636, 142, 241705.0, 3.180
0.735529000000497, 143, 241705.0, 3.180
0.6626453999997466, 144, 241705.0, 3.180
0.7064956999993228, 145, 241705.0, 3.180
0.783055300000342, 146, 241705.0, 3.180
0.6495382999992216, 147, 241705.0, 3.180
0.6909339000003456, 148, 241705.0, 3.180
0.6181679000001168, 149, 241705.0, 3.180
0.6395055000002685, 150, 241705.0, 3.180
0.7460929999997461, 151, 241705.0, 3.180
0.6702543999999762, 152, 241705.0, 3.180
0.749471199999789, 153, 241705.0, 3.180
0.6900753999998415, 154, 241705.0, 3.180
0.6746770999998262, 155, 241705.0, 3.180
0.7029821999994965, 156, 241705.0, 3.180
0.6697555999999167, 157, 241705.0, 3.180
0.7299051999998483, 158, 241705.0, 3.180
0.7348636999995506, 159, 241705.0, 3.180
0.6932428000000073, 160, 241705.0, 3.180
0.6180222000002686, 161, 241705.0, 3.180
0.7526593000002322, 162, 241705.0, 3.180
0.7028142999997726, 163, 241705.0, 3.180
0.6755667999996149, 164, 241705.0, 3.180
0.7028313000000708, 165, 241705.0, 3.180
0.7660883999997168, 166, 241705.0, 3.180
0.7048463000000993, 167, 241705.0, 3.180
0.6240772999999535, 168, 241705.0, 3.180
0.8249421000000439, 169, 241705.0, 3.180
0.6359265999999479, 170, 241705.0, 3.180
0.6234560000002602, 171, 241705.0, 3.180
0.700781200000165, 172, 241705.0, 3.180
0.6714028000005783, 173, 241705.0, 3.180
0.6819949000000634, 174, 241705.0, 3.180
0.7396791000001031, 175, 241705.0, 3.180
0.6421159999999873, 176, 241705.0, 3.180
0.6355868000000555, 177, 241705.0, 3.180
0.6673052000005555, 178, 241640.0, 3.152
0.8107557999992423, 179, 241640.0, 3.152
0.8989192999997613, 180, 241640.0, 3.152
0.7933432999998331, 181, 241640.0, 3.152
0.8348488999999972, 182, 241581.0, 3.127
1.0685899999998583, 183, 241581.0, 3.127
1.3721497999995336, 184, 241581.0, 3.127
1.495074100000238, 185, 241499.0, 3.092
1.7741747000000032, 186, 241499.0, 3.092
1.6212322999999742, 187, 241499.0, 3.092
1.8370113000000856, 188, 241499.0, 3.092
1.7917184999996607, 189, 241499.0, 3.092
1.3878223000001526, 190, 241499.0, 3.092
0.8735027000002447, 191, 241499.0, 3.092
0.7693696999995154, 192, 241499.0, 3.092
0.6684154000004128, 193, 241499.0, 3.092
0.7367395999999644, 194, 241499.0, 3.092
0.7208415999994031, 195, 241499.0, 3.092
0.750401199999942, 196, 241499.0, 3.092
0.6660574999996243, 197, 241499.0, 3.092
0.6978822000000946, 198, 241499.0, 3.092
0.6942985000005137, 199, 241499.0, 3.092
0.676499899999726, 200, 241499.0, 3.092
0.7593399999996109, 201, 241499.0, 3.092
0.6899380999993809, 202, 241335.0, 3.022
0.7297852000001512, 203, 241293.0, 3.004
0.8386139000003823, 204, 241129.0, 2.934
0.8527406000002884, 205, 241129.0, 2.934
0.7863391000000775, 206, 241129.0, 2.934
0.8767971999996007, 207, 241047.0, 2.899
0.9591261000005034, 208, 240965.0, 2.864
0.818664099999296, 209, 240965.0, 2.864
0.9417334999998275, 210, 240965.0, 2.864
0.837373800000023, 211, 240965.0, 2.864
0.8645615000004909, 212, 240883.0, 2.829
0.8563821999996435, 213, 240883.0, 2.829
0.850837799999681, 214, 240883.0, 2.829
0.7704814999997325, 215, 240801.0, 2.794
0.9631157000003441, 216, 240801.0, 2.794
0.8528962999998839, 217, 240801.0, 2.794
0.7713389000000461, 218, 240801.0, 2.794
0.6620667999995931, 219, 240801.0, 2.794
0.7454729000000953, 220, 240801.0, 2.794
0.7282642000000124, 221, 240801.0, 2.794
0.618259300000318, 222, 240801.0, 2.794
0.6402226999998675, 223, 240801.0, 2.794
0.7301281000000017, 224, 240801.0, 2.794
0.6226405000006707, 225, 240801.0, 2.794
0.6941419999993741, 226, 240801.0, 2.794
0.7184558999997535, 227, 240801.0, 2.794
0.6773855000001276, 228, 240801.0, 2.794
0.6582075000005716, 229, 240801.0, 2.794
0.6421323999993547, 230, 240801.0, 2.794
0.6428659000002881, 231, 240801.0, 2.794
0.6644767999996475, 232, 240801.0, 2.794
0.6830371999994895, 233, 240801.0, 2.794
0.6993855000000622, 234, 240801.0, 2.794
0.6606234000000768, 235, 240801.0, 2.794
0.6876425000000381, 236, 240801.0, 2.794
0.6847479999996722, 237, 240801.0, 2.794
0.7470391999995627, 238, 240801.0, 2.794
0.6877221999993708, 239, 240801.0, 2.794
0.723578300000554, 240, 240801.0, 2.794
0.6307665000003908, 241, 240801.0, 2.794
0.801311799999894, 242, 240801.0, 2.794
0.7761669999999867, 243, 240801.0, 2.794
0.6750736000003599, 244, 240801.0, 2.794
0.7335010999995575, 245, 240801.0, 2.794
0.752028999999311, 246, 240719.0, 2.759
0.6474131999993915, 247, 240719.0, 2.759
0.6602840000005017, 248, 240719.0, 2.759
0.6802716000001965, 249, 240719.0, 2.759
0.7928074999999808, 250, 240719.0, 2.759
0.8624941999996736, 251, 240637.0, 2.724
0.7245899999998073, 252, 240637.0, 2.724
0.6447570000000269, 253, 240637.0, 2.724
0.6600720999995247, 254, 240637.0, 2.724
0.7457819000001109, 255, 240637.0, 2.724
0.8292349000003014, 256, 240637.0, 2.724
0.694036199999573, 257, 240637.0, 2.724
0.658255299999837, 258, 240637.0, 2.724
0.6843157000002975, 259, 240637.0, 2.724
0.6458812000000762, 260, 240637.0, 2.724
0.7401730999999927, 261, 240637.0, 2.724
0.7477515000000494, 262, 240637.0, 2.724
0.6394540000001143, 263, 240637.0, 2.724
0.6766571999996813, 264, 240637.0, 2.724
0.6474111000006815, 265, 240637.0, 2.724
0.6431821999995009, 266, 240637.0, 2.724
0.6422620000003008, 267, 240637.0, 2.724
0.678751999999804, 268, 240555.0, 2.689
0.7805362999997669, 269, 240555.0, 2.689
0.9095459000000119, 270, 240555.0, 2.689
1.1299876000002769, 271, 240555.0, 2.689
0.8021238999999696, 272, 240555.0, 2.689
0.7195977000001221, 273, 240555.0, 2.689
0.6416219000002457, 274, 240555.0, 2.689
0.7192900999998528, 275, 240555.0, 2.689
0.7651581000000078, 276, 240555.0, 2.689
0.7932627000000139, 277, 240555.0, 2.689
0.8237974000003305, 278, 240555.0, 2.689
0.651751599999443, 279, 240555.0, 2.689
0.6409944999995787, 280, 240555.0, 2.689
0.7749278000001141, 281, 240555.0, 2.689
0.6282688999999664, 282, 240555.0, 2.689
0.7587763999999879, 283, 240555.0, 2.689
0.7360349000000497, 284, 240555.0, 2.689
0.6480627999999342, 285, 240555.0, 2.689
0.8061479999996664, 286, 240555.0, 2.689
0.7784646000000066, 287, 240555.0, 2.689
0.6967076000000816, 288, 240555.0, 2.689
0.6476112999998804, 289, 240555.0, 2.689
0.7450750999996671, 290, 240555.0, 2.689
0.6377657000002728, 291, 240555.0, 2.689
0.7118848000000071, 292, 240555.0, 2.689
0.7204900999995516, 293, 240555.0, 2.689
0.6344232999999804, 294, 240555.0, 2.689
0.6630097999995996, 295, 240555.0, 2.689
0.6929567999995925, 296, 240555.0, 2.689
0.6548149000000194, 297, 240555.0, 2.689
0.7021323999997549, 298, 240555.0, 2.689
0.6371258999997735, 299, 240555.0, 2.689
0.6695900000004258, 300, 240555.0, 2.689
0.7367845999997371, 301, 240555.0, 2.689
0.6890597999999954, 302, 240555.0, 2.689
0.7195837999997821, 303, 240431.0, 2.636
0.7166048999997656, 304, 240431.0, 2.636
0.7557972000004156, 305, 240431.0, 2.636
0.6670052999998006, 306, 240431.0, 2.636
0.7697854999996707, 307, 240431.0, 2.636
0.699718899999425, 308, 240431.0, 2.636
0.6849032999998599, 309, 240431.0, 2.636
0.6421719999998459, 310, 240431.0, 2.636
0.6918206999998802, 311, 240431.0, 2.636
0.652501100000336, 312, 240349.0, 2.601
0.7000184999997145, 313, 240349.0, 2.601
0.9358161999998629, 314, 240349.0, 2.601
0.7792067000000316, 315, 240349.0, 2.601
0.6867715999997017, 316, 240349.0, 2.601
0.7169387000003553, 317, 240349.0, 2.601
0.6731497000000672, 318, 240349.0, 2.601
0.6372086000001218, 319, 240349.0, 2.601
0.6194242999999915, 320, 240349.0, 2.601
0.6268632000001162, 321, 240349.0, 2.601
0.7177433999995628, 322, 240349.0, 2.601
0.754492900000514, 323, 240290.0, 2.576
0.7673328999999285, 324, 240290.0, 2.576
0.6499063000001115, 325, 240208.0, 2.541
0.7132732000000033, 326, 240208.0, 2.541
0.8983203999996476, 327, 240126.0, 2.506
0.749937200000204, 328, 240126.0, 2.506
0.7254161999999269, 329, 240126.0, 2.506
0.7282012999994549, 330, 240126.0, 2.506
0.6558812000002945, 331, 240126.0, 2.506
0.6898658999998588, 332, 240126.0, 2.506
0.8502588000001197, 333, 240126.0, 2.506
0.7285640000000058, 334, 240126.0, 2.506
0.6706093000002511, 335, 240126.0, 2.506
0.7183058000000528, 336, 240126.0, 2.506
0.710081999999602, 337, 240126.0, 2.506
0.7434425999999803, 338, 240126.0, 2.506
0.739108199999464, 339, 240126.0, 2.506
0.7480567000002338, 340, 240126.0, 2.506
0.6788811000005808, 341, 240126.0, 2.506
0.7151541000002908, 342, 240126.0, 2.506
0.6827208000004248, 343, 240126.0, 2.506
0.6654180000004999, 344, 240126.0, 2.506
0.6752595999996629, 345, 240126.0, 2.506
0.7337428999999247, 346, 240126.0, 2.506
0.7489654999999402, 347, 240126.0, 2.506
0.7255767000006017, 348, 240126.0, 2.506
0.6686620000000403, 349, 240126.0, 2.506
0.7065475999997943, 350, 240126.0, 2.506
0.7131856999994852, 351, 240126.0, 2.506
0.6871200999994471, 352, 240126.0, 2.506
0.7372553999994125, 353, 240126.0, 2.506
0.6956684000006135, 354, 240126.0, 2.506
0.6410939999996117, 355, 240126.0, 2.506
0.7291190999994797, 356, 240126.0, 2.506
0.7297746000003826, 357, 240126.0, 2.506
0.792609099999936, 358, 240126.0, 2.506
0.7494213999998465, 359, 240126.0, 2.506
0.6996087999996234, 360, 240126.0, 2.506
0.7184954000003927, 361, 240126.0, 2.506
0.8288027999997212, 362, 240126.0, 2.506
0.7435572999993383, 363, 240126.0, 2.506
0.6997995000001538, 364, 240126.0, 2.506
0.6946998000003077, 365, 240126.0, 2.506
0.6838465000000724, 366, 240126.0, 2.506
0.6942304000003787, 367, 240126.0, 2.506
0.7223973000000115, 368, 240126.0, 2.506
0.7019823000000542, 369, 240126.0, 2.506
0.753204900000128, 370, 240126.0, 2.506
0.8594941000001199, 371, 240126.0, 2.506
0.695909500000198, 372, 240126.0, 2.506
0.6800094000000172, 373, 240126.0, 2.506
0.7644438999996055, 374, 240126.0, 2.506
0.6204852999999275, 375, 240126.0, 2.506
0.6468879999993078, 376, 240126.0, 2.506
0.7118443000008483, 377, 240126.0, 2.506

tour:
[ 979  981  982  980  987  985  988  989  918 1028  919  917  990  983
  920  916  915  921  984  937  936  938  951  939  935  940  934  933
 1173 1174 1176 1175  932  930  929  925  924  923  922  914  913  906
  909 1029 1027 1026 1030  908 1031  882  879  883  878  885  884  907
  910  911  905  912  904  927  926  928  931 1183 1184 1190 1191 1198
 1192 1194 1196 1350 1182 1193 1181 1180 1178 1179 1352 1355  504  506
  508  503  501  507  498  500 1365  499 1366 1364 1363 1356 1357 1360
 1362 1367 1370 1372 1375 1373 1374  490  497  495  493  491  489 1376
 1377 1378 1158 1159 1380 1379 1381 1383 1389 1385 1384 1382  488  487
  479  478  475  476 1390 1392 1393 1398 1405 1401 1399 1391 1386 1387
 1400 1152 1406 1402 1411 1407 1412 1413 1415 1408 1403  440  443 1404
 1397 1396  446  444  447  445  295  442  441  310  309  320  319  321
  308  306  303  305  302  301  307  300  294  293  297  299  298 2167
 2166 2169 2168 2170 2172 2173 2176 2178 2180 2181 2200 2199 2201 2203
 2204 2202 2205 2207 2206 2212 2213 2214 2215 2216 2211 2209 2208 2210
 2193 2191 2190 2186  279  267  268 2192 2218 2217 2222 2221 2225  263
  262  261  260  259  258  462  461  265  264 2219 2220  266  269  270
  459  460  278  280  271  284  285  288  274  291  289  286  287  282
  283  281 2185 2183 2184 2187 2188 2189 2194 2195 2196 2197 2198 2182
 2179 2177 2175 2174 2171  290  292  296  449  450  448  452 1395 1394
  455  453  451  275  273  276  272  456  277  458  457  464  463  470
  467  454  465  466  468  469  473  472  471  257  256 2234 2232 2235
 2233  251  252  255  253  483  482  474  477  480  481  484  254  249
  250 2246 2237 2243 2247 2242 2238 2236 2231 2227 2226 2224 2223 2228
 2229 2230 2239 2240 2241 2250 2251 2248 2249 2252 2253  241  242 2244
 2245  243  244  248  247  485  486  492  246  245  236  494  496  232
  502  510  233  231  235  237  234  239  238  240  228  227 2260  226
  220  222  229  230  221  223  219  218  513  511  509  512  514  515
  505  518 1354 1353 1351 1349 1343 1342 1195 1197 1199 1207 1201 1206
 1219 1220 1221 1228 1222 1205 1204 1202 1203  898  899  900 1188 1189
 1185 1186 1187  903  902  886  901  887  877  876  874  873  864  865
  872  891  875  888  889  897  890  893  895 1244 1242 1245 1246 1239
 1247 1286 1285  628  626  624  139  140  144  142  143  145  146  147
   72  148  149  150   71   64   62   56  151  152  607  608  613  614
  617  620  621  623  622  618  619 1287 1288 1289 1290 1291 1292 1240
 1238 1241 1237 1235 1225  896 1226 1227 1223 1224 1236 1234 1232 1293
 1297 1231 1298 1230 1233 1229 1215 1214 1216 1313 1299 1300 1311 1312
 1318 1320 1321 1317 1315 1314 1217 1324 1332 1213 1218 1212 1200 1208
 1211 1209 1210 1341 1340 1334 1333 1331 1325 1316 1323 1326 1327 1329
 1328 1330 1335 1337 1338  531 1339 1344 1345 1347 1346 1348  517  516
  519  217  216  215  213  524  214  523  522  520  521  526  527  525
  528  532  530  533  534  206  205  207  203  202  536  535  529 1336
  539  540  537  541  538  550  547  542  543  201  544  200  199  208
  209  204  210  211 2278 2279 2277 2276 2272  212 2267 2270 2269 2268
  224  225 2262 2263 2261 2259 2255 2254 2256 2257 2258 2264 2265 2266
 2271 2273 2274 2275 2280 2281 2282 2283 2284 2285 2286 2288 2287 2293
 2290 2289  198  197  195  193  545  546  561  560  559  551  548  549
 1322  556  553  552  558  557  554  583  589  591  592  593  165  166
  168  577  578  579  574  576  169  170  172  173  175  575  573  572
  569  580  581  582  570  571  568  566  565  567  564  563  562  194
  192  196  191  190 2291 2296 2292 2294 2295 2299 2300 2298 2297  189
  181  182  186  188  187  185  183  184  177  176  178  179  180 2304
 2310 2311 2303 2302 2301 2316 2317 2318    0 2315 2313 2312 2314 2309
 2308 2305  174 2306 2307    3    5    1    6    7    8    9   11   12
   14   15   10   19   18   16   13   17   20   27    2    4   28   29
   30  171   33   42   43  167   44   45  163  162  160  159  164  595
  594  590  588  584  555 1319 1310  586  587  585  600  598  596  597
  157  158   51   52  161   47   38   41   36   34   32   31   26   25
   22   21   24   23   35   37   40   39   48   46   50   49   53   58
   54  156  155  605  604  601  599  602 1307 1308 1309 1301 1304 1302
 1296 1294 1295  616  615  612  610 1303 1305 1306  611  609  603  606
  153  154   55   57   59   60   61   63   65   68   66   69   70   73
   74   76   67   77   78   80   75  141   82   83   79   87   86   84
   81  138  136  134  133  135  137  625  629  627 1284 1282 1250 1248
 1251 1252 1254  870 1243  894  892  871  867  863  866  862  861  854
  847  845  848  851  853  852 1257 1256  868  869 1253 1255 1266 1265
 1267 1249 1280 1281 1283  630  634  635  636  633  631 1276 1277 1279
 1268 1278 1269 1271 1270 1258 1264 1263  850 1262  659  658 1261 1260
 1272 1275 1273 1274  644  641  642  127   99   98  100  129  128  638
  643  640  632  639  637  132  131  130   85   88   89   90   92   91
   93   97   94   96   95  101  105  104  102 1638 1636  103  109  110
  108  106  107  115  126  116  117  118  645  654  646 1259  655  647
  656  657  663  662  660  834  849  844  835  843  836 1035  846  855
  856  860  859  880  881  858  857 1032 1023 1024 1025 1015 1014 1013
  995  994  992  991  973  972  966  970  968 1000  997  993  996 1006
 1012 1011 1016 1017 1010 1007 1005 1001  998 1002 1004 1008 1049 1003
 1058 1060  999 1061 1062 1056 1059 1057 1054 1051 1050 1048 1045 1043
 1046 1047 1009 1021 1018 1019 1038 1037  839  838 1020 1022 1033 1036
 1034  837  841  842  827  820  818  819  840 1040 1041 1039 1042 1044
 1052 1053  803  804  809  810  815  814  813  816  817  822  723  724
  725  722  726  729  728  730  735  736 1550 1560 1561 1563 1562 1572
 1569 1568 1565 1566 1750 1749 1570 1571 1575 1576 1580 1581 1584 1574
 1573  711  727  712  720  721  821  823  826  828  829  833  830  832
  831  825  824  717  719  715  708  716  718  671  669  670  668  672
  674  679  675  680  681  652  665  667  673  661  664  666  648  653
  650  651  649  682  684  685  683  678  676  677  698  697  699  703
  706  707  705  714  713  710  709  704  702 1586 1585 1583 1582 1738
 1577 1579 1748 1578 1739 1740 1744 1747 1751 1754 1752 1746 1745 1741
 1743 1735 1734 1730 1733 1736 1737 1590 1589 1588 1592 1587 1595  701
  700 1596 1594 1593 1591 1602 1600 1601 1723 1724 1718 1717 1713 1707
 1708 1711 1665 1712 1720 1719 1666 1664 1667 1669 1671 1673 1677 1674
 1676 1644 1647 1642 1654 1658 1619 1617 1618 1621 1622 1623 1615 1616
 1614 1612 1662 1660 1659 1657 1655 1675 1672 1656 1661 1670 1668 1663
 1611 1608 1607 1721 1722 1605 1606 1604 1603 1599 1598 1597  694  692
  696  691  695  693 1609  689 1610 1613  690  688  687  686 1624 1626
  121  122  119  123  124  120  113  114  125  112  111 1632 1631 1627
 1625 1628 1630 1629 1620 1653 1652 1650 1651 1633 1634 1635 1639 1637
 1640 1641 1649 1648 1643 1646 1645 1678 1679 1681 1682 1710 1709 1704
 1703 1683 1680 1695 1684 1696 1702 1697 1701 1700 1836 1705 1706 1714
 1715 1834 1833 1830 1844 1835 1837 1843 1838 1699 1698 1694 1685 1693
 1686 1692 1688 1691 1687 1689 1690 1839 1840 1861 1862 1863 1864 1865
 1866 1867 1868 1869 1870 1871 1872 1890 1891 1892 1893 1894 1895 1896
 1897 1898 1889 1902 1888 1886 1884 1883 1881 1879 1878 1876 1875 1814
 1858 1856 1857 1859 1874 1873 1860 1855 1854 1823 1853 1852 1850 1849
 1847 1846 1841 1842 1845 1848 1831 1851 1825 1832 1829 1827 1828 1716
 1727 1725 1728 1732 1731 1729 1819 1726 1826 1824 1822 1821 1820 1818
 1812 1817 1811 1810 1742 1804 1803 1805 1809 1816 1813 1815 1806 1877
 1807 1808 1797 1880 1882 1798 1800 1801 1796 1802 1795 1794 1753 1760
 1762 1777 1776 1775 1765 1778 1787 1783 1779 1766 1769 1772 1773 1774
 1763 1761 1759 1755 1756 1567 1564 1558 1559 1557 1556 1553 1757 1758
 1554 1555 1552 1551 1549 1548 1547 1544 1764 1543 1539 1538 1542 1545
 1541 1546 1536 1535 1534 1532 1533  754  746  747  751  748  745  744
  742  741  743  740  734  737  731  732  733  738  739  807  812  811
  805  808  806  750  802  798  800  749  799  759  795  791  793  787
  786  788 1076 1086  785  783  781  780  782  784 1087 1088 1459 1458
 1456 1457 1089 1084 1085 1074 1082 1073 1077 1075  789  790  794 1066
 1078 1079 1080 1071 1070 1067 1064  796  797  801 1055 1063 1065 1068
 1069  969  967  971  965  964 1104 1102 1105 1103 1116 1107 1106 1101
 1100 1099 1097 1095 1098 1072 1081 1083 1094 1096 1110 1109 1444 1450
 1445 1443 1442 1441 1431 1114 1112 1111 1108 1113 1115 1119 1120 1430
 1432 1435 1440 1439 1436  419  418 1437 1438 1446  411  412  414  413
  417  420  333  335  332  336  421  424  337  331  338  428  426  425
  423  422 1433 1434 1425 1424 1422  432  433  435  436  434  430  431
  427  429  315  329  330  339  342  347  343 2145 2143  344  345 2140
 2138  352  356  351  346  348  334  416  349  350  415  408  409  410
 1451 1447 1449 1092 1093 1091 1090 1448 1453 1452  404 1454 1455 1464
 1463 1466 1470 1465 1462 1460 1461 1471 1472 1469 1467 1468 1475 1473
  779  774  778  775 1474 1480 1476 1481 1477 1479  777  776 1514 1511
 1513 1517 1524 1525  763  764  765 1516 1515  766  773  767  769  772
  770  771  792  758  760  762  768  761  757  752  756  753  755 1526
 1527 1528 1530 2055 2050 2049 2059 2060 2061 2057 2058 2056 1522 1523
 1521 1519 1520 1518 1512 2062 2065 2064 2063 2066 2067 2028 2027 2031
 2029 2030 2039 2040 2037 2041 2048 2047 2054 2051 1529 1531 1537 1540
 2053 2052 1771 1770 2046 2042 2044 2043 2045 1768 1767 1908 1910 1909
 1907 1906 1781 1782 1780 1784 1786 1792 1788 1793 1789 1791 1790 1799
 1885 1887 1785 1903 1905 1904 1901 1899 1900 1924 1925 1926 1927 1928
 1929 1930 1931 1932 1933 1935 1954 1936 1934 1923 1922 1921 1918 1919
 1915 1912 1913 1911 1914 1916 1917 1920 1939 1941 1940 2033 2034 2036
 2035 2038 2032 2026 2025 2024 2018 2019 2023 2022 2068 2021 2069 2070
 1487 1509 1508 1510 1507 1506 1505 1504 1478 1482 1483  388  389  390
  393  394  397  398  400  403  402  405  407  406  368  354  355  353
  359  367  369  366 2131 2128  365  361  373  370  372  401  399  371
  378  364  362 2127 2125  363  379  377  375  374  396  395  392  376
  382  381 2116 2117  380 2123 2118 2119 2111 2108 2101 2109 2110 2112
 2114 2115  383  391  387  384 2113  386  385 1484 1494 1497 1499 1501
 1503 1502 1500 1488 2071 2073 1489 1498 1496 1495 1491 1490 2075 2076
 2074 2078 2077 2082 2079 1492 2080 2083 2081 2084 2002 1996 1999 1997
 1971 1970 1972 1974 1975 1987 1988 1986 1980 1976 1973 1964 1958 1965
 1966 1968 1969 2007 2006 2010 2005 1998 2003 2004 2011 2012 2009 2014
 2013 2072 2020 2017 2016 2015 2008 1967 1956 1948 1947 1944 1943 1942
 1938 1945 1937 1946 1955 1949 1957 1950 1953 1951 1952 1960 1961 1959
 1963 1962 1977 1978 1979 1985 1984 1983 1982 1981 1989 1990 1991 1994
 1995 2001 2000 1993 1992 2088 2089 2087 2085 2086 2090 2091 2097 2092
 2094 2093 1493 1486 1485 2095 2096 2100 2102 2099 2098 2103 2104 2105
 2106 2107 2120 2121 2122 2124 2126 2129 2130 2133 2132  360  358  357
 2136 2135 2134 2137 2139 2141 2142 2144 2146 2149 2148 2147  340  341
  328  327 2152 2151 2150 2153 2154 2157 2159 2161 2162 2164 2165 2163
 2160 2158 2156 2155  324  326  323  325  304  322  312  317  314  316
  313  318  438  311  439  437 1410 1409 1416 1421 1417 1420 1414 1419
 1418 1423 1426 1428 1427 1429 1128 1129 1130 1143 1144 1142 1146 1145
 1149 1150 1151 1148 1147 1141 1140 1155 1156 1154 1153 1388 1157 1160
 1161 1371 1369 1368 1361 1359 1358 1177 1171 1172  942  941  943 1170
 1168  945  944  949  950  948  946 1167 1169 1166 1165 1162 1164 1163
  947 1139 1138 1137 1136 1135 1134 1131 1133  956  954  957  953  952
  978  958  977  959  955 1132 1127 1126 1121 1118 1117 1122 1125  960
 1124 1123  963  974  986  962  975  961  976]

eliteFit: 240126.0
percentError: 2.5058056143706033
computationTime: 347.235s