instanceName: vm1748
n: 1748
optFit: 336556

genTime, gen, eliteFit, percentError:
0.002455699985148385, 0, 14496301.0, 4207.248
2.6835763000126462, 1, 367244.0, 9.118
1.6304984999878798, 2, 366240.0, 8.820
1.6075413000071421, 3, 364316.0, 8.248
1.515463699994143, 4, 362103.0, 7.591
1.6223202999972273, 5, 362103.0, 7.591
1.5883709999907296, 6, 359639.0, 6.859
1.4888370000116993, 7, 359105.0, 6.700
1.581043900019722, 8, 358340.0, 6.473
1.5843936000019312, 9, 356099.0, 5.807
1.4879582999856211, 10, 356099.0, 5.807
1.5451622999971732, 11, 354583.0, 5.356
1.524789499992039, 12, 353972.0, 5.175
1.4399930000072345, 13, 353314.0, 4.979
1.5098538000020199, 14, 353314.0, 4.979
1.5756665999942925, 15, 353151.0, 4.931
1.469845899991924, 16, 352941.0, 4.868
1.3748283000022639, 17, 352693.0, 4.795
1.4638239000050817, 18, 351987.0, 4.585
1.4360850999946706, 19, 351987.0, 4.585
1.3205997000040952, 20, 350558.0, 4.160
1.372795999981463, 21, 350558.0, 4.160
1.2696838999981992, 22, 350232.0, 4.064
1.483771799976239, 23, 349733.0, 3.915
1.3448069999867585, 24, 349292.0, 3.784
1.1731948999804445, 25, 349105.0, 3.729
0.8769601999956649, 26, 349073.0, 3.719
0.6421853000065312, 27, 348479.0, 3.543
0.6407290000061039, 28, 348176.0, 3.453
0.652755499992054, 29, 348050.0, 3.415
0.5092812000075355, 30, 347729.0, 3.320
0.44554250000510365, 31, 347564.0, 3.271
0.45878459999221377, 32, 347407.0, 3.224
0.46149220000370406, 33, 346903.0, 3.074
0.45792939999955706, 34, 346861.0, 3.062
0.41555519998655654, 35, 346632.0, 2.994
0.4663587999821175, 36, 346534.0, 2.965
0.42529189999913797, 37, 346431.0, 2.934
0.44175140000879765, 38, 346363.0, 2.914
0.3984876000031363, 39, 346363.0, 2.914
0.4186945999972522, 40, 346363.0, 2.914
0.36442590001388453, 41, 346363.0, 2.914
0.381664999993518, 42, 346363.0, 2.914
0.39746210002340376, 43, 346337.0, 2.906
0.4129835999920033, 44, 346337.0, 2.906
0.39971200001309626, 45, 346337.0, 2.906
0.3870327000040561, 46, 346337.0, 2.906
0.3892067999986466, 47, 346337.0, 2.906
0.38972359997569583, 48, 346337.0, 2.906
0.5016107000119518, 49, 346337.0, 2.906
0.4347587999945972, 50, 346058.0, 2.823
0.3975616999960039, 51, 346058.0, 2.823
0.4133019000000786, 52, 345886.0, 2.772
0.42231449999962933, 53, 345813.0, 2.751
0.4011629000015091, 54, 345641.0, 2.699
0.42799399999785237, 55, 345625.0, 2.695
0.3849857000168413, 56, 345625.0, 2.695
0.42150280001806095, 57, 345625.0, 2.695
0.5805303000088315, 58, 345625.0, 2.695
0.35192029998870566, 59, 345625.0, 2.695
0.4133239999937359, 60, 345625.0, 2.695
0.4168581000121776, 61, 345625.0, 2.695
0.4387630999844987, 62, 345625.0, 2.695
0.4337507000018377, 63, 345625.0, 2.695
0.3523052000091411, 64, 345625.0, 2.695
0.41046629997435957, 65, 345625.0, 2.695
0.37878830000408925, 66, 345625.0, 2.695
0.3754125999985263, 67, 345625.0, 2.695
0.36543259999598376, 68, 345625.0, 2.695
0.4007502000022214, 69, 345625.0, 2.695
0.40637209999840707, 70, 345625.0, 2.695
0.35575769998831674, 71, 345625.0, 2.695
0.3873480999900494, 72, 345625.0, 2.695
0.4021065999986604, 73, 345625.0, 2.695
0.3904488999978639, 74, 345625.0, 2.695
0.43009529999108054, 75, 345625.0, 2.695
0.419060799991712, 76, 345625.0, 2.695
0.3618782999983523, 77, 345625.0, 2.695
0.37933510000584647, 78, 345625.0, 2.695
0.3551224000111688, 79, 345625.0, 2.695
0.4152268999896478, 80, 345625.0, 2.695
0.3202770000207238, 81, 345625.0, 2.695
0.4164495999866631, 82, 345625.0, 2.695
0.39677920000394806, 83, 345625.0, 2.695
0.42914039999595843, 84, 345625.0, 2.695
0.3849486999970395, 85, 345625.0, 2.695
0.37370799999916926, 86, 345625.0, 2.695
0.4309050000156276, 87, 345625.0, 2.695
0.3552215000090655, 88, 345625.0, 2.695
0.41157870000461116, 89, 345486.0, 2.653
0.3631028000090737, 90, 345486.0, 2.653
0.49771150000742637, 91, 345486.0, 2.653
0.3796081999898888, 92, 345486.0, 2.653
0.4032256999926176, 93, 345486.0, 2.653
0.4037563999881968, 94, 345486.0, 2.653
0.42616829997859895, 95, 345486.0, 2.653
0.35984809999354184, 96, 344950.0, 2.494
0.38731530000222847, 97, 344950.0, 2.494
0.39777219999814406, 98, 344950.0, 2.494
0.4136110999970697, 99, 344950.0, 2.494
0.45389619999332353, 100, 344950.0, 2.494
0.4079214000084903, 101, 344950.0, 2.494
0.3850821999949403, 102, 344950.0, 2.494
0.4287909000122454, 103, 344950.0, 2.494
0.4713097000203561, 104, 344950.0, 2.494
0.3943968999956269, 105, 344950.0, 2.494
0.4013386000005994, 106, 344950.0, 2.494
0.45831109999562614, 107, 344950.0, 2.494
0.47443630002089776, 108, 344872.0, 2.471
0.38537810000707395, 109, 344872.0, 2.471
0.43674440000904724, 110, 344872.0, 2.471
0.4133709000016097, 111, 344872.0, 2.471
0.4118123999796808, 112, 344872.0, 2.471
0.38193539998610504, 113, 344872.0, 2.471
0.36144809998222627, 114, 344872.0, 2.471
0.30354829999851063, 115, 344872.0, 2.471
0.39379480000934564, 116, 344872.0, 2.471
0.3863662999938242, 117, 344479.0, 2.354
0.44565750000765547, 118, 344316.0, 2.306
0.4060915999871213, 119, 344275.0, 2.294
0.4660234000184573, 120, 344004.0, 2.213
0.427139499981422, 121, 343882.0, 2.177
0.44135810001171194, 122, 343882.0, 2.177
0.3417910000134725, 123, 343882.0, 2.177
0.44889339999645017, 124, 343882.0, 2.177
0.38142389999120496, 125, 343882.0, 2.177
0.357487500004936, 126, 343882.0, 2.177
0.4223049999854993, 127, 343882.0, 2.177
0.4656966000038665, 128, 343882.0, 2.177
0.43010359999607317, 129, 343882.0, 2.177
0.41078060001018457, 130, 343882.0, 2.177
0.3681601000134833, 131, 343882.0, 2.177
0.4363879999727942, 132, 343882.0, 2.177
0.359024799981853, 133, 343882.0, 2.177
0.38755320000927895, 134, 343882.0, 2.177
0.4797719999914989, 135, 343882.0, 2.177
0.4327437000174541, 136, 343882.0, 2.177
0.3971832999959588, 137, 343882.0, 2.177
0.399665399978403, 138, 343689.0, 2.119
0.37127800000598654, 139, 343689.0, 2.119
0.3192743999825325, 140, 343689.0, 2.119
0.35400229998049326, 141, 343689.0, 2.119
0.4170131999999285, 142, 343625.0, 2.100
0.4064883000100963, 143, 343625.0, 2.100
0.3960575999808498, 144, 343625.0, 2.100
0.4207330000062939, 145, 343473.0, 2.055
0.4261869000038132, 146, 343409.0, 2.036
0.4661058000056073, 147, 343409.0, 2.036
0.42814060000819154, 148, 343409.0, 2.036
0.4064465000119526, 149, 343409.0, 2.036
0.3706934999790974, 150, 343409.0, 2.036
0.40425299998605624, 151, 343409.0, 2.036
0.4511925999831874, 152, 343409.0, 2.036
0.40042560000438243, 153, 343409.0, 2.036
0.41839529998833314, 154, 343409.0, 2.036
0.38006850000238046, 155, 343409.0, 2.036
0.3821958999906201, 156, 343409.0, 2.036
0.3891705000132788, 157, 343409.0, 2.036
0.369360599986976, 158, 343409.0, 2.036
0.41683100000955164, 159, 343409.0, 2.036
0.4385656999947969, 160, 343388.0, 2.030
0.41501500000595115, 161, 343388.0, 2.030
0.4207691000192426, 162, 343114.0, 1.949
0.4872621000104118, 163, 343114.0, 1.949
0.3635636999970302, 164, 343114.0, 1.949
0.4057751000218559, 165, 343114.0, 1.949
0.4042891999997664, 166, 343114.0, 1.949
0.404556199995568, 167, 343114.0, 1.949
0.4149127999844495, 168, 343114.0, 1.949
0.3600837000121828, 169, 343114.0, 1.949
0.3995705000124872, 170, 343114.0, 1.949
0.3820730999868829, 171, 343114.0, 1.949
0.4155948999978136, 172, 343114.0, 1.949
0.37199970000074245, 173, 343114.0, 1.949
0.4140415000147186, 174, 343114.0, 1.949
0.434392499999376, 175, 343114.0, 1.949
0.39732530000037514, 176, 343114.0, 1.949
0.35563059998094104, 177, 343114.0, 1.949
0.3876124999951571, 178, 343114.0, 1.949
0.4321310000086669, 179, 343114.0, 1.949
0.4605491000111215, 180, 343114.0, 1.949
0.4289430000062566, 181, 343114.0, 1.949
0.48823809999157675, 182, 343005.0, 1.916
0.34688009999808855, 183, 343005.0, 1.916
0.4108539999870118, 184, 343005.0, 1.916
0.3995759999961592, 185, 342998.0, 1.914
0.401779500010889, 186, 342840.0, 1.867
0.4298381000116933, 187, 342770.0, 1.846
0.4002263000002131, 188, 342770.0, 1.846
0.43404399999417365, 189, 342770.0, 1.846
0.39405420000548474, 190, 342770.0, 1.846
0.3565605999901891, 191, 342770.0, 1.846
0.3979972999950405, 192, 342770.0, 1.846
0.4396388999884948, 193, 342770.0, 1.846
0.44198330002836883, 194, 342770.0, 1.846
0.44621059999917634, 195, 342770.0, 1.846
0.4005679000110831, 196, 342770.0, 1.846
0.4336337999848183, 197, 342770.0, 1.846
0.37759409999125637, 198, 342770.0, 1.846
0.419848199991975, 199, 342770.0, 1.846
0.4058171999931801, 200, 342770.0, 1.846
0.3676602999912575, 201, 342770.0, 1.846
0.4270822999824304, 202, 342770.0, 1.846
0.39753839999320917, 203, 342770.0, 1.846
0.4146783000032883, 204, 342770.0, 1.846
0.4077551999944262, 205, 342770.0, 1.846
0.4247437000158243, 206, 342770.0, 1.846
0.38349519998882897, 207, 342770.0, 1.846
0.39548129998729564, 208, 342770.0, 1.846
0.43813890000456013, 209, 342770.0, 1.846
0.44661630000337027, 210, 342770.0, 1.846
0.4018064999836497, 211, 342770.0, 1.846
0.35130670000216924, 212, 342770.0, 1.846
0.3926361999765504, 213, 342770.0, 1.846
0.3518417000013869, 214, 342770.0, 1.846
0.38371490000281483, 215, 342770.0, 1.846
0.40192939998814836, 216, 342770.0, 1.846
0.3882838000135962, 217, 342770.0, 1.846
0.3985038000100758, 218, 342770.0, 1.846
0.4498806999763474, 219, 342770.0, 1.846
0.40391019999515265, 220, 342770.0, 1.846
0.4617632000008598, 221, 342770.0, 1.846
0.37651590001769364, 222, 342770.0, 1.846
0.39780180001980625, 223, 342770.0, 1.846
0.40892109999549575, 224, 342770.0, 1.846
0.3684885000111535, 225, 342770.0, 1.846
0.42917690001195297, 226, 342770.0, 1.846
0.4118311999773141, 227, 342770.0, 1.846
0.3404009999940172, 228, 342770.0, 1.846
0.36710150001454167, 229, 342770.0, 1.846
0.47600109997438267, 230, 342770.0, 1.846
0.37577099999180064, 231, 342770.0, 1.846
0.43471230001887307, 232, 342770.0, 1.846
0.38462120000622235, 233, 342770.0, 1.846
0.37259830001858063, 234, 342770.0, 1.846
0.3923600999987684, 235, 342770.0, 1.846
0.35739980000653304, 236, 342770.0, 1.846
0.4487338999751955, 237, 342770.0, 1.846

tour:
[  23  473  462  204  853  189  474  529  463 1371 1379 1206 1085 1016
 1015 1017 1677 1741 1713 1712 1534 1413 1196 1613 1370 1610 1179 1378
 1193 1616 1205 1620 1147 1113 1084 1655 1115 1637 1163 1401 1073 1625
 1363 1623 1167 1560 1629 1236 1726 1038 1358 1349 1705 1699 1709 1532
 1695 1525 1580 1725 1693 1482 1528 1344 1139 1154 1036 1037  800 1687
 1467 1540 1466 1365 1478 1465 1385 1130 1134 1186 1477 1561 1464 1399
 1550 1548 1542 1640 1689 1628 1444 1544 1387 1462 1475  609  637  608
  636  634  632  629  630  603  627  601  892  874  272  740  242  345
  418  169  533   46  560   40  254  360  399  265   37  546  581  426
  396  687  696 1070  796  882  693  402  944  187  942  408  814  535
  302  478  669  330  965  966  937  935  933  931  932  912  934  936
  914  915  938  916  939  896  813 1069  303  536  941  186   78  940
  917  918  919  945  947  948  539  441  897  891  873  815   79  943
  946 1071  887  442  361  623  625 1064  624  622  811  626  600 1065
  812  602  628  604  631  633  605  606  635  607 1127 1461 1474 1117
 1460 1381 1473 1296 1556 1472 1402 1348 1375 1471 1293 1459 1355 1111
 1086 1552 1587 1249 1743 1118 1246 1553 1367 1458 1557 1519 1470 1538
 1226 1300 1423 1469 1468 1290 1316 1125 1303 1063  810  809 1341 1184
 1361 1212 1742 1103 1105 1586 1223 1410 1416 1323 1627 1099 1101 1639
 1209 1432 1446 1424 1642 1093 1095 1636 1346 1232 1241 1356 1589 1326
 1328 1747 1353 1254 1338 1420 1633 1508 1667 1097 1504 1666 1510 1330
 1653 1665 1334 1577 1218 1652 1230 1122 1664 1418 1369 1194 1267 1746
 1271 1440 1588 1382 1530 1492 1408 1663 1494 1651 1438 1281 1679 1662
 1650  913 1661 1660 1214 1649 1659 1496  911  930  910  929  928  909
 1648 1107 1658 1412 1149 1288 1320 1635 1165 1641 1251 1171 1219 1109
 1377 1657 1263  925  907 1647 1181 1309 1646 1645 1395 1433 1644 1083
 1284 1291 1565 1448 1304  898  923  778  900  903  905  906  904  901
  902  899  924  927  895  908  926  538  885   61  281  143  387  998
  598  119  342  528   58  675  219  569  672  522  728  886  572  461
  401  668  329  479  309  407  251  225   45   43  692  414  436  344
  540  253  559  532  266  285  398   39  883  686  695   36  395   54
  460  571  727  521  671  964  568  780  301  534  359   51  999   48
  249   42  248  480  308  406  343  667 1008  400  328   44  563  217
  673   35  394  567  208  670  520  726  570  459  214 1002  224   38
  694  685 1014  691  270  599  239  188  215  425  580  443  524   80
  547   82  380  544  448  392  420  171  738   65  650  760  427  349
  467  781  764  350  475   84  718  709  456  439  548  276   71  379
  543   81   62  421  235  531  437  558  541  252  413  884  397  424
  579  267  523  234  212  275  447  393  438  232  542  231  213  277
  975  233  595  717  230  412  649  274  223  250  307   41  974  273
  708   47   50   56   53  526  340  117  385  141  794  247  737  707
  222   89  227  151   57  527  674  218  795 1013 1001  118  341  386
  142  280  471  296  369  346  363  500  164   60  562 1007  226  152
  472  297  165  370  501  336  362   21  561 1056  205  261    5  196
 1012  584 1006  555  321  997   16  776  263  244  243  488  487  489
  490  245  262  264  491  552  553  554 1656 1643 1737 1706 1392 1207
 1238 1429 1516 1075 1200 1710 1081 1277 1700 1191 1428 1390 1240 1239
 1228 1702 1143 1571 1389 1089 1227 1388 1159 1578 1569 1173 1456 1339
 1276 1264 1498 1564 1523 1683 1331 1335 1177 1282 1435 1405 1314 1450
 1145 1299 1404 1079 1673 1479 1128 1566 1715 1419 1717 1722 1714 1120
 1716 1668 1500 1286 1721 1136 1720 1670 1160 1174 1691 1604 1674 1680
 1574 1441 1310 1427 1513  846 1608 1306 1595 1502 1215 1257 1506 1252
 1487 1268 1600 1591 1297 1312 1318  845  832  818  831 1068  844 1535
 1696 1490 1607 1152 1745 1484  843  830  842 1515 1453 1606 1599 1596
 1202 1612 1618 1183 1592 1584 1189 1622 1632 1151 1582 1738 1259 1077
 1603 1322 1594 1157 1731 1728 1133 1204 1590 1744 1169 1373 1730 1140
 1572 1598 1605 1719 1090 1273 1233 1718 1351 1272 1260 1602 1244 1545
  834  269 1243  268  835 1601  833  434 1026  433 1025  311  310  312
  840 1027  828  466 1066  816  841  829 1067  866  881  806  860  199
  817  705  654  666  123  823  837  664  653  704  198  804  179  122
  291 1057  390    8  803  836  822  131  202  465 1045  105 1041 1046
   95  130  201  149  788 1043   30 1044  106 1040 1047    7  865  859
  807  124  735  353  304  220  282  288  702  967  952  135  984  791
  839  824  838 1029 1028 1030 1031 1022 1018 1023 1019  537 1021 1024
 1032 1020  514  515  516  774  777  597  318  403  357   87  113  587
  409  159  564  378  331  775  415  784   29  787 1000  110   14  182
  320   88  583  706  556  496   17  492  246  404  134  797  155  972
  716  298  319  221  678  736  517  112  586   28  158  574  647  950
  156  992  968  953  136  983  700  287  283  354  356   75   99  339
  681  779  957   11  646  305  949  792  958  365  551  371  573  684
  690  660  991  384  374  593  825  168  852  819  178  121  290 1058
  880  389   94   31  148   32  789   33  313  751  292  255  435  464
  129  200 1039  107 1042  147   34  790  177  120  289  388   93    6
 1048  879  864 1059  858  167  197  851  805  703  652  591  808  826
  125  820  663  383  658  683  689  375  550  372  366  680  959  377
   10  956  793  338  355  982  699  284  657  286   27  969  137  954
  585  111  715  157  993  648  677   15  180  566  575  108  299  782
  772  316  971  154  133  785  798   76  100  332  306   12  565  109
  783  773  317   13  786  410  322   18   20 1055  194    4  260  206
  334  416  181  323  333  582  405  557  207  411  497  495  259 1054
  493   19  193    3  518  210  335  324  364  499   59  279  163  368
  417  295  470  150  228  101   77  519  973  594  327  502  326  325
 1035 1034 1033  195 1053 1051 1052  209  498  494  799  300  132  676
  315  153  970  714  955    9  951  373  960  337  367  376  549  682
  688  314  382  821  827  679  590  850  166  656  662  655  589  661
  588  294  293  752  750  753 1546 1352 1234 1261 1729 1168 1203 1156
 1372 1451 1141 1727 1091 1132 1076 1488 1321 1258 1732 1573 1631 1150
 1621 1485 1188 1739 1182 1617 1611 1201 1511  697  592 1583 1452 1514
 1483 1585 1489 1153 1317 1593 1486 1505  665  698  659 1499 1256 1597
 1501 1253  701 1426 1512 1690 1088 1313 1298 1307 1285 1175 1681 1311
 1675 1575 1161 1671 1522 1669 1078 1449 1672 1144 1480 1697 1176 1198
 1682 1275  191 1049 1733 1563 1497 1274 1172 1568 1269 1158  192 1050
 1080 1265 1570 1142 1190 1442 1436 1734 1579 1735 1199 1074 1082 1723
 1736 1447 1332 1237 1391 1430 1724 1208 1393 1283 1336 1278 1292 1305
 1394 1108 1308 1396 1180 1279 1340 1250 1216 1262 1376 1170 1129 1454
 1536 1220 1576 1164 1319 1406 1148 1137 1287 1411 1121 1106 1684 1104
 1102 1100 1434 1213 1495 1517 1437 1098 1092 1325 1678 1280 1329 1224
  237 1493 1247 1707 1407 1491 1529 1289 1333 1270 1439 1266 1096 1383
 1368 1417 1229 1701 1703 1302 1217 1221  238  229 1211 1094 1509 1245
 1507 1503 1481 1457 1711 1634 1337 1327 1255 1225 1231 1195  241 1345
  503 1445 1524 1431 1421 1415 1222 1685 1357 1409 1242 1248 1210 1123
 1343 1354 1360 1324 1110 1124 1342 1422 1315 1116 1185 1301 1537 1425
 1366 1518 1558 1554 1112 1119 1551 1374 1567 1347 1294 1555 1295 1380
 1126 1087 1386 1072 1543 1443 1463 1398 1688 1527  596  504 1541 1397
 1455 1547 1549 1476 1562 1235 1138 1403 1533 1384 1162 1364 1559 1539
 1166 1146 1686 1692 1155 1531 1520  712 1694 1698 1708 1704 1400 1178
 1350 1192 1114 1362 1359 1187 1630 1135 1624 1581 1626 1676 1654 1638
 1619 1615 1526 1609 1131 1740 1521  722  713  721  720 1009  183  920
   92  847 1060  855  861  890   98  878  176 1003 1010  730  988  994
  432  446  869  921  961  872  450   68  115  508  160  184  848 1061
  856  862  889  802  733  877 1004  175   97   91  139  128  985  976
  741  453  482  256  102  513  732  138  729  114  481  757  754  723
  744  979  576  505  747  484   26    0  758  755  640  724  768  144
  103  174  771  506  745  980  612  577  512  748  485   85  476  351
  765  468  348   25  422  172  428  761   72  710   63   74  763  767
  457  358  170  419  211  236  240  391   49  271  525   55  216   52
  449   83  381  545  458  711  739  278  440  469  347   64  762   24
  429  511  766  352  477   73   86  486  749  578  981  507  746   66
  756  759   96   90  483  454  742  977  127  651  731 1011  986    1
  257  719  989  995  445  431  451  868  871  962   69  509  161  922
  116  185  140  888  863  857  849 1062  734  530 1414  963 1197  190
 1614  854  162   67  510    2   70  870  452  867  258  430  444  996
  990  987  126  455  743  978  423  104  876 1005  725  173  641  613
  639  611  638  610  875  894  644  616  893  614  642  615  643  645
  618  617  619  621  620  769  145  801  770  146   22  203]

eliteFit: 342770.0
percentError: 1.8463494931007025
computationTime: 125.781s