instanceName: vm1748
n: 1748
optFit: 336556

genTime, gen, eliteFit, percentError:
0.0023444000107701868, 0, 14626227.0, 4245.852
2.791246000007959, 1, 372091.0, 10.558
1.5544043999980204, 2, 365506.0, 8.602
1.543712200014852, 3, 365108.0, 8.484
1.6919743999897037, 4, 363996.0, 8.153
1.6192125999950804, 5, 361785.0, 7.496
1.4473902999889106, 6, 361327.0, 7.360
1.4875726000173017, 7, 359982.0, 6.961
1.5064636999741197, 8, 359552.0, 6.833
1.3351206999795977, 9, 357661.0, 6.271
1.494708999991417, 10, 357661.0, 6.271
1.4264030000194907, 11, 355551.0, 5.644
1.3965170000155922, 12, 354911.0, 5.454
1.2554471000039484, 13, 354309.0, 5.275
1.3650415999873076, 14, 353988.0, 5.180
1.086717199999839, 15, 353276.0, 4.968
1.1862925999739673, 16, 352474.0, 4.730
1.0490493999968749, 17, 352417.0, 4.713
1.031714999990072, 18, 351256.0, 4.368
0.924107400001958, 19, 351256.0, 4.368
1.0664741000218783, 20, 350327.0, 4.092
1.1171956000034697, 21, 349764.0, 3.924
0.9829278000106569, 22, 348409.0, 3.522
0.8594868000072893, 23, 348409.0, 3.522
0.8686468999949284, 24, 347649.0, 3.296
0.8943834999809042, 25, 347406.0, 3.224
0.7710092999914195, 26, 347224.0, 3.170
0.5284344000101555, 27, 346800.0, 3.044
0.5390604000131134, 28, 346800.0, 3.044
0.5975114000029862, 29, 346555.0, 2.971
0.3931758000107948, 30, 346502.0, 2.955
0.42132960000890307, 31, 346175.0, 2.858
0.44359710000571795, 32, 346175.0, 2.858
0.42628879999392666, 33, 345894.0, 2.775
0.47317099999054335, 34, 345894.0, 2.775
0.3549170000187587, 35, 345690.0, 2.714
0.48729659998207353, 36, 345690.0, 2.714
0.44526420001056977, 37, 345588.0, 2.684
0.4616573999810498, 38, 345588.0, 2.684
0.49045479999040253, 39, 345588.0, 2.684
0.48266029998194426, 40, 345588.0, 2.684
0.4262120999919716, 41, 345588.0, 2.684
0.4018054000043776, 42, 345568.0, 2.678
0.35857430001487955, 43, 345568.0, 2.678
0.346371799998451, 44, 345568.0, 2.678
0.359461599990027, 45, 345556.0, 2.674
0.4295992999977898, 46, 345556.0, 2.674
0.3925595000036992, 47, 345556.0, 2.674
0.3926202000002377, 48, 345556.0, 2.674
0.4186485999962315, 49, 345556.0, 2.674
0.3863231999857817, 50, 345556.0, 2.674
0.43175190000329167, 51, 345556.0, 2.674
0.35745580002549104, 52, 345514.0, 2.662
0.376142199995229, 53, 345514.0, 2.662
0.39211049998993985, 54, 345457.0, 2.645
0.39791040000272915, 55, 345457.0, 2.645
0.47012090001953766, 56, 345457.0, 2.645
0.4267503999872133, 57, 345457.0, 2.645
0.3445953000045847, 58, 345457.0, 2.645
0.4180620000115596, 59, 345457.0, 2.645
0.3863868000044022, 60, 345457.0, 2.645
0.42214989999774843, 61, 345457.0, 2.645
0.37321749998955056, 62, 345457.0, 2.645
0.37704629998188466, 63, 345066.0, 2.529
0.4043169000069611, 64, 345066.0, 2.529
0.383950499992352, 65, 345066.0, 2.529
0.469731800025329, 66, 345066.0, 2.529
0.37565319999703206, 67, 345066.0, 2.529
0.3310687000048347, 68, 345066.0, 2.529
0.39852820002124645, 69, 344763.0, 2.439
0.45250720001058653, 70, 344763.0, 2.439
0.4167514000146184, 71, 344763.0, 2.439
0.4101904000272043, 72, 344763.0, 2.439
0.3644209000049159, 73, 344763.0, 2.439
0.3753998999891337, 74, 344763.0, 2.439
0.358808000019053, 75, 344763.0, 2.439
0.35821910001686774, 76, 344763.0, 2.439
0.44579120000707917, 77, 344763.0, 2.439
0.39747200001147576, 78, 344712.0, 2.423
0.3843594999925699, 79, 344646.0, 2.404
0.46992709999904037, 80, 344529.0, 2.369
0.42411160000483505, 81, 344529.0, 2.369
0.4088206000160426, 82, 344488.0, 2.357
0.3763902000209782, 83, 344488.0, 2.357
0.42536399999517016, 84, 344488.0, 2.357
0.47718149999855086, 85, 344488.0, 2.357
0.5072207000048365, 86, 344488.0, 2.357
0.4264365999842994, 87, 344488.0, 2.357
0.4453380999912042, 88, 344488.0, 2.357
0.426259800005937, 89, 344488.0, 2.357
0.4218813999905251, 90, 344488.0, 2.357
0.43168700000387616, 91, 344488.0, 2.357
0.4077908000035677, 92, 344488.0, 2.357
0.38929360001930036, 93, 344488.0, 2.357
0.40894910000497475, 94, 344488.0, 2.357
0.4311994000163395, 95, 344488.0, 2.357
0.3804146999900695, 96, 344488.0, 2.357
0.3949750000028871, 97, 344488.0, 2.357
0.43323700001928955, 98, 344488.0, 2.357
0.4148062000167556, 99, 344474.0, 2.353
0.4254433999885805, 100, 344474.0, 2.353
0.3853540999989491, 101, 344474.0, 2.353
0.4397893999994267, 102, 344132.0, 2.251
0.4036132999754045, 103, 343956.0, 2.199
0.46053919999394566, 104, 343956.0, 2.199
0.5651309999811929, 105, 343956.0, 2.199
0.40076720001525246, 106, 343710.0, 2.126
0.431992400001036, 107, 343710.0, 2.126
0.43565130000934005, 108, 343710.0, 2.126
0.41861510000308044, 109, 343710.0, 2.126
0.4218855000217445, 110, 343710.0, 2.126
0.37968320000800304, 111, 343710.0, 2.126
0.35881160001736134, 112, 343710.0, 2.126
0.3772002999903634, 113, 343710.0, 2.126
0.3698599000053946, 114, 343710.0, 2.126
0.36773560001165606, 115, 343710.0, 2.126
0.4378071000101045, 116, 343710.0, 2.126
0.3441682999837212, 117, 343710.0, 2.126
0.39640920000965707, 118, 343710.0, 2.126
0.3955765999853611, 119, 343710.0, 2.126
0.4122178000106942, 120, 343710.0, 2.126
0.38896750001003966, 121, 343710.0, 2.126
0.35053440000046976, 122, 343710.0, 2.126
0.4621773000108078, 123, 343710.0, 2.126
0.37615629998617806, 124, 343710.0, 2.126
0.4244182999827899, 125, 343710.0, 2.126
0.4056697000050917, 126, 343710.0, 2.126
0.34160690000862814, 127, 343710.0, 2.126
0.3701698000077158, 128, 343710.0, 2.126
0.45029520001844503, 129, 343710.0, 2.126
0.3741106000088621, 130, 343710.0, 2.126
0.38370110001415014, 131, 343710.0, 2.126
0.51543169998331, 132, 343710.0, 2.126
0.3849366999929771, 133, 343710.0, 2.126
0.35593259998131543, 134, 343710.0, 2.126
0.42832710000220686, 135, 343710.0, 2.126
0.38732760000857525, 136, 343677.0, 2.116
0.41005790000781417, 137, 343677.0, 2.116
0.40168189999531023, 138, 343677.0, 2.116
0.3892980999953579, 139, 343677.0, 2.116
0.40004740000586025, 140, 343677.0, 2.116
0.5420567999826744, 141, 343677.0, 2.116
0.36186520001501776, 142, 343677.0, 2.116
0.42889699997613207, 143, 343677.0, 2.116
0.41326140001183376, 144, 343677.0, 2.116
0.41699769999831915, 145, 343677.0, 2.116
0.46347200000309385, 146, 343677.0, 2.116
0.4031745999818668, 147, 343677.0, 2.116
0.489199000003282, 148, 343677.0, 2.116
0.4641309999860823, 149, 343677.0, 2.116
0.4380204000044614, 150, 343677.0, 2.116
0.3706042999983765, 151, 343677.0, 2.116
0.39748459999100305, 152, 343677.0, 2.116
0.45605999999679625, 153, 343677.0, 2.116
0.43814909999491647, 154, 343677.0, 2.116
0.41030630000750534, 155, 343677.0, 2.116
0.45527429998037405, 156, 343677.0, 2.116
0.38419640000211075, 157, 343677.0, 2.116
0.39498370001092553, 158, 343677.0, 2.116
0.4358391000132542, 159, 343677.0, 2.116
0.41628649999620393, 160, 343677.0, 2.116
0.36608459998387843, 161, 343677.0, 2.116
0.3832620999892242, 162, 343677.0, 2.116
0.4149279999837745, 163, 343677.0, 2.116
0.41461680000065826, 164, 343677.0, 2.116
0.3604103999969084, 165, 343677.0, 2.116
0.35864999998011626, 166, 343677.0, 2.116
0.3716790000034962, 167, 343677.0, 2.116
0.4191809000039939, 168, 343677.0, 2.116
0.402824300021166, 169, 343677.0, 2.116
0.3724913999903947, 170, 343677.0, 2.116
0.413432199973613, 171, 343608.0, 2.095
0.4468683000013698, 172, 343608.0, 2.095
0.40261419999296777, 173, 343517.0, 2.068
0.41468419999000616, 174, 343517.0, 2.068
0.4993100000137929, 175, 343517.0, 2.068
0.4755011000088416, 176, 343517.0, 2.068
0.39446650000172667, 177, 343517.0, 2.068
0.3627793999912683, 178, 343517.0, 2.068
0.43596180001622997, 179, 343517.0, 2.068
0.36043480000807904, 180, 343517.0, 2.068
0.36584519999451004, 181, 343517.0, 2.068
0.35758630000054836, 182, 343517.0, 2.068
0.3772867000079714, 183, 343517.0, 2.068
0.36004359999787994, 184, 343517.0, 2.068
0.3582845000200905, 185, 343517.0, 2.068
0.40763000000151806, 186, 343517.0, 2.068
0.36757820000639185, 187, 343517.0, 2.068
0.39594560000114143, 188, 343517.0, 2.068
0.4408255000016652, 189, 343517.0, 2.068
0.35951789998216555, 190, 343517.0, 2.068
0.40566459999536164, 191, 343517.0, 2.068
0.35977720000664704, 192, 343517.0, 2.068
0.37232090000179596, 193, 343517.0, 2.068
0.3772646999859717, 194, 343517.0, 2.068
0.48389070000848733, 195, 343517.0, 2.068
0.41330220000236295, 196, 343517.0, 2.068
0.4050054000108503, 197, 343517.0, 2.068
0.3985038000100758, 198, 343517.0, 2.068
0.4822299999941606, 199, 343517.0, 2.068
0.36988430001656525, 200, 343517.0, 2.068
0.4113655999826733, 201, 343517.0, 2.068
0.35850100000970997, 202, 343517.0, 2.068
0.43627370000467636, 203, 343517.0, 2.068
0.30600569999660365, 204, 343517.0, 2.068
0.39656169997761026, 205, 343517.0, 2.068
0.3580694000120275, 206, 343517.0, 2.068
0.41697899997234344, 207, 343517.0, 2.068
0.3998456000117585, 208, 343517.0, 2.068
0.4419340000022203, 209, 343517.0, 2.068
0.39374249998945743, 210, 343517.0, 2.068
0.37319149999530055, 211, 343517.0, 2.068
0.37197619999642484, 212, 343517.0, 2.068
0.3715018999937456, 213, 343517.0, 2.068
0.4064719000016339, 214, 343517.0, 2.068
0.43554010000661947, 215, 343517.0, 2.068
0.44213089998811483, 216, 343517.0, 2.068
0.4236803000094369, 217, 343517.0, 2.068
0.3973392999905627, 218, 343517.0, 2.068
0.4128186000161804, 219, 343319.0, 2.009
0.4627164999837987, 220, 343319.0, 2.009
0.4082509999861941, 221, 343319.0, 2.009
0.4759821000043303, 222, 343319.0, 2.009
0.35768510002526455, 223, 343319.0, 2.009
0.3318775000225287, 224, 343319.0, 2.009
0.36602609997498803, 225, 343319.0, 2.009
0.39680080002290197, 226, 343319.0, 2.009
0.38297450001118705, 227, 343319.0, 2.009
0.43149660000926815, 228, 343319.0, 2.009
0.4403216000064276, 229, 343319.0, 2.009
0.371240200009197, 230, 343319.0, 2.009
0.40254719997756183, 231, 343319.0, 2.009
0.3622120000072755, 232, 343319.0, 2.009
0.4251229999936186, 233, 343319.0, 2.009
0.3711174000054598, 234, 343319.0, 2.009
0.4074360000086017, 235, 343319.0, 2.009
0.3805415999959223, 236, 343319.0, 2.009
0.4259711000195239, 237, 343319.0, 2.009
0.422481500019785, 238, 343319.0, 2.009
0.43299470000783913, 239, 343319.0, 2.009
0.41885550000006333, 240, 343319.0, 2.009
0.4142975999857299, 241, 343319.0, 2.009
0.3975489999866113, 242, 343319.0, 2.009
0.473413800005801, 243, 343319.0, 2.009
0.3488880999793764, 244, 343319.0, 2.009
0.38654969999333844, 245, 343319.0, 2.009
0.41707949998090044, 246, 343319.0, 2.009
0.35722410000744276, 247, 343319.0, 2.009
0.4447978000098374, 248, 343319.0, 2.009
0.3703989000059664, 249, 343319.0, 2.009
0.3315061000175774, 250, 343319.0, 2.009
0.38603349999175407, 251, 343319.0, 2.009
0.3853327000106219, 252, 343319.0, 2.009
0.3687437999760732, 253, 343319.0, 2.009
0.41627230000449345, 254, 343319.0, 2.009
0.4073162999993656, 255, 343319.0, 2.009
0.40174169998499565, 256, 343319.0, 2.009
0.3971431000099983, 257, 343319.0, 2.009
0.4572772999817971, 258, 343319.0, 2.009
0.357668399985414, 259, 343319.0, 2.009
0.46192130001145415, 260, 343216.0, 1.979
0.41920900001423433, 261, 343216.0, 1.979
0.40361379997921176, 262, 343198.0, 1.974
0.4772940999828279, 263, 343198.0, 1.974
0.45252760002040304, 264, 343198.0, 1.974
0.3956862000050023, 265, 343198.0, 1.974
0.39795740001136437, 266, 343198.0, 1.974
0.38373289999435656, 267, 343198.0, 1.974
0.4318791000114288, 268, 343198.0, 1.974
0.41784049998386763, 269, 343198.0, 1.974
0.3766991999873426, 270, 343198.0, 1.974
0.3904708999907598, 271, 343198.0, 1.974
0.3795985000033397, 272, 343198.0, 1.974
0.4794876999803819, 273, 343198.0, 1.974
0.42022140001063235, 274, 343149.0, 1.959
0.4044360999832861, 275, 343149.0, 1.959
0.3707591000129469, 276, 343115.0, 1.949
0.37579140000161715, 277, 343115.0, 1.949
0.39684619999025017, 278, 343115.0, 1.949
0.47371610000845976, 279, 343115.0, 1.949
0.41486399999121204, 280, 343115.0, 1.949
0.36035449997871183, 281, 343115.0, 1.949
0.405189800017979, 282, 342840.0, 1.867
0.4133776999951806, 283, 342800.0, 1.855
0.5695743999967817, 284, 342800.0, 1.855
0.5769647000124678, 285, 342800.0, 1.855
0.433262200007448, 286, 342800.0, 1.855
0.3608783000090625, 287, 342800.0, 1.855
0.4274284999992233, 288, 342800.0, 1.855
0.48483040000428446, 289, 342800.0, 1.855
0.4105727000278421, 290, 342800.0, 1.855
0.3750205999822356, 291, 342800.0, 1.855
0.4840196000004653, 292, 342800.0, 1.855
0.37205840001115575, 293, 342800.0, 1.855
0.4056531999958679, 294, 342800.0, 1.855
0.40327460001572035, 295, 342800.0, 1.855
0.3828868000127841, 296, 342800.0, 1.855
0.4534466000040993, 297, 342800.0, 1.855
0.36436770000727847, 298, 342800.0, 1.855
0.4044341999979224, 299, 342800.0, 1.855
0.4428697999974247, 300, 342741.0, 1.838
0.4670532000018284, 301, 342741.0, 1.838
0.41047380000236444, 302, 342741.0, 1.838
0.35700750001706183, 303, 342741.0, 1.838
0.3742995999928098, 304, 342741.0, 1.838
0.4528065000195056, 305, 342741.0, 1.838
0.3767441000090912, 306, 342741.0, 1.838
0.37043999999877997, 307, 342741.0, 1.838
0.46590320000541396, 308, 342741.0, 1.838
0.39872969998396, 309, 342741.0, 1.838
0.3713485000189394, 310, 342741.0, 1.838
0.45125019998522475, 311, 342741.0, 1.838
0.40120319998823106, 312, 342741.0, 1.838
0.41248679999262094, 313, 342741.0, 1.838
0.43061280000256374, 314, 342741.0, 1.838
0.43588499998440966, 315, 342741.0, 1.838
0.374573999986751, 316, 342725.0, 1.833
0.40497959998901933, 317, 342725.0, 1.833
0.5025873999984469, 318, 342725.0, 1.833
0.553715900023235, 319, 342725.0, 1.833
0.48796490000677295, 320, 342688.0, 1.822
0.3980745000008028, 321, 342688.0, 1.822
0.4455844000040088, 322, 342688.0, 1.822
0.4319213000126183, 323, 342661.0, 1.814
0.40443639998557046, 324, 342661.0, 1.814
0.45106079999823123, 325, 342661.0, 1.814
0.40801009998540394, 326, 342661.0, 1.814
0.43182090000482276, 327, 342661.0, 1.814
0.4044851000071503, 328, 342661.0, 1.814
0.40057440000236966, 329, 342661.0, 1.814
0.4174646000028588, 330, 342661.0, 1.814
0.3598446999967564, 331, 342661.0, 1.814
0.40369940001983196, 332, 342661.0, 1.814
0.4031687999959104, 333, 342661.0, 1.814
0.4272025999962352, 334, 342661.0, 1.814
0.38322219997644424, 335, 342661.0, 1.814
0.41700839999248274, 336, 342661.0, 1.814
0.4103326000040397, 337, 342661.0, 1.814
0.4747856000030879, 338, 342661.0, 1.814
0.4238197000231594, 339, 342661.0, 1.814
0.3732501000049524, 340, 342661.0, 1.814
0.4136075999995228, 341, 342661.0, 1.814
0.41326579998712987, 342, 342661.0, 1.814
0.35923770000226796, 343, 342661.0, 1.814
0.3575964999909047, 344, 342661.0, 1.814
0.4163682000071276, 345, 342661.0, 1.814
0.4050825000158511, 346, 342661.0, 1.814
0.40704599997843616, 347, 342661.0, 1.814
0.4353118999861181, 348, 342661.0, 1.814
0.3891773000068497, 349, 342661.0, 1.814
0.4274544999934733, 350, 342661.0, 1.814
0.3818314999807626, 351, 342661.0, 1.814
0.46943450000253506, 352, 342626.0, 1.804
0.3883956999925431, 353, 342626.0, 1.804
0.44762859999900684, 354, 342609.0, 1.799
0.38427219999721274, 355, 342609.0, 1.799
0.3987724999897182, 356, 342609.0, 1.799
0.384311500005424, 357, 342609.0, 1.799
0.40990560001228005, 358, 342609.0, 1.799
0.3982759999926202, 359, 342609.0, 1.799
0.42755079999915324, 360, 342609.0, 1.799
0.3438607999996748, 361, 342609.0, 1.799
0.42619649998960085, 362, 342609.0, 1.799
0.35090700001455843, 363, 342609.0, 1.799
0.39974870000150986, 364, 342609.0, 1.799
0.3988793999888003, 365, 342609.0, 1.799
0.43538080001599155, 366, 342609.0, 1.799
0.41950610000640154, 367, 342609.0, 1.799
0.39424480000161566, 368, 342609.0, 1.799
0.4537638000037987, 369, 342609.0, 1.799
0.37142619999940507, 370, 342609.0, 1.799
0.37482660001842305, 371, 342609.0, 1.799
0.4015396000177134, 372, 342609.0, 1.799
0.3914613999950234, 373, 342609.0, 1.799
0.4144034000055399, 374, 342609.0, 1.799
0.3971037000010256, 375, 342609.0, 1.799
0.41914740001084283, 376, 342609.0, 1.799
0.40246169999591075, 377, 342609.0, 1.799
0.4112112000002526, 378, 342609.0, 1.799
0.4425864999939222, 379, 342609.0, 1.799
0.4558194999990519, 380, 342609.0, 1.799
0.37974440000834875, 381, 342609.0, 1.799
0.37143190001370385, 382, 342609.0, 1.799
0.4320764000003692, 383, 342609.0, 1.799
0.39466319998609833, 384, 342609.0, 1.799
0.3734104000031948, 385, 342609.0, 1.799
0.4221471999771893, 386, 342609.0, 1.799
0.39090070000384003, 387, 342609.0, 1.799
0.3930582999892067, 388, 342609.0, 1.799
0.39556039997842163, 389, 342609.0, 1.799
0.3604836000013165, 390, 342609.0, 1.799
0.38346979999914765, 391, 342609.0, 1.799
0.3990820999897551, 392, 342609.0, 1.799
0.40741039998829365, 393, 342609.0, 1.799
0.3976940000138711, 394, 342609.0, 1.799
0.4389716000005137, 395, 342609.0, 1.799
0.3847570999932941, 396, 342609.0, 1.799
0.3821391999954358, 397, 342609.0, 1.799
0.3580430999863893, 398, 342609.0, 1.799
0.3628585000114981, 399, 342609.0, 1.799
0.44603180000558496, 400, 342609.0, 1.799
0.3958443999872543, 401, 342609.0, 1.799
0.3669854000036139, 402, 342609.0, 1.799
0.355437999998685, 403, 342609.0, 1.799
0.4579615999828093, 404, 342609.0, 1.799

tour:
[1364 1162 1384 1533 1403 1138 1235 1562 1476 1549 1547 1455 1397 1541
  504  596 1527 1688 1398 1463 1443 1543 1072 1386 1087 1126 1380 1295
 1555 1294 1347 1567 1374 1551 1119 1112 1554 1558 1518 1366 1425 1537
 1301 1185 1116 1315 1422 1342 1124 1110 1324 1360 1354 1343 1123 1210
 1248 1242 1409 1357 1685 1222 1415 1421 1431 1524 1445  503 1345  241
 1195 1231 1225 1255 1327 1337 1634 1711 1457 1481 1503 1507 1245 1509
 1094 1211  229  238 1221 1217 1302 1703 1701 1229 1417 1368 1383 1096
 1266 1439 1270 1333 1289 1529 1491 1407 1707 1247 1493  237 1224 1329
 1280 1678 1325 1092 1098 1437 1517 1495 1213 1434 1100 1102 1104 1684
 1106 1121 1411 1287 1137 1148 1406 1319 1164 1576 1220 1536 1454 1129
 1170 1376 1262 1216 1250 1340 1279 1180 1396 1308 1108 1394 1305 1292
 1278 1336 1283 1393 1208 1724 1430 1391 1237 1332 1447 1736 1723 1082
 1074 1199 1735 1579 1734 1436 1442 1190 1142 1570 1265 1080 1050  192
 1158 1269 1568 1172 1274 1497 1563 1733 1275 1049  191 1682 1198 1176
 1697 1480 1144 1672 1449 1078 1669 1522 1671 1161 1575 1675 1311 1681
 1175 1285 1307 1298 1313 1088 1690  701 1512 1426 1253 1501 1597 1256
 1499 1505 1486 1593 1317  659  698  665 1153 1489 1585 1483 1514 1452
 1583  592  697 1511 1201 1611 1617 1182 1739 1188 1485 1621 1150 1631
 1573 1732 1258 1321 1488 1076 1132 1091 1727 1141 1451 1372 1156 1203
 1168 1729 1261 1234 1352 1546  750  752  293  753  294  588  661  589
  655  662  656  590  166  850  790   34  147   93  388  289  120  177
  591  808  826  125  375  550  372  156  992  683  689  658  383  663
  820  652  703  805  851  197  167  858 1059  864  879 1048    6 1039
  107 1042  200  129  464  435  255  292  751  313   33  789   32  148
   31  121  178  819  852  168  825  593  374  690  684  660  384  991
  735  353  304  124  807  859  865  880 1058  290  389   94  106 1040
 1047    7  149  788 1044 1043   30  201  130   95 1041 1046  390 1057
  291  122  179  804  198  704  653  664  837  823  123  666  654  705
  817  199  860  806  881  866 1067  803    8  836  131  822  829  841
 1066  466  816  202  465 1045  105  434  833 1601  835  268 1243  269
  834 1545 1244 1602 1260 1272 1351 1718 1233  310  311 1025  433 1026
 1027  828  840  312 1273 1090 1719 1605 1598 1572 1140 1730 1373 1169
 1744 1590 1204 1133 1728 1731 1157 1594 1322 1603 1077 1259 1738 1582
 1151 1632 1622 1189 1584 1592 1183 1618 1612 1202 1596 1599 1606 1453
 1515  842  830  843 1068  831  844 1484 1745 1152 1607 1490 1696 1535
 1318 1312 1297 1591  818  832  845 1600 1268 1487 1252 1506 1257 1215
 1502 1595 1306 1608  846 1513 1427 1310 1441 1574 1680 1674 1604 1691
 1174 1160 1670 1720 1136 1721 1286 1500 1668 1716 1120 1714 1722 1717
 1419 1715 1566 1128 1479 1673 1079 1404 1299 1145 1450 1314 1405 1435
 1282  516  515  514 1020 1032 1024 1021  537 1019 1023 1018 1022 1031
 1030 1028 1029  838  824  839  791  220  282  288  702  967  984  135
  952  573  371  551  365  354  283  287  700  983  968  953  136  356
   75   99  339  681  792  958  949  305  646  564  378   11  779  957
  331  972  716  298  319  221  155  797  134  404  246  492   17  496
  556  706  583   88  320  182   14  110 1000  787   29  784  415  775
  159  587  113   87  357  409  403  318  597  777  774 1177 1335 1331
 1683 1523 1564 1498 1264 1276 1339 1456 1173 1569 1578 1159 1388 1227
 1089 1389 1571 1143 1702 1228 1239 1240 1390 1428 1191 1700 1277 1081
 1710 1200 1075 1516 1429 1238 1207 1392 1706 1737 1643 1656  554  553
  552  491  264  262  245  490  489  487  488  243  244  263  776   16
  997  321  555 1006  584 1012  196    5  261  205 1056  561   21  362
  336  501  370  165  297  472   61  281  152  226 1007  562   60   20
   18  322  410   13  786  109  565  783  773  317  678  736  517  112
  586   28  158  574  647  950  377  959  366  680  338  793  956   10
   12  306  971  316  157  648  993  715  111  585  954  137  969   27
  982  355  699  284  286  657  314  382  821  688  679  827  682  549
  376  367  337  960  373  951    9  955  714  970  315  676  300  132
  153  677   15  180  299  782  772  154  798  785  133  108  575  566
    3  193   19  493 1054  518  259  495  497  324  335  210  799  494
  498  209 1052 1051 1053  195 1033 1034 1035  325  326  502  327  594
  973  519   77  101  228  150  470  295  279  163  417  368  499  364
   59  411  207  557  405  582   76  100  332  181  323  333  416    4
  194 1055  260  206  334  346  363  500  164  280  471  296  369  151
  227   89  222  707  737  247  794  141  385  117  340  526   53   56
   50   47  708  273  974   41  307  250  223  274  649  412  230  717
  595  233  975  277  213  231  542  232  438  393  212  275  447  543
   71  379   81   62  421  267  523  234  579  424  397  884  413 1014
  685  694   38  224 1002  214  459  570  726  520  670  208  567  394
   35  673  217  563   44  328  400 1008  667  343  406  308  480  248
   42  249   48  999   51  359  534  301  460   54   36  395  571  727
  521  671  780  568  964   57  527  341  386  142 1001  118  674  218
  795 1013  329  668  479  309  407  401  461  572  886  728  522  672
  569  219  675   58  528  342  119  998  387  143  598  885  538  927
  895  926  908  925  907  906  904  905  903  900  901  902  924  899
  778  923  898 1304 1448 1565 1291 1284 1083 1644 1433 1395 1645 1646
 1309 1181 1647 1263 1657 1377 1109 1219 1171 1251 1641 1165 1635 1320
 1288 1149 1412 1658 1107 1648  909  928  929  910  930  931  933  935
  934  912  932  911 1496 1659 1649 1214 1660 1661 1650 1662 1679 1281
  913  936  914  937  966  965  330  669  478  302  535  796 1070  696
  687  882  693  814  408  942  402  944  187  946  943   79  815 1071
  887  442  873  891  897  441  539 1508  948  947  945  919  918  917
  940   78  186  941  536  303 1069  813  896  939  916  938  915 1438
 1651 1494 1663 1408 1492 1530 1382 1588 1440 1271 1746 1267 1194 1369
 1418 1664 1122 1230 1652 1218 1577 1334 1665 1653 1330 1510 1666 1504
 1097 1667 1633 1420 1338 1254 1353 1747 1328 1326 1589 1356 1241 1232
 1346 1636 1095 1093 1642 1424 1446 1432 1209 1639 1101 1099 1627 1323
 1416 1410 1223 1586 1105 1103 1742 1212 1361 1184 1341  809  810 1063
 1303 1125 1316 1290 1468 1469 1423 1300 1226 1538 1470 1519 1557 1458
 1367 1553 1246 1118 1743 1249 1587 1552 1086 1111 1355 1459 1293 1471
 1375 1348 1402 1472 1556 1296 1473 1381 1460 1117 1474 1461 1127  607
  635  606  605  633  631  604  628  602  812 1065  600  626  811  622
  624 1064  625  623  361  418  169  345  242  740  272  874  892  601
  627  603  630  629  632  634  636  608  637  609 1475 1462 1387 1544
 1444 1628 1689 1640 1542 1548 1550 1399 1464 1561 1477 1186 1134 1130
 1385 1465 1478 1365 1466 1540 1467 1687  621  620  619  617  618  645
  643  615  642  614  893  616  644  894  875  610  638  611  639  613
  641  173  423  104  725 1005  876  867  452  870   70  162   67  510
    2  258  430  444  996  990  987  978  743  455  126  769  145  770
  146  801 1037  800 1036 1154 1139 1344 1528 1482 1693 1725 1580 1525
 1695 1532 1709 1699 1705 1349 1358 1038 1726 1236 1629 1560 1167 1623
 1363 1625 1073 1401 1163 1637 1115 1655 1084   22  203   23 1113 1147
 1620 1205 1616 1193 1378 1179 1610 1370 1613 1196 1413 1534 1712 1713
 1741 1677 1017 1015 1016 1085 1206  473  462  204  853  189  474 1379
  529  463 1371 1614  854  190 1197  963 1414  530  734 1062  849  857
  863  888  140  161  185  116  922  509   69  962  871  451  868  445
  431  995  989  719  257    1  986 1011  731  651  127  977  742  454
  483   90   96  759  756   66  746  507  981  578  749  486   86   73
  477  352  766  511  429   24  762   64  347  469  440  278  739  711
  458  545  381   83  216   55  525  533   46  560   40  254  360  399
  265  396  426   37  546  581  271  449   52   49  391  240  236  211
  419  170  532  559  253  540  344  436  414   43  692  251  225   45
  695  686  883   39  398  285  266  580  425  215  188  599  270  691
  239  541  252  558  437  531  235  420  171  439  276  548  456  709
  760  467  781  718   84  475  350  764  349  427  650   65  738  392
  448  544  380   82  443  524   80  547  358  457  767  763   74   63
  710   72  761  428  172  422   25  348  468  765  351  476   85  612
  745  980  577  512  485  748  506  771  174  103  144  768  724  640
  755  758    0   26  484  747  505  576  979  744  723  754  757  481
  138  732  513  102  256  482  453  741  976  985  128  139   91   97
  175 1004  877  733  802  889  862  856 1061  848  184  160  508  872
  961  921  869  446  432  450   68  115  988  994  730 1010 1003  176
  878   98  890  861  855 1060  847   92  920  183 1009  729  114  720
  721  713  722 1521 1740 1131 1609 1526 1615 1619 1638 1654 1676 1626
 1581 1624 1135 1630 1187 1359 1362 1114 1192 1350 1178 1400 1704 1708
 1698 1694  712 1520 1531 1155 1692 1686 1146 1166 1539 1559]

eliteFit: 342609.0
percentError: 1.7985119861182093
computationTime: 188.881s