instanceName: u2319
n: 2319
optFit: 234256

genTime, gen, eliteFit, percentError:
0.0029346999999688705, 0, 5825989.0, 2387.018
4.310890099999597, 1, 251792.0, 7.486
2.6135731000003943, 2, 250340.0, 6.866
2.6492886000005456, 3, 249784.0, 6.629
2.6339092999996865, 4, 249456.0, 6.489
2.5956249000000753, 5, 248677.0, 6.156
2.556858199999624, 6, 248103.0, 5.911
2.543723499999942, 7, 247677.0, 5.729
2.5766059999996287, 8, 247567.0, 5.682
2.686476099999709, 9, 247184.0, 5.519
2.6722122999999556, 10, 246616.0, 5.276
2.6520424000000276, 11, 246429.0, 5.196
2.660248300000603, 12, 246309.0, 5.145
2.549383499999749, 13, 246226.0, 5.110
2.42030639999939, 14, 246226.0, 5.110
2.529967200000101, 15, 245895.0, 4.968
2.2088065999996616, 16, 245845.0, 4.947
2.4097712000002502, 17, 245792.0, 4.925
2.580604499999936, 18, 245746.0, 4.905
2.504155300000093, 19, 245628.0, 4.855
2.5199948999998014, 20, 245367.0, 4.743
2.4417016000006697, 21, 245161.0, 4.655
2.4178523000000496, 22, 245161.0, 4.655
2.4223294999992504, 23, 245161.0, 4.655
2.365205299999616, 24, 244873.0, 4.532
2.071603100000175, 25, 244648.0, 4.436
2.1670681999994486, 26, 244648.0, 4.436
1.9375738999997338, 27, 244484.0, 4.366
2.0966600000001563, 28, 244484.0, 4.366
1.9186823999998524, 29, 244362.0, 4.314
1.8227456999993592, 30, 244362.0, 4.314
1.8086324999994758, 31, 244139.0, 4.219
1.6097837999996045, 32, 244139.0, 4.219
1.8261399999992136, 33, 244015.0, 4.166
2.1960927000000083, 34, 243870.0, 4.104
2.108545499999309, 35, 243870.0, 4.104
2.1507385999993858, 36, 243851.0, 4.096
2.0844716000001426, 37, 243702.0, 4.032
2.203300500000296, 38, 243702.0, 4.032
2.1466471000003366, 39, 243580.0, 3.980
1.99700810000013, 40, 243418.0, 3.911
1.8923929000002317, 41, 243418.0, 3.911
2.0375671000001603, 42, 243418.0, 3.911
2.0473801999996795, 43, 243294.0, 3.858
1.8904585000000225, 44, 243294.0, 3.858
1.335888600000544, 45, 243235.0, 3.833
1.1957012000002578, 46, 243153.0, 3.798
1.0939894000002823, 47, 243071.0, 3.763
1.396031799999946, 48, 243029.0, 3.745
1.4261483999998745, 49, 242825.0, 3.658
1.3760420999997223, 50, 242825.0, 3.658
1.6679065999996965, 51, 242619.0, 3.570
1.591081600000507, 52, 242537.0, 3.535
1.2544526000001497, 53, 242455.0, 3.500
1.2860033999995721, 54, 242455.0, 3.500
1.1308249000003343, 55, 242455.0, 3.500
1.1643593999997393, 56, 242331.0, 3.447
0.9685444999995525, 57, 242331.0, 3.447
1.0967846000003192, 58, 242249.0, 3.412
1.0857169000000795, 59, 242249.0, 3.412
0.9267847000000984, 60, 242167.0, 3.377
1.0300769999994372, 61, 242167.0, 3.377
1.031514000000243, 62, 242085.0, 3.342
0.9723564000005354, 63, 242043.0, 3.324
0.9281969999992725, 64, 242043.0, 3.324
0.968235199999981, 65, 242043.0, 3.324
0.7299344000002748, 66, 241961.0, 3.289
0.6656574999997247, 67, 241961.0, 3.289
0.6307741999999052, 68, 241961.0, 3.289
0.7604387999999744, 69, 241961.0, 3.289
0.7094451000002664, 70, 241961.0, 3.289
0.5977413000000524, 71, 241961.0, 3.289
0.756716900000356, 72, 241879.0, 3.254
0.6356659000002765, 73, 241879.0, 3.254
0.6106790999992882, 74, 241879.0, 3.254
0.6655483000004097, 75, 241879.0, 3.254
0.6525306000003184, 76, 241879.0, 3.254
0.7193905999993149, 77, 241879.0, 3.254
0.6683439999997063, 78, 241879.0, 3.254
0.6100266000003103, 79, 241879.0, 3.254
0.5868856999995842, 80, 241879.0, 3.254
0.7266835000000356, 81, 241879.0, 3.254
0.6597086000001582, 82, 241879.0, 3.254
0.6204695999995238, 83, 241879.0, 3.254
0.7293232000001808, 84, 241879.0, 3.254
0.726207699999577, 85, 241797.0, 3.219
0.7449831000003542, 86, 241797.0, 3.219
0.7861640000000989, 87, 241797.0, 3.219
0.6608563999998296, 88, 241797.0, 3.219
0.6615486000000601, 89, 241797.0, 3.219
0.633389999999963, 90, 241797.0, 3.219
0.7088614000003872, 91, 241797.0, 3.219
0.6640446999999767, 92, 241797.0, 3.219
0.6992508000002999, 93, 241797.0, 3.219
0.6824896999996781, 94, 241797.0, 3.219
0.6451618000000963, 95, 241797.0, 3.219
0.6708724999998594, 96, 241797.0, 3.219
0.7499710000001869, 97, 241673.0, 3.166
0.7897046999996746, 98, 241673.0, 3.166
0.814718399999947, 99, 241673.0, 3.166
1.0964817000003677, 100, 241673.0, 3.166
1.5159618000006958, 101, 241509.0, 3.096
1.2216349000000264, 102, 241509.0, 3.096
1.0928357000002507, 103, 241509.0, 3.096
1.3633620999999039, 104, 241427.0, 3.061
1.2913558999998713, 105, 241427.0, 3.061
1.4419676999996227, 106, 241263.0, 2.991
1.1054471000006743, 107, 241263.0, 2.991
1.0704286999998658, 108, 241263.0, 2.991
0.8693524999998772, 109, 241139.0, 2.938
0.8077072999994925, 110, 241139.0, 2.938
0.7285271999999168, 111, 240992.0, 2.875
0.7380739999998696, 112, 240992.0, 2.875
0.6910019999995711, 113, 240975.0, 2.868
0.7631325000002107, 114, 240910.0, 2.840
0.6695338999998057, 115, 240910.0, 2.840
0.7607495000002018, 116, 240828.0, 2.805
0.6443514000002324, 117, 240828.0, 2.805
0.7409597000005306, 118, 240828.0, 2.805
0.6655179999997927, 119, 240828.0, 2.805
0.7113849000006667, 120, 240828.0, 2.805
0.7593136999994385, 121, 240828.0, 2.805
0.663173299999471, 122, 240828.0, 2.805
0.6784769000005326, 123, 240828.0, 2.805
0.663018799999918, 124, 240828.0, 2.805
0.6428808999999092, 125, 240828.0, 2.805
0.7267059999994672, 126, 240828.0, 2.805
0.8375667999998768, 127, 240828.0, 2.805
0.6595072000000073, 128, 240828.0, 2.805
0.6634290000001783, 129, 240828.0, 2.805
0.7574702000001707, 130, 240828.0, 2.805
0.6370985000003202, 131, 240828.0, 2.805
0.7897171000004164, 132, 240828.0, 2.805
0.6565077000004749, 133, 240828.0, 2.805
0.667421000000104, 134, 240828.0, 2.805
0.688208399999894, 135, 240811.0, 2.798
0.6842802000001029, 136, 240746.0, 2.770
0.6879146000001128, 137, 240746.0, 2.770
0.8091776999999638, 138, 240664.0, 2.735
0.8850126999996064, 139, 240664.0, 2.735
0.7159979000007297, 140, 240664.0, 2.735
0.7312800999998217, 141, 240605.0, 2.710
0.6982814000002691, 142, 240605.0, 2.710
0.6693482999999105, 143, 240605.0, 2.710
0.6440683999999237, 144, 240605.0, 2.710
0.6471474999998463, 145, 240523.0, 2.675
0.6159150000003137, 146, 240523.0, 2.675
0.7684429999999338, 147, 240523.0, 2.675
0.6738871000006839, 148, 240523.0, 2.675
0.7187552000004871, 149, 240523.0, 2.675
0.6898424999999406, 150, 240523.0, 2.675
0.647695499999827, 151, 240523.0, 2.675
0.6200847999998587, 152, 240523.0, 2.675
0.6183414999995875, 153, 240523.0, 2.675
0.7209967999997389, 154, 240523.0, 2.675
0.834530299999642, 155, 240523.0, 2.675
0.7119030000003477, 156, 240523.0, 2.675
0.7109734999994544, 157, 240523.0, 2.675
0.6511711000002833, 158, 240523.0, 2.675
0.6744853999998668, 159, 240523.0, 2.675
0.766198300000724, 160, 240523.0, 2.675
0.740906900000482, 161, 240523.0, 2.675
0.5942554000002929, 162, 240523.0, 2.675
0.7252160999996704, 163, 240523.0, 2.675
0.6929089000004751, 164, 240523.0, 2.675
0.7167681999999331, 165, 240523.0, 2.675
0.6634669000004578, 166, 240523.0, 2.675
0.6445413999999801, 167, 240523.0, 2.675
0.8563211999999112, 168, 240523.0, 2.675
0.7489434999997684, 169, 240523.0, 2.675
0.7960480000001553, 170, 240523.0, 2.675
0.7562865999998394, 171, 240523.0, 2.675
0.6477598000001308, 172, 240523.0, 2.675
0.6587902999999642, 173, 240523.0, 2.675
0.6479580999994141, 174, 240523.0, 2.675
0.7307249000004958, 175, 240523.0, 2.675
0.7377147999995941, 176, 240523.0, 2.675
0.6434329000003345, 177, 240523.0, 2.675
0.8245092999995904, 178, 240523.0, 2.675
0.7540784000002532, 179, 240523.0, 2.675
0.7147333000002618, 180, 240523.0, 2.675
0.6222483999999895, 181, 240523.0, 2.675
0.6256714999999531, 182, 240523.0, 2.675
0.643813699999555, 183, 240523.0, 2.675
0.6930971000001591, 184, 240523.0, 2.675
0.7308807999997953, 185, 240523.0, 2.675
0.6889740000005986, 186, 240523.0, 2.675
0.7290086000002702, 187, 240523.0, 2.675
0.8421262000001661, 188, 240523.0, 2.675
0.6989692999995896, 189, 240523.0, 2.675
0.6351870999997118, 190, 240523.0, 2.675
0.6467391999995016, 191, 240523.0, 2.675
0.6549398999995901, 192, 240523.0, 2.675
0.6266034999998737, 193, 240523.0, 2.675
0.6995368999996572, 194, 240523.0, 2.675
0.6478295000006256, 195, 240523.0, 2.675

tour:
[1707 1708 1711 1669 1668 1662 1660 1659 1657 1658 1654 1652 1650 1635
 1639 1636  103  109  105  101   94  106  108  110 1634 1633 1651 1653
 1620 1619 1617 1618 1621 1629 1630 1632  111  112  114  113  120  124
  122  119  123  125  116  117  118  644  640  632 1276 1277 1279 1281
 1283  630  631  633  639  637  132  133  135  137  139  140  138  136
  134   84   86   83   81   82   80   75   76   74  141  142  144  145
  143  147   73   70   71   64   62   56  151  152  150  149  148   72
  146  614  621  623  624  625  635  636  634  629  627  628 1284 1285
 1287  619  626  622  620  618  617  613  615  616 1295 1292 1291 1290
 1289 1288 1286 1282 1250 1248 1247 1251 1246 1239 1240 1238 1241 1237
 1242 1245 1252 1255 1266 1256 1253 1254 1243  894  870  869  868 1257
 1264 1263 1262  659  662  663  658 1261 1270 1258 1265 1267 1249 1280
 1268 1269 1278 1272 1271 1260 1259 1275 1274 1273  646  654  645  653
  648  647  655  657  656  666  665  652  681  649  651  650  121 1626
 1627 1631 1628 1625 1622 1623 1624  686  684  682  678  675  680  674
  679  676  677  698  697  699  703  702 1586 1595  701 1596  700  694
  692  693 1597 1598 1599 1603 1604 1606 1609  689  690  695  691  696
  683  685  687  688 1615 1616 1614 1613 1610 1612 1611 1663 1608 1664
 1667 1665 1666 1607 1605 1722 1721 1719 1720 1717 1718 1716 1727 1725
 1726 1819 1729 1731 1728 1724 1723 1601 1600 1602 1732 1733 1730 1734
 1736 1590 1589 1591 1593 1594 1587 1592 1588 1738 1577 1580 1582 1583
 1581 1584 1585  704  709  714  705  706  707  708  715  713  710 1574
 1575 1576 1579 1749 1570 1568 1565 1567 1757 1553 1555 1544 1542 1547
 1552 1556 1558 1564 1559 1557 1561  730  735 1560 1550 1551 1548 1549
 1546 1545 1541 1537 1531 1529 2051 2053 1540 1538 1539 1543 1764 1773
 1775 1774 1763 1554 1761 1759 1758 1756 1566 1750 1751 1746 1745 1747
 1748 1578 1739 1737 1740 1744 1741 1742 1805 1809 1806 1877 1808 1807
 1880 1797 1803 1804 1802 1796 1801 1800 1798 1882 1799 1883 1881 1879
 1878 1876 1874 1875 1815 1816 1810 1743 1735 1811 1817 1812 1813 1818
 1820 1821 1856 1858 1814 1859 1873 1860 1857 1855 1854 1823 1822 1824
 1853 1852 1850 1851 1825 1832 1831 1849 1847 1848 1830 1844 1845 1846
 1841 1840 1839 1842 1843 1838 1692 1688 1691 1687 1689 1690 1861 1862
 1863 1864 1865 1866 1867 1868 1869 1870 1871 1872 1890 1891 1892 1893
 1894 1895 1896 1897 1898 1889 1902 1903 1785 1888 1886 1884 1885 1887
 1790 1791 1786 1792 1789 1788 1793 1794 1795 1752 1754 1755 1753 1760
 1762 1777 1776 1778 1765 1769 1772 1771 2052 2054 2047 1770 2046 2041
 2037 2036 2042 2045 2043 1911 1914 2044 2034 1916 1917 2033 2035 2038
 2039 2040 2048 2050 2049 2059 2057 2058 2055 1530 2056 1521 1519 1520
 2061 2060 2030 2064 2065 2063 2066 2068 2022 2067 2029 2027 2031 2032
 2026 2025 2024 2028 2023 2019 2018 1944 1943 1942 1941 1940 1920 1939
 1938 1945 1947 1948 1956 1949 1953 1955 1946 1937 1922 1921 1918 1919
 1915 1912 1913 1909 1910 1767 1768 1766 1779 1783 1787 1784 1780 1782
 1908 1907 1906 1781 1905 1904 1901 1899 1900 1924 1925 1926 1927 1928
 1929 1930 1931 1932 1933 1923 1934 1936 1935 1954 1951 1952 1960 1961
 1959 1963 1962 1977 1978 1979 1976 1980 1985 1984 1983 1982 1990 1981
 1986 1989 1991 1993 1992 2088 2089 2000 2087 2090 2098 2103 2099 2097
 2094 2092 2091 2086 2081 2083 2079 2076 2075 2074 2012 2011 2078 2077
 2082 2084 2085 2001 1995 1994 1988 1987 1971 2006 2005 1998 1997 1999
 1996 2002 2003 2004 2010 2009 2008 2007 1969 1965 1970 1972 1974 1975
 1973 1964 1958 1950 1957 1966 1968 1967 2015 2016 2017 2014 2013 2020
 2021 2069 2070 1509 1507 1510 1508 2062 1512 1518 1517 1513 1511 1506
 1503 1501 1500 1502 1487 1488 2071 2072 2073 1489 1490 1491 1492 2080
 2093 1493 1495 1496 1498 1499 1497 1494 1486 1485 1484 1483 1482 1478
 1477 1481 1476  389  390  393  394 1466 1467 1468 1475 1480 1474 1473
 1472 1469 1470 1471  782  780  781  774  779  775  778  773  772  770
  783  785  788  786  787  771  769  767  765  766  776  777 1479 1504
 1505 1514 1515 1516 1524  764  768  762  792  793  790  789 1075 1077
 1073 1080 1079 1078 1066  794  791  758  760  761  763 1525 1523 1522
 1528 1527 1526 1533 1532 1534 1536 1535  744  745  748  751  752  756
  747  746  754  755  753  757  759  795  796 1064 1063  797  800  799
  749  798  801 1055 1053  803  802  750  806  808  804 1052 1054 1056
 1062 1065 1067 1070 1071  969  968 1069 1068 1061  999 1000  998 1060
 1059 1057 1058 1002 1005 1006  995  994  996 1001  997  993  966  970
  967 1099 1098 1072 1081 1083 1091 1090 1448 1453 1452  404  410  411
 1446 1451 1447 1449 1444 1109 1092 1093 1094 1095 1097 1100  971  965
 1102 1105 1101 1106 1096 1110 1108 1111 1443 1442 1112 1113 1107 1116
 1115 1114 1119 1118 1121 1120 1429 1428 1425  425  426  427  430  316
  429  315  314  326  324 2155 2152  327  329  328  330  338  339  342
  332  331  337  428  424  423 1434 1432 1430 1431 1441 1440 1435 1433
 1436 1437 1439 1445 1450 1438  413  418  417  420  419  422  421  336
  333  334  416  414  412  409  405  402  403  400 1454 1456 1457 1089
 1084 1082 1074 1076 1086 1087 1085 1088 1459 1458 1455 1464 1462 1460
  784 1461 1465 1463  397  398  401  372  370  369  365  361  373  371
  399  396  395  392  391  383  384  387  388  385  386 2113 2114 2112
 2110 2108 2101 2109 2095 2096 2100 2102 2104 2105 2106 2107 2111 2119
 2120 2121 2118 2117 2116 2115  382  376  375  374  378  377  381  380
 2123 2122 2124 2125  363  379  364  362 2127 2126 2128 2129 2130 2133
 2134 2135  358 2132 2131  366  360  367  368  406  407  354  359  353
  355  408  415  350  349  356  351  345 2140 2138  352  357 2136 2137
 2139 2141 2142 2144 2146 2149 2147 2145 2143  344  346  348  335  347
  343  340  341 2148 2151 2150 2153 2154 2157 2159 2161 2162 2164 2166
 2169 2170 2172 2171  289  290  299 2168 2167 2165  301  298  300  307
  309  294  297  292  291  288  286  285  284  271  276  272  275  273
  274  296  293  295  445  442  443  440 1403 1411 1407 1150 1151 1148
 1149 1145 1412 1408 1410  439  311  441  310  320  319  318  312  322
  304  305  303  321  308  306  302 2163 2160 2158 2156  325  323  317
  313  434  436  438  437 1409 1415 1413 1414 1144 1142 1146 1141 1147
 1154 1157 1160 1158 1379 1380 1159 1388 1153 1152 1400 1401 1406 1402
 1405 1404 1397 1396 1398 1399 1387 1386 1389 1385  475  477  480  486
  485  247  484  481  482  483  472  473  474  468  469  471  257  258
  259  262  261  260  256  255  253  254  249  248  244 2245  243  242
 2244 2246  250  252  251 2233 2234 2232 2235 2237 2243 2247 2248 2242
 2238 2236 2231 2227 2226 2225  263  264 2219 2220 2192  268  267 2191
 2193 2210 2208 2194 2195 2202 2196 2197 2188 2189 2187 2190 2186  279
  270  269  266  265  461  462  463  470  467  464  459  460  458  457
  455  454  465  466  476 1390 1392 1391 1393 1395 1394  453  452  446
  444  447  449  450  448  451  456  277  278  280 2185  281  283 2183
 2184 2198 2182 2179 2177  282  287 2175 2174 2173 2176 2178 2180 2181
 2200 2199 2201 2203 2204 2205 2207 2206 2212 2209 2211 2213 2214 2215
 2217 2216 2218 2221 2222 2224 2223 2228 2229 2230 2239 2240 2241 2250
 2251 2249 2253 2252 2256 2254 2255 2257 2258 2264 2265 2266 2270 2271
 2273 2272 2274 2275 2276 2277 2278 2283 2279 2280 2281 2282 2285 2284
 2286 2288 2287 2293 2290 2292 2294 2295 2299 2300 2302 2303 2310 2312
 2313 2301 2316 2317 2318    7    8    9   11   12   14   16   13   17
   20   18   15   10    6    0 2315    1 2314 2309    5    3    4    2
   19   27   26   31   22   25   21   24   23   35   36   34   32   33
  171   30   29   28 2307 2306  172  173  175  575  573  565  567  564
  187  185  186  182  183  184  177  176  174 2305 2308 2304  178  179
  180 2311  181  189 2297 2298 2296 2291  190  188  191  196 2289  198
  197  192  195  193  194  562  563  560  561  546  545  544  201  200
  199  208  209  210  211  212 2267 2269  224  225  226 2262 2263 2261
 2259 2260  227  228  240  241  238  237  234  239  229  222  220  221
  230  233  231  232  496  235  236  245  246  492  493  494  495  497
  501  502  510  509  503  507  498 1365 1364 1362 1367 1366  499  500
  490 1374 1373 1370 1369 1371 1372 1375  489  491  487  479  478 1382
 1384 1383 1381  488 1376 1377 1378 1161 1165 1167 1166 1169 1368 1361
 1171 1359 1360 1363 1356  504  506  508  505  518  515  519  516 1347
 1345  521  520  522  526  527  523  217  514  512  511  223  219  513
  218  216  215 2268  213  214  524  206  205  207  204  203  202  534
  525  528  533  535  536  543  542  541  547  551  559  566  568  569
  572  574  576  169  170  168   43   42   41   37   40   38   44   45
   47   39   48   49   46  161  162  163  167  166  577  579  580  581
  591  578  592  593  165  164  595  594  590  600  585  588  583  589
  582  570  571  558  552  548  549 1327  550  538 1329  539  540  537
  529  530  532  531 1338 1336 1335 1333 1209 1332 1331 1330 1328 1325
 1324 1217 1213 1211 1208 1210 1334 1337 1339 1340 1341 1199 1200 1212
 1218 1220 1214 1221 1215 1228 1222 1205 1219 1206 1202 1203 1204  898
  899  887  877  876  885  874  878  884  907  910  906  909 1030  908
  879  883  880  859  858  857  881 1032 1033 1022 1023 1024 1021 1018
 1009 1017 1016 1015 1025  882 1031 1026 1027 1029 1028  919  917  920
  916  915  921  984  937  936  923  922  914  924  925  913  905  912
  929  930  928  926  927  904  911  902  886  901  903 1187  900 1186
 1188 1189 1185 1190 1184 1193 1192 1191 1201 1207 1198 1197 1194 1182
 1180 1179 1178 1350 1196 1195 1342 1344 1346 1343 1349 1351 1348  517
 1354 1353 1355 1352 1357 1358 1177 1174 1176 1181 1183  931  932 1175
 1173  933  934  940  935  939  951  949  944  945  943  941  942 1172
 1170 1168  946  948  950  952  953  957 1138 1139 1163  947 1162 1164
 1156 1155 1140 1137 1136 1135 1134 1131 1130 1143 1419 1417 1420 1416
  435  433 1421 1422  432  431 1424 1426 1427 1423 1418 1129 1128 1126
 1125  960 1124 1122 1117 1123 1103 1104  963  975  962  980  979  977
  976  961  959  955 1132 1127 1133  956  954  958  978  938  981  982
  983  990  988  985  987  986  974  964  973  972  992  991  989  918
 1013 1014 1011 1012 1007 1010 1008 1004 1003 1050 1051 1048 1049 1047
 1046 1045 1044  809  805  807  812  811  810  815  814  813  733  738
  739  740  743  742  741  736  734  737  731  732  725  729  728 1562
 1563 1569 1571 1573 1572  727  711  726  712  720  722  723  724  816
  817  822  821  721  719  716  669  670  668  672  671  831  718  717
  824  823  820  818  819 1040 1041 1042 1043 1039 1038 1037 1019 1020
  838 1036 1034  837  841  839  840  842  827  826  828  843  835  829
  825  830  833  832  673  667  664  661  660  834  849  850  848  845
  844  836 1035  846  855  856  860  863  861  854  847  851  852  853
  862  866  867  871  892  891  872  865  864  873  875  888  889  897
  890  893  896 1226 1227 1223 1224 1225  895 1244 1235 1236 1229 1233
 1234 1232 1293 1294 1296 1297 1231 1298 1230 1299 1216 1314 1316 1323
 1326 1322 1321 1317 1318 1320  556  553  557  554  555 1319  584  587
  586 1308 1309 1310 1312 1315 1313 1311 1300 1301 1304 1302 1303 1305
 1307  599  602  604  601  598  596  159  160  158   52   50   53   51
   54  156  155  157  597  605  603  609 1306  611  610  612  608  607
  606  153  154   55   57   58   59   60   61   63   65   69   66   68
   67   77   78   79   87   88   85  130  131  129  128  638  643  641
  642  127  126  115  107   99  100   98   97   92   90   89   91   93
   96   95  104  102 1638 1637 1640 1641 1649 1642 1648 1643 1647 1655
 1675 1674 1656 1661 1670 1672 1671 1682 1710 1709 1704 1702 1703 1681
 1677 1673 1676 1644 1646 1645 1678 1679 1680 1683 1696 1695 1685 1693
 1686 1694 1684 1697 1698 1699 1837 1700 1701 1705 1836 1835 1833 1829
 1827 1826 1828 1715 1834 1706 1714 1713 1712]

eliteFit: 240523.0
percentError: 2.675278327983061
computationTime: 223.531s