instanceName: rl5934
n: 5934
optFit: 556045

genTime, gen, eliteFit, percentError:
0.009361799980979413, 0, 41455378.0, 7355.400
73.35309190000407, 1, 634541.0, 14.117
48.47243169997819, 2, 625046.0, 12.409
46.53239579999354, 3, 619945.0, 11.492
47.97869089996675, 4, 615889.0, 10.762
46.7957938000327, 5, 611018.0, 9.886
43.92858529998921, 6, 608094.0, 9.361
46.030776700004935, 7, 607880.0, 9.322
44.97401060000993, 8, 606356.0, 9.048
42.153035999974236, 9, 603082.0, 8.459
42.69678739999654, 10, 599810.0, 7.871
41.83126349997474, 11, 599810.0, 7.871
41.610705200000666, 12, 599093.0, 7.742
41.076734700007364, 13, 597333.0, 7.425
38.39705450000474, 14, 595939.0, 7.175
38.768305399979, 15, 595193.0, 7.040
35.410202799947, 16, 594870.0, 6.982
35.47809950000374, 17, 592865.0, 6.622
36.7689891999471, 18, 591632.0, 6.400
36.06408520002151, 19, 591378.0, 6.354
34.19442469999194, 20, 590403.0, 6.179
35.65691339998739, 21, 589723.0, 6.057
34.09290180000244, 22, 588969.0, 5.921
34.59646159998374, 23, 587577.0, 5.671
33.81283039995469, 24, 587577.0, 5.671
33.330963400017936, 25, 586618.0, 5.498
31.726977000012994, 26, 586089.0, 5.403
31.39094070001738, 27, 585483.0, 5.294
32.857380599947646, 28, 584793.0, 5.170
31.746933399990667, 29, 584793.0, 5.170
29.228055199957453, 30, 584275.0, 5.077
26.054792500042822, 31, 584251.0, 5.073
23.752988199994434, 32, 583402.0, 4.920
24.994187099975534, 33, 583110.0, 4.867
22.498121400014497, 34, 583057.0, 4.858
28.185519100050442, 35, 582923.0, 4.834
26.572807800024748, 36, 582571.0, 4.770
23.120583200012334, 37, 582120.0, 4.689
24.082512599998154, 38, 582019.0, 4.671
27.413100500009023, 39, 581749.0, 4.623
22.173228300001938, 40, 581454.0, 4.570
21.434326599992346, 41, 581454.0, 4.570
21.916356100002304, 42, 581454.0, 4.570
20.926826699986123, 43, 581248.0, 4.533
21.792219099996146, 44, 580850.0, 4.461
17.09358839999186, 45, 580831.0, 4.458
18.90414659999078, 46, 580324.0, 4.366
22.506520099996123, 47, 580247.0, 4.353
24.150262799987104, 48, 578861.0, 4.103
25.031395800004248, 49, 578861.0, 4.103
24.23148570000194, 50, 578438.0, 4.027
24.965504100022372, 51, 578293.0, 4.001
18.044685299973935, 52, 578293.0, 4.001
14.166178100043908, 53, 577859.0, 3.923
16.039155400008895, 54, 577859.0, 3.923
12.875073499977589, 55, 577844.0, 3.920
7.6558121999842115, 56, 577812.0, 3.915
8.758421799982898, 57, 577553.0, 3.868
9.521515800035559, 58, 577483.0, 3.855
13.021385599975474, 59, 577483.0, 3.855
9.029194200003985, 60, 577468.0, 3.853
8.600862999970559, 61, 577400.0, 3.841
7.915651099989191, 62, 577400.0, 3.841
11.326142799982335, 63, 576453.0, 3.670
11.218766700010747, 64, 576317.0, 3.646
11.120542499993462, 65, 576211.0, 3.627
12.433868399995845, 66, 576211.0, 3.627
8.238210499985144, 67, 576211.0, 3.627
9.82269520004047, 68, 576211.0, 3.627
8.655692400003318, 69, 576211.0, 3.627
8.676875199947972, 70, 576211.0, 3.627
8.647855999995954, 71, 576211.0, 3.627
9.412326299992856, 72, 576211.0, 3.627
8.103729799971916, 73, 576211.0, 3.627
8.080510100000538, 74, 576211.0, 3.627
8.064919999975245, 75, 576211.0, 3.627
6.825771700008772, 76, 576211.0, 3.627
9.057405199971981, 77, 576211.0, 3.627
7.668252000003122, 78, 576211.0, 3.627
7.8005938999704085, 79, 576211.0, 3.627
9.380779200000688, 80, 576211.0, 3.627
8.867987999983598, 81, 576211.0, 3.627
9.532833700010087, 82, 576211.0, 3.627
7.293817700003274, 83, 576211.0, 3.627
7.014396999962628, 84, 576211.0, 3.627
9.284645100007765, 85, 576211.0, 3.627
8.183276000025216, 86, 576211.0, 3.627
10.736792500014417, 87, 576211.0, 3.627
8.076428700005636, 88, 576211.0, 3.627
8.619296099990606, 89, 576211.0, 3.627
8.267788700002711, 90, 576211.0, 3.627
8.69303329999093, 91, 576191.0, 3.623
8.884073499997612, 92, 576191.0, 3.623
9.863910300016869, 93, 575844.0, 3.561
8.885512500011828, 94, 575481.0, 3.495
8.315736099961214, 95, 575481.0, 3.495
9.324698899989016, 96, 575293.0, 3.462
8.092172999982722, 97, 575293.0, 3.462
7.888121799973305, 98, 575293.0, 3.462
9.388763100025244, 99, 575293.0, 3.462
7.3169350999523886, 100, 575230.0, 3.450
8.702728100004606, 101, 575230.0, 3.450
10.558706299983896, 102, 575230.0, 3.450
7.9540128000080585, 103, 575230.0, 3.450
8.722076800011564, 104, 575230.0, 3.450
7.404405900044367, 105, 575230.0, 3.450
9.853921599977184, 106, 575230.0, 3.450
8.114078500017058, 107, 575230.0, 3.450
7.167475899972487, 108, 575230.0, 3.450
7.483890499977861, 109, 575230.0, 3.450
7.656037800014019, 110, 575230.0, 3.450
7.554363599978387, 111, 575230.0, 3.450
8.926824100024533, 112, 575230.0, 3.450
8.015780700021423, 113, 575230.0, 3.450
9.295056200004183, 114, 575210.0, 3.447
9.706960599985905, 115, 574772.0, 3.368
9.073329899983946, 116, 574429.0, 3.306
11.591211499995552, 117, 574429.0, 3.306
10.578465200029314, 118, 574237.0, 3.272
11.389060400018934, 119, 574164.0, 3.259
13.028309600020293, 120, 573972.0, 3.224
8.18531080003595, 121, 573972.0, 3.224
7.514716700010467, 122, 573972.0, 3.224
8.73349779995624, 123, 573972.0, 3.224
10.09377170004882, 124, 573972.0, 3.224
8.076590400014538, 125, 573972.0, 3.224
9.110648900037631, 126, 573972.0, 3.224
7.941361800010782, 127, 573972.0, 3.224
8.757996800006367, 128, 573972.0, 3.224
8.645742199965753, 129, 573972.0, 3.224
10.296441000013147, 130, 573972.0, 3.224
8.593751600012183, 131, 573972.0, 3.224
8.641114099998958, 132, 573972.0, 3.224
8.448368999990635, 133, 573972.0, 3.224
8.989185700018425, 134, 573972.0, 3.224
7.396303399989847, 135, 573972.0, 3.224
8.105721100000665, 136, 573972.0, 3.224
8.446561500022653, 137, 573949.0, 3.220
8.212203400034923, 138, 573949.0, 3.220
10.882848500041291, 139, 573949.0, 3.220
9.013458700035699, 140, 573949.0, 3.220
9.559291300014593, 141, 573949.0, 3.220
7.698628400044981, 142, 573949.0, 3.220
9.40744330000598, 143, 573949.0, 3.220
8.657798799977172, 144, 573949.0, 3.220
8.5322817999986, 145, 573949.0, 3.220
7.267232799960766, 146, 573949.0, 3.220
9.654795699985698, 147, 573949.0, 3.220
7.5104715000488795, 148, 573949.0, 3.220
9.047986800025683, 149, 573949.0, 3.220
7.407577800040599, 150, 573949.0, 3.220
7.183937199995853, 151, 573949.0, 3.220
8.46181730000535, 152, 573949.0, 3.220
9.666132299986202, 153, 573949.0, 3.220
9.089995399990585, 154, 573949.0, 3.220
8.297356499999296, 155, 573949.0, 3.220
8.379523700044956, 156, 573771.0, 3.188
8.162240999983624, 157, 573771.0, 3.188
8.454162499983795, 158, 573771.0, 3.188
8.51407219999237, 159, 573771.0, 3.188
9.120723199972417, 160, 573771.0, 3.188
8.321012699976563, 161, 573771.0, 3.188
9.358377900032792, 162, 573771.0, 3.188
10.711994900018908, 163, 573771.0, 3.188
8.652757700008806, 164, 573771.0, 3.188
8.712912099959794, 165, 573771.0, 3.188
8.117922600009479, 166, 573771.0, 3.188
7.6982571999542415, 167, 573771.0, 3.188
7.163536100008059, 168, 573771.0, 3.188
7.953619899984915, 169, 573771.0, 3.188
9.288624899985734, 170, 573771.0, 3.188
9.506487999984529, 171, 573771.0, 3.188
10.80667750001885, 172, 573771.0, 3.188
10.10869319998892, 173, 573771.0, 3.188
9.497879799979273, 174, 573771.0, 3.188
8.938077799975872, 175, 573771.0, 3.188
7.970280499954242, 176, 573771.0, 3.188
7.546990800008643, 177, 573771.0, 3.188
8.420590599998832, 178, 573771.0, 3.188
6.900665700028185, 179, 573771.0, 3.188
9.376376600004733, 180, 573771.0, 3.188
9.280155099986587, 181, 573771.0, 3.188
7.980776500015054, 182, 573771.0, 3.188
8.15937239996856, 183, 573771.0, 3.188
8.920647899969481, 184, 573771.0, 3.188
8.370798600022681, 185, 573771.0, 3.188
7.859206599998288, 186, 573771.0, 3.188
8.470642799977213, 187, 573771.0, 3.188
7.624474999960512, 188, 573741.0, 3.182
10.12340260000201, 189, 573741.0, 3.182
8.467683899973053, 190, 573741.0, 3.182
9.217868399980944, 191, 573649.0, 3.166
7.5474482999998145, 192, 573649.0, 3.166
9.193045200023334, 193, 573649.0, 3.166
8.355053000035696, 194, 573649.0, 3.166
9.58929440000793, 195, 573649.0, 3.166
7.437442899972666, 196, 573649.0, 3.166
11.891262600023765, 197, 573649.0, 3.166
8.551422899996396, 198, 573649.0, 3.166
7.809546699980274, 199, 573649.0, 3.166
7.856192199978977, 200, 573649.0, 3.166
8.525472200009972, 201, 573649.0, 3.166
8.242738700006157, 202, 573649.0, 3.166
9.730421499989461, 203, 573649.0, 3.166
9.029914000013378, 204, 573649.0, 3.166
10.115070600004401, 205, 573649.0, 3.166
7.850093299988657, 206, 573649.0, 3.166
7.61382800003048, 207, 573649.0, 3.166
10.19557659997372, 208, 573649.0, 3.166
7.201056000019889, 209, 573649.0, 3.166
6.636100599949714, 210, 573649.0, 3.166
8.285518399963621, 211, 573649.0, 3.166
7.516669099975843, 212, 573649.0, 3.166
7.818742900039069, 213, 573649.0, 3.166
8.388001299987081, 214, 573649.0, 3.166
7.155906700005289, 215, 573649.0, 3.166
7.623636299977079, 216, 573649.0, 3.166
8.342754500044975, 217, 573649.0, 3.166
9.99186120001832, 218, 573649.0, 3.166
8.756985299987718, 219, 573649.0, 3.166
7.557632899959572, 220, 573649.0, 3.166
7.816332899965346, 221, 573649.0, 3.166
7.5273696999647655, 222, 573649.0, 3.166
7.776066599995829, 223, 573649.0, 3.166
9.729592100018635, 224, 573649.0, 3.166
6.67933080001967, 225, 573649.0, 3.166
10.906042799993884, 226, 573649.0, 3.166
8.300225600018166, 227, 573649.0, 3.166
8.414186599955428, 228, 573649.0, 3.166
8.090945700008888, 229, 573649.0, 3.166
7.69531509996159, 230, 573649.0, 3.166
9.477728899975773, 231, 573649.0, 3.166
8.7678353000083, 232, 573649.0, 3.166
8.333679100032896, 233, 573649.0, 3.166
7.644337699981406, 234, 573649.0, 3.166
9.816348000022117, 235, 573649.0, 3.166
8.332886999996845, 236, 573649.0, 3.166
11.02923029998783, 237, 573649.0, 3.166
8.006514900014736, 238, 573649.0, 3.166
8.686622999957763, 239, 573649.0, 3.166
7.95609480002895, 240, 573649.0, 3.166
9.14355889998842, 241, 573649.0, 3.166

tour:
[1682 1681  122 1680 1679  430 2946 2947 2948 1198  123 1199 3335 3336
 3337  356 3338   52 3339 3340 3341  382 3342 3343 3344 3345    3 3346
 3347 3348 5216 5217  283 5218 5219 5265 5266 5415 5416 5417 5418 5142
 5207 5208 1057 5209 5210 3093  860 3094  861 3095  862 3096 3097 1712
 1670 1713  450 1714  451 1715  452 1716  453 1717  454 1718 1530 3215
 1866 5125 4208 3744 1720 3983 5281 4962 5328 2089 3849 3846 1900 5313
 5312 4659  977 4658  571 4657 1035 4656  548 5311 5310 5309 5308 5405
 5380 5412 5411 5410 5409 5379 5378 5347  858 5346 1058 5345 1045 5344
 5447 5143 1521 1520 4196 4195 4194 4193 4192 4191 4190 4189 4188 4187
 4186 4185 4184 4183 4182 4181 4180 4179  124 4178 1676  431 1675 1678
 2909 2910 3122  843 3123  357 3124 3447 3448 3205 3206 3207 3208 1518
 1519  351 5298 5297 4966 4967  352 4968 4969 5342 4909 5419 5387 5211
 4592 3090 5149 5303 4971 4651 4652 4653 4654 4655 5920  427 5919 5918
 1964 5921 5489 4982 5429 5427 1050 5426 5425 5424 1963  598 1962 1961
 5917 1049 5916 1055 5915  859 5914 1059 5913 1046 5912 1048 5911  353
 5910 1008 5908 5909 5220 1394 1353 3209 3349 5274 3765 2104 1070 3110
 5258 5252 2372 1589 3449 2421 5245 1129 3125 1525 1590  383 1591  384
 1592  385 1593  386 1594 3766 3767 1354  257 1355 1356 1395 4274 5278
 1060 5277  258 5276  880 5275 2377 2376 2375 2374 2373 5248 5247  747
 5246 1200 4883 2949 1677 2911 5272 1526   53 1130   54 1131 1527 2422
  748 2423  749 2424 5253 5254 3111 3112    4 3113  659 3114 5262 5261
 5260 1062 5259 1067 2425 5249 3450 1132 3126 1528 1596 1597  387 1598
  388 1599 1600 1601 1602 1603 1604 1605 1606 1607 1608 5151 5382 5407
 5305 4973 1960  389 1956  596 1955  595 1954  594 1953 1952 1951 5758
 5757 5755 5754 5753 5752 5751 5750 5749    0 1946 1945  593 1944 5748
 5747  750 5746  913 5745   55 5744  865 5743  844 5742  125 5741 5756
 5740 5759 5760  126 5761  845 5762  866 5763   56 5764  914 5765  751
 5766  592 5767 5768 5769 1947 5770 5771 5772 1948  259 1949 1950 5773
 5774 5775 5776 5777 5778 5421 5389 5213 4594 3092 1609 5152 5383 5408
 5306 4974 1965 1957  597 1958 2556 5423 5478 1369 5317  428 5318 5316
 1672 3733 5923 5491 4984 3036 1865 5319  549 5320 5321 5131 5315 1902
 3848 2091 4964 5283 5332 1722 1533 1532 1534 1535 5127 3732 2116 3763
 4574 3163 4473 1135 2544 3751 3107 3106  863 3105 3104   58 3750 3749
  663 3748  955 3747  960 3746 3742  362 3741  456 3740 3739  958 3738
  650 5331 5330 5324 5323 5322  572 3737  957 3736 3735  956 3734 1370
 1368  269 1367  268 1366  267 1365  266 1364  265 1363  264 1362  263
 1361  262 1360  261 1359  260 1358 1595 5255 1066 5263 2378 2105 3115
 3350 3210 3768 1396 1357 5221 5279 5227 5267 4197 5299 1522 4970 5144
 5448 5343 4910 5420 5388 5212 4593 3091 5150 5381 5406 5304 4972 1959
 2555 5422 5477 1671 5922 5490 4983 3035 1864 5130 5314 1901 3847 2090
 5329 4963 5282 1721 1531 3216 1867 5126 3745 3731 2115 3762 4573 3162
 4472 3103 1134 2543 1923 3155 4499 1203 4217 4250 2141 2157 2161 3997
 4561 2427 4175 4205 3221 1401 1586 4678 3942 1614 1943 3242 1255 3140
 1750 2224 3255 3587 1896 1484 1536 1090 2209 2194 3029 3519 3269 2932
 2685 1183 2361 3226 5371 5372 5373 5374  646 5375 5376 2082 3673 5370
 5369  657 5368 5367 5366 5363 2687 2686  106 2688  820 5364 5365 2689
  821 2690  822 2691  658 2692  647 2693  707 5356 5357 2694  823 2695
  557 2696  721 2697  475 2698  670 2699  720 2700  824 2701  474 2702
  731 2703  825 2704  685 2705  515 2706  826 2707  786 2708   69 2709
 2710 2711 1755 1374 1572 1435 1842 2981 2903 5043 3552 2892 5232 2874
 2784 2672 2649 4505 5121 3308 2668 4140 2713 2623 2596 2525 2510 1921
 3184 5204 3661 3677 4027 3452 3413 3380 3356 3294 3279 3867 2821 2943
 3023 3040 3077 2533 3696 2843 4763 5358 5359  802 5349 5360 1063 5361
 5362 4001 2740 3513 2576 4138 4221 5353  935 5354 5352 5355 4306 3909
 5839 3775 3785 3784 3777 3776 3631 3632 3633 3634 3640 3641  938 3642
 3786 3787 3788 3789  902  762 3643 3644 1402  235 1403  289 1404  290
 1405  291 1406 3647 3646 3645 3790 3791 3792 3793 3648 3649 3650 3794
 3795  939 3796 3797 3798  425 5818 3799 3800 5048 4554 4639 3128 3127
  744 3129 3130 4464 4466 4465 4463 3804 5057 5723 1193 3883 1577 3974
 5686 5533 4267 1175 3406 1657 3391 5517 5476 4168 2499 4585 4646 1428
 5333 3329 3437 3484 5849 4853 1103 3712 3370 3580 2552 2077 2238 3595
 2266 2366 5862 2381 1113 3854 2256 5878 4577 1122 3689 2721 3176 4021
 4876 4597 5898 5703  992 5341  828 5340  946 5339   47 5338  716 5337
   40 5336   34 5335  898 5334 1348 3823 5404 5460 3897 1422 1429  305
 1421  304 1420  303 1419   99 1418  302 1417  118 1416  301 1415  300
 1414  299 1413  298 1412  297 1411  296 1410  295 1409  294 1408  293
 1407  292 4549 4550 4551 4552 4553 1936 1935 1934 1933 4548 4547 4546
 4545 4544  901 4543 4542 4541 5583 5665 5135 1168   94 1167   93 1166
   92 1165   91 1164   90 1163   89 1162   88 1161   87 1160   86 1159
   85 1158   84 1157   83 1156   82 1155   81 1154   80 1153   79 1152
 1169 1146   71 1145   70 1144 1143 4504 2648 2671 2783 2873 5231 2891
 3551 5042 2902 2980 1841 1151 1434 1571 1373 1754 3272 4958 3933 3530
 2436 3081 2887 2518 3925 4848 5842 1798 3120 3147 3430 2151 4361 3135
 4717 2399 1738 3173 3259 1884 4861 2775 3655 3889 4631 2296 2125 2316
 2258 1741 2280 2106 3245 4563 2306 2300 2133 2272 1877 3232 3771 5238
 2240 2219 2506 2081 3672 2098 3627 2744 3476 4012 4802 1565 1537   25
 1538  105 1539  363 1540  364 1541  365 1542  366 1543  367 1544  368
 1545  369 1546  370 1547  371 1548  372 1549 1550 1551 1552 1553 1554
 1555 1556 1557 1558 1559 1560 1561 1562 1563 1564 1569 1570 5823 5824
  841 5825  840 5826  816 5827 1052 5828 5829 3309 3310 4141 3307 5120
 2667 4139 2714 2715 2712 2622 2595 2524 2509 1920 3183 3185  873 3186
 3187 3188 3189 3190 3191  874 3192  875 3193  876 3194  877 3195  878
 3196 3202 3386 3387 3388  761 3463 3462 3461 3460 3459 4040 4041 4042
 4043 4044 4045  917 4046  234 4047 3464 3321 5614 5551 4294 1323 4048
 1509 5648 3499 3600 3065 3872 4235 3970 3922 3839 3537 1668 3829 5817
 5047 4638 2918 4288 2416 4492 3289 5739 5795 4462 3803 5056 5722 1192
 3882 1576 3973 5685 5532 4266 1174 3405 1656 3390 5516 5475 4167 2498
 4584 1425 4645 1349 1340  249 1339  248 1338  247 1337   98 1336  246
 1335  117 1334  245 1333  244 1332  243 1331  242 1330  241 1329  240
 1328  239 1327  238 1326  237 1325  236 1324 1341 4293 5550 5613 3320
 3473 2470 4540 5582 5664 3385 3201 5134 5881 5566 5630 3812 3639 4681
 3783 5902 5596 5838 5837 4039 3458  806 3457 3456  801 4031 4032 4038
 5836  995 5835 5834 3076 3075 3074 5832 5833 4030 4029 3455 3454 3451
 3453 4026 3676 3660 5203 4142  579 4147 4028 5831 5830 3073 3072 1306
  218 1307  219 1308  220 1309  221 1310  222 1311  223 1312  224 1313
  225 1498 1497 1496 1495 1494 1493 1492 1491  217 1305 1304 3071 3070
 4503 2647 2646 2645 2644 1482  342 1481  341 1480  340 1479   78 1478
  272 2643 2642 2641 2640 2639 2638 2637 2636 2635 2634 2633 2632 2631
 2630 2629 2628  326 1464  327 1465  328 1466  329 1467  330 1468  331
 1469  332 1470  333 1471  334 1472  335 2654 2655 2656 2657 1473  336
 1474  337 1475  338 1476  339 1477 2658 2659 2660 2661 2662 2663 2664
 2665  216 1483 1490 1489 2666 3314 2621 2594 2719 2523 2508 1919 4146
 5202 3659 3675 3412 3379 3355 3293 3278 3866 2820 2942 3022 3039 2532
 3695 2842 4762 2572 3509 3510 3511 3512 2575 4137 4220 4305 3908 5595
 5901 3782 4680 3638 3811 5629 5565 5880 5133 3200 3384 5663 5581 4539
 2469 3472 3319 5612 5549 4292 1507 1506 1505 1504 1503 1502 1501 1500
 1499 1314  226 1315  227 1316  228 1317  229 1318  230 1319  231 1320
  232 1321  233 1322 1508 5647 3498 3599 3064 3871 4234 3969 3921 3838
 3536 1667 3828 5816 5046 4637 2917 4287 2415 4491 3288 5738 5794 4461
 3802 5055 5721 1191 3881 1575 3972 5684 5531 4265 1173 3404 1655 3389
 5515 5474 4166 2497 4720 4018 4727 1512 4867 5396 3612 3623 5867 5927
 3526 4065 3301 3328 3436 3483 5848 4852 1102 3711 3369 3579 2551 2076
 2237 3688 2720 3175 4020 4875 4596 5897 5702 1121 4576 5877 2255 3853
 1112 2380 5861 2365 2265 3594 1345 3822 5403 5459 3896 1424 4644 4583
 4264 4263 4262 4261 4260 4259 5678 5679 5680  116 5681 5682 5683  377
 5511 5510 5509 5508 5507 5506 5505 5504  743 5677 5676 4258 1014 4257
 1013 4256 5675 2481  771 2480  423 2479  770 2478  769 2477  768 2476
  767 2475  766 2474  765 2473  764 2472  763 2471 2467 3470 3317 3917
 5645 3496 3597 3062 3869 4232 5670 5671  976 5672  928 5673 1012 5674
  424 4255 3920  978 3919  856 3918 5646 3497 3598 3063 3870 4233 3968
  979 3967  857 3966  897 3965  916 3964  760 3963 3962 3961 3960 3959
 3958 3957 3956 3955  922 3954  800 3953  789 3952  839 3951  890 3950
  894 3949  940 3948  346 3947 3946 3069 5119 1303 4502 2876 2875 2872
 2670 2782 5230 2890 3550 5041 2901 5822 2979 1840 1150 1433 1372 1753
 1568 3271 4957 3932 3529 2435 3080 2886 2517 3924 4847 5841 1797 3119
 3146 3429 2150 4360 3134 2653 4716 2397  473 2398 1737 3172 3258 1883
 4860 2774 3654 3888 4630 2295 2294 2293 2292 2393 2394 2395  730 2396
 2773 2772 2771 2770 2769 4710 4709 4708 5186  964 5185 5184  706 5183
  781 5182  645 5181  656 5180  932  832 5179 4707 4706 4705 4704 4703
 4702 4701 4700 5178  886 5177  103 5176   23 5175  315 5174 4699 4698
 1749 1751 3586 1895 1089 2208 2193 3028 3518 3268 2931 2684 1182 2360
 3225 4801 4011 3475 2743 3626 2097 3671 2080 2505 2389 2388 2390 2391
 2392 2291 2290 2289 2288 1463  325 1462  324 1461  323 1460  322 1459
  321 1458  320 1457  319 1456  318 1455  317 1454  104 1453   24 1452
  316 1485 1451 3256 1450 3254  709 3253 3252 2223 4697 4696 4695 4694
 4693 4692 5167 5168  885 5169  288 5170  591 5171  177 5172  870 5173
 4612 4611 4610 4609 4608 4607 1033 4606 4605 4204 4174 4173  752 1005
 5166 5165  989 5164  690 5163  675 5162 5161 5160 5159 4213 4212 4211
 4210 4209 3986 3985 3984  455  361 4660 4661 4662 4663  959 3987  954
 3988  662 3989   57 4664 4665 4666 4667 4668  674 3993 3992 3991  988
 3990  580 4214  127 4215 4216 4249 2140 2156 2160 3996 4560 4172 2426
 2428 3995 3994  689 4669 4670 1031 4671 1004 4672  754 4673 1036 4674
  884 4675  287 4676 4677 1942 3241 1613 3941 1585 1400 3220 4691 4604
 4203 2432 4559 2159 2155 2139 4248 1202 4498 3154 1922 5158 2542 1133
 3102 4471 3161 4572 3761 2114 3730 2117  664 4242 4243 4244  669 4245
 4246 4247 2154 1201 1204 1205 1208 2138 2158 4805 4806 4807 4808 4809
 4810 4811 4812 4813 4814 4815 4816 4817 4818 4819 4820 4821 4822 4823
 4824 4825 4826 4827 4828 4829 4830 4831 4832 4833 4834 4835 4836 4837
 4838 2756 2755 2754 2753 2752  708 2751 2750 2749 2748 2747 2746 2745
 3229 3228 3227 3222 1185 1184 1179 2681 2680 3266 3516 3026 3025 1086
   21 1085   20 1084   19 1083   18 1082   17 1081   16 1080   15 1079
   14 1078   13 1077   12 1076   11 1075   10 1074 1073 2431 4200 1932
 1929  583 1928  582 1927  581 1926 1925 1924 2120 2119 2118 1136   59
 1137   60 1138   61 1139   62 1140 4557 4558 4171 4201  753 4202 3219
 1399 3940 1939 1940 1941 1253 1256 1257 1258 1259 1260 1087 2210 2211
  101 2212 2213 2214 2216 2741 2093  654 2094 3668 2083 2084 2220 2221
 3769 3233 3234 2131 2626 2298 4562 5242 5240  963 5239 2217 2286 2386
 2503 2502 2078 3669 2095 3480 3630 3628 3624 3478 3477 4009 4008 4007
 3223 2358 1180 2682 2929 2928 2927   22 2926 2925 2924 2923 3138 3240
  590 3238 3239 1254 3139 1446 3251 2229 1748 1747 3583 3584 2195  699
 2196  102 2197  700 2198 2199  701 2200  655 2201  644 2202  702 2203
  703 2204 2206 5237 3770  556 2243  712 2242  711 2241 2239 2218 2287
 2387 2504 2079 3670 2096 3625 2742 3474 4010 4800 3224 2359 1181 2683
 2930 3267 3517 3027 2192 2207 1088 1894 1893  566 1892 2226 2225 1447
  314 1448 3585 1449 4613 4614 4615 4616 4617 4618 4619 4620 4621 4622
 4623 1034 4624 4625 4626 4627 4628 4629 3887 3653 5190 5189 5188 5187
 4711 4712 4713 4714 4715  472 5191  684 5192  514 5193 1056 5194  785
 5195  757 5196 2559 2560 2561  271 5197   77 5198 2562  794 2563  795
 2564  215 5200 5199 2669 2674 2673 2781 5229 2889 3549 5040 2900 5821
 2978 1839 1149 1432 1436   76 1437  307 1438  308 1439 1443 2880 4501
 2675 3674 5201 2565  796 2566  797 2567 3295  798 2568  799 2569  788
 2570 3508 2571 4037 4000 2739 5572  805 5573 5655  994 5654 5653 4761
 2841 3694 2531 3038 3021 3020 3019 3411 3378 3354 3018 3299 3277 3865
 2819 2941 5588 5589  787 3681  838 3680  889 3679  849 3678 3658 2678
 4145 1918 2507 2522 2718 2593 2620 3313 1488 3945 3068 5118 1302 2895
 2894 2893 2888 3548 5039 2985 2983 2982 1371 1752 1567 3270 4956 3931
 2558 3528 2434 3079 2885 2516 3923 4846 5840 1796 3118 3145 3428 2149
 4359 3133 2652 1736 3171 3257 2110  660 2109 2108 2107 2244  713 2245
 2246 2247 2251 4859 1882 2113 3652 3886 2311 2310 2309 2308 2307 2305
 2299 2627 2132 2271 1876 2768 3231 2273  672 2274 2275 2278 3244 2279
 1740 2257 2259 2260 2314 2250 3166 2130 2315 2126  671 2127 3167 3168
 3169 3170 1885  471 1886 1889 3261 3260 3892 3891 3890 2757 2758 2759
 2760 3143 3144 3117 2882 2883 3082 3083  755  783 2761 2762 2763 2764
 2765 3273 3274 1843 1844 1845 3086   75 3085 3084 3532 3531 3527 2433
 3078 2884 5843 5844 2515 3926  784 3927  756 3928 3930 1148 1838 2778
 2777 5820 2899 2904 2905 5228 2779 2780 2898 4500 2879 1442 5233 5236
 3087 4506 1846 2447 2446 2443 2442 2441 2440 2439 2438 2437 2519 4845
 4844 4843  683 2322  722 2323  513 2324 2325 2326 2327 2328 2329 2330
 2331 2332 2333 5117 5116 5115 5114 5113 5112 5111 5110 5109 5108 5107
 5106 5105 4111 4112 4113 4114 4115 4116 4117  270 4118 4119 4120 4121
  310 4122  214 4123 4124 2597 2598 2334 2448 1847 2449 2335 2336 2337
 2450 2451 2452 2453 2454 2455 2456 1855 3045 3044 3043 3042 1854 1853
 1852 1851 1850 1849 1848 4508 4507 2511 2512 2815 4509 4510 3041 3037
 5587 2940 2817 2816 2818 3864 3863 3862 3410 3374 3375 3376 3377 3353
 3017 3298 3276 3280  837 3281 3697 3698  944 5623 5622 5621 5620 5619
 2530 3285 5618 2840 4760 3686 5555 3507 5652 4036 3999 2738 5571 2574
 4136 4219 5600 5624 5625  950 5626 5627 5628 4688 4684  970 4683  936
 4679 4682 3781 5900 3708 3703  948 3702 5559  804 3701  947 3700 3699
  921 5557 5556 3682 5590 5591 5592 5558 5593 5601 5656 5657 5658 5659
 5660 5661 5662  879  971  937  966 5574 5575 5576 5577 5578 5580 5579
 4538 2468 3471 3318 5611 4291 5548 5610  896 5609  915 5608  759 5607
 5606 5605 5604 5603 5602 5594 5560  965 5561 5562 5564 5563 5879 5132
 3199 3383 4537 2466 3469 3316 5547 4290 5707 5708 5709  975  927 5710
 5711 5712 5713 3830 3831 5714  973 5715 1051 5716  742 2482  772 2483
  773 2484 2485  774 2486 2487 2488   97 5512 5513 5514  415 2489  775
 2490 2491  776 2492 2494 4165 5473 1659 1658 1654 3403 1172 3976 3980
 3975 3971 5720 5717 1026 5718  967 5719 1190 3880 1574 2068 2067   96
 2069  641 2070 2071 3393 3392 3407 3621 3620  905 3618 3619 1171 3979
 5530 5529  376 5528  982 5527  115 5526 5525 1025 5524 3806 3805 3801
 4460 5793 5737 3287 4490 2414 4286 2916 5503 4636 5045 3835 5815 5814
  422 1011 5813 5812 5811 5810 5809 5808 5807 5806 5805 5804 5803 5801
 5802 3810 3637 3780 5899 3707 3907 4304 3046 3047 3048 3051 3052  853
 3053 3054 3055  758 3056  854 3057  855 3058 3059 3060 3061 3868 3873
 3874 5669 3837 3535 4254 1665 1666 5521 5522 5523 5735  741 5736 5792
 5791 5790 5734 5733 5732 5731 5730 5729 5784 2353 4278 4279  974 5785
 5786  926 4280 4281 1016 4282  421 5787 5788  972 5789 4283 1017 4284
 4285 4489 4488  740 4487 4486 4485 4484 4483 4482 4481 4480  727 4479
 5644 5643 4478 4477 2351  724 2350  723 2349 2348 2347 2346 2460 2461
 2462 2463 2464 5782 2352 5783 5728 5727 3468 2465 5138 5137 5136 5882
 1859 1858 1857  540 1856 2457 2458 2459 2345 2344 2343 3422 3426 4302
 4303 3910 5903 5904 3813 3814 3815 3816 3817 5642 5641 5640 5639 5638
 5637 5636 5635 5634 4224 4223 4222 4218 4135 4134 4133 4132 4131 3418
 3419 3420 3421 2342 2341 2340 2339 2338 3417 3416 3415 3414 3663 3662
 4125 4126 4127 4128 4129 4130  523 1817  522 1816  521 1815  520 1814
  519 1813  518 1812 2833 2834 2835 2836 2837 2838 2839 1818  524 1819
  525 1820  526 1821  527 1822 1823  528 1824  529 1825  530 1826  531
 1827  532 1828  533 1829  534 1830  535 1831  536 1832  537 1833  538
 1834 3596 3495 2356 4277 4231 3877 5668 3836 3534 4253 1664 5520 3834
 5049 5044 4635 5502 2915 2413 3290 4458 5462 5053 5058 5059 3884 2065
 5450 1581 5451 5452 5453 5454 5455  417  904  987 1579 1578 3878 1188
 3808 4051 3286 4052  996 4053  968 4054  113 4055  980 4056  374 4057
 4058 4059 4060 4061 4015 4014 1661 3409 1177 1176 1170 3978 2066 1573
 3879 1189 3809 5054 5463 4459 5464  969 5465  114 5466  981 5467  375
 5468   95 5469 5470 5471 5472 4164 2493 2495 2496 4643 1423 3895 5458
 5402 3821 1344 4719 1511 4868 4866 3622  252 3394 3395 2072  642 2073
  643 2074 3396   33 2075 3397  710 3398 3402 2236 2550 3578 3368 3710
 1101 4851 5847 3482 3327 3435 3438  907 3439 5693 5692 5690 5691 3300
 4064 3525 5926 5866 4869 4017 4726 4873 3611 5395 4729 4728 4016  251
 4062  347 5394 5393 4718 1343 5401 5456 5457 5399 5398 4163 4162 4161
 4160  100  903  416 1426 1427  250 3824 5400 3820 4721 1039 4722 4731
 3610 4872 5865 5925 3524 1510 4725 5392 3825 1513  348 1514 3573 3572
 3571  778 3570 3569 3568 3566 3567 4159  378 4158  112 4157 1000 4156
  999 4155  893 4154  739 4153  847 4152  998 4151 4150 5052 4634 5501
 2914 2412 3292 4050 4457 4456  892 4455  738 4454  846 3606 3605  931
 3604 4453 4452 4451 4450 4449  539 4448 4447 4446 1792  510 1791  509
 1790  508 1789  507 1788  506 1787  505 1786  504 1785  503 1784  502
 1783  501 1782  500 1781  499 1780  498 1779  497 1778  496 1777  495
 1776  494 1775  493 1774 4430 4431 4432 4433 4434 4435 4436 4437 4438
 4439 4440 4441 4442 4443 4444 4445 3322 3323 3601  726 3602  930 3603
  420 3538 3539 3845 3842 3841  925 3840 4230 3501  919 3500 4298 2592
 2589 2588 4535 4534 4533 2587 2586  814 2585  813 2584  543 5540 5541
 5542 5543 5544 5545 4295 5706 3916 1837 4289 5546 5726 3315 5781 4476
 3467 4536 5140 3819 3382 3198 5885 4687 5800 1861 3636 3050 5906 3779
 3706 3913 5633 4227 4301 3425 5599 2573 5570 2737 3998 4035 5651 3506
 5554 3685 4759 5617 2529 3284 5586 2939 4512 3297 3016 3352 3861 3373
 3666 2936  848 2935 2814 2677 2514 4144 2600 2521 2717 3312 1487 3944
 3067 1301 2897 2878 1441 5235 3089 2445 2907 3547 5038 5037 5036 5035
 5034 5033 5032 5031 5030 5029 5028 5027 5026 5025  562  682  575 2606
 2607 2608 2609 2610 2611 2612 2613 2614 2615 2616 2617 2618 2619 1917
 1916 1915 1914 1913 1912 1911 1910 1909 1908 1907  578 1906  577 1905
  576 1904 2147 2605 2604  815 2603 2602 3656 5024  479 5023 5022 3247
 3246 1880  558 1879 1878 4397 4396 4395 4394  648  779 4393 4392 4391
 4390 4389 4388 4930 4931  704  651  933  457  941 4932 4933 4934 4935
 4936 4937  697 4938  833 4939 4940 4941 4942  718 4398 4399 4400 4401
  478 4943 4944  661 4402 4403 1024 4404 4405  561 4945 4946 4947  681
  574 4406 4407 4408 4409 4410 4411 4412 3934 3935 3936 4413 4414 4415
 4416 4417 4418 4419 4420 4421 2526 2527 2934 3665 3372 3860 3351 3357
 3358 3359 2729 2937 2938 2534 2535 4002  803 4003 5536 5537 5538 5539
 2583  812 2582  811 2581  810 2580  809 2579  808 2578  807 2577 5569
 2736 2735 2734 2733 2732 2731 2730 4429 4428 4427 4426 4425 4424 4423
 4422 1765  483 1764  344 1763 1762 1761 1760 1759 1758 1757 1756 4955
 4954 4953 4952 4951 4950 4949 4948 4733 4734 4735 4736 4737 4738 4739
 4740 4741 4742 4743 4744   73 1294  208 1295  209 1296  210 1297  211
 1298  212 1299 4745 4746 4747 4748 4749  484 1766  485 1767  486 1768
  487 1769  488 1770  489 1771  490 1772  491 1773  492 4758 4757 4756
 4755 4754 4753 4752 4751 4750 1387  278 1386  277 1385  276 1384  275
 1383  274 1382  273 1381 1380 1379 1378 1377 1376 1375 1293 1292  207
 1291  206 1290  205 1289  204 1288  203 1287  202 1286  201 1285  200
 1284  199 1283  198 1282  197 1281  196 1280  195 1279  194 1278  193
 1277  192 1276  191 1275  190 1274  189 1273  188 1272  187 1271  186
 1270  185 1269  184 1268  183 1267  108 1266  182 1265  181 1264 1261
 1622 1621 1620 1619 1618 1617 1616 1615 1610 2986 2987 2988 2989 2990
 2991 2992 2993 2994 2995 2996 2997 1623 1624 1625 1626 1627 1628  393
 1629  394 1630  395 1631  396 1632  397 1633  398 1634  399 1635  400
 1636  401 1637  402 1638  403 1639  404 1640  405 1641  406 1642  407
 1643  408 1644  409 1645  410 1646  411 1647  412 1648  413 1649  373
 1650 1651 1652 1653 2984 2906 2444 3088 5234 1440 2877 2896 1300 3066
 3943 1486 3311 2716 2599 2528 4143 2513 2676 2813 2933 3664 3371 3859
 3015 1388 3296 4511 3361 2728 5585 3283 5616 2537 3684 5553 3505 5650
 4034 5568 4005 5598 3424 4300 5535 4226 5632 3912 3705 3778 5905 3049
 3635 1860 5799 4686 5884 4532 3197 3381 3818 5139 3466 4475 5780 5725
 3325 2591 4297 1794 5705 3915 1836 3503 2355 4276 4229 3876 5667 4252
 1663 3541 3844 5519 3833 4149 5051 3608 4633 5500 2913 2411 3291 4049
 5461 3807 5060 1187 3885 2064 1580 5449 3977 3565 3617 1178 3408 1660
 4013 5397 4582 2500 4642 3894 1431 1342 3827 5391 4724 3609 4871 5864
 5924 3523 1096 5688 3305 3333 2546 4854 4855 5854 4858  900 2231 3590
 3591   36 3592 2382 2383 2253 2368  729 2367 1108 3718 3715 3714 3713
 4849 3364 3709   37 2264 3593 2234 2233 2232 3401 2364 2379 5860 2235
 5851 5855 5850 3576 1109 3577 3366 3367 3365 4850 5846 2547 3331 3575
   31 3574 3330 3326 5689 1097 1098   32 1099 1100 1104 3485 3306 3303
 3302 4063 3481 2548 2549 5694 3440   39 3441 3442  910 5696 5695 3855
 3856 5697   46 5698  945 5699  827 5700 5701 2724  829 2723 2722 3492
 3491 3490 3489 3488 3487 3486 1105 1110   38 1111 1114   41 1115 1118
   44 1119   45 1120 1123   48 1124 2726 5896 4595 4874 3494 4019 3174
 1126 1117 2254 3858 3444 5876 4575 3687 4022 4023 4024 3180  830 3179
  872 3178  871 3177 4877 4878 4879 3182 4881 4599 4598 3692 3691 3690
   49  918 4601 5895 5894 5893 1032 5892 1065 4578 5891  909 5890   43
 5889  715 5888 1064 5887 5858  717 5859 2268 2270 2267 2263 5857 3400
 3717 1107 5853 4857 3363 3589 1515 4730 3613 1346  253 1347 5928 5929
  924   30 3614 3615 5930   35 5931 5933 2369 2384 2252 3857 1116 3443
 2725 4025 3181 4880 4600 3693 3493 1125 4579 5875 5886 2269 5874  908
 5873   42 5872  714 5870 5871 5932 5856 3399 3716 1106 5852 4856 3362
 3588 2230 2545 3332 3304 3616 5687 1095 5869 5868  923 3904 3906 3903
  983 3902  254 3901 3900 4648 4588 4586  777 4587 1430 4649 4647 3905
 3826 5390 4723 3520 3521 3522 5863 4870 1350 3899  306 3898 1194 2061
  640 2062 2063  119 2060  639 2059  638 2058  637 2057  636 2056  635
 2055 4641 4640  634 2054  633 2053  418 2052  632 2051  631 2050  511
 2049  630 2048 4581 4580  629 2047  628 2046  627 2045  626 2043 2044
 2042  541 5797 5798 4685 5883 4531 2400 3465 4474 5779 5724 3324 2590
 4296 1793 5704 3914 1835 3502 2354 4275 4228 3875 5666 4251 1662 3540
 3843 5518 3832 4148 5050 3607 4632 2920 2418 2919 5499 2912 2417 2410
  737 2409  736 2408  419 2407  735 2406  725 2405  512 2404  734 2403
  733 2402  732 2401 4530 1030 4529 1029 4528  542 4527  949 4526  984
 4525 1010 4524 1018 4523  906 4522  990 4521 1028 4520  993 4519  920
 4518  943 4517  790 4516  891 4515  831 4514  899 4513  280 3562  895
 3563 3564 3360 2727 5584 3282 5615 2536 3683 5552 3504 5649 4033 5567
 4004 5597 3423 4299 5534 4225 5631 3911 3704 5796 2041  625 2040  624
 2039  623 2038  622 2037  621 2036  620 2035  619 2034  618 2033  617
 2032  616 2031  615 2030  614 2029  613 2028  279 2027  612 2026  611
 2025  610 2024 2023 2022  609 2021 2020 2019 5432 2018 2017 2016  608
 2015  607 2014  573 2013  606 2012  560 2011  605 2010  604 2009  477
 2008  603 2007  559 2006  602 2005 1237  159 1236  158 1235  157 1234
  156 1233  155 1232  154 1231  153 1230  152 1229  151 1228  150 1227
  149 1226 2864 2865 2866 2867 2868 2869 2870 2871 2004 2003 2002 2001
 2000 1999 1998 1997 1996 1995  148 2863 2862 2861 1225 1224  147 1223
  146 1222  145 1221  144 1220  143 1219  142 1218  141 1217  140 1216
  139 1215  138 1214  137 1213  136 1212    5 1211  135 1210 2794 2795
 2796 2797 2798 2799 2800 2801 2802 2803 2804 2805 2806 2807 2964 2965
 2808  107 2809 2810 2811 2812 2966 2967 2968 2969 2970 2971 2972 2973
 2974 2975 2976 2977 2624 1881 2136 2276 4566 2304 3248 2283  160 1238
  161 1239  162 1240  163 1241  164 1242  165 1243  166 1244 5430 5431
  167 1245  168 1246  169 1247 3542 3543 3544 5433   72 5434  414 5435
 5436  309 5437  213 5438 5350 5351 3561  929 3560  836 3559  782 3558
 3557  343 3556 3555 3554 3553 3545 3546 5819 2776 1147 3275 1566 3937
 3929 3533 2557 2766 2822 2520 5845 2881 3433 3116 4732 1903 2146 3131
 2650 3141 1887 3262 4864 3893 2601 2111 3657 3164 2128 2248 2312 2261
 1744 3014 3013 3012 3011 3010 3009 3008 3007 3006 3005 3004 3003 3002
 3001 3000 2999 2998 2963 2962 2961 2960 2959 2958 2957 2956 2955 2954
 2953 2952 2951 2950 2793  129 2792   64 2791  665 2790  835 2789  834
 2788  791 2787 4467 3156 3157 5498 5497 5496  172 5495  569 5494 1053
 5493  546 5492 3031 3030 3720 3719 3721  545 3722  951 3723  568 3724
  171 3032 3033 1862 5128 1897 5486 3752 1248 3850 2086 5325 4959 3211
 3212 3213  359 3725 3726  952 2786  552 2785 3727 1091   27 1092   28
 1093   29 1094 5153 2844 2845 2846   63  128 2847 1209  134 2848 2849
 2850 2851 2852 2853 2854 2855 2856 2857 2858 2859 2860 1994 1993 1992
 1991 1990 1989 1988 1987 1986 1985 1984 1983 1982 1981 1980 1979 1978
 1977 1976   26 1975  358 1974  170 1973  567 1972  601 1971  544 1970
  600 1969  599 1968 1966 5385 5384 5225 1047 5224 5223 4272 1015 4271
  349 4270  255 4269 4268 5222 1516 5439 1351 5214 2101    1 2100 2099
 1061  380  745  911   50  354  842 1006 1195 1673 2944  429  120 2945
 1674 1196 4176 5268 3334 2908 3121 1523 1127 3445 5243 2419 1587 2370
 5250 5256 3108 1389 3764 5273 2102 3203 1068 5215 1352 5440 1517 5264
 4273 5296 4965 5907 5226 5414 5141 4904 5205 5386 4589 5145 5348 5377
 5300 4650 5307 2553 5413 3098 1711 1669 1967 4979 5488 5428 3034 1863
 5129 5487 1898 3753 1249 3851 2087 5326 4960 3981 4236 1529 3214 4307
 5122 3743 4764 4206 3728 1872 4568 3158 4468 3099 2538 4362 5292 5154
 2121 3148 4066 4493 5061 4985 1141 1206 2152 2144 4911 4803 4555 1930
 4169 4198 2429 1071 4602 4689 3217 1397 1582 3938 1611 1937 3236 1251
 3136 1444 2921 3249 1745 2227 3581 1890 1262 4926  563  480 4925 4924
 4923  311  867 4922 4921  174  587  390 4920 4919 4918 4917 4916 4915
    6 4914 4913 4912  584 1001 4372 4373 1023 4374 4375  881  284  985
 4376 4377 4378 4379 4380 4381 4382 4383 4384 4385  178  850 4927 4928
 4929  109 4387  817 4386 3264  851 5006  179 5005  564 5004  481 5003
  312 5002  868 5001  175 5000  588 4999  391 4998  986 4997 1583  285
 4996  882 4995 1037 4994    7 4993 1002 4992  585 4371 4370  677 4369
  686 4368  130 4367   65 4366  666 4365 1022 4364 1021 4363 4494 4986
 4991  678 4990  687 4989  131 4988   66 4987 5062 4495 4067 3149 2122
 5155 5293 4765 1009 4766  953 4767  553 4768  792 4769 1040 4770 1041
 4771  667 4772 1027 4773   67 4774  132 4775  688 4776  679 4777  586
 4778 1003 4779    8 4780 1038 4781  883 4782  286 4783  379 4784  392
 4785  589 4786  176 4787  869 4788  313 4789  482 4790  565 4791  180
 4792  852 4793  888 4794  819 4795  728 4796 4797  991 2363  110 2362
 3514 5007  887 5008  818 5009 5010  705 5011  652 5012  934 5013  458
 5014  942 5015  780 5016  649 5017  698 5018  555 5019 5020 5021  719
  673 2302 2301 2297 2625 3235 1875 3774 2767 5241 2222 2191 2205 2285
 2385 2085 2501 3667 1723 3629 2092 3479 2215 3230 4798 4799 4006 1186
 2357 2679 3265 3515 3024 1263 1891 3582 2228 1746 3250 2922 1445 3137
 1252 3237 1938 1612 3939 1584 1398 3218 4690 4603 1072 2430 4199 4170
 1931 4556 4804 2145 2153 1207 1142 5063 4496 4068 3150 2123 5156 5294
 2539 3100 4469 3159 4569 1873 3729 4207 4312  554 4311 4310 4309 4308
 1868 1869  550 1870  551 1871 1874 4570 2540  793 4313 1019 4314 1020
 4315  668 4316 4317 4318 4319 4320 4321 4322 4323 4324 4325 4326 4327
 4328 4329 4330 4331 4332 4333 4334 4335 4336 4337 4338 4339 4340 4341
 4342 4343 4344 4345 4346 4347 1724  459 1725  460 1726  461 1727  462
 4348 4349 1728  463 1729 4350 4351 4352 4353 4354 4355 1735  469 1734
  468 1733  467 1732  466 1731  465 1730  464 2137 2277 3243 4567 2284
 1739 2303 1742  476 1743 2262 2313 2249 2129 3165 3651 2112 4862 4863
 4865 3263 1888 3142 2651 3132 2148 3431 3432 3434 2823 2824 2825 2826
 2827 2828 2829 2830 2831  345 2832 1811 1810 1809 1808 1807 1806   74
 1805 1804 1803 1802  517 1801  516 1800 1799 1795 3427 4358 4357 4356
 4110 4109 4108 4107 4106 4105 4104 4103 4102 4101 4100 4099 4098 4097
 4096 4095 4094 4093 4092 4091 4090 4089 4088 4087 4086 4085 4084 4083
 4082 4081 4080 4079 4078 4077 4076 4075 4074  680 4073 4072  133 4071
 4070  997 4069 3151 3152 5064 5065 5066 5067 5068 5069 5070    9 5071
 5072 5073 5074 5075 5076 5077 5078 5079 5080 5081 5082 5083 5084 5085
 5086 5087  111 5088 5089 5090  653 5091 5092 5093 5094 5095 5096 5097
 5098 5099 5100 5101 5102 5103 5104 2320  470 2321 4842 4841 4840 4839
 2319 2318 2317 2282 2281 4565 4564 2135 2134 3773 3772 2190 2189 2188
 2187 2186 2185 2184  696 2183  695 2182 2181 2180  694 2179  693 2178
  692 2177 2176 2175 2174 2173 2172 2171 2170 2169 2168 2167 2166 2165
 2164  691 2163 2162 2143  676 2142   68 4497 3153 2124 5157 5291 5290
 5295 2541 3101 4470 3160 4571 3760 3759 3758 3757  962 3756  961 3755
  173 3754 1250 5284 5285 5286  360 5287 5288 5289 4241 4240 4239 5124
 5123 4238 4237 5280 4961 5327 2088 3982 3852 1899 5485  570 5484 1054
 5483  547 5482 5481 4981 4980 4978 4977  426 4976 4975 5302 5148 4591
 4590 5146 5147 5301 2554 5479 5480 1710 1719 1709  449 1708  448 1707
  447 1706  446 1705  445 1704  444 1703  443 1702  442 1701  441 1700
  440 1699 5444 5445 5446 5206 4908 4907 4905 1044 4906 4903 4902 4901
 4900 4899 4898 4897  281 4896    2 4895  864 4894 1043 4893 1042 4892
  381 4891  746 4890  912 4889   51 4888  355 4887 4886 1007 4885  121
 4884 4882 1197 4177 5269 5270 5271 1524 1128 3446 5244 2420 1588 2371
 5251 5257 3109 3204 1069 2103 1390  282 1391 1392 1393 5441 5442 5443
  350 1698 1697 1696  256 1695 1694  439 1693 1692  438 1691  437 1690
  436 1689 1688  435 1687  434 1686 1685 1684  433 1683  432]

eliteFit: 573649.0
percentError: 3.1659308149520275
computationTime: 3367.031s