instanceName: fl417
n: 417
optFit: 11861

genTime, gen, eliteFit, percentError:
0.0003800999984377995, 0, 445473.0, 3655.779
0.0817864999989979, 1, 12117.0, 2.158
0.05550949998723809, 2, 12109.0, 2.091
0.05517110000073444, 3, 12055.0, 1.636
0.050530299995443784, 4, 12046.0, 1.560
0.05294899998989422, 5, 12046.0, 1.560
0.05010540000512265, 6, 12024.0, 1.374
0.05076070000359323, 7, 12020.0, 1.341
0.0493614000006346, 8, 12006.0, 1.222
0.03602400000090711, 9, 12000.0, 1.172
0.02744869999878574, 10, 11995.0, 1.130
0.022097099994425662, 11, 11976.0, 0.970
0.02118009999685455, 12, 11964.0, 0.868
0.023664499996812083, 13, 11958.0, 0.818
0.01738900000054855, 14, 11955.0, 0.793
0.017554200006998144, 15, 11949.0, 0.742
0.0194364999915706, 16, 11942.0, 0.683
0.01576300000306219, 17, 11941.0, 0.674
0.020864999998593703, 18, 11933.0, 0.607
0.013944200007244945, 19, 11933.0, 0.607
0.015029800008051097, 20, 11933.0, 0.607
0.018676299994695, 21, 11933.0, 0.607
0.02411030000075698, 22, 11933.0, 0.607
0.022977899992838502, 23, 11933.0, 0.607
0.022288799998932518, 24, 11925.0, 0.540
0.01652499999909196, 25, 11925.0, 0.540
0.015814900005352683, 26, 11925.0, 0.540
0.014404500005184673, 27, 11917.0, 0.472
0.017284000001382083, 28, 11917.0, 0.472
0.016930300000240095, 29, 11917.0, 0.472
0.0176808000105666, 30, 11917.0, 0.472
0.017288899995037355, 31, 11917.0, 0.472
0.020248499989975244, 32, 11917.0, 0.472
0.017261600005440414, 33, 11917.0, 0.472
0.01744239999970887, 34, 11917.0, 0.472
0.015540899999905378, 35, 11917.0, 0.472
0.015074299997650087, 36, 11917.0, 0.472
0.016308999998727813, 37, 11917.0, 0.472
0.01231510000070557, 38, 11917.0, 0.472
0.01618409999355208, 39, 11917.0, 0.472
0.014299400005256757, 40, 11917.0, 0.472
0.014719500002684072, 41, 11917.0, 0.472
0.015174000000115484, 42, 11917.0, 0.472
0.013599300000350922, 43, 11917.0, 0.472
0.020975699997507036, 44, 11917.0, 0.472
0.017155900000943802, 45, 11917.0, 0.472
0.01617889999761246, 46, 11917.0, 0.472
0.014594600012060255, 47, 11917.0, 0.472
0.01539230000344105, 48, 11917.0, 0.472
0.015197299988358282, 49, 11917.0, 0.472
0.01571259999764152, 50, 11917.0, 0.472
0.01644819999637548, 51, 11917.0, 0.472
0.016539700009161606, 52, 11917.0, 0.472
0.013774400009424426, 53, 11917.0, 0.472
0.015737699999590404, 54, 11917.0, 0.472
0.014348700002301484, 55, 11917.0, 0.472
0.033418999999412335, 56, 11917.0, 0.472
0.015662599995266646, 57, 11917.0, 0.472
0.015494300008867867, 58, 11917.0, 0.472
0.017570900003192946, 59, 11917.0, 0.472
0.0157069999986561, 60, 11917.0, 0.472
0.01872249999723863, 61, 11917.0, 0.472
0.016356899999664165, 62, 11917.0, 0.472
0.014917399996193126, 63, 11917.0, 0.472
0.01490709999052342, 64, 11917.0, 0.472
0.016192499999306165, 65, 11917.0, 0.472
0.013762900009169243, 66, 11917.0, 0.472
0.015286299996660091, 67, 11917.0, 0.472
0.015025999993667938, 68, 11915.0, 0.455
0.015638299999409355, 69, 11915.0, 0.455
0.015627299988409504, 70, 11909.0, 0.405
0.01507379999384284, 71, 11909.0, 0.405
0.017484299998614006, 72, 11909.0, 0.405
0.01759979999042116, 73, 11909.0, 0.405
0.0171563000039896, 74, 11909.0, 0.405
0.016835800008266233, 75, 11909.0, 0.405
0.015055600000778213, 76, 11909.0, 0.405
0.016686399991158396, 77, 11909.0, 0.405
0.01719280000543222, 78, 11909.0, 0.405
0.017909999995026737, 79, 11909.0, 0.405
0.019766400000662543, 80, 11909.0, 0.405
0.01726540000527166, 81, 11909.0, 0.405
0.017496600004960783, 82, 11909.0, 0.405
0.018028100006631576, 83, 11909.0, 0.405
0.015004800006863661, 84, 11909.0, 0.405
0.014498399992589839, 85, 11909.0, 0.405
0.014974199992138892, 86, 11909.0, 0.405
0.016770600006566383, 87, 11909.0, 0.405
0.015758599998662248, 88, 11909.0, 0.405
0.022499999991850927, 89, 11909.0, 0.405
0.018305800011148676, 90, 11909.0, 0.405
0.02461750000657048, 91, 11909.0, 0.405
0.016804200000478886, 92, 11909.0, 0.405
0.01748569999472238, 93, 11909.0, 0.405
0.016265199999907054, 94, 11909.0, 0.405
0.019090600006165914, 95, 11909.0, 0.405
0.014183199993567541, 96, 11909.0, 0.405
0.015677300005336292, 97, 11909.0, 0.405
0.018652900005690753, 98, 11909.0, 0.405
0.014424699998926371, 99, 11909.0, 0.405
0.014649899996584281, 100, 11909.0, 0.405
0.018629999991389923, 101, 11909.0, 0.405
0.014438600002904423, 102, 11909.0, 0.405
0.018195800003013574, 103, 11909.0, 0.405
0.014557200003764592, 104, 11909.0, 0.405
0.015762899987748824, 105, 11909.0, 0.405
0.016897199995582923, 106, 11909.0, 0.405
0.015723000004072674, 107, 11909.0, 0.405
0.018398300002445467, 108, 11909.0, 0.405
0.019985699997050688, 109, 11909.0, 0.405
0.01467679999768734, 110, 11909.0, 0.405
0.01812539999082219, 111, 11909.0, 0.405
0.02188420000311453, 112, 11909.0, 0.405
0.016569800005527213, 113, 11909.0, 0.405
0.01449519999732729, 114, 11909.0, 0.405
0.01490709999052342, 115, 11909.0, 0.405
0.014724299995577894, 116, 11909.0, 0.405
0.015123799996217713, 117, 11909.0, 0.405
0.014843800003291108, 118, 11909.0, 0.405
0.016651300000376068, 119, 11909.0, 0.405
0.015870300005190074, 120, 11909.0, 0.405

tour:
[368 369 383 370 371 372 384 373 385 386 374 375 376 377 378 249 273 251
 275 253 277 255 279 257 281 259 283 261 285 263 287 265 289 267 291 269
 271 295 272 296 294 293 270 292 268 290 266 288 264 286 262 284 260 282
 258 280 256 278 254 276 252 274 250 398 397 396 416 415 414 413 412 411
 395 394 410 409 393 408 248 247 223 245 224 246 222 244 242 220 243 221
 219 241 217 239 218 240 216 238 237 215 213 235 214 236 212 234 232 210
 233 211 209 231 207 229 208 230 206 205 227 203 204 228 226 202 225 201
 367 366 392 365 364 391 363 382 390 407 406 405 381 362 380 404 403 402
 389 388 401 400 387 399 357 358 379 359 360 361 102  71  59  39  36  34
  32 329 328 341 340 327 339 297 298 319 299 300 301 342 343 344 320 302
 321 345 346 347 330 322 303 331 304 305 332 306 307 105 107 109 131 129
 106 130 108 132 110 134 112 133 111 135 113 114 136 138 140 142 118 139
 116 137 115 117 119 141 120 144 122 143 121 145 123 147 124 146 148 126
 125 149 127 151 128 150 152  22  28  29  13  14  10   8   2   3   1  11
  16  26  12  19  27  30  20   5   4   6  15  17   9  18  25  23  31  24
  21   7   0 348 308 309 323 333 349 350 334 310 335 311 312 351 352 353
 324 313 325 354 355 356 336 326 314 337 315 316 338 317 318 153 154 178
 156 177 155 179 157 181 159 183 161 185 163 187 165 189 168 167 191 169
 193 171 195 173 197 175 199 200 176 198 174 196 172 194 170 192 190 166
 188 164 186 162 184 160 182 158 180  33  35  37  40  42  47  49  53  54
  56  51  50  48  45  46  43  44  41  38  52  55  58  57  61  64  68  92
  88  89  93  86  72  76  81  82  77  90  94  83  87  95  96  65  62  69
  66  63  73  84  78  85  79  74  70  60  67  75  80  91  98 100  97  99
 101 103 104]

eliteFit: 11909.0
percentError: 0.4046876317342551
computationTime: 2.452s