instanceName: eil76
n: 76
optFit: 538

genTime, gen, eliteFit, percentError:
0.00015190000704023987, 0, 2224.0, 313.383
0.003980600013164803, 1, 559.0, 3.903
0.0023504999990109354, 2, 551.0, 2.416
0.002642899999045767, 3, 549.0, 2.045
0.0024884000013116747, 4, 543.0, 0.929
0.0023428999993484467, 5, 543.0, 0.929
0.0015536999999312684, 6, 541.0, 0.558
0.0013583999971160665, 7, 541.0, 0.558
0.0019234000064898282, 8, 539.0, 0.186
0.0014063999988138676, 9, 538.0, 0.000

tour:
[60 27 73  1 29 47 28 44 26 51 45 33 66 25 75 74  3 67  5 50 16 39 11 57
 71 38  8 31 43  2 15 62 32 72  0 61 21 63 41 42 40 55 22 48 23 17 49 24
 54 30  9 37 64 10 65 58 13 52  6 34  7 18 53 12 56 14  4 36 19 69 59 70
 68 35 46 20]

eliteFit: 538.0
percentError: 0.0
computationTime: 0.027s