instanceName: eil76
n: 76
optFit: 538

genTime, gen, eliteFit, percentError:
0.0001269999920623377, 0, 2188.0, 306.691
0.0032300999882863835, 1, 560.0, 4.089
0.0014643000031355768, 2, 549.0, 2.045
0.0017296999867539853, 3, 545.0, 1.301
0.00198540001292713, 4, 545.0, 1.301
0.0016041000053519383, 5, 544.0, 1.115
0.0015196000022115186, 6, 543.0, 0.929
0.0019616000063251704, 7, 541.0, 0.558
0.0019865000067511573, 8, 538.0, 0.000

tour:
[20 60 27 73  1 29 47 28 44 26 51 45 33 66 25 75 74  3 67  5 50 16 39 11
 57 71 38  8 31 43  2 15 62 32  0 72 61 21 63 41 42 40 55 22 48 23 17 49
 24 54 30  9 37 64 10 65 58 13 52 34  6  7 18 53 12 56 14  4 36 19 69 59
 70 68 35 46]

eliteFit: 538.0
percentError: 0.0
computationTime: 0.021s