instanceName: pcb3038
n: 3038
optFit: 137694

genTime, gen, eliteFit, percentError:
0.0037240999954519793, 0, 5312696.0, 3758.335
11.637192299996968, 1, 155706.0, 13.081
7.039659899994149, 2, 154233.0, 12.011
7.058811299997615, 3, 153136.0, 11.215
6.770935599997756, 4, 152236.0, 10.561
6.950804000007338, 5, 151852.0, 10.282
6.90220369999588, 6, 151106.0, 9.740
6.84308360000432, 7, 150806.0, 9.523
6.558830499998294, 8, 150400.0, 9.228
6.756452700006776, 9, 149633.0, 8.671
6.643351200007601, 10, 149543.0, 8.605
6.449930600007065, 11, 149212.0, 8.365
6.2987667999987025, 12, 148970.0, 8.189
5.992649899999378, 13, 148964.0, 8.185
5.880517300000065, 14, 148504.0, 7.851
6.621235800004797, 15, 148497.0, 7.846
6.176250399992568, 16, 148495.0, 7.844
6.545619799988344, 17, 148249.0, 7.666
5.85399440000765, 18, 148099.0, 7.557
6.031434299991815, 19, 148099.0, 7.557
5.695074900009786, 20, 147904.0, 7.415
6.010376499994891, 21, 147904.0, 7.415
5.670541300001787, 22, 147814.0, 7.350
5.524637199996505, 23, 147774.0, 7.321
5.247066900003119, 24, 147509.0, 7.128
4.478311399987433, 25, 147509.0, 7.128
4.890278299993952, 26, 147509.0, 7.128
4.4792113000003155, 27, 147509.0, 7.128
4.161547099996824, 28, 147499.0, 7.121
4.756694600000628, 29, 147227.0, 6.923
4.423824999990757, 30, 147136.0, 6.857
4.6174339999997756, 31, 147136.0, 6.857
5.254877400002442, 32, 147069.0, 6.809
5.041667400000733, 33, 146991.0, 6.752
4.97642450001149, 34, 146950.0, 6.722
4.705359999992652, 35, 146694.0, 6.536
3.90259800000058, 36, 146680.0, 6.526
4.091409700005897, 37, 146557.0, 6.437
3.9272637000103714, 38, 146382.0, 6.310
3.76610389999405, 39, 146377.0, 6.306
4.062975499997265, 40, 146231.0, 6.200
3.8388854000077117, 41, 146189.0, 6.169
3.7085216999985278, 42, 145942.0, 5.990
3.9359986999916146, 43, 145874.0, 5.941
3.2646563000016613, 44, 145798.0, 5.886
2.8044684000051348, 45, 145723.0, 5.831
2.8192151999974158, 46, 145670.0, 5.793
2.649552999995649, 47, 145647.0, 5.776
3.15965299999516, 48, 145492.0, 5.663
2.729167099998449, 49, 145492.0, 5.663
3.6214106999977957, 50, 145430.0, 5.618
2.847457099996973, 51, 145408.0, 5.602
2.621430799990776, 52, 145320.0, 5.538
2.6511962999938987, 53, 145205.0, 5.455
2.520719199994346, 54, 145126.0, 5.397
2.4360267000010936, 55, 145012.0, 5.315
2.3830011999962153, 56, 144961.0, 5.278
1.878140100001474, 57, 144935.0, 5.259
1.6807383999985177, 58, 144910.0, 5.241
1.7821436000085669, 59, 144880.0, 5.219
1.3992147000099067, 60, 144877.0, 5.217
1.5806684999988647, 61, 144831.0, 5.183
1.3536659999954281, 62, 144801.0, 5.161
1.4287742000014987, 63, 144801.0, 5.161
1.437619899996207, 64, 144801.0, 5.161
1.4184691000118619, 65, 144801.0, 5.161
1.465787699999055, 66, 144801.0, 5.161
1.3895052000007126, 67, 144801.0, 5.161
1.4635252000007313, 68, 144801.0, 5.161
1.4662526000029175, 69, 144801.0, 5.161
1.3269197000045097, 70, 144801.0, 5.161
1.387560500006657, 71, 144801.0, 5.161
1.0066197999985889, 72, 144801.0, 5.161
1.333738799992716, 73, 144801.0, 5.161
1.5735977000003913, 74, 144801.0, 5.161
1.5957003999938024, 75, 144801.0, 5.161
1.1857765000022482, 76, 144801.0, 5.161
1.3613431999983732, 77, 144801.0, 5.161
1.3496909000095911, 78, 144801.0, 5.161
1.3171044000046095, 79, 144795.0, 5.157
1.1638728999969317, 80, 144795.0, 5.157
1.401308300002711, 81, 144795.0, 5.157
1.4509004999999888, 82, 144795.0, 5.157
1.3569935999985319, 83, 144795.0, 5.157
1.4323083000053884, 84, 144795.0, 5.157
1.396158799994737, 85, 144779.0, 5.145
1.4009961999981897, 86, 144779.0, 5.145
1.4190825999976369, 87, 144779.0, 5.145
1.320853500001249, 88, 144777.0, 5.144
1.5512530999985756, 89, 144736.0, 5.114
2.3000601999956416, 90, 144706.0, 5.092
2.351932899997337, 91, 144655.0, 5.055
2.2859941000060644, 92, 144625.0, 5.034
2.5949510999926133, 93, 144607.0, 5.021
2.487748100000317, 94, 144556.0, 4.984
2.6562563000043156, 95, 144527.0, 4.962
2.5638442000054056, 96, 144515.0, 4.954
2.321672400008538, 97, 144339.0, 4.826
2.299477599997772, 98, 144339.0, 4.826
2.499115400001756, 99, 144308.0, 4.803
2.070370500005083, 100, 144308.0, 4.803
1.6580927000031807, 101, 144308.0, 4.803
1.3178284000023268, 102, 144308.0, 4.803
1.3458955000096466, 103, 144308.0, 4.803
1.4372578999900725, 104, 144308.0, 4.803
1.4910147000045981, 105, 144308.0, 4.803
1.3458035000076052, 106, 144308.0, 4.803
1.376599900002475, 107, 144308.0, 4.803
1.4517824999929871, 108, 144308.0, 4.803
1.6001875000074506, 109, 144308.0, 4.803
1.3681240000005346, 110, 144308.0, 4.803
1.2397287000057986, 111, 144308.0, 4.803
1.186289899997064, 112, 144308.0, 4.803
1.3424718000023859, 113, 144308.0, 4.803
1.362852299993392, 114, 144279.0, 4.782
1.2553585000132443, 115, 144279.0, 4.782
1.6857756999961566, 116, 144253.0, 4.763
1.6262111999967601, 117, 144244.0, 4.757
1.4410167999885743, 118, 144179.0, 4.710
1.8043892999994569, 119, 144179.0, 4.710
1.7858971999958158, 120, 144169.0, 4.702
1.8923847999976715, 121, 143990.0, 4.572
1.6538018999999622, 122, 143990.0, 4.572
2.5057234999985667, 123, 143943.0, 4.538
2.610866100003477, 124, 143906.0, 4.511
2.5039258999895537, 125, 143859.0, 4.477
1.8660251999972388, 126, 143857.0, 4.476
1.8720586999988882, 127, 143811.0, 4.442
1.3385969999944791, 128, 143811.0, 4.442
1.2542423999984749, 129, 143762.0, 4.407
1.3246461000089766, 130, 143762.0, 4.407
1.9347227999969618, 131, 143762.0, 4.407
1.387128100002883, 132, 143762.0, 4.407
1.2591401999961818, 133, 143762.0, 4.407
1.3691737000044668, 134, 143762.0, 4.407
1.2834870999940904, 135, 143762.0, 4.407
1.1612575000035577, 136, 143762.0, 4.407
1.3424309999973048, 137, 143762.0, 4.407
1.2702239000063855, 138, 143762.0, 4.407
1.3266979000036372, 139, 143762.0, 4.407
1.3840332000108901, 140, 143762.0, 4.407
1.324364100000821, 141, 143762.0, 4.407
1.5002619000006234, 142, 143762.0, 4.407
1.2447372000024188, 143, 143762.0, 4.407
1.6327775000099791, 144, 143762.0, 4.407
1.3531745999935083, 145, 143762.0, 4.407
1.4297055999923032, 146, 143762.0, 4.407
1.5441519000014523, 147, 143762.0, 4.407
1.3890930000052322, 148, 143762.0, 4.407
1.433292599991546, 149, 143762.0, 4.407
1.2062512999982573, 150, 143741.0, 4.392
1.3600864000036381, 151, 143741.0, 4.392
1.3597789000050398, 152, 143741.0, 4.392
1.4496770999976434, 153, 143741.0, 4.392
1.3602144999895245, 154, 143741.0, 4.392
1.42798419999599, 155, 143741.0, 4.392
1.5729336999938823, 156, 143690.0, 4.355
1.7578726999927312, 157, 143690.0, 4.355
1.855499700002838, 158, 143690.0, 4.355
2.4444791999994777, 159, 143660.0, 4.333
1.7367547000030754, 160, 143633.0, 4.313
2.215303600009065, 161, 143617.0, 4.302
2.2093045999936294, 162, 143617.0, 4.302
1.432246700001997, 163, 143617.0, 4.302
1.2959943000023486, 164, 143617.0, 4.302
1.4190597999986494, 165, 143617.0, 4.302
1.4886250000126893, 166, 143617.0, 4.302
1.2794084000051953, 167, 143617.0, 4.302
1.3944441999919945, 168, 143617.0, 4.302
1.5738566999934847, 169, 143617.0, 4.302
1.320309000002453, 170, 143617.0, 4.302
1.3480188999965321, 171, 143617.0, 4.302
1.2123964999918826, 172, 143617.0, 4.302
1.2416591000073822, 173, 143617.0, 4.302
1.3986830999929225, 174, 143617.0, 4.302
1.3575061000010464, 175, 143612.0, 4.298
1.2798266999889165, 176, 143612.0, 4.298
1.3598975999921095, 177, 143612.0, 4.298
1.2167763000034029, 178, 143612.0, 4.298
1.4521873999910895, 179, 143612.0, 4.298
1.6098228999908315, 180, 143612.0, 4.298
1.3650206000020262, 181, 143612.0, 4.298
1.2624596999958158, 182, 143612.0, 4.298
1.3843374000134645, 183, 143612.0, 4.298
1.4220499999937601, 184, 143612.0, 4.298
1.3626170999923488, 185, 143489.0, 4.209
1.5408918000030098, 186, 143455.0, 4.184
1.4582249999948544, 187, 143441.0, 4.174
1.6731917999859434, 188, 143412.0, 4.153
2.103185600004508, 189, 143407.0, 4.149
1.5389923000038834, 190, 143364.0, 4.118
1.6845468999963487, 191, 143364.0, 4.118
1.7979743000032613, 192, 143364.0, 4.118
1.4885960999963572, 193, 143364.0, 4.118
1.207807099999627, 194, 143364.0, 4.118
1.2786019999912241, 195, 143364.0, 4.118
1.4723699999885866, 196, 143364.0, 4.118
1.2812224000081187, 197, 143364.0, 4.118
1.31432269999641, 198, 143364.0, 4.118
1.184781000003568, 199, 143364.0, 4.118
1.3686967999965418, 200, 143364.0, 4.118
1.2801744000025792, 201, 143364.0, 4.118
1.2721490999974776, 202, 143364.0, 4.118
1.2532708999933675, 203, 143364.0, 4.118
1.2233092999958899, 204, 143364.0, 4.118
1.1788342999934684, 205, 143364.0, 4.118
1.2276569999958156, 206, 143364.0, 4.118
1.407077299998491, 207, 143364.0, 4.118
1.1842861000041012, 208, 143364.0, 4.118
1.4578822000039509, 209, 143364.0, 4.118
1.3993163999984972, 210, 143364.0, 4.118
1.3274863999977242, 211, 143364.0, 4.118
1.3208056000003126, 212, 143364.0, 4.118
1.233027000009315, 213, 143364.0, 4.118
1.2774102999974275, 214, 143364.0, 4.118
1.5609389000019291, 215, 143364.0, 4.118
1.4891304000047967, 216, 143364.0, 4.118
1.403727999990224, 217, 143364.0, 4.118
1.48087059998943, 218, 143364.0, 4.118
1.1683041999931447, 219, 143364.0, 4.118
1.279172099995776, 220, 143364.0, 4.118
1.1807051000068896, 221, 143364.0, 4.118
1.2123594000004232, 222, 143364.0, 4.118
1.2478215000010096, 223, 143364.0, 4.118
1.2337159000016982, 224, 143364.0, 4.118
1.3016783999919426, 225, 143364.0, 4.118
1.3140348000015365, 226, 143344.0, 4.103
1.31803029999719, 227, 143326.0, 4.090
1.1335061999998288, 228, 143300.0, 4.071
1.4063201999961166, 229, 143300.0, 4.071
1.4273258000030182, 230, 143300.0, 4.071
1.3535350000020117, 231, 143300.0, 4.071
1.4630428999953438, 232, 143300.0, 4.071
1.3047181000001729, 233, 143300.0, 4.071
1.4072250000026543, 234, 143300.0, 4.071
1.3639716999896336, 235, 143300.0, 4.071
1.2085893000039505, 236, 143300.0, 4.071
1.4564790000003995, 237, 143239.0, 4.027
1.2959625000075903, 238, 143239.0, 4.027
1.4059422999998787, 239, 143239.0, 4.027
1.212573800003156, 240, 143239.0, 4.027
1.5681078999914462, 241, 143239.0, 4.027
1.3973238000035053, 242, 143239.0, 4.027
1.2495893000013893, 243, 143239.0, 4.027
1.1787121999950614, 244, 143239.0, 4.027
1.3352398999995785, 245, 143239.0, 4.027
1.265153200001805, 246, 143239.0, 4.027
1.3427551000058884, 247, 143192.0, 3.993
1.1733036000077846, 248, 143166.0, 3.974
1.4853887000062969, 249, 143166.0, 3.974
1.3279938999912702, 250, 143166.0, 3.974
1.2187408000027062, 251, 143166.0, 3.974
1.2489668000052916, 252, 143166.0, 3.974
1.3285885999939637, 253, 143166.0, 3.974
1.3708220999978948, 254, 143166.0, 3.974
1.6407909999979893, 255, 143166.0, 3.974
1.330480999997235, 256, 143166.0, 3.974
1.2463129999960074, 257, 143166.0, 3.974
1.140246599999955, 258, 143166.0, 3.974
1.1854129999992438, 259, 143166.0, 3.974
1.254723499994725, 260, 143166.0, 3.974
1.385016900007031, 261, 143166.0, 3.974
1.3215640999987954, 262, 143166.0, 3.974
1.2452754999976605, 263, 143166.0, 3.974
1.3744251999887638, 264, 143166.0, 3.974
1.4023502999916673, 265, 143166.0, 3.974
1.2152472000016132, 266, 143166.0, 3.974
1.434486799989827, 267, 143166.0, 3.974
1.2091382000071462, 268, 143166.0, 3.974
1.3210614999989048, 269, 143166.0, 3.974
1.4540369999886025, 270, 143166.0, 3.974
1.2164755999983754, 271, 143166.0, 3.974
1.3555488999991212, 272, 143166.0, 3.974
1.3492794000048889, 273, 143166.0, 3.974
1.2131206000049133, 274, 143166.0, 3.974
1.482569900006638, 275, 143166.0, 3.974
1.359473699994851, 276, 143166.0, 3.974
1.2381175000045914, 277, 143166.0, 3.974
1.2755787999922177, 278, 143166.0, 3.974
1.2526524999993853, 279, 143166.0, 3.974
1.3190640000102576, 280, 143166.0, 3.974
1.4436014000093564, 281, 143166.0, 3.974
1.1726843000069493, 282, 143166.0, 3.974
1.29766589999781, 283, 143166.0, 3.974
1.3535739999933867, 284, 143144.0, 3.958
1.2025158000033116, 285, 143131.0, 3.949
1.6862641000043368, 286, 143131.0, 3.949
1.680558000007295, 287, 143109.0, 3.933
1.698027299993555, 288, 143109.0, 3.933
1.2829444999952102, 289, 143109.0, 3.933
1.1784572999895317, 290, 143109.0, 3.933
1.223038500000257, 291, 143109.0, 3.933
1.4105670999997528, 292, 143109.0, 3.933
1.3957976999954553, 293, 143109.0, 3.933
1.2262426999950549, 294, 143109.0, 3.933
1.3559616999991704, 295, 143109.0, 3.933
1.218557599990163, 296, 143109.0, 3.933
1.6090503999876091, 297, 143109.0, 3.933
1.4090962999907788, 298, 143109.0, 3.933
1.342271499990602, 299, 143109.0, 3.933
1.3940210000000661, 300, 143109.0, 3.933
1.589864800000214, 301, 143109.0, 3.933
1.216451699991012, 302, 143109.0, 3.933
1.259563600004185, 303, 143109.0, 3.933
1.3392261000117287, 304, 143109.0, 3.933
1.4654999999911524, 305, 143109.0, 3.933
1.3667000000132248, 306, 143109.0, 3.933
1.1951992999966023, 307, 143109.0, 3.933
1.3000688000029186, 308, 143109.0, 3.933
1.2885125000029802, 309, 143109.0, 3.933
1.3013958000083221, 310, 143109.0, 3.933
1.187922899989644, 311, 143109.0, 3.933
1.2145959999907063, 312, 143109.0, 3.933
1.0023992999922484, 313, 143109.0, 3.933
1.700682599999709, 314, 143109.0, 3.933
1.358874100013054, 315, 143104.0, 3.929
1.3068430999992415, 316, 143104.0, 3.929
1.5362731000059284, 317, 143104.0, 3.929
1.3427250000095228, 318, 143104.0, 3.929
1.4013368000014452, 319, 143104.0, 3.929
1.2906892000028165, 320, 143104.0, 3.929
1.2190220000047702, 321, 143104.0, 3.929
1.7222626000002492, 322, 143104.0, 3.929
1.541650600003777, 323, 143104.0, 3.929
1.4200851000059629, 324, 143104.0, 3.929
1.4010955999983707, 325, 143104.0, 3.929
1.306155599988415, 326, 143104.0, 3.929
1.4349977999954717, 327, 143104.0, 3.929
1.5783312999992631, 328, 143104.0, 3.929
1.4050317000073846, 329, 143104.0, 3.929
1.4749217000062345, 330, 143104.0, 3.929
1.337143600001582, 331, 143004.0, 3.856
1.328209200000856, 332, 142993.0, 3.848
1.3770041999960085, 333, 142993.0, 3.848
1.5799446000019088, 334, 142993.0, 3.848
1.2521447999897646, 335, 142993.0, 3.848
1.3285443000058876, 336, 142993.0, 3.848
1.4026313999929698, 337, 142993.0, 3.848
1.4911222999944584, 338, 142970.0, 3.832
1.4440042999922298, 339, 142970.0, 3.832
1.3588975000020582, 340, 142970.0, 3.832
1.362821200003964, 341, 142970.0, 3.832
1.363355000008596, 342, 142970.0, 3.832
1.27557140000863, 343, 142970.0, 3.832
1.3291877000010572, 344, 142970.0, 3.832
1.7545142000017222, 345, 142970.0, 3.832
1.592029100007494, 346, 142970.0, 3.832
1.3161362999962876, 347, 142970.0, 3.832
1.535694100006367, 348, 142970.0, 3.832
1.3058388999925228, 349, 142970.0, 3.832
1.3253616000001784, 350, 142970.0, 3.832
1.3950565999984974, 351, 142970.0, 3.832
1.376547899999423, 352, 142970.0, 3.832
1.3772730999917258, 353, 142970.0, 3.832
1.339051200004178, 354, 142970.0, 3.832
1.2879586000053678, 355, 142970.0, 3.832
1.4718167999963043, 356, 142970.0, 3.832
1.3765271000011126, 357, 142970.0, 3.832
1.6043789999966975, 358, 142970.0, 3.832
1.3321085999923525, 359, 142970.0, 3.832
1.2516195000061998, 360, 142970.0, 3.832
1.402265400000033, 361, 142970.0, 3.832
1.2951277000101982, 362, 142970.0, 3.832
1.351933600002667, 363, 142970.0, 3.832
1.2445985000085784, 364, 142970.0, 3.832
1.4002283000008902, 365, 142970.0, 3.832
1.284360599995125, 366, 142970.0, 3.832
1.30304569999862, 367, 142970.0, 3.832
1.1663561000023037, 368, 142970.0, 3.832
1.3724231999949552, 369, 142970.0, 3.832
1.3119768000033218, 370, 142970.0, 3.832
1.319397500003106, 371, 142970.0, 3.832
1.548015199994552, 372, 142970.0, 3.832
1.2179327000048943, 373, 142970.0, 3.832
1.248880300001474, 374, 142961.0, 3.825
1.3262216000002809, 375, 142961.0, 3.825
1.207227499995497, 376, 142961.0, 3.825
1.2872965999995358, 377, 142961.0, 3.825
1.3173486000014236, 378, 142961.0, 3.825
1.4305567999981577, 379, 142959.0, 3.824
1.2853628000011668, 380, 142959.0, 3.824
1.6929779999918537, 381, 142959.0, 3.824
2.076808500001789, 382, 142959.0, 3.824
1.1679583999939496, 383, 142959.0, 3.824
1.340038900001673, 384, 142959.0, 3.824
1.5900032999925315, 385, 142959.0, 3.824
1.4399549999943702, 386, 142959.0, 3.824
1.3163967000000412, 387, 142959.0, 3.824
1.2830692999996245, 388, 142959.0, 3.824
1.290615699996124, 389, 142959.0, 3.824
1.4295085000048857, 390, 142959.0, 3.824
1.3876463000051444, 391, 142959.0, 3.824
1.361765199995716, 392, 142959.0, 3.824
1.229043700004695, 393, 142959.0, 3.824
1.4380192999960855, 394, 142959.0, 3.824
1.3306682999973418, 395, 142959.0, 3.824
1.2010800999996718, 396, 142959.0, 3.824
1.1491258000023663, 397, 142959.0, 3.824
1.323850400003721, 398, 142959.0, 3.824
1.323838700001943, 399, 142959.0, 3.824
1.2238937000074657, 400, 142959.0, 3.824
1.3192525999911595, 401, 142959.0, 3.824
1.4250329999922542, 402, 142959.0, 3.824
1.4186769000079948, 403, 142959.0, 3.824
1.3344749999960186, 404, 142959.0, 3.824
1.4485982000041986, 405, 142959.0, 3.824
1.2091516999935266, 406, 142959.0, 3.824
1.615344500009087, 407, 142959.0, 3.824
1.175086299990653, 408, 142959.0, 3.824
1.1669763999962015, 409, 142959.0, 3.824
1.5137901999987662, 410, 142959.0, 3.824
1.323349500002223, 411, 142959.0, 3.824
1.2557775000022957, 412, 142959.0, 3.824
1.6197038999962388, 413, 142959.0, 3.824
1.3300390000076732, 414, 142959.0, 3.824
1.3462660000077449, 415, 142959.0, 3.824
1.496330099995248, 416, 142959.0, 3.824
1.3593375000054948, 417, 142959.0, 3.824
1.4354582000087248, 418, 142959.0, 3.824
1.241128599998774, 419, 142959.0, 3.824
1.230752899995423, 420, 142959.0, 3.824
1.3137997000012547, 421, 142959.0, 3.824
1.4197922000021208, 422, 142959.0, 3.824
1.1694615000014892, 423, 142959.0, 3.824
1.1737558000022545, 424, 142959.0, 3.824
1.5556787000095937, 425, 142959.0, 3.824
1.2390481000038562, 426, 142959.0, 3.824
1.4941987000056542, 427, 142959.0, 3.824
1.4920581000042148, 428, 142959.0, 3.824
1.275619399995776, 429, 142959.0, 3.824

tour:
[1581 1582 1584 1585 1583 1586 1541 1542 1543 1552 1553 1554 1555 1562
 1445 1446 1447 1448 1449 1450 1459 1458 1457 1456 1455 1454 1451 1444
 1443 1452 1453 1363 1364 1365 1367 1368 1369 1370 1371 1372 1381 1380
 1379 1378 1366 1376 1377 1384 1385 1386 1182 1181 1180 1190 1191 1192
 1193 1194 1189 1188 1185 1184 1183 1387 1388 1382 1383 1389 1390 1186
 1187 1197 1196 1195 1061 1060 1059 1058 1047 1048 1049  960  961 1051
  962  955  954  953  950  769  770  771  772  767  773  774  775  951
  956  963  957  958  959  952  776  768  766  521  520  519  522  518
  517  759  765  764  763  762  761  760  758  516  515  523  524  525
  537  538  536  535  534  326  325  324  336  335  334  333  327  328
  532  533  531  529  526  527  528  530  329  330  331  332  337  184
  339  338  340  341  342  343  182  183  172  173  174  175  178  176
  180  177  181  179  185  196  187  186  171  170  169  168  167  166
  165  134  164  163  160  162  133  161   10    0   11    1    2   12
   13    3    4   14  135   15    5    6    7    8    9   16   17   18
   19   30   31   20   21   22   23   32  136   33   34   67   24   25
   35   26   36   37   27   28   38   39   29   40   42  211  210  195
  194  193  192  191  190  189  188  197  199  200  348  363  201  202
  203  204  205  198  206  207  208  209  368  366  369  370  572  571
  364  365  367  356  357  358  359  360  361  362  347  346  344  345
  544  543  568  567  566  349  350  351  352  564  565  563  562  353
  354  355  559  560  561  558  551  550  549  555  554  548  547  546
  557  556  542  545  541  540  539  777  778  779  780  781  782  783
  784  785  786  553  569  552  570  573  574  575  576  577  578  579
  580  803  802  801  800  799  798  797  822  818  817  821  816  815
  814  813  812  811  810  809  804  805  808  807  806  583  582  581
  586  587  588  589  590  600  601  602  373  374  375  382  389  390
  372  371  213  212  227  228  229  230  222  216  215  214   44   43
   41   45   57   58   46   47   48   49   50   51   52   53   54   64
   63   62   61   60   59  217  223  218  219  220  221  224  225  236
  234  233  232  226  231  388  387  386  385  384  383  235  431  237
  238  239  137   66   65   55   56   68   78   79   69   70   80   81
   71   72   82   83   73   74   75   76   77   87   86   85   84  139
  245  244  243  138  242  241  251  240  252  255  256  257  430  429
  428  258  259  260  427  426  425  424  423  422  421  264  265  263
  262  261  254  253  246  247  248  249  250  266  267  268  269  270
  271  272  140  273  274  284  141  142  143  106  105  104  103  102
  101  100   99   98   88   89   90  111   91   92   93   94   95   96
  107   97  108  109  110  285  286  287  288  289  290  291  113  112
  299  301  300  302  303  305  304  114  115  116  117  119  118  144
  306  307  149  148  147  145  146  120  121  122  123  150  151  152
  124  125  153  154  126  127  128  129  130  155  132  131  156  157
  158  159  513  512  514  757  756  755  754  753  752  751  750  749
  748  747  923  934  940  941  935  924  925  926  927  936  929  928
  931  932  933  930  937  947  946  948  945  944  943  942  949 1166
 1165 1164 1163 1162 1161  939  938  912  913  914 1045 1046 1146 1145
 1144 1143 1142 1141 1140 1139 1150 1151 1152 1153 1148 1154 1155 1156
 1157 1158 1159 1160 1334 1333 1332 1331 1330 1329 1328 1327 1326 1325
 1324 1323 1322 1320 1321 1319 1149 1147 1130 1138 1129 1137 1128 1136
 1135 1134 1133 1126 1132 1131 1118 1119 1120 1121 1127 1122 1123 1124
 1125 1044  900  921  920  919  918  917  916  915  906  905  904  903
  902  901  899  922  688  687  686  685  684  683  682  681  698  697
  696  694  695  693  692  691  690  689  733  716  717  718  719  720
  721  722  723  724  910  907  908  909  911  725  726  727  728  729
  730  731  732  734  741  742  743  744  746  498  497  496  495  745
  494  493  492  491  739  740  735  738  737  736  490  489  510  509
  508  507  506  505  504  503  502  501  500  499  511  323  322  311
  310  309  308  321  320  319  318  317  316  315  314  313  312  478
  477  479  480  481  482  483  486  487  484  475  476  485  488  460
  298  297  296  295  294  293  292  283  275  276  277  278  279  280
  281  282  440  448  439  447  446  445  444  443  442  441  467  466
  465  464  463  462  461  459  456  713  711  710  712  468  469  470
  471  472  473  474  702  703  704  705  706  707  708  709  701  700
  699  677  654  715  714  455  454  453  458  452  451  457  450  449
  674  673  672  671  670  669  668  438  437  436  435  434  433  432
  660  661  662  663  665  667  666  664  653  652  650  651  647  649
  648  638  639  856  640  646  644  645  641  642  675  676  679  678
  680  882  884  885  886  887  888  889  890  898  897  896  895  894
  893  892 1043  891  883  881  880  879 1041 1042 1029 1040 1039 1038
 1037 1093 1095 1094 1092 1091 1090 1089 1088 1087 1086 1085 1084 1083
 1022 1030 1031 1032 1033 1034 1035 1036 1026 1025  873  874  875  876
 1027 1028  877  878  867  866  865  864  863  862  872 1024  871  870
  869  868 1023  857  852  858  859  860  861  855  637  636  635  854
  853  633  634  643  655  657  658  656  659  628  629  630  615  616
  625  617  618  619  620  621  622  626  623  624  627  603  400  401
  402  403  404  405  406  407  410  408  409  411  412  413  414  415
  416  417  418  419  420  393  392  394  398  395  396  399  397  391
  380  379  378  381  377  376  598  599  597  595  596  594  593  592
  591  585  584  604  605  606  607  608  609  610  611  612  613  614
  631  632  840  841  851  837  839  838  836  835  834  833  832  831
  830  829  828  826  827  850  825  824  993  992  823  991  990  989
  988  994  987  986  985  984  983  982  819  796  820  981  980  979
  978  795  787  794  793  792  791  788  790  789  968  969  970  971
  972  974  973  975  977  976 1074 1073 1072 1070 1071 1069 1068 1067
 1065  965  966  967  964 1055 1054 1053 1052 1050 1056 1057 1062 1063
 1064 1199 1198 1226 1066 1075 1076 1077 1078 1079 1080 1081 1219 1082
  995  996  997  998  999 1000 1001 1002 1004 1003 1005 1006 1008 1007
 1674 1682 1673 1013 1014 1015 1016 1011 1009  842  843  844 1010  845
  846  847  848  849 1012 1021 1020 1019 1018 1017 1715 1714 1717 1721
 1719 1718 1716 1764 1765 1766 1767 1796 1098 1099 1102 1103 1100 1104
 1105 1106 1107 1108 1109 1110 1111 1112 1113 1101 1096 1097 1114 1115
 1116 1117 1285 1284 1286 1279 1278 1277 1276 1275 1274 1273 1268 1267
 1271 1270 1272 1256 1269 1257 1258 1259 1260 1261 1262 1263 1264 1265
 1266 1280 1825 1281 1283 1282 1287 1288 1289 1291 1293 1292 1290 1298
 1299 1300 1301 1302 1297 1303 1304 1305 1306 1307 1295 1294 1296 1308
 1309 1311 1310 1312 1313 1314 1315 1316 1317 1318 1335 1336 1337 1338
 1339 1340 1346 1352 1351 1350 1349 1348 1360 1361 1362 1170 1171 1172
 1173 1174 1175 1176 1167 1168 1169 1179 1178 1177 1359 1358 1357 1356
 1355 1354 1353 1347 1341 1342 1343 1344 1345 1892 1891 1902 1903 1915
 1914 1913 1904 1901 1900 1899 1890 1898 1897 1896 1895 1894 1889 1888
 1893 1906 1907 1905 1908 1909 1910 1911 1912 1992 1991 1990 1989 1996
 1995 1994 1993 2003 2006 2007 2008 2009 2010 1997 1998 1999 2004 2000
 2001 2002 2005 2015 2014 2013 2012 2011 2104 2109 2103 2102 2101 2100
 2099 2114 2098 2097 2031 2030 2089 2088 2087 2086 2085 2084 2083 2082
 2028 1981 1982 1983 1984 1980 1985 1986 1987 1988 1977 1976 1975 1974
 1973 1972 1884 1885 1971 1970 1979 1978 1969 1863 1883 1882 1881 1880
 1886 1887 1879 1877 1878 1876 1875 1874 1873 1872 1871 1870 1869 1868
 1867 1866 1865 1864 1862 1851 1850 1849 1848 1847 1846 1845 1844 1843
 1842 1838 1836 1837 1839 1840 1841 1859 1858 1857 1856 1855 1854 1853
 1852 1861 1860 1957 1956 1955 1954 1953 1949 1952 1951 1950 1948 1947
 1945 1931 1835 1930 1943 1944 1946 2023 2045 2059 2134 2133 2058 2044
 2043 2057 2056 2042 2041 2040 2055 2054 2053 2052 2038 2039 2022 2021
 1936 1937 1938 1939 1940 1941 1942 1929 1928 1927 1926 1918 1834 1917
 1925 1924 1923 1916 1833 1828 1830 1831 1832 1824 1823 1822 1829 1821
 1820 1819 1818 1817 1816 1827 1815 1814 1826 1813 1812 1798 1773 1772
 1771 1770 1727 1769 1797 1768 1722 1726 1731 1733 1734 1737 1738 1774
 1775 1776 1777 1799 1800 1919 1920 1921 1922 1935 1934 1933 1932 2018
 2019 2020 2034 2035 2036 2037 2051 2050 2049 2048 2047 2033 2017 2016
 2032 2046 2126 2127 2128 2129 2130 2132 2131 2156 2155 2154 2153 2152
 2151 2150 2149 2125 1808 1790 1789 1788 1807 1806 1787 1748 1786 1785
 1805 1804 1784 1783 1782 1803 1781 1802 1801 1780 1779 1778 1740 1741
 1742 1743 1744 1745 1746 1747 1749 1750 1751 1752 1753 1759 1760 1761
 1762 1758 1757 1755 1756 1754 1791 1809 1810 1792 1793 1811 1794 1795
 1763 2442 2441 2440 2439 2438 2437 2458 2459 2460 2461 2462 2463 2464
 2443 2444 2465 2466 2467 2445 2627 2628 2164 2165 2166 2167 2168 2169
 2170 2171 2157 2158 2172 2173 2159 2160 2174 2175 2161 2162 2163 2176
 2177 2201 2202 2192 2191 2189 2178 2179 2136 2180 2188 2193 2194 2195
 2187 2196 2197 2207 2206 2205 2204 2203 2662 2661 2650 2651 2660 2659
 2652 2653 2658 2657 2654 2656 2655 2710 2781 2793 2794 2819 2820 2821
 2826 2822 2823 2827 2828 2829 2825 2824 2798 2797 2796 2795 2782 2783
 2799 2800 2801 2814 2802 2784 2754 2753 2752 2751 2750 2744 2749 2748
 2747 2746 2745 2780 2666 2213 2212 2200 2210 2209 2208 2198 2190 2199
 2185 2184 2183 2186 2182 2181 2137 2075 2076 2077 2078 2062 2135 2060
 2024 2063 2061 2064 2065 2066 2026 2025 1961 1962 1963 1960 1964 1958
 1965 1966 1967 1959 1968 2027 2029 2081 2070 2069 2068 2067 2074 2073
 2072 2071 2138 2211 2139 2079 2080 2090 2091 2092 2093 2094 2140 2141
 2095 2096 2142 2220 2219 2218 2217 2216 2215 2214 2231 2232 2233 2234
 2235 2236 2254 2253 2252 2734 2735 2736 2737 2738 2739 2740 2741 2742
 2743 2255 2237 2238 2239 2240 2256 2241 2221 2143 2144 2145 2147 2146
 2115 2116 2117 2118 2119 2120 2123 2112 2111 2110 2105 2106 2107 2108
 2113 2122 2121 2124 2230 2229 2228 2227 2226 2148 2225 2224 2223 2222
 2242 2243 2244 2245 2246 2247 2248 2249 2250 2251 2258 2764 2763 2762
 2761 2760 2759 2758 2757 2756 2257 2755 2769 2770 2771 2772 2773 2774
 2775 2789 2788 2787 2806 2817 2807 2808 2809 2790 2776 2765 2766 2777
 2778 2767 2768 2779 2792 2791 2813 2812 2811 2810 2818 2838 2837 2836
 2835 2834 2816 2805 2786 2785 2804 2803 2815 2831 2830 2832 2833 2992
 2993 2994 2995 2996 3008 2997 2998 2999 2843 2839 2840 2841 2842 2844
 3000 3012 3037 3036 3032 3031 3030 3011 3010 3009 3028 3029 3027 3026
 3007 3006 3005 3004 3003 3002 3024 3025 3023 3022 3001 2991 2990 3020
 3021 3019 3017 2989 2988 2987 3016 3018 3015 2986 2985 2984 2981 2983
 2980 2982 3013 3014 3035 3034 2978 2957 2936 2935 2934 2956 2977 2976
 2955 2954 2975 2974 2973 2952 2953 2932 2933 2911 2888 2889 2912 2913
 2890 2891 2914 2937 2915 2892 2893 2868 2867 2866 2865 2864 2863 2862
 2861 2886 2887 2910 2909 2931 2930 2951 2972 2971 2970 2969 2968 2967
 2946 2947 2948 2927 2926 2925 2903 2902 2924 2945 2966 2965 2964 2943
 2944 2922 2923 2901 2879 2857 2847 2858 2880 2904 2905 2906 2928 2949
 2950 2929 2907 2908 2885 2860 2859 2884 2883 2882 2881 2848 2712 2711
 2704 2705 2706 2707 2708 2714 2713 2715 2717 2716 2718 2719 2721 2723
 2725 2727 2729 2731 2733 2732 2730 2728 2726 2724 2722 2720 2709 2649
 2648 2663 2664 2647 2665 2646 2645 2644 2643 2642 2641 2640 2638 2637
 2636 2631 2630 2629 2632 2633 2634 2669 2670 2671 2672 2635 2673 2674
 2675 2676 2639 2677 2678 2679 2680 2690 2703 2702 2689 2701 2688 2687
 2700 2699 2686 2698 2685 2684 2697 2696 2683 2682 2681 2695 2694 2693
 2845 2692 2691 2668 2667 2494 2474 2473 2492 2493 2515 2514 2522 2513
 2512 2491 2490 2511 2510 2489 2488 2509 2508 2487 2486 2507 2506 2485
 2472 2457 2456 2435 2424 1713 1712 1711 1710 1709 1708 1707 1706 1705
 1704 2436 1681 1641 1640 1642 1643 1644 1645 1646 1647 1648 1649 1626
 1627 1628 1629 1632 1633 1634 1635 1636 1637 1638 1639 1653 1654 1655
 1656 1657 1652 1651 1658 1659 1650 1661 1660 1662 1663 1664 1665 1666
 1667 1668 1669 1670 1672 1671 2423 2422 2421 2420 2419 2418 2417 2416
 2415 2396 1631 1630 1620 1621 1624 1622 1623 1619 1618 1617 1616 1615
 1614 1625 1588 1587 1589 1590 1591 1592 1593 1594 1595 1596 1597 1598
 1599 1600 1601 1603 1602 1604 1605 1606 1607 1608 1467 1481 1468 1469
 1480 1470 1471 1479 1472 1473 1478 1477 1474 1475 1476 1495 1496 1497
 1498 1499 1529 1530 1531 1532 1528 1527 1524 1525 1526 1503 1504 1505
 1506 1523 1522 1507 1508 1509 1510 1511 1516 1519 1520 1521 1518 1517
 1515 1512 1514 1513 1679 1680 1703 1702 1701 1700 1699 1698 1697 1696
 1695 1739 1694 1693 1692 1691 1735 1736 1732 1730 1728 1729 1690 1689
 1688 1678 1687 1724 1725 1723 1686 1685 1720 1684 1683 1675 1676 1677
 1250 1249 1248 1247 1240 1246 1251 1245 1252 1253 1254 1255 1241 1242
 1243 1244 1239 1233 1234 1235 1236 1237 1238 1442 1441 1440 1439 1438
 1437 1436 1435 1232 1231 1230 1229 1228 1227 1434 1431 1432 1433 1429
 1428 1420 1421 1422 1430 1423 1424 1425 1427 1426 1540 1539 1538 1537
 1536 1535 1534 1533 1419 1418 1417 1416 1501 1500 1502 1493 1494 1490
 1489 1488 1487 1486 1482 1485 1484 1483 1491 1492 1394 1395 1396 1397
 1398 1399 1414 1413 1415 1412 1411 1410 1409 1408 1407 1400 1393 1392
 1401 1406 1201 1202 1207 1208 1209 1210 1211 1212 1213 1214 1215 1216
 1217 1218 1220 1221 1222 1223 1224 1225 1206 1205 1204 1203 1200 1403
 1404 1405 1402 1391 1466 1465 1462 1374 1375 1373 1461 1460 1464 1463
 1564 1561 1560 1559 1558 1557 1556 1551 1544 1545 1546 1547 1548 1549
 1550 1563 1577 1610 1611 1613 1612 2329 2355 2356 2354 2357 2358 2359
 2360 2361 2397 2399 2401 2468 2446 2400 2398 2425 2426 2447 2448 2427
 2428 2429 2430 2431 2432 2433 2434 2455 2454 2453 2452 2362 2451 2450
 2449 2469 2470 2471 2479 2478 2499 2500 2501 2517 2502 2480 2481 2482
 2503 2483 2484 2505 2504 2518 2519 2520 2521 2536 2537 2559 2558 2557
 2576 2577 2578 2598 2579 2582 2580 2561 2560 2538 2539 2562 2563 2540
 2541 2542 2543 2544 2545 2869 2870 2849 2850 2846 2851 2852 2874 2875
 2853 2854 2855 2856 2878 2877 2876 2898 2899 2979 2921 2920 2897 2919
 2940 2941 2942 2963 2962 2961 2960 2939 2959 2938 2917 2918 2896 2900
 2895 2873 2872 2871 2894 2916 3033 2958 2624 2603 2623 2622 2602 2583
 2564 2626 2601 2621 2620 2600 2581 2599 2619 2618 2617 2597 2596 2616
 2615 2595 2594 2614 2613 2593 2574 2575 2556 2535 2534 2555 2533 2532
 2554 2573 2592 2612 2611 2610 2609 2608 2607 2606 2605 2604 2584 2585
 2586 2567 2566 2547 2546 2565 2411 2409 2408 2410 2412 2413 2395 2394
 2393 2392 2391 2390 2388 2389 2352 2353 2351 2349 2350 2348 2347 2346
 2344 2345 2343 2342 2341 2338 2337 2339 2340 2380 2381 2382 2383 2384
 2385 2386 2387 2403 2405 2406 2407 2523 2526 2524 2525 2548 2549 2568
 2587 2588 2569 2572 2570 2589 2590 2591 2625 2571 2552 2553 2531 2530
 2529 2528 2551 2550 2527 2516 2498 2477 2476 2497 2496 2475 2495 2404
 2402 2373 2374 2375 2376 2377 2378 2379 2336 2370 2371 2372 2363 2364
 2365 2366 2367 2368 2369 2333 2332 2334 2335 2331 2330 2328 2276 1609
 2274 2275 2267 2266 2273 2272 2263 2264 2265 2260 2282 2281 2280 2279
 2287 2288 2289 2290 2291 2283 2284 2292 2285 2277 2293 2294 2305 2304
 2307 2306 2326 2325 2323 2322 2321 2320 2324 2327 2308 2303 2295 2302
 2309 2310 2301 2300 2296 2299 2312 2311 2313 2319 2317 2316 2318 2414
 2315 2314 2298 2297 2286 2278 2259 2261 2262 2268 2271 2270 2269 1565
 1566 1576 1567 1568 1575 1569 1570 1571 1572 1573 1574 1578 1580 1579]

eliteFit: 142959.0
percentError: 3.823696021613142
computationTime: 810.187s