instanceName: pr76
n: 76
optFit: 108159

genTime, gen, eliteFit, percentError:
0.0001044000091496855, 0, 498693.0, 361.074
0.0026101000112248585, 1, 108558.0, 0.369
0.0022870999964652583, 2, 108558.0, 0.369
0.0014137999969534576, 3, 108353.0, 0.179
0.0017502999980933964, 4, 108159.0, 0.000

tour:
[48 50 65 64 70 71 72 63 62 61 60 40 59 58 57 56 55 54 51 52 53 41 42 27
 26 25 19 18 30 29 28 31 32 34 33 39 38 37 35 36 17 16 15 14 73 13 12 11
 10  9  8  7  6  5  4  3  2  1 74 75  0 22 21 20 24 23 45 44 43 47 46 68
 67 69 66 49]

eliteFit: 108159.0
percentError: 0.0
computationTime: 0.012s