instanceName: pr76
n: 76
optFit: 108159

genTime, gen, eliteFit, percentError:
0.00013800000306218863, 0, 462319.0, 327.444
0.004369699992821552, 1, 109278.0, 1.035
0.0016359000001102686, 2, 108793.0, 0.586
0.0019619000086095184, 3, 108759.0, 0.555
0.002082999999402091, 4, 108308.0, 0.138
0.0014173000090522692, 5, 108308.0, 0.138
0.0022447999945143238, 6, 108308.0, 0.138
0.0014719999890075997, 7, 108308.0, 0.138
0.001332100000581704, 8, 108304.0, 0.134
0.0013547999988077208, 9, 108304.0, 0.134
0.0013961999939056113, 10, 108304.0, 0.134
0.0009116000001085922, 11, 108304.0, 0.134
0.0008368000126210973, 12, 108304.0, 0.134
0.0011071999906562269, 13, 108304.0, 0.134
0.001025399993523024, 14, 108304.0, 0.134
0.001218899997184053, 15, 108304.0, 0.134
0.0007485999958589673, 16, 108304.0, 0.134
0.000600200000917539, 17, 108304.0, 0.134
0.0009041000012075529, 18, 108304.0, 0.134
0.0009046000050147995, 19, 108304.0, 0.134
0.0007652000058442354, 20, 108304.0, 0.134
0.0005740000051446259, 21, 108304.0, 0.134
0.0006359000108204782, 22, 108304.0, 0.134
0.0010943000088445842, 23, 108304.0, 0.134
0.0012666999973589554, 24, 108304.0, 0.134
0.0009584999934304506, 25, 108304.0, 0.134
0.0006501000025309622, 26, 108304.0, 0.134
0.000676800002111122, 27, 108304.0, 0.134
0.0011796000035246834, 28, 108304.0, 0.134
0.0009109000093303621, 29, 108304.0, 0.134
0.0006379000114975497, 30, 108304.0, 0.134
0.0007407000084640458, 31, 108304.0, 0.134
0.0006453999958466738, 32, 108304.0, 0.134
0.0010350999946240336, 33, 108304.0, 0.134
0.001120400003856048, 34, 108274.0, 0.106
0.0006893999961903319, 35, 108274.0, 0.106
0.0009290999878430739, 36, 108274.0, 0.106
0.0015210999990813434, 37, 108159.0, 0.000

tour:
[10  9  8  7  6  5  4  3  2  1 74 75  0 22 21 20 24 23 45 44 43 47 46 68
 67 69 66 49 48 50 65 64 70 71 72 63 62 61 60 40 59 58 57 56 55 54 51 52
 53 41 42 27 26 25 19 18 30 29 28 31 32 34 33 39 38 37 35 36 17 16 15 14
 73 13 12 11]

eliteFit: 108159.0
percentError: 0.0
computationTime: 0.066s