instanceName: rat195
n: 195
optFit: 2323

genTime, gen, eliteFit, percentError:
0.00016169999435078353, 0, 20814.0, 795.997
0.017600499995751306, 1, 2486.0, 7.017
0.012249099992914125, 2, 2453.0, 5.596
0.010361499997088686, 3, 2428.0, 4.520
0.015046200001961552, 4, 2423.0, 4.305
0.014820600001257844, 5, 2423.0, 4.305
0.012625500006834045, 6, 2404.0, 3.487
0.010938499995972961, 7, 2396.0, 3.142
0.01131790000363253, 8, 2391.0, 2.927
0.008888299998943694, 9, 2387.0, 2.755
0.011014999996405095, 10, 2371.0, 2.066
0.009165499999653548, 11, 2371.0, 2.066
0.009801300009712577, 12, 2371.0, 2.066
0.008384500004467554, 13, 2371.0, 2.066
0.01033790000656154, 14, 2363.0, 1.722
0.006701699996483512, 15, 2363.0, 1.722
0.006657900012214668, 16, 2345.0, 0.947
0.006640699997660704, 17, 2345.0, 0.947
0.007638600000063889, 18, 2344.0, 0.904
0.007090400002198294, 19, 2338.0, 0.646
0.006058600003598258, 20, 2338.0, 0.646
0.004163499994319864, 21, 2338.0, 0.646
0.005611900007352233, 22, 2338.0, 0.646
0.004331299991463311, 23, 2338.0, 0.646
0.003441900000325404, 24, 2338.0, 0.646
0.00457369998912327, 25, 2338.0, 0.646
0.004744500009110197, 26, 2338.0, 0.646
0.0029402000072877854, 27, 2338.0, 0.646
0.00402780000877101, 28, 2338.0, 0.646
0.004295399994589388, 29, 2338.0, 0.646
0.003208300011465326, 30, 2338.0, 0.646
0.003657799999928102, 31, 2338.0, 0.646
0.003452600009040907, 32, 2338.0, 0.646
0.0034662000107346103, 33, 2338.0, 0.646
0.0037802000006195158, 34, 2338.0, 0.646
0.003044099998078309, 35, 2338.0, 0.646
0.003976599997258745, 36, 2338.0, 0.646
0.003402800008188933, 37, 2338.0, 0.646
0.00455589999910444, 38, 2338.0, 0.646
0.003964000003179535, 39, 2338.0, 0.646
0.0030377000075532123, 40, 2338.0, 0.646
0.003631100000347942, 41, 2338.0, 0.646
0.003048099999432452, 42, 2338.0, 0.646
0.00397520000115037, 43, 2338.0, 0.646
0.0033305999968433753, 44, 2338.0, 0.646
0.003356999994139187, 45, 2338.0, 0.646
0.005159400010597892, 46, 2338.0, 0.646
0.00459289998980239, 47, 2338.0, 0.646
0.004757600006996654, 48, 2338.0, 0.646
0.003463499990175478, 49, 2338.0, 0.646
0.004088800007593818, 50, 2338.0, 0.646
0.00433300000440795, 51, 2338.0, 0.646
0.003342199997860007, 52, 2338.0, 0.646
0.0035351999977137893, 53, 2338.0, 0.646
0.003037900009076111, 54, 2338.0, 0.646
0.0041600000113248825, 55, 2338.0, 0.646
0.003729799995198846, 56, 2336.0, 0.560
0.002940399994258769, 57, 2336.0, 0.560
0.0032451000006403774, 58, 2336.0, 0.560
0.0037197999918134883, 59, 2336.0, 0.560
0.003980500012403354, 60, 2336.0, 0.560
0.0032968000014079735, 61, 2336.0, 0.560
0.0036641999904531986, 62, 2336.0, 0.560
0.0028925999940838665, 63, 2336.0, 0.560
0.004445099999429658, 64, 2336.0, 0.560
0.0039228999958140776, 65, 2336.0, 0.560
0.003214500000467524, 66, 2336.0, 0.560
0.0036155999987386167, 67, 2336.0, 0.560
0.003697200008900836, 68, 2336.0, 0.560
0.004305100010242313, 69, 2336.0, 0.560
0.0060215999983483925, 70, 2336.0, 0.560
0.003940800001146272, 71, 2336.0, 0.560
0.003045900011784397, 72, 2336.0, 0.560
0.004710300010628998, 73, 2336.0, 0.560
0.0036349000001791865, 74, 2336.0, 0.560
0.0029814000008627772, 75, 2336.0, 0.560
0.0036293000011937693, 76, 2336.0, 0.560
0.0031328000040957704, 77, 2336.0, 0.560
0.0046978000027593225, 78, 2336.0, 0.560
0.003766399997402914, 79, 2336.0, 0.560
0.002907800007960759, 80, 2336.0, 0.560
0.003790400005527772, 81, 2336.0, 0.560
0.002901399988331832, 82, 2336.0, 0.560
0.004696099989814684, 83, 2336.0, 0.560
0.003474500001175329, 84, 2336.0, 0.560
0.0032038999925134704, 85, 2336.0, 0.560
0.003412399993976578, 86, 2336.0, 0.560
0.002903500004322268, 87, 2336.0, 0.560
0.004163699995842762, 88, 2336.0, 0.560
0.0033478999976068735, 89, 2336.0, 0.560
0.004002100002253428, 90, 2336.0, 0.560
0.003674799998407252, 91, 2336.0, 0.560
0.0032383999932790175, 92, 2336.0, 0.560
0.004512100000283681, 93, 2336.0, 0.560
0.0033103000023402274, 94, 2336.0, 0.560
0.0032377000025007874, 95, 2336.0, 0.560
0.0032768999953987077, 96, 2336.0, 0.560
0.003330799998366274, 97, 2336.0, 0.560
0.003788200003327802, 98, 2336.0, 0.560
0.0031501000048592687, 99, 2336.0, 0.560
0.023443099998985417, 100, 2336.0, 0.560
0.004151999994064681, 101, 2336.0, 0.560
0.007354999994277023, 102, 2336.0, 0.560
0.004535600004601292, 103, 2336.0, 0.560
0.003253300004871562, 104, 2336.0, 0.560
0.003831699999864213, 105, 2336.0, 0.560
0.00344839999161195, 106, 2336.0, 0.560

tour:
[145 146 147 148 135 134 133 132 131 130 117 118 119 120 121 122 123 109
 108 107 106 105 104  91  92  93  94  95  96  83  82  81  80  79  78  65
  66  67  68  69  70  57  56  55  54  53  52  39  40  41  42  43  29  28
  16  15  14  27  26  13   0   1   2   3   4   5   6   7   8   9  10  11
  12  25  24  23  22  21  20  19  18  17  30  31  32  33  34  35  36  37
  38  51  50  49  48  47  46  45  44  58  59  60  61  62  63  64  77  76
  75  74  73  72  71  84  85  86  87  88  89  90 103 102 116 115 114 101
 100  99  98  97 110 111 112 113 126 125 124 127 128 129 141 142 155 154
 153 140 139 138 137 136 149 150 151 152 165 164 163 162 161 160 159 158
 171 172 173 174 175 176 177 178 179 166 167 168 180 181 194 193 192 191
 190 189 188 187 186 185 184 183 182 170 169 156 157 143 144]

eliteFit: 2336.0
percentError: 0.5596211795092553
computationTime: 0.608s