instanceName: rat195
n: 195
optFit: 2323

genTime, gen, eliteFit, percentError:
0.00022929999977350235, 0, 20888.0, 799.182
0.018343200004892424, 1, 2479.0, 6.715
0.010378499995567836, 2, 2462.0, 5.984
0.010705799999414012, 3, 2428.0, 4.520
0.009023599995998666, 4, 2428.0, 4.520
0.009748900003614835, 5, 2408.0, 3.659
0.011022199993021786, 6, 2396.0, 3.142
0.009175300001516007, 7, 2393.0, 3.013
0.01025409999419935, 8, 2387.0, 2.755
0.009487500006798655, 9, 2382.0, 2.540
0.009757500010891818, 10, 2381.0, 2.497
0.008686300003319047, 11, 2374.0, 2.195
0.010236100002657622, 12, 2363.0, 1.722
0.008399199999985285, 13, 2358.0, 1.507
0.00722729999688454, 14, 2358.0, 1.507
0.004801000002771616, 15, 2358.0, 1.507
0.003672800012282096, 16, 2358.0, 1.507
0.003973400001996197, 17, 2358.0, 1.507
0.0036266000097384676, 18, 2358.0, 1.507
0.0031381000007968396, 19, 2358.0, 1.507
0.00533529999665916, 20, 2358.0, 1.507
0.0037977000029059127, 21, 2358.0, 1.507
0.0031273000058718026, 22, 2358.0, 1.507
0.0038936999917495996, 23, 2355.0, 1.378
0.0034260999964317307, 24, 2355.0, 1.378
0.003443000008701347, 25, 2352.0, 1.248
0.003836599993519485, 26, 2352.0, 1.248
0.00381290000223089, 27, 2352.0, 1.248
0.005568399996263906, 28, 2352.0, 1.248
0.0059258999972371385, 29, 2349.0, 1.119
0.004923899992718361, 30, 2349.0, 1.119
0.006230500002857298, 31, 2349.0, 1.119
0.004805299991858192, 32, 2349.0, 1.119
0.004155999995418824, 33, 2349.0, 1.119
0.004830699996091425, 34, 2349.0, 1.119
0.004849200005992316, 35, 2349.0, 1.119
0.004055599987623282, 36, 2349.0, 1.119
0.0029178999975556508, 37, 2349.0, 1.119
0.003946799988625571, 38, 2349.0, 1.119
0.003798999998252839, 39, 2349.0, 1.119
0.003603099990868941, 40, 2349.0, 1.119
0.0035807999956887215, 41, 2349.0, 1.119
0.003932399995392188, 42, 2349.0, 1.119
0.004293600009987131, 43, 2349.0, 1.119
0.004284900001948699, 44, 2349.0, 1.119
0.00304320000577718, 45, 2349.0, 1.119
0.004716399998869747, 46, 2349.0, 1.119
0.003825500010862015, 47, 2349.0, 1.119
0.003257599993958138, 48, 2348.0, 1.076
0.004302500004996546, 49, 2348.0, 1.076
0.004774799992446788, 50, 2341.0, 0.775
0.004250999991199933, 51, 2341.0, 0.775
0.004324299996369518, 52, 2341.0, 0.775
0.003307399994810112, 53, 2341.0, 0.775
0.0039052999927662313, 54, 2341.0, 0.775
0.003812500013737008, 55, 2341.0, 0.775
0.0032029000140028074, 56, 2341.0, 0.775
0.004646599991247058, 57, 2341.0, 0.775
0.0033793000038713217, 58, 2341.0, 0.775
0.0036585999914677814, 59, 2341.0, 0.775
0.004002600006060675, 60, 2341.0, 0.775
0.0033888999896589667, 61, 2341.0, 0.775
0.003541599988238886, 62, 2341.0, 0.775
0.005876799987163395, 63, 2341.0, 0.775
0.004527299999608658, 64, 2341.0, 0.775
0.004646899993531406, 65, 2341.0, 0.775
0.004619499988621101, 66, 2341.0, 0.775
0.006388399997376837, 67, 2341.0, 0.775
0.005606700011412613, 68, 2341.0, 0.775
0.0062787999922875315, 69, 2341.0, 0.775
0.005258899996988475, 70, 2341.0, 0.775
0.004389900001115166, 71, 2341.0, 0.775
0.004236299995682202, 72, 2341.0, 0.775
0.005004299993743189, 73, 2341.0, 0.775
0.004147300001932308, 74, 2341.0, 0.775
0.004653900003177114, 75, 2341.0, 0.775
0.0040034000121522695, 76, 2341.0, 0.775
0.004736799994134344, 77, 2341.0, 0.775
0.004309500000090338, 78, 2341.0, 0.775
0.004160299999057315, 79, 2341.0, 0.775
0.0046941000036895275, 80, 2341.0, 0.775
0.005676899992977269, 81, 2341.0, 0.775
0.004025800008093938, 82, 2341.0, 0.775
0.0032023999956436455, 83, 2341.0, 0.775
0.004821700000320561, 84, 2341.0, 0.775
0.003433299993048422, 85, 2341.0, 0.775
0.003562099998816848, 86, 2341.0, 0.775
0.0042706999956863, 87, 2341.0, 0.775
0.0032663000019965693, 88, 2341.0, 0.775
0.0036575999984052032, 89, 2341.0, 0.775
0.003655399996205233, 90, 2341.0, 0.775
0.003984499999205582, 91, 2341.0, 0.775
0.004929700007778592, 92, 2341.0, 0.775
0.004583000001730397, 93, 2341.0, 0.775
0.0031209000007947907, 94, 2341.0, 0.775
0.0039164000045275316, 95, 2341.0, 0.775
0.004166400001849979, 96, 2341.0, 0.775
0.0033010999904945493, 97, 2341.0, 0.775
0.0038491000013891608, 98, 2341.0, 0.775
0.0038926000124774873, 99, 2341.0, 0.775
0.003591400003642775, 100, 2341.0, 0.775

tour:
[ 79  78  65  66  67  54  53  52  39  40  26  27  28  29  30  31  32  33
  20  19  18  17  16  15  14  13   0   1   2   3   4   5   6   7   8   9
  10  11  12  25  24  23  22  21  34  35  36  37  38  51  50  49  48  47
  46  45  44  43  42  41  55  56  57  58  59  60  61  62  63  64  77  76
  75  74  73  72  71  70  69  68  81  82  83  84  85  86  98  99 100 101
  87  88  89  90 103 102 116 115 114 113 112 111 123 124 125 126 127 128
 129 141 142 155 154 153 140 139 138 137 136 149 150 151 152 165 164 163
 162 161 160 159 158 171 172 173 174 175 176 177 178 179 166 167 168 180
 181 194 193 192 191 190 189 188 187 186 185 184 183 182 170 169 156 157
 145 144 143 131 130 117 118 119 132 133 146 147 148 135 134 122 121 120
 107 108 109 110  97  96  95  94  93 106 105 104  91  92  80]

eliteFit: 2341.0
percentError: 0.7748600947051227
computationTime: 0.562s