instanceName: rat195
n: 195
optFit: 2323

genTime, gen, eliteFit, percentError:
0.00018680001085158437, 0, 19769.0, 751.012
0.01843509999162052, 1, 2464.0, 6.070
0.011110200008261018, 2, 2445.0, 5.252
0.00982089999888558, 3, 2423.0, 4.305
0.01074230000085663, 4, 2395.0, 3.099
0.010741999998572282, 5, 2393.0, 3.013
0.01579160000255797, 6, 2384.0, 2.626
0.014034300009370781, 7, 2369.0, 1.980
0.010797000009915791, 8, 2364.0, 1.765
0.009890399989672005, 9, 2350.0, 1.162
0.011072900000726804, 10, 2350.0, 1.162
0.010826799989445135, 11, 2348.0, 1.076
0.006498900009319186, 12, 2348.0, 1.076
0.004789600003277883, 13, 2348.0, 1.076
0.004926199995679781, 14, 2348.0, 1.076
0.004986200001440011, 15, 2348.0, 1.076
0.003374799998709932, 16, 2348.0, 1.076
0.0032866000110516325, 17, 2348.0, 1.076
0.00434559999848716, 18, 2348.0, 1.076
0.0038383000064641237, 19, 2348.0, 1.076
0.003618499991716817, 20, 2348.0, 1.076
0.004826100004720502, 21, 2348.0, 1.076
0.0038077000062912703, 22, 2348.0, 1.076
0.003463999993982725, 23, 2348.0, 1.076
0.003900499999872409, 24, 2348.0, 1.076
0.003314599991426803, 25, 2348.0, 1.076
0.004731900000479072, 26, 2348.0, 1.076
0.004458600000361912, 27, 2348.0, 1.076
0.0031444999913219362, 28, 2348.0, 1.076
0.00393439999606926, 29, 2348.0, 1.076
0.003187700000125915, 30, 2348.0, 1.076
0.0035214999952586368, 31, 2348.0, 1.076
0.0036069000052521005, 32, 2348.0, 1.076
0.00336990000505466, 33, 2348.0, 1.076
0.005192700002226047, 34, 2348.0, 1.076
0.004428400003234856, 35, 2348.0, 1.076
0.0036051000060979277, 36, 2348.0, 1.076
0.005381299997679889, 37, 2348.0, 1.076
0.004392999995616265, 38, 2348.0, 1.076
0.004455500005860813, 39, 2348.0, 1.076
0.0030758999928366393, 40, 2348.0, 1.076
0.0037601000076392666, 41, 2348.0, 1.076
0.0037251000030664727, 42, 2348.0, 1.076
0.0037092999991727993, 43, 2348.0, 1.076
0.0036715000023832545, 44, 2348.0, 1.076
0.0038164999859873205, 45, 2348.0, 1.076
0.0038745999918319285, 46, 2348.0, 1.076
0.0035476000048220158, 47, 2348.0, 1.076
0.0033186999935423955, 48, 2348.0, 1.076
0.003683400005684234, 49, 2348.0, 1.076
0.00350619999517221, 50, 2348.0, 1.076
0.003918000002158806, 51, 2348.0, 1.076
0.0036056999961147085, 52, 2348.0, 1.076
0.003765200002817437, 53, 2348.0, 1.076
0.003264300001319498, 54, 2348.0, 1.076
0.0031377999985124916, 55, 2348.0, 1.076
0.004372800001874566, 56, 2348.0, 1.076
0.0038281000015558675, 57, 2348.0, 1.076
0.0034798999986378476, 58, 2348.0, 1.076
0.004035299993120134, 59, 2348.0, 1.076
0.0032399999909102917, 60, 2348.0, 1.076
0.003221500010113232, 61, 2348.0, 1.076

tour:
[ 46  47  48  49  50  51  38  37  36  35  34  33  19  20  21  22  23  24
  25  12  11  10   9   8   7   6   5   4  18  17  16  15  14   3   2   1
   0  13  26  27  28  29  30  31  32  44  43  42  41  40  39  52  53  54
  55  56  57  70  69  68  67  66  65  78  79  80  81  82  83  96  95  94
  93  92  91 104 105 106 107 108 109 123 122 121 120 119 118 117 130 131
 143 144 145 157 156 169 170 182 183 184 185 186 187 188 189 190 191 192
 193 194 181 180 179 166 178 177 176 175 174 173 172 171 158 159 160 161
 162 163 164 165 167 168 155 154 153 152 151 150 149 148 147 146 133 132
 134 135 136 137 138 139 140 141 142 129 128 127 126 125 124 113 112 111
 110  97  98  99 100 101 114 115 116 102 103  90  89  88  87  86  85  84
  71  72  73  74  75  76  77  64  63  62  61  60  59  58  45]

eliteFit: 2348.0
percentError: 1.076194575979337
computationTime: 0.367s