instanceName: u574
n: 574
optFit: 36905

genTime, gen, eliteFit, percentError:
0.000523900002008304, 0, 652960.0, 1669.300
0.17933529999572784, 1, 40044.0, 8.506
0.1250962000049185, 2, 39653.0, 7.446
0.10593560000415891, 3, 39459.0, 6.920
0.10895850000088103, 4, 39393.0, 6.742
0.10976170000503771, 5, 39083.0, 5.902
0.09584180000820197, 6, 38839.0, 5.240
0.10266229999251664, 7, 38689.0, 4.834
0.0971092999971006, 8, 38443.0, 4.167
0.10226280000642873, 9, 38436.0, 4.148
0.10145459999330342, 10, 38341.0, 3.891
0.09528579999459907, 11, 38341.0, 3.891
0.10171489999629557, 12, 38249.0, 3.642
0.09914210002170876, 13, 38249.0, 3.642
0.09188839999842457, 14, 38219.0, 3.560
0.08400350000010803, 15, 38172.0, 3.433
0.07920810001087375, 16, 38107.0, 3.257
0.07700329998624511, 17, 38107.0, 3.257
0.06184539999230765, 18, 38088.0, 3.206
0.05845080001745373, 19, 38088.0, 3.206
0.05640320002567023, 20, 38045.0, 3.089
0.05694379998021759, 21, 38045.0, 3.089
0.05480890002218075, 22, 38019.0, 3.019
0.04896890002419241, 23, 37996.0, 2.956
0.04856570000993088, 24, 37981.0, 2.916
0.03331529998104088, 25, 37953.0, 2.840
0.043744900001911446, 26, 37909.0, 2.720
0.04529750000801869, 27, 37885.0, 2.655
0.04884960001800209, 28, 37861.0, 2.590
0.04965610001818277, 29, 37827.0, 2.498
0.04001319999224506, 30, 37814.0, 2.463
0.03917800000635907, 31, 37803.0, 2.433
0.04029330000048503, 32, 37790.0, 2.398
0.034726500016404316, 33, 37790.0, 2.398
0.035181499988539144, 34, 37790.0, 2.398
0.03590220000478439, 35, 37790.0, 2.398
0.031194200011668727, 36, 37790.0, 2.398
0.03164149998337962, 37, 37790.0, 2.398
0.028516000020317733, 38, 37790.0, 2.398
0.02915780001785606, 39, 37790.0, 2.398
0.027915999991819263, 40, 37790.0, 2.398
0.031813700014026836, 41, 37790.0, 2.398
0.03183530000387691, 42, 37790.0, 2.398
0.02728939999360591, 43, 37790.0, 2.398
0.02484219998586923, 44, 37790.0, 2.398
0.028056499984813854, 45, 37790.0, 2.398
0.0344143999973312, 46, 37790.0, 2.398
0.029239299998153, 47, 37790.0, 2.398
0.02831049999804236, 48, 37790.0, 2.398
0.025900199980242178, 49, 37790.0, 2.398
0.030027400003746152, 50, 37790.0, 2.398
0.02682450000429526, 51, 37790.0, 2.398
0.029149500012863427, 52, 37790.0, 2.398
0.0292675000091549, 53, 37790.0, 2.398
0.02760979998856783, 54, 37783.0, 2.379
0.03507710000849329, 55, 37783.0, 2.379
0.0374768000037875, 56, 37783.0, 2.379
0.04438320000190288, 57, 37779.0, 2.368
0.049612400005571544, 58, 37777.0, 2.363
0.038725599995814264, 59, 37777.0, 2.363
0.05433450001874007, 60, 37770.0, 2.344
0.050434600008884445, 61, 37761.0, 2.319
0.04728270001942292, 62, 37753.0, 2.298
0.06443729999591596, 63, 37744.0, 2.273
0.06082000001333654, 64, 37744.0, 2.273
0.04165939998347312, 65, 37724.0, 2.219
0.03931899997405708, 66, 37724.0, 2.219
0.03924199999892153, 67, 37724.0, 2.219
0.05922530000680126, 68, 37724.0, 2.219
0.032825500005856156, 69, 37724.0, 2.219
0.027628400013782084, 70, 37724.0, 2.219
0.029188000014983118, 71, 37724.0, 2.219
0.029621400026371703, 72, 37724.0, 2.219
0.02852540000458248, 73, 37724.0, 2.219
0.033697000006213784, 74, 37724.0, 2.219
0.028219200001331046, 75, 37724.0, 2.219
0.028351500019198284, 76, 37724.0, 2.219
0.02731629999470897, 77, 37724.0, 2.219
0.03572340001119301, 78, 37724.0, 2.219
0.03076829999918118, 79, 37724.0, 2.219
0.03662209998583421, 80, 37724.0, 2.219
0.030044199986150488, 81, 37724.0, 2.219
0.035582899989094585, 82, 37724.0, 2.219
0.028324400016572326, 83, 37724.0, 2.219
0.02676080001401715, 84, 37724.0, 2.219
0.03164159998414107, 85, 37724.0, 2.219
0.028367899998556823, 86, 37724.0, 2.219
0.03377730000647716, 87, 37711.0, 2.184
0.028426600008970127, 88, 37711.0, 2.184
0.029375099984463304, 89, 37705.0, 2.168
0.04074580001179129, 90, 37689.0, 2.124
0.03745629999320954, 91, 37689.0, 2.124
0.03433359999326058, 92, 37689.0, 2.124
0.029582799994386733, 93, 37689.0, 2.124
0.02928400001837872, 94, 37689.0, 2.124
0.027188300009584054, 95, 37689.0, 2.124
0.027938300016103312, 96, 37689.0, 2.124
0.030866999994032085, 97, 37689.0, 2.124
0.02602869999827817, 98, 37689.0, 2.124
0.02664540000841953, 99, 37689.0, 2.124
0.026303299993742257, 100, 37689.0, 2.124
0.026045599981443956, 101, 37671.0, 2.076
0.027820899995276704, 102, 37671.0, 2.076
0.02737880000495352, 103, 37671.0, 2.076
0.028243300010217354, 104, 37671.0, 2.076
0.02463329999591224, 105, 37671.0, 2.076
0.02903949999017641, 106, 37671.0, 2.076
0.029481400008080527, 107, 37635.0, 1.978
0.03504630000679754, 108, 37635.0, 1.978
0.039005400001769885, 109, 37635.0, 1.978
0.0467421000066679, 110, 37602.0, 1.889
0.029490499990060925, 111, 37602.0, 1.889
0.03232389999902807, 112, 37602.0, 1.889
0.02483029998256825, 113, 37602.0, 1.889
0.029266500001540408, 114, 37602.0, 1.889
0.03027519999886863, 115, 37602.0, 1.889
0.024867600004654378, 116, 37602.0, 1.889
0.0351749999972526, 117, 37602.0, 1.889
0.029655099991941825, 118, 37602.0, 1.889
0.032347200001822785, 119, 37602.0, 1.889
0.02778019997640513, 120, 37602.0, 1.889
0.030757500004256144, 121, 37602.0, 1.889
0.030014700023457408, 122, 37602.0, 1.889
0.027210400003241375, 123, 37602.0, 1.889
0.027918499981751665, 124, 37602.0, 1.889
0.030487900017760694, 125, 37602.0, 1.889
0.029896699998062104, 126, 37602.0, 1.889
0.04507650001323782, 127, 37602.0, 1.889
0.030969300016295165, 128, 37602.0, 1.889
0.032615100004477426, 129, 37602.0, 1.889
0.03096279999590479, 130, 37602.0, 1.889
0.035554700007196516, 131, 37576.0, 1.818
0.031109699979424477, 132, 37559.0, 1.772
0.040979099983815104, 133, 37533.0, 1.702
0.058406900003319606, 134, 37533.0, 1.702
0.054441000014776364, 135, 37533.0, 1.702
0.05047709998325445, 136, 37533.0, 1.702
0.03878740000072867, 137, 37533.0, 1.702
0.028491799981566146, 138, 37533.0, 1.702
0.029831199994077906, 139, 37533.0, 1.702
0.03158650000113994, 140, 37533.0, 1.702
0.02730290000909008, 141, 37533.0, 1.702
0.024684000003617257, 142, 37533.0, 1.702
0.030393199995160103, 143, 37533.0, 1.702
0.025918200000887737, 144, 37533.0, 1.702
0.02732369999284856, 145, 37533.0, 1.702
0.030819500010693446, 146, 37533.0, 1.702
0.027429499983554706, 147, 37533.0, 1.702
0.029555799992522225, 148, 37533.0, 1.702
0.02867209998657927, 149, 37533.0, 1.702
0.03427090001059696, 150, 37533.0, 1.702
0.030318500008434057, 151, 37533.0, 1.702
0.03272250000736676, 152, 37524.0, 1.677
0.03190309999627061, 153, 37524.0, 1.677
0.0421566000150051, 154, 37524.0, 1.677
0.0433506999979727, 155, 37524.0, 1.677
0.03247830001055263, 156, 37524.0, 1.677
0.02701690001413226, 157, 37524.0, 1.677
0.033840500022051856, 158, 37524.0, 1.677
0.029118900012690574, 159, 37524.0, 1.677
0.03079819999402389, 160, 37524.0, 1.677
0.02659939997829497, 161, 37524.0, 1.677
0.030796300008660182, 162, 37524.0, 1.677
0.02766610000981018, 163, 37524.0, 1.677
0.02622460000566207, 164, 37524.0, 1.677
0.028936300019267946, 165, 37524.0, 1.677
0.027306299976771697, 166, 37524.0, 1.677
0.033326400007354096, 167, 37524.0, 1.677
0.02665679997880943, 168, 37524.0, 1.677
0.0340946999785956, 169, 37524.0, 1.677
0.02920700001413934, 170, 37524.0, 1.677
0.02753399999346584, 171, 37524.0, 1.677
0.031084399990504608, 172, 37524.0, 1.677
0.030289599992102012, 173, 37524.0, 1.677
0.027205499995034188, 174, 37524.0, 1.677
0.030215200007660314, 175, 37524.0, 1.677
0.031560200004605576, 176, 37524.0, 1.677
0.030383700010133907, 177, 37524.0, 1.677
0.030415099987294525, 178, 37524.0, 1.677
0.03243640001164749, 179, 37524.0, 1.677
0.0310765000176616, 180, 37524.0, 1.677
0.03369949999614619, 181, 37524.0, 1.677
0.030394200002774596, 182, 37524.0, 1.677
0.027505200006999075, 183, 37524.0, 1.677
0.027038699976401404, 184, 37520.0, 1.666
0.035580199997639284, 185, 37508.0, 1.634
0.047425500000827014, 186, 37508.0, 1.634
0.06348419998539612, 187, 37508.0, 1.634
0.059348000009777024, 188, 37508.0, 1.634
0.033307299978332594, 189, 37508.0, 1.634
0.028123500000219792, 190, 37508.0, 1.634
0.029290799982845783, 191, 37508.0, 1.634
0.029167599976062775, 192, 37508.0, 1.634
0.02916120001464151, 193, 37508.0, 1.634
0.03100089999497868, 194, 37508.0, 1.634
0.026795999991009012, 195, 37508.0, 1.634
0.029868300014641136, 196, 37508.0, 1.634
0.027922799985390157, 197, 37508.0, 1.634
0.027287399978376925, 198, 37508.0, 1.634
0.030386500002350658, 199, 37508.0, 1.634
0.028165700001409277, 200, 37508.0, 1.634
0.030912600021110848, 201, 37508.0, 1.634
0.0286066000116989, 202, 37508.0, 1.634
0.02957729998161085, 203, 37508.0, 1.634
0.030761899979552254, 204, 37508.0, 1.634
0.02978640000219457, 205, 37508.0, 1.634
0.02922339999349788, 206, 37508.0, 1.634
0.025201300013577566, 207, 37508.0, 1.634
0.028327700012596324, 208, 37508.0, 1.634
0.02737719999277033, 209, 37508.0, 1.634
0.03037559997756034, 210, 37508.0, 1.634
0.029766599996946752, 211, 37508.0, 1.634
0.02829129999736324, 212, 37508.0, 1.634
0.02836549998028204, 213, 37508.0, 1.634
0.026816300000064075, 214, 37508.0, 1.634
0.029218399984529242, 215, 37508.0, 1.634
0.028112800006056204, 216, 37428.0, 1.417
0.030949900014093146, 217, 37428.0, 1.417
0.03432869998505339, 218, 37428.0, 1.417
0.03776500001549721, 219, 37428.0, 1.417
0.030376600014278665, 220, 37428.0, 1.417
0.026813100004801527, 221, 37428.0, 1.417
0.03403559999424033, 222, 37428.0, 1.417
0.027923499990720302, 223, 37428.0, 1.417
0.027862100017955527, 224, 37428.0, 1.417
0.02727159997448325, 225, 37428.0, 1.417
0.02681839998695068, 226, 37418.0, 1.390
0.03694230000837706, 227, 37418.0, 1.390
0.03618480000295676, 228, 37418.0, 1.390
0.04669869999634102, 229, 37418.0, 1.390
0.05170040001394227, 230, 37409.0, 1.366
0.0568619999976363, 231, 37409.0, 1.366
0.05447530001401901, 232, 37336.0, 1.168
0.05141419998835772, 233, 37291.0, 1.046
0.05650999999488704, 234, 37291.0, 1.046
0.06007300000055693, 235, 37291.0, 1.046
0.02909140000701882, 236, 37291.0, 1.046
0.027841200004331768, 237, 37291.0, 1.046
0.029773499991279095, 238, 37291.0, 1.046
0.02540370001224801, 239, 37291.0, 1.046
0.023783899989211932, 240, 37291.0, 1.046
0.030173599981935695, 241, 37291.0, 1.046
0.027626499999314547, 242, 37291.0, 1.046
0.028148199984570965, 243, 37291.0, 1.046
0.03877919999649748, 244, 37291.0, 1.046
0.02751029998762533, 245, 37291.0, 1.046
0.026380399998743087, 246, 37291.0, 1.046
0.028330100001767278, 247, 37291.0, 1.046
0.030919999990146607, 248, 37291.0, 1.046
0.02888070000335574, 249, 37291.0, 1.046
0.027777999988757074, 250, 37291.0, 1.046
0.0284451000043191, 251, 37291.0, 1.046
0.029577600012999028, 252, 37291.0, 1.046
0.0329965999990236, 253, 37291.0, 1.046
0.03190520001226105, 254, 37291.0, 1.046
0.030826700007310137, 255, 37291.0, 1.046
0.031575200002407655, 256, 37291.0, 1.046
0.028893499984405935, 257, 37291.0, 1.046
0.03435880001052283, 258, 37291.0, 1.046
0.029485799983376637, 259, 37291.0, 1.046
0.028004799998598173, 260, 37291.0, 1.046
0.03110019999439828, 261, 37291.0, 1.046
0.037203799991402775, 262, 37291.0, 1.046
0.03362169998581521, 263, 37291.0, 1.046
0.028216699982294813, 264, 37291.0, 1.046
0.03199720001430251, 265, 37291.0, 1.046
0.030245900008594617, 266, 37291.0, 1.046
0.02573229998233728, 267, 37291.0, 1.046
0.027000200003385544, 268, 37291.0, 1.046
0.027625699993222952, 269, 37291.0, 1.046
0.029543900018325076, 270, 37291.0, 1.046
0.02492809999966994, 271, 37291.0, 1.046
0.03181129999575205, 272, 37247.0, 0.927
0.027099500002805144, 273, 37247.0, 0.927
0.036509099998511374, 274, 37247.0, 0.927
0.0339895999932196, 275, 37247.0, 0.927
0.046560200018575415, 276, 37247.0, 0.927
0.026503399974899366, 277, 37247.0, 0.927
0.027827000012621284, 278, 37247.0, 0.927
0.02836379999644123, 279, 37247.0, 0.927
0.026964399992721155, 280, 37247.0, 0.927
0.028041900019161403, 281, 37247.0, 0.927
0.029263700009323657, 282, 37247.0, 0.927
0.02748540000175126, 283, 37247.0, 0.927
0.02404319998458959, 284, 37247.0, 0.927
0.025194100016960874, 285, 37247.0, 0.927
0.029525099991587922, 286, 37247.0, 0.927
0.027908099989872426, 287, 37247.0, 0.927
0.03242350000073202, 288, 37247.0, 0.927
0.02793120002024807, 289, 37247.0, 0.927
0.03676750001613982, 290, 37247.0, 0.927
0.02950619999319315, 291, 37247.0, 0.927
0.02860810002312064, 292, 37247.0, 0.927
0.03210939999553375, 293, 37247.0, 0.927
0.02913879998959601, 294, 37247.0, 0.927
0.024098699999740347, 295, 37247.0, 0.927
0.027946599991992116, 296, 37247.0, 0.927
0.03505199999199249, 297, 37247.0, 0.927
0.03165940000326373, 298, 37247.0, 0.927
0.03319680001004599, 299, 37247.0, 0.927
0.030018299992661923, 300, 37247.0, 0.927
0.028817799990065396, 301, 37247.0, 0.927
0.03304530002060346, 302, 37247.0, 0.927
0.03021590001299046, 303, 37247.0, 0.927
0.03238969997619279, 304, 37247.0, 0.927
0.027268200006801635, 305, 37247.0, 0.927
0.028357200004393235, 306, 37247.0, 0.927
0.031182500009890646, 307, 37247.0, 0.927
0.02713400000357069, 308, 37247.0, 0.927
0.025783900025999174, 309, 37247.0, 0.927
0.027992299990728498, 310, 37247.0, 0.927
0.026465000002644956, 311, 37247.0, 0.927
0.025282899994635954, 312, 37247.0, 0.927
0.0310456000152044, 313, 37247.0, 0.927
0.026019499986432493, 314, 37247.0, 0.927
0.025140700017800555, 315, 37247.0, 0.927
0.03359659999841824, 316, 37247.0, 0.927
0.029906600015237927, 317, 37247.0, 0.927
0.02961149998009205, 318, 37247.0, 0.927
0.027669999981299043, 319, 37247.0, 0.927
0.03678260001470335, 320, 37247.0, 0.927
0.029388199996901676, 321, 37247.0, 0.927
0.029561999981524423, 322, 37247.0, 0.927

tour:
[284 285 286 287 288 289 290 291 292 293 294 295 296 297 298 301 302 303
 304 305 306 307 300 299 310 309 308 311 312 313 314 315 316 318 317 319
 320 321 322 323 324 325 327 328 326 329 330 331 332 333 334 335 336 337
 371 338 339 341 340 342 343 370 369 344 345 346 368 367 366 348 347 350
 349 365 364 363 351 362 361 360 406 405 407 408 409 410 358 359 352 353
 354 355 357 356 411 412 413 414 415 416 417 418 419 420 421 422 423 424
 425 426 427 428 438 437 436 439 435 434 433 430 429 431 432 445 444 440
 443 446 442 441 452 451 453 454 450 455 449 447 448 400 399 401 402 403
 404 393 392 391 390 260 259 258 257 256 254 255 394 397 398 396 395 460
 461 462 459 457 458 456 467 468 466 469 470 472 471 481 482 483 484 485
 486 487 488 489 491 490 495 494 493 492 496 497 498 499 500 501 502 503
 504 510 511 509 508 507 505 506 480 479 478 477 476 513 512 519 520 521
 522 523 524 527 526 525 533 534 532 531 530 529 528 535 536 537 538 539
 541 540 542 543 544  13  14  15 221 220 219 222 223 224 226 225 240 227
 228 229 230 217 216 215 211 214 213 212 165 166 153 154 163 162 161 160
 159 155 152 156 157 158  94 103 102 101 100  98  99  95  96  97 122 121
 120 119 118 117 113 112 110 111  83  82  81  78  80  79  42  41  40  39
  38  37  36  35  86  85  84 109 108 107 106 104 105  93  92  91  90  89
  88  87  28  27  29  26  25 164  24  23  22  21 218  20  16  17  19  18
  31  30  32  33  34  10  11  12 545 546 547 548 549 550 551 552 553 554
 558 559 556 555 557   9   8   7   6   4   5 560 561 562   3   2   1 563
 564 565 566 569 568 567   0 573 572 571 570  47  48  49  50  51  52  46
  45  44  43  53  54  55  56  57  58  59  77  76  74  75  60  61  62  63
  64 128 129 127 126  65  66  67  68  70  71  72  73 114 116 115  69 125
 124 123 131 130 132 133 134 135 136 137 138 139 140 141 142 144 143 145
 146 147 148 149 150 151 167 168 169 170 171 172 173 174 175 176 177 178
 209 210 232 231 233 234 235 236 239 238 237 206 205 204 203 241 242 243
 244 202 201 246 245 518 517 516 515 514 473 475 474 465 464 463 253 251
 252 250 249 248 247 200 199 198 197 196 194 195 188 189 193 192 190 191
 261 262 263 264 388 389 387 386 265 266 267 385 383 382 384 381 376 375
 374 373 372 377 380 379 378 268 269 270 271 272 273 274 275 276 277 278
 279 280 281 282 283 187 186 185 207 208 184 183 182 181 180 179]

eliteFit: 37247.0
percentError: 0.926703698685815
computationTime: 11.959s